7.755238562822341919e-03
-6.059806328266859055e-03
-6.610336899757385254e-02
5.389074608683586121e-02
-1.451652869582176208e-02
3.879855200648307800e-02
1.199270039796829224e-02
-1.141844410449266434e-02
1.766588166356086731e-02
1.215104945003986359e-02
-1.949943229556083679e-02
-1.340788602828979492e-02
5.191796459257602692e-03
-1.725952513515949249e-02
-2.972131036221981049e-02
2.399503253400325775e-02
-3.712410479784011841e-02
3.963723406195640564e-02
-1.157864741981029510e-02
5.888463463634252548e-03
1.319352886639535427e-03
-4.652614519000053406e-02
1.025944277644157410e-01
2.853910438716411591e-02
1.314479671418666840e-02
-4.079477861523628235e-02
-4.535869508981704712e-02
-3.465725108981132507e-02
-1.726809330284595490e-02
1.352634932845830917e-02
-2.834818791598081589e-03
2.528782701119780540e-03
2.195546589791774750e-02
-1.770592294633388519e-02
4.227173049002885818e-03
-4.862379748374223709e-03
4.073975235223770142e-02
1.508292928338050842e-02
1.270478870719671249e-02
4.579340294003486633e-02
-4.531649465207010508e-04
1.102132350206375122e-02
2.102270349860191345e-02
1.481366576626896858e-03
-7.478958577848970890e-04
-1.188542414456605911e-02
-1.664448156952857971e-02
-4.232273623347282410e-02
2.236837334930896759e-02
6.672117393463850021e-03
4.103843122720718384e-02
9.698240458965301514e-02
-8.134067058563232422e-03
8.809033781290054321e-03
3.153636679053306580e-02
1.156037859618663788e-02
2.951124915853142738e-03
2.868131035938858986e-03
4.042891263961791992e-01
8.117163181304931641e-02
2.113904617726802826e-02
-1.086408365517854691e-02
-3.031403198838233948e-02
2.347454428672790527e-02
2.089664153754711151e-02
-1.550944335758686066e-02
-6.964778294786810875e-04
-5.696394946426153183e-03
-2.685230411589145660e-02
-4.112621769309043884e-02
2.020058594644069672e-02
2.244229661300778389e-03
-3.870925307273864746e-02
3.514571289997547865e-04
-7.050084322690963745e-02
4.302635788917541504e-03
3.475894778966903687e-02
-4.643231257796287537e-02
-2.630038885399699211e-03
-1.459029912948608398e-01
-2.720330143347382545e-03
1.848024502396583557e-02
1.389570627361536026e-02
-2.272133342921733856e-02
-4.654511436820030212e-02
3.366883844137191772e-03
-2.247262187302112579e-02
-3.830017149448394775e-02
1.257639843970537186e-02
-2.488800138235092163e-02
-1.342933624982833862e-02
-8.009766787290573120e-02
1.001326665282249451e-01
-1.824902743101119995e-02
-2.360302023589611053e-02
2.792124403640627861e-03
-9.430059231817722321e-03
-1.521624438464641571e-02
3.621333837509155273e-02
3.290056437253952026e-02
-2.493808278813958168e-03
7.591393310576677322e-03
-5.271285772323608398e-02
-2.727559767663478851e-04
9.729391895234584808e-03
1.006834115833044052e-02
3.644360601902008057e-02
3.465826157480478287e-03
-2.301951870322227478e-03
-4.990822635591030121e-03
-5.140983499586582184e-03
1.084822509437799454e-02
2.610319852828979492e-02
-1.511489320546388626e-02
1.340483315289020538e-03
1.023655384778976440e-02
5.674259737133979797e-02
3.708587493747472763e-03
-3.928781300783157349e-02
1.125600747764110565e-02
2.230073884129524231e-02
1.124746073037385941e-02
-4.144792910665273666e-03
7.553000468760728836e-03
-3.091369569301605225e-02
-1.079060602933168411e-02
-8.839966729283332825e-03
-1.292908098548650742e-02
2.160682901740074158e-02
-2.382110245525836945e-02
-4.678307566791772842e-03
2.745133824646472931e-03
1.553110592067241669e-02
2.306109061464667320e-03
-3.579080104827880859e-02
-2.554538846015930176e-02
3.523077070713043213e-02
-6.209042295813560486e-02
-4.781505465507507324e-02
1.071376074105501175e-02
6.903869658708572388e-02
2.835624665021896362e-02
1.265700720250606537e-02
-2.026058547198772430e-02
2.923701703548431396e-02
-1.145400404930114746e-01
2.088822983205318451e-02
-3.036860842257738113e-03
4.484994802623987198e-03
-2.187822712585330009e-03
7.111206650733947754e-02
-2.577139763161540031e-03
3.389308229088783264e-02
1.897025667130947113e-02
5.465939175337553024e-03
-1.476243231445550919e-02
-4.833702743053436279e-02
-1.391270011663436890e-02
3.321456536650657654e-02
3.998987085651606321e-04
-2.586582303047180176e-02
1.308021396398544312e-01
-9.165066294372081757e-03
-3.567020967602729797e-02
-1.534359878860414028e-03
-2.235192805528640747e-02
7.243597507476806641e-02
-4.689531028270721436e-02
-3.194431192241609097e-04
-1.209266297519207001e-02
-6.422291975468397141e-03
-3.171021118760108948e-02
9.800026193261146545e-03
4.414872080087661743e-02
4.181774705648422241e-02
3.904489800333976746e-02
1.254497474292293191e-04
2.441428601741790771e-02
3.383678570389747620e-02
2.549647586420178413e-03
5.445361882448196411e-02
7.079944480210542679e-03
9.349619969725608826e-03
-6.449229083955287933e-03
6.330464035272598267e-02
-1.552464663982391357e-01
2.003610879182815552e-01
4.035727679729461670e-02
-1.374900806695222855e-02
3.829059423878788948e-03
-9.457113593816757202e-02
-1.729846000671386719e-02
-2.019137330353260040e-02
2.366083674132823944e-02
-1.650805957615375519e-02
-2.729738131165504456e-02
-4.036412388086318970e-02
5.944718606770038605e-03
1.372701115906238556e-02
-3.496783785521984100e-03
1.247122697532176971e-02
-9.419221431016921997e-03
5.979643762111663818e-02
9.389834478497505188e-03
-9.887476451694965363e-03
-2.803242951631546021e-02
1.715213619172573090e-02
1.624325104057788849e-02
-3.740745037794113159e-02
1.042136251926422119e-01
1.914960681460797787e-03
-1.914557814598083496e-02
1.397712767357006669e-04
4.786804318428039551e-03
-2.964109741151332855e-02
-4.099133610725402832e-02
-8.113294839859008789e-03
4.558164626359939575e-02
1.509770285338163376e-02
3.057101368904113770e-02
-1.466496661305427551e-02
-6.860840916633605957e-01
-3.829970955848693848e-03
1.719450764358043671e-02
1.689424924552440643e-02
-4.388224799185991287e-03
2.602208033204078674e-02
2.443739399313926697e-02
3.041833266615867615e-02
9.960752911865711212e-03
-1.565681584179401398e-02
8.714251220226287842e-02
4.046429414302110672e-03
-4.657953046262264252e-03
-8.237459510564804077e-02
2.065271697938442230e-02
2.661961689591407776e-02
7.367409300059080124e-03
-1.563879195600748062e-03
-6.161637604236602783e-03
2.550566941499710083e-02
-2.598644047975540161e-02
2.657730504870414734e-02
-6.735564768314361572e-02
-3.540577366948127747e-02
-2.813560515642166138e-02
2.345063909888267517e-02
-3.926161304116249084e-02
4.028684645891189575e-02
6.342399865388870239e-02
-2.063152752816677094e-02
3.221097216010093689e-02
4.921723529696464539e-02
3.548269718885421753e-02
-2.230309881269931793e-03
3.044290654361248016e-02
4.761451482772827148e-02
-5.339705944061279297e-02
-2.271129935979843140e-02
1.572098955512046814e-02
4.935490339994430542e-02
2.835557796061038971e-02
4.545359313488006592e-02
-9.582357108592987061e-02
-2.635171869769692421e-03
3.232347220182418823e-02
1.606432050466537476e-01
-6.855940073728561401e-02
-5.108007788658142090e-02
-5.167806521058082581e-02
4.725616425275802612e-03
6.957133114337921143e-02
1.094502881169319153e-01
5.668370425701141357e-02
-4.107890650629997253e-02
1.323396340012550354e-03
-6.614926457405090332e-02
-7.168245315551757812e-02
5.100084841251373291e-02
6.200605258345603943e-02
-3.180906549096107483e-02
1.374830305576324463e-02
3.369714319705963135e-02
-2.773200720548629761e-02
-4.854431003332138062e-02
5.275092646479606628e-02
1.754437834024429321e-01
3.258027136325836182e-02
-3.578728437423706055e-02
-6.943026185035705566e-02
2.026325464248657227e-01
-8.238110691308975220e-02
-5.089341662824153900e-03
5.214175581932067871e-02
2.572796680033206940e-02
-6.042538210749626160e-03
-2.281510382890701294e-01
-8.015227504074573517e-03
4.462749511003494263e-02
-6.318224221467971802e-02
1.421189010143280029e-01
1.149179879575967789e-02
7.738392353057861328e-01
-5.786065012216567993e-02
-7.552527636289596558e-02
-1.446518003940582275e-01
-2.245252719148993492e-03
1.447262763977050781e-01
1.289933174848556519e-02
1.002744585275650024e-01
1.522864401340484619e-02
5.844706669449806213e-03
2.204314768314361572e-01
8.226623758673667908e-03
1.525726262480020523e-02
-4.754242300987243652e-02
-9.036686271429061890e-03
-1.294696480035781860e-01
2.418664656579494476e-02
1.894053444266319275e-02
6.629619747400283813e-03
2.960273530334234238e-03
-5.263649299740791321e-02
5.657757073640823364e-02
1.882409490644931793e-02
-3.761220723390579224e-02
2.089377120137214661e-02
-5.377516150474548340e-02
1.875033043324947357e-02
-1.911292783915996552e-02
-4.093108698725700378e-03
-7.413376122713088989e-02
-1.239386294037103653e-02
2.067395858466625214e-02
-4.326770454645156860e-02
-5.758428480476140976e-03
2.594263479113578796e-02
9.287975728511810303e-03
-9.357787668704986572e-03
-1.152060739696025848e-02
5.640438292175531387e-03
-1.983036659657955170e-02
3.343138471245765686e-02
7.515012472867965698e-02
-5.714874342083930969e-02
-4.292574152350425720e-02
-1.888639666140079498e-02
-2.079474553465843201e-02
-5.246220622211694717e-03
5.696468800306320190e-02
4.967167973518371582e-02
-9.554172307252883911e-02
-2.136090770363807678e-02
4.241917282342910767e-02
-2.983386255800724030e-02
-1.797446608543395996e-02
-1.029576919972896576e-02
5.462572351098060608e-02
-1.372389588505029678e-02
-2.503301575779914856e-02
-1.247912552207708359e-02
2.484323456883430481e-02
4.455428197979927063e-02
-4.201271757483482361e-02
-2.627141214907169342e-02
-3.775484859943389893e-02
-2.950604446232318878e-02
6.062490865588188171e-02
7.863645255565643311e-02
1.775540597736835480e-02
3.801630064845085144e-02
2.907463349401950836e-02
-2.017052285373210907e-02
3.134333342313766479e-02
-4.836167767643928528e-02
1.369014382362365723e-02
3.539603203535079956e-04
-2.879561157897114754e-03
-3.549000993371009827e-02
8.029495365917682648e-03
2.782112173736095428e-02
-6.230104714632034302e-02
-3.463966771960258484e-02
-2.258020266890525818e-02
-1.194684952497482300e-02
6.598052382469177246e-02
1.049678493291139603e-02
-7.772905519232153893e-04
-2.050227485597133636e-02
-5.719340220093727112e-02
2.028513513505458832e-02
-2.178666368126869202e-02
-4.190626740455627441e-02
-7.263713330030441284e-02
-5.405770987272262573e-02
1.601091399788856506e-02
9.987509995698928833e-02
1.325613707304000854e-01
-7.175087928771972656e-02
-8.765179663896560669e-02
1.618394814431667328e-02
2.841309271752834320e-02
2.522062882781028748e-02
-4.763636365532875061e-02
1.142749637365341187e-01
6.603317335247993469e-03
5.175335332751274109e-02
7.698780298233032227e-02
-1.912036794237792492e-03
-5.131920427083969116e-02
-2.605408802628517151e-02
6.259622052311897278e-03
2.749598212540149689e-02
5.382806062698364258e-02
-1.013049506582319736e-03
4.229084402322769165e-02
-7.309285458177328110e-03
-3.110042959451675415e-02
-9.581737965345382690e-02
-2.451815269887447357e-02
3.293795883655548096e-02
-4.146423935890197754e-02
5.569226574152708054e-03
4.956810269504785538e-03
2.450314722955226898e-02
-3.105283714830875397e-02
-1.166138146072626114e-02
8.735963143408298492e-03
-4.253405332565307617e-02
6.548164039850234985e-02
-3.302097320556640625e-02
7.491436786949634552e-03
-3.383931890130043030e-02
1.670212484896183014e-02
-2.420769631862640381e-02
5.103393923491239548e-03
-3.160452470183372498e-02
-1.458573807030916214e-02
-2.230632863938808441e-02
-6.007786095142364502e-02
-1.545809581875801086e-02
-1.132742501795291901e-02
-3.941785325878299773e-05
7.594590634107589722e-02
3.770725056529045105e-02
2.370285987854003906e-02
5.078380927443504333e-02
-1.240874826908111572e-01
-5.337496101856231689e-02
2.571023628115653992e-02
2.069037221372127533e-02
-2.043910324573516846e-02
-2.645089849829673767e-02
4.184580966830253601e-02
1.400215644389390945e-02
-1.037311926484107971e-02
6.203907728195190430e-02
1.935456506907939911e-02
2.162873931229114532e-02
-5.561562720686197281e-03
9.247533977031707764e-02
-4.375904798507690430e-02
3.604521974921226501e-02
3.686528280377388000e-02
-1.517787575721740723e-02
1.225019898265600204e-02
1.346613001078367233e-02
-1.910398341715335846e-02
-1.350711192935705185e-02
-7.213950157165527344e-02
3.697139024734497070e-02
-3.729830309748649597e-02
1.088239625096321106e-02
-1.270517706871032715e-02
5.323881655931472778e-02
2.372769173234701157e-03
5.207413062453269958e-02
-4.639610648155212402e-02
1.164782885462045670e-02
-3.181296586990356445e-02
-1.403738278895616531e-02
1.221999302506446838e-01
-2.713078819215297699e-02
-1.983625255525112152e-02
4.139415174722671509e-02
6.072654947638511658e-02
-2.352676354348659515e-02
1.358606815338134766e-01
-4.774617776274681091e-02
-1.479301415383815765e-02
1.695878989994525909e-02
2.128870785236358643e-02
2.642212994396686554e-02
-8.336913771927356720e-03
4.860247671604156494e-02
2.420551329851150513e-02
4.978922754526138306e-02
6.173226982355117798e-02
-1.413573883473873138e-02
-1.911906152963638306e-02
1.308911293745040894e-01
-5.064671114087104797e-02
-5.217452347278594971e-02
3.187311813235282898e-02
3.081535361707210541e-02
-2.010797895491123199e-02
2.331713028252124786e-02
1.159488223493099213e-02
-2.765000052750110626e-02
-1.117163710296154022e-02
-6.996450480073690414e-03
1.258669362869113684e-04
1.741750910878181458e-02
-1.922490447759628296e-02
-1.649306155741214752e-02
3.985005617141723633e-02
1.547740865498781204e-02
-1.711522112600505352e-03
1.210936009883880615e-01
3.060083650052547455e-02
-3.489220887422561646e-02
-2.515981532633304596e-02
-4.851727746427059174e-03
-5.808247253298759460e-02
2.046550996601581573e-02
6.826856732368469238e-02
-2.069325558841228485e-02
3.192511945962905884e-02
-9.138083457946777344e-02
7.572592701762914658e-03
-7.692467421293258667e-02
-4.284732788801193237e-02
-4.567649215459823608e-03
1.440018042922019958e-02
-1.530556231737136841e-01
4.492965713143348694e-02
-1.257115975022315979e-02
5.190825089812278748e-02
1.731994375586509705e-02
4.809040576219558716e-02
1.863877102732658386e-02
8.969961665570735931e-03
3.496503829956054688e-02
-5.807208269834518433e-02
4.789898230228573084e-04
-6.108371168375015259e-02
-1.542141288518905640e-02
-3.561199828982353210e-02
1.052451692521572113e-02
-2.730484120547771454e-02
-5.245733633637428284e-02
1.791809499263763428e-02
7.690941914916038513e-03
2.551358938217163086e-02
-3.337978944182395935e-02
-1.226134505122900009e-02
-1.670822501182556152e-02
5.733681097626686096e-02
-1.754640415310859680e-02
-3.731080144643783569e-02
-2.806230448186397552e-02
5.283847823739051819e-02
-4.670685157179832458e-02
4.089928790926933289e-02
-1.013287436217069626e-02
-1.061352789402008057e-01
2.123256912454962730e-03
-1.630429923534393311e-02
5.528996884822845459e-02
-3.142082691192626953e-02
-4.471330344676971436e-02
3.250790387392044067e-02
-6.966372579336166382e-02
2.160969562828540802e-02
-1.771799102425575256e-02
6.422055419534444809e-03
3.818274289369583130e-02
3.687717020511627197e-02
-3.242278844118118286e-02
-3.922868892550468445e-02
9.490420669317245483e-02
-3.356514498591423035e-02
3.452469408512115479e-02
5.444138124585151672e-02
6.286235898733139038e-02
2.514716610312461853e-02
4.762745276093482971e-02
7.813712581992149353e-03
6.337047368288040161e-02
2.473328821361064911e-02
3.422233834862709045e-02
-5.421861261129379272e-02
-1.635799999348819256e-03
2.757169492542743683e-02
3.548006713390350342e-02
2.633002772927284241e-02
2.286239527165889740e-02
6.668950617313385010e-02
-2.211309410631656647e-02
-3.225448727607727051e-02
-4.143321886658668518e-02
9.031278640031814575e-02
-4.389898385852575302e-03
1.325965486466884613e-02
4.466541856527328491e-02
-3.970407322049140930e-02
7.978662848472595215e-02
-3.034190461039543152e-02
1.035498231649398804e-01
2.036393620073795319e-02
-2.204863587394356728e-03
-3.028433211147785187e-02
4.840565845370292664e-02
-8.155584335327148438e-02
-1.306149363517761230e-01
-5.034240894019603729e-03
-4.868739098310470581e-02
-4.604380205273628235e-02
-2.521736547350883484e-02
3.884551674127578735e-02
-1.752465032041072845e-02
6.850931048393249512e-02
-1.380360126495361328e-02
4.003578424453735352e-02
5.731543153524398804e-02
8.929146826267242432e-02
-3.435124643146991730e-03
-4.958104714751243591e-02
-6.460899859666824341e-02
-1.508888509124517441e-02
5.566841363906860352e-02
-1.232779994606971741e-01
6.890477240085601807e-02
2.820054069161415100e-02
6.875615566968917847e-02
-4.854159802198410034e-02
-6.989517062902450562e-02
1.465473906137049198e-03
1.298879683017730713e-01
-4.026640951633453369e-02
2.061081584542989731e-03
-1.474823523312807083e-02
1.455511059612035751e-02
4.241165518760681152e-02
2.963401377201080322e-02
4.607603698968887329e-02
-3.826091066002845764e-02
-7.335028052330017090e-02
-1.187981292605400085e-01
-6.723456084728240967e-02
4.060732945799827576e-02
-1.207280904054641724e-02
-2.982003428041934967e-02
-4.645425826311111450e-02
-2.982005476951599121e-02
-2.773519791662693024e-02
-8.285245299339294434e-02
-3.646691143512725830e-02
6.418312434107065201e-03
1.174912555143237114e-03
-2.317427471280097961e-02
-1.480601634830236435e-02
1.545116398483514786e-02
1.557699218392372131e-02
3.176616877317428589e-02
-4.688083007931709290e-02
-9.646853432059288025e-03
-3.982110694050788879e-02
-6.304301321506500244e-02
5.266772117465734482e-03
-6.700857076793909073e-03
-1.145899668335914612e-02
3.157998248934745789e-02
7.836100645363330841e-03
-2.677986957132816315e-02
-1.208725571632385254e-02
9.775670245289802551e-03
-6.063818000257015228e-03
3.779467195272445679e-02
-2.371735498309135437e-02
-1.665197871625423431e-02
1.062957383692264557e-02
-1.808681152760982513e-02
1.059048459865152836e-03
1.838942430913448334e-02
-8.234978467226028442e-02
-2.676003798842430115e-02
-1.235664635896682739e-01
-2.848523482680320740e-02
2.364682406187057495e-02
2.430195547640323639e-02
-7.555751502513885498e-02
-5.990490689873695374e-02
-2.749973349273204803e-02
-4.625397548079490662e-02
3.543517738580703735e-02
-8.663689717650413513e-03
7.420414686203002930e-02
-8.077449351549148560e-02
1.841845549643039703e-02
-6.672579050064086914e-02
-3.040495328605175018e-03
1.275974409509217367e-05
-2.076725848019123077e-02
-1.926961727440357208e-02
2.066153800114989281e-03
2.432403154671192169e-02
-5.509915295988321304e-03
4.083404690027236938e-02
-4.690982401371002197e-03
-4.632416740059852600e-02
1.204055361449718475e-02
1.856902055442333221e-02
2.653148258104920387e-03
-2.211278863251209259e-02
-8.775991736911237240e-04
4.417484253644943237e-02
-2.128669992089271545e-02
-4.444845020771026611e-02
1.695936359465122223e-02
6.969647854566574097e-02
2.092810347676277161e-02
1.663418300449848175e-02
5.923392623662948608e-02
-2.283581905066967010e-02
8.298065513372421265e-03
-1.920174062252044678e-02
2.231876365840435028e-02
2.263706177473068237e-02
6.697953492403030396e-02
8.818731643259525299e-03
1.491784676909446716e-02
-3.025803901255130768e-02
2.885285939555615187e-04
2.916469471529126167e-03
2.238376811146736145e-02
7.381738629192113876e-03
-8.962680399417877197e-02
-7.607176899909973145e-02
-4.925321042537689209e-02
-5.573813989758491516e-02
2.897695638239383698e-02
6.171479355543851852e-03
-3.246462717652320862e-02
-2.512497268617153168e-02
-2.710973471403121948e-02
-3.843394666910171509e-02
4.740696027874946594e-02
-3.156148269772529602e-02
6.853356212377548218e-02
-1.151179987937211990e-02
-1.304374821484088898e-02
5.177222564816474915e-02
7.911728322505950928e-02
6.277958862483501434e-03
1.452389825135469437e-02
2.423000894486904144e-02
-1.036794260144233704e-01
-5.004607141017913818e-02
-6.899175792932510376e-02
1.731285825371742249e-02
5.062016099691390991e-02
-3.778634965419769287e-02
3.950271382927894592e-02
3.950729593634605408e-02
-5.475449189543724060e-02
-5.471006035804748535e-02
-5.057156831026077271e-02
-2.301894687116146088e-02
-1.184640526771545410e-01
-3.111317194998264313e-02
-6.382374465465545654e-02
-5.847393069416284561e-03
-4.475933313369750977e-02
3.649547323584556580e-02
4.354281350970268250e-03
-4.144883900880813599e-02
-3.707142779603600502e-03
4.923580214381217957e-02
-2.800005301833152771e-02
-4.075364023447036743e-02
-6.009641289710998535e-02
9.426304697990417480e-02
6.139648146927356720e-03
7.650329265743494034e-03
-2.613685466349124908e-02
-2.785823307931423187e-02
1.013203430920839310e-02
-1.329291798174381256e-02
5.855825915932655334e-02
-8.773307199589908123e-04
-4.076302051544189453e-02
-1.120925974100828171e-02
2.095126779749989510e-03
1.923216506838798523e-02
-1.582596637308597565e-02
-2.962839975953102112e-02
-3.079352341592311859e-02
-1.240893732756376266e-02
3.451989218592643738e-02
2.591744251549243927e-02
-3.021487221121788025e-02
-1.745738647878170013e-02
3.226948529481887817e-02
6.174936518073081970e-02
-3.957215521950274706e-04
2.684389427304267883e-02
1.452348660677671432e-02
-4.556953161954879761e-02
4.875880107283592224e-02
-1.384826493449509144e-03
-1.266103610396385193e-02
3.373123332858085632e-02
-2.089392766356468201e-02
3.269288316369056702e-02
2.860848978161811829e-02
1.960923708975315094e-02
-1.438563410192728043e-02
-5.232492461800575256e-03
-7.454877719283103943e-03
1.709325984120368958e-02
-2.070528082549571991e-02
6.429050862789154053e-02
1.062259152531623840e-01
1.302390266209840775e-02
1.867543347179889679e-02
-7.825859636068344116e-02
-1.185317803174257278e-02
-4.949007183313369751e-02
2.999027073383331299e-02
3.187003731727600098e-02
-2.578871138393878937e-02
