1.359766721725463867e-02
-3.487146925181150436e-03
-5.105743557214736938e-02
6.058379635214805603e-02
-1.464403979480266571e-02
3.892214596271514893e-02
1.931319199502468109e-02
-8.294899016618728638e-03
5.677043460309505463e-03
1.958687417209148407e-02
-2.860044501721858978e-02
-8.353662677109241486e-03
2.279303595423698425e-02
7.492455770261585712e-04
-2.773805335164070129e-02
1.617879793047904968e-02
-3.496485576033592224e-02
3.792734816670417786e-02
-9.042448550462722778e-02
8.785758167505264282e-03
8.133169263601303101e-03
-5.382891371846199036e-02
1.136914789676666260e-01
5.391750950366258621e-03
2.538386266678571701e-03
-3.458124399185180664e-02
-3.357025608420372009e-02
-2.765467762947082520e-02
-1.912560500204563141e-02
1.609890908002853394e-02
-4.636002331972122192e-02
-1.619318127632141113e-02
9.897123090922832489e-03
-1.244131661951541901e-02
-5.199489183723926544e-03
-2.047586068511009216e-02
3.276644647121429443e-02
9.751972742378711700e-03
-4.540209192782640457e-03
4.993870481848716736e-02
-2.155453339219093323e-02
3.682745737023651600e-04
2.096077241003513336e-02
-4.113820323254913092e-04
4.587637668009847403e-04
-3.323433920741081238e-02
6.700539961457252502e-03
-2.764106169342994690e-02
1.166966184973716736e-02
3.856372088193893433e-03
3.322694823145866394e-02
1.304274201393127441e-01
-5.524730682373046875e-02
-8.778316900134086609e-03
1.459128689020872116e-02
-2.698537893593311310e-03
-1.691643707454204559e-02
-6.420650519430637360e-03
3.782729804515838623e-01
4.803741350769996643e-02
1.496279798448085785e-02
-2.214435674250125885e-02
-3.933335095643997192e-02
3.368937596678733826e-02
2.317881956696510315e-02
-4.339680075645446777e-02
-1.680064247921109200e-03
-7.207311689853668213e-03
-3.161155804991722107e-02
-5.694154649972915649e-02
2.673090063035488129e-02
3.706696210429072380e-03
-2.689744904637336731e-02
3.536949632689356804e-03
-5.476259812712669373e-02
9.218566119670867920e-03
3.365232795476913452e-02
-4.125042632222175598e-02
-5.149904172867536545e-03
-1.528579890727996826e-01
-3.078792477026581764e-03
3.366791410371661186e-03
1.107749622315168381e-02
-3.594743087887763977e-02
-1.016214340925216675e-01
1.138009829446673393e-03
-2.798391506075859070e-02
-2.828527987003326416e-02
2.210173197090625763e-02
-3.171848878264427185e-02
-2.016008831560611725e-02
-1.101021915674209595e-01
1.409533470869064331e-01
-1.313346996903419495e-02
-2.942164056003093719e-02
3.363198193255811930e-04
-5.384051240980625153e-03
-8.893617428839206696e-03
1.519054081290960312e-02
8.749621920287609100e-03
-2.094359602779150009e-03
8.405529893934726715e-03
-3.766447678208351135e-02
7.362652104347944260e-03
3.368633333593606949e-03
-4.749316256493330002e-03
7.027218583971261978e-03
-9.741851128637790680e-03
5.310804583132266998e-03
6.531304679811000824e-03
-1.569984294474124908e-02
2.191898878663778305e-03
2.369028702378273010e-02
-1.616346300579607487e-03
1.546887401491403580e-02
-5.246168584562838078e-04
2.845716848969459534e-02
-1.016265712678432465e-02
-3.611949086189270020e-02
6.488063372671604156e-03
1.550127286463975906e-02
4.030658863484859467e-03
-1.348641421645879745e-02
1.857930421829223633e-02
-4.740305710583925247e-03
5.333076696842908859e-03
5.270844791084527969e-03
-1.535828318446874619e-02
1.743352040648460388e-02
-3.437660261988639832e-02
-1.544734113849699497e-03
3.237206256017088890e-03
2.702947473153471947e-03
1.486366963945329189e-03
-2.859779633581638336e-02
-2.128285728394985199e-02
2.200032211840152740e-02
-7.493416219949722290e-02
-5.968900024890899658e-02
2.803588286042213440e-03
1.463842391967773438e-01
2.968012541532516479e-02
7.614598143845796585e-03
-2.328181453049182892e-02
1.168313901871442795e-02
-1.913604289293289185e-01
1.579976826906204224e-02
-1.204652339220046997e-02
-3.753077704459428787e-03
-5.681939423084259033e-03
4.679492861032485962e-02
-6.502714939415454865e-03
3.740881755948066711e-02
3.707851981744170189e-03
1.899583823978900909e-02
-1.822309568524360657e-02
-3.651844710111618042e-02
-6.346898153424263000e-03
5.503459274768829346e-02
1.718816161155700684e-02
-2.466814406216144562e-02
1.927725523710250854e-01
-1.646188646554946899e-02
-1.761685684323310852e-02
-1.006600726395845413e-02
-6.873364746570587158e-02
7.050913572311401367e-02
-4.245953634381294250e-02
2.762431511655449867e-03
-2.014998346567153931e-03
-5.746807903051376343e-03
-2.911986596882343292e-02
3.733878955245018005e-03
2.858743630349636078e-02
4.073912277817726135e-02
3.880924731492996216e-02
9.908767417073249817e-03
2.342896349728107452e-02
4.548377543687820435e-02
1.939517329446971416e-03
7.671397924423217773e-02
2.762557007372379303e-03
3.647822653874754906e-03
-5.722485482692718506e-03
3.887861967086791992e-02
-1.982415467500686646e-01
1.921414136886596680e-01
2.500184811651706696e-02
-5.291631445288658142e-03
-1.684279879555106163e-03
-9.525841474533081055e-02
-5.056455265730619431e-03
-1.845240965485572815e-02
7.522054482251405716e-03
-3.672864520922303200e-03
-3.714286908507347107e-02
-5.039336159825325012e-02
-1.456910540582612157e-04
1.104620378464460373e-02
1.246259314939379692e-03
1.914105378091335297e-02
-9.811880998313426971e-03
2.794149797409772873e-03
1.190153416246175766e-03
-1.096975244581699371e-02
-3.165623918175697327e-02
1.733581349253654480e-02
2.006215602159500122e-02
-2.372517948970198631e-03
1.229057088494300842e-01
1.728891395032405853e-02
-3.761234926059842110e-03
1.011698739603161812e-03
-5.106621887534856796e-03
-2.829461917281150818e-02
-2.213010005652904510e-02
-1.171193830668926239e-02
5.260924622416496277e-02
3.235652577131986618e-03
1.098702661693096161e-02
-3.453960176557302475e-03
-6.241940259933471680e-01
-7.516300771385431290e-03
1.153190806508064270e-02
8.744512684643268585e-03
-1.659814268350601196e-02
-9.024653583765029907e-03
1.702705956995487213e-02
1.534841209650039673e-02
1.249331049621105194e-02
-2.287732902914285660e-03
7.767764478921890259e-02
2.325184876099228859e-03
9.701641276478767395e-03
-7.609746605157852173e-02
1.776600070297718048e-02
1.783644407987594604e-02
3.336641937494277954e-03
-1.231404487043619156e-02
1.431072782725095749e-02
2.980741299688816071e-02
-1.770338788628578186e-02
6.345462799072265625e-02
-7.189825922250747681e-02
-3.346432000398635864e-02
-1.889438740909099579e-02
1.070181466639041901e-02
-4.406631737947463989e-02
3.938973695039749146e-02
5.179621651768684387e-02
-1.853891648352146149e-02
2.590360119938850403e-02
4.461779817938804626e-02
2.339263632893562317e-02
3.343870630487799644e-03
2.251207642257213593e-02
1.010194197297096252e-01
-6.961933523416519165e-02
1.242142450064420700e-02
2.490797312930226326e-03
5.895843729376792908e-02
7.198183238506317139e-02
4.993312433362007141e-02
-5.942862853407859802e-02
-4.378914833068847656e-03
-8.183544129133224487e-02
2.090012431144714355e-01
1.468752697110176086e-02
-4.254769533872604370e-02
-1.250546872615814209e-01
-8.080867119133472443e-03
4.598446190357208252e-02
1.111709475517272949e-01
6.971990317106246948e-02
-1.869123661890625954e-03
3.860303759574890137e-02
-1.110219769179821014e-02
-7.419471442699432373e-02
1.887743920087814331e-02
4.752161353826522827e-02
-3.930937871336936951e-02
-2.484211325645446777e-02
9.794017672538757324e-02
-4.266618564724922180e-02
-1.202879566699266434e-02
5.310979485511779785e-02
1.274026036262512207e-01
1.261209882795810699e-02
1.240135077387094498e-02
-1.170660369098186493e-02
1.561809629201889038e-01
-7.027114927768707275e-02
3.700142353773117065e-02
1.285299658775329590e-01
-1.971223019063472748e-02
-5.499104782938957214e-02
-1.909387409687042236e-01
-6.182790175080299377e-02
2.428682055324316025e-03
4.397661890834569931e-03
9.764073789119720459e-02
1.382895465940237045e-02
7.914166450500488281e-01
5.345864687114953995e-03
-2.327419258654117584e-02
-1.132293343544006348e-01
8.920126408338546753e-02
1.696481704711914062e-01
6.822761148214340210e-02
8.462330326437950134e-03
-3.179478645324707031e-02
-4.847989883273839951e-03
1.990024596452713013e-01
-2.000920102000236511e-02
-3.366901725530624390e-02
-6.030056625604629517e-02
-2.307183854281902313e-02
-8.625712245702743530e-02
-1.645664684474468231e-02
-6.145545095205307007e-02
2.587745664641261101e-03
3.972068428993225098e-02
1.097429823130369186e-02
-2.549515850841999054e-02
4.229940846562385559e-02
3.961386904120445251e-02
-3.720457479357719421e-02
-1.882741041481494904e-02
1.865169592201709747e-02
4.688214510679244995e-02
-4.836802557110786438e-02
3.326926007866859436e-02
6.130558997392654419e-02
-3.460996970534324646e-02
8.204678306356072426e-04
3.007428953424096107e-03
6.994439661502838135e-02
-2.683358825743198395e-02
-3.233368694782257080e-02
1.069664396345615387e-02
-3.406263887882232666e-02
-2.666336670517921448e-02
-7.849077135324478149e-02
-2.692300593480467796e-03
8.018022775650024414e-02
-8.526987396180629730e-03
4.205433279275894165e-02
1.007306296378374100e-02
-3.265097737312316895e-02
5.838419497013092041e-02
5.658816546201705933e-03
-6.218245998024940491e-02
-7.566165924072265625e-02
1.027009729295969009e-02
9.268962778151035309e-03
-3.493938222527503967e-02
1.247767359018325806e-02
2.871892228722572327e-02
3.153303405269980431e-03
-2.794601954519748688e-02
4.944977164268493652e-02
-9.477144107222557068e-03
1.175032369792461395e-02
-2.950422279536724091e-02
-3.954379260540008545e-02
1.888905651867389679e-02
-7.493874989449977875e-03
-4.336710646748542786e-02
4.930372163653373718e-02
-1.148282177746295929e-02
-1.053203246556222439e-03
5.518824234604835510e-02
-2.561195008456707001e-02
-3.255540505051612854e-02
1.719317398965358734e-02
3.999923169612884521e-02
1.248654210940003395e-03
-2.846338041126728058e-02
-2.616315614432096481e-03
8.991410024464130402e-03
3.420147672295570374e-02
-3.457109257578849792e-02
-6.466834992170333862e-02
-3.706297278404235840e-02
-5.314803868532180786e-02
1.670587334956508130e-05
-2.462943084537982941e-02
-1.688993163406848907e-02
-4.845058545470237732e-02
-6.047328934073448181e-02
3.441028296947479248e-02
3.972389549016952515e-02
4.128049314022064209e-02
-5.478943139314651489e-02
-2.161486633121967316e-02
3.144814819097518921e-02
1.102228015661239624e-01
8.860588073730468750e-02
-1.043840572237968445e-01
-8.930418640375137329e-02
-4.097229801118373871e-03
5.326555296778678894e-02
-6.237100437283515930e-02
1.857765763998031616e-02
3.974108397960662842e-02
-1.288959663361310959e-02
4.917566850781440735e-02
7.798190414905548096e-02
1.482119411230087280e-02
-2.245037071406841278e-02
1.854685880243778229e-02
1.041034702211618423e-02
1.648820377886295319e-02
1.077367924153804779e-03
-2.913991175591945648e-02
5.783862248063087463e-02
4.681466519832611084e-02
-3.472876176238059998e-02
-5.281951278448104858e-02
-1.842183177359402180e-03
2.814766578376293182e-02
1.557640824466943741e-02
4.237794876098632812e-02
5.427395924925804138e-03
-1.811325550079345703e-02
-2.399271540343761444e-02
1.355285383760929108e-02
2.781138569116592407e-02
3.706587851047515869e-02
3.431987389922142029e-02
3.933519124984741211e-02
8.114538155496120453e-03
7.224795408546924591e-04
-9.268552064895629883e-03
2.306381706148386002e-03
-1.631267927587032318e-02
2.510684914886951447e-02
2.256130799651145935e-02
5.205779802054166794e-03
-4.030646011233329773e-02
1.992903882637619972e-03
-1.083058491349220276e-02
-6.592325866222381592e-03
3.883045399561524391e-03
9.908211417496204376e-03
1.561926864087581635e-02
4.973904415965080261e-02
-1.208128184080123901e-01
-1.034564618021249771e-02
6.282663345336914062e-02
5.092426389455795288e-02
4.956171847879886627e-03
-7.762536406517028809e-03
3.625107929110527039e-02
2.682308852672576904e-02
-1.244895439594984055e-02
3.255280107259750366e-02
-5.566605250351130962e-04
4.437751322984695435e-02
5.568753555417060852e-02
1.463347375392913818e-01
-3.903261199593544006e-02
4.767674207687377930e-02
3.651409596204757690e-02
2.979070506989955902e-02
2.266606315970420837e-02
2.152536762878298759e-03
-1.015252061188220978e-02
1.956104859709739685e-02
-5.936447903513908386e-02
5.275931325741112232e-04
3.916504234075546265e-02
2.074830001220107079e-03
9.730314835906028748e-03
-1.204245910048484802e-02
-2.075779065489768982e-02
4.013440757989883423e-02
-6.120834127068519592e-02
1.678291149437427521e-02
4.445291589945554733e-03
-1.703387126326560974e-02
7.573628425598144531e-02
-1.434467174112796783e-02
2.270509302616119385e-02
4.865483939647674561e-02
-1.162277907133102417e-02
-3.017787821590900421e-02
5.949262902140617371e-02
-5.120848491787910461e-02
-1.789699494838714600e-02
5.769160762429237366e-02
-6.678812950849533081e-02
2.949690632522106171e-02
6.070605665445327759e-02
3.689996153116226196e-02
1.019255816936492920e-02
-7.107421755790710449e-02
2.559670805931091309e-02
8.103351108729839325e-03
-6.846241652965545654e-02
7.571388781070709229e-02
-7.157397270202636719e-02
-5.182660743594169617e-02
4.543522000312805176e-02
5.711277481168508530e-04
-3.166766464710235596e-02
7.139029912650585175e-03
4.575197771191596985e-02
-2.188500761985778809e-02
3.883029520511627197e-02
6.738799810409545898e-02
6.501840054988861084e-02
-8.882865309715270996e-03
-3.264604881405830383e-02
-3.337297961115837097e-02
-1.643129065632820129e-02
3.723238781094551086e-02
-4.224929586052894592e-02
7.618686556816101074e-02
1.725709252059459686e-02
-8.448094129562377930e-02
-2.786871977150440216e-02
-4.736178554594516754e-03
-5.020510777831077576e-02
-1.952882483601570129e-02
-2.024159580469131470e-02
4.822186008095741272e-02
-3.437416628003120422e-02
-1.140584498643875122e-01
-1.292438618838787079e-02
-2.886389009654521942e-02
-3.507068008184432983e-02
-3.214953094720840454e-02
-1.526059303432703018e-02
-3.667503222823143005e-02
3.035932779312133789e-03
-1.462638378143310547e-02
2.097244746983051300e-02
-3.696904331445693970e-02
5.347175057977437973e-03
-6.328862946247681975e-05
6.702980026602745056e-03
-2.363291569054126740e-02
9.698650240898132324e-02
4.965961724519729614e-02
1.036209147423505783e-02
6.014818791300058365e-04
-2.534275874495506287e-02
2.873185090720653534e-02
6.778155453503131866e-03
1.319220662117004395e-02
-2.352921525016427040e-03
-2.058533765375614166e-02
-1.835326105356216431e-02
-4.463111516088247299e-03
5.052805691957473755e-02
-4.121407866477966309e-03
-3.209991753101348877e-02
5.493877921253442764e-03
-1.430294848978519440e-02
-1.313869506120681763e-01
-3.999102488160133362e-02
-6.088575720787048340e-02
9.047730267047882080e-02
4.011951386928558350e-02
-8.206678926944732666e-02
7.717910222709178925e-03
1.289448700845241547e-02
5.773368850350379944e-02
-5.360346753150224686e-03
-7.630077004432678223e-02
-2.584514580667018890e-02
-6.481452845036983490e-03
3.004199266433715820e-02
1.817337609827518463e-02
4.155192524194717407e-03
-3.447337821125984192e-02
1.405160129070281982e-02
1.302475854754447937e-02
-2.881886623799800873e-02
-3.380303457379341125e-02
5.962393432855606079e-02
8.293469436466693878e-04
2.549090422689914703e-02
-1.608585752546787262e-02
-2.635670267045497894e-02
-1.535430364310741425e-02
2.356068976223468781e-02
3.999780863523483276e-02
-6.868003401905298233e-03
1.198990829288959503e-02
-1.752876676619052887e-02
-1.593721844255924225e-02
5.322430655360221863e-02
-2.214615046977996826e-02
6.280426867306232452e-03
4.904927313327789307e-02
4.298890382051467896e-02
-7.143117021769285202e-03
2.557151764631271362e-02
-7.812783867120742798e-02
4.152133315801620483e-02
-1.012856513261795044e-01
5.149661749601364136e-02
-2.482163906097412109e-02
4.535867774393409491e-04
-3.401570487767457962e-03
-1.112042181193828583e-02
9.873428381979465485e-03
5.565660074353218079e-02
5.932997446507215500e-03
-2.191871218383312225e-02
-2.200991474092006683e-02
-4.613064695149660110e-03
-1.669941544532775879e-01
-7.683489937335252762e-03
-1.236847415566444397e-02
2.742567099630832672e-03
-4.789197817444801331e-02
4.883265867829322815e-02
4.204542189836502075e-02
2.788847871124744415e-02
-1.443130150437355042e-02
9.253445314243435860e-04
6.228746846318244934e-02
1.457937657833099365e-01
7.323104888200759888e-02
-5.705001577734947205e-02
5.872534960508346558e-02
1.859689317643642426e-02
-3.640264272689819336e-02
-7.722872495651245117e-02
3.764994814991950989e-02
-1.012061759829521179e-01
6.662858277559280396e-02
-3.453021869063377380e-02
1.021894216537475586e-01
3.381696296855807304e-03
2.976325713098049164e-02
4.506305605173110962e-02
9.025560691952705383e-03
-2.833474986255168915e-02
-1.529703475534915924e-02
-5.618308112025260925e-02
-5.284600704908370972e-02
2.423861995339393616e-02
-4.928713664412498474e-02
-3.328872844576835632e-03
1.439715735614299774e-02
-2.760392380878329277e-03
2.652223594486713409e-02
-6.731200218200683594e-02
-2.986636757850646973e-02
3.527103736996650696e-02
4.605828784406185150e-03
-2.161373384296894073e-02
6.022823974490165710e-03
7.176654413342475891e-03
-9.982212632894515991e-02
4.509729146957397461e-02
1.136505603790283203e-01
1.234352588653564453e-02
1.808473281562328339e-02
9.316913783550262451e-03
-4.769987240433692932e-02
-7.750746607780456543e-02
1.481670420616865158e-02
-4.986286163330078125e-02
-3.129938384518027306e-03
1.879491470754146576e-02
2.188698947429656982e-02
1.661257259547710419e-02
1.181153953075408936e-02
3.172436356544494629e-02
9.512612968683242798e-02
-5.039027705788612366e-02
-3.141305223107337952e-02
2.855840511620044708e-02
3.585316985845565796e-02
-3.681320697069168091e-02
1.063655987381935120e-01
2.307578548789024353e-02
-1.240818481892347336e-02
-2.507306449115276337e-02
-3.697030711919069290e-03
-5.063156783580780029e-02
-2.005695365369319916e-02
-7.513321936130523682e-02
-2.079239115118980408e-02
4.733624309301376343e-02
-7.252891082316637039e-03
-1.094463746994733810e-02
-5.443149246275424957e-03
-2.088219299912452698e-02
-2.598621696233749390e-02
-2.702361159026622772e-02
-9.526163339614868164e-03
5.923407524824142456e-02
-4.841754958033561707e-02
4.896247014403343201e-02
-5.484524369239807129e-02
1.740320771932601929e-02
3.599608689546585083e-02
-5.395581573247909546e-02
-9.725379757583141327e-03
-1.389333978295326233e-02
1.758815348148345947e-02
-5.286187864840030670e-03
-2.158353105187416077e-02
2.647043950855731964e-02
-1.320391893386840820e-01
-4.827041551470756531e-02
1.584464684128761292e-02
2.274360507726669312e-03
8.082910440862178802e-03
1.645823358558118343e-03
-5.349184572696685791e-02
-2.206721110269427299e-03
8.048171550035476685e-02
-6.921529024839401245e-02
-2.058291109278798103e-03
7.980051636695861816e-02
-6.029457971453666687e-02
-1.256477832794189453e-02
-3.682712791487574577e-03
-1.084460038691759109e-02
-3.803225234150886536e-02
6.513492669910192490e-03
2.310185693204402924e-02
5.614446103572845459e-02
1.527704391628503799e-02
-7.197178155183792114e-02
-5.910477135330438614e-03
5.569218192249536514e-04
-3.617497906088829041e-02
5.054301768541336060e-02
-3.946698457002639771e-02
1.999608241021633148e-02
9.478176385164260864e-02
-1.862584426999092102e-02
7.425448857247829437e-03
-3.786756470799446106e-02
5.825880169868469238e-02
2.555105276405811310e-02
7.840670645236968994e-03
1.642224751412868500e-02
-2.626973018050193787e-02
-8.991951495409011841e-02
-8.234336972236633301e-02
3.746489528566598892e-03
-4.569739848375320435e-02
6.883699446916580200e-02
5.007103830575942993e-02
7.112148404121398926e-02
6.163877621293067932e-02
8.449578285217285156e-02
1.802113838493824005e-02
-7.956960797309875488e-02
2.623217739164829254e-02
2.392645459622144699e-03
1.349636074155569077e-02
-6.360632926225662231e-02
-3.763822466135025024e-02
3.480031620711088181e-03
7.865166664123535156e-02
6.920502055436372757e-03
-1.694483496248722076e-02
-1.258172467350959778e-02
-5.075727123767137527e-03
-6.158416718244552612e-02
2.195946313440799713e-02
-3.987084329128265381e-02
-4.306438565254211426e-02
1.585419662296772003e-02
-6.052410695701837540e-03
-6.875541806221008301e-02
6.652349140495061874e-03
1.836388255469501019e-03
-3.736197203397750854e-02
-1.131229475140571594e-01
-4.800155758857727051e-02
7.825532555580139160e-02
-5.336616560816764832e-02
4.369787499308586121e-02
-1.709221154451370239e-01
-1.897005550563335419e-02
6.794716417789459229e-02
1.175175420939922333e-02
-2.289773523807525635e-02
5.353292915970087051e-03
-2.628062851727008820e-02
3.993380069732666016e-02
-8.563147857785224915e-04
1.510009076446294785e-02
2.887558937072753906e-02
8.588768541812896729e-02
4.366409778594970703e-02
-3.088601678609848022e-02
-3.909615427255630493e-02
-1.044458150863647461e-02
-9.775487706065177917e-03
-6.316902488470077515e-02
5.522986873984336853e-02
5.488428100943565369e-02
5.865848064422607422e-02
-1.767973415553569794e-02
-8.875147253274917603e-02
-7.550866343080997467e-03
-4.171963408589363098e-02
3.144053369760513306e-02
-1.706250198185443878e-02
1.356838550418615341e-02
2.554392442107200623e-03
-9.937989525496959686e-03
4.714325070381164551e-02
-1.953923515975475311e-02
2.764864079654216766e-02
-5.121320858597755432e-02
-2.309293486177921295e-02
-2.066525258123874664e-02
1.618658751249313354e-02
-6.173569709062576294e-03
9.161155670881271362e-03
1.310188770294189453e-01
-2.649693004786968231e-02
3.230207785964012146e-02
-4.618291556835174561e-02
-9.503079578280448914e-03
-5.160894989967346191e-02
2.853918261826038361e-02
-8.041016757488250732e-03
-2.252638526260852814e-02
