1.432825438678264618e-02
-2.313653938472270966e-02
-8.080281317234039307e-02
9.379122406244277954e-02
-3.711246326565742493e-02
2.881459146738052368e-02
2.017433941364288330e-02
-8.620177395641803741e-03
6.299078464508056641e-02
3.287534788250923157e-02
-2.292318269610404968e-02
-2.236175537109375000e-02
2.754294127225875854e-02
-6.070171948522329330e-03
-2.495657466351985931e-02
3.742756694555282593e-02
-2.333842776715755463e-02
5.657757446169853210e-02
-1.362111978232860565e-02
1.576833985745906830e-02
-1.063651498407125473e-02
-6.911992281675338745e-02
1.329102516174316406e-01
1.441025920212268829e-02
-1.509999856352806091e-02
-4.243373498320579529e-02
-7.302287220954895020e-02
-3.813041001558303833e-02
-2.858899300917983055e-03
2.498511690646409988e-03
1.757422275841236115e-02
-1.865262351930141449e-02
2.140590175986289978e-02
-1.864536292850971222e-02
1.017892546951770782e-02
-8.399305865168571472e-03
2.273475751280784607e-02
2.659176476299762726e-02
3.652563085779547691e-03
4.035519063472747803e-02
-5.722770933061838150e-03
9.137520566582679749e-03
-9.245647117495536804e-03
-1.561022829264402390e-02
-7.774068944854661822e-05
-1.436646468937397003e-02
-1.498592924326658249e-02
-4.259897768497467041e-02
2.692325413227081299e-02
1.444905251264572144e-02
3.286310285329818726e-02
1.719496399164199829e-01
-4.937164485454559326e-02
3.668491030111908913e-03
7.874590344727039337e-03
1.688307523727416992e-02
-2.975821681320667267e-02
3.367896890267729759e-03
2.724398672580718994e-01
1.024096533656120300e-01
1.757881045341491699e-02
-1.008935645222663879e-02
-5.994522944092750549e-02
6.410114467144012451e-02
3.881211578845977783e-02
-8.295670896768569946e-02
2.635343559086322784e-02
-1.986787095665931702e-02
3.523513302206993103e-02
-6.812190264463424683e-02
5.041531473398208618e-02
1.243574172258377075e-02
-4.165564663708209991e-03
-9.804508648812770844e-03
-5.648205056786537170e-02
1.676452346146106720e-02
5.862773582339286804e-02
-3.716466203331947327e-02
-2.432810375466942787e-03
-1.013302505016326904e-01
-7.646604906767606735e-03
1.256621722131967545e-02
9.153839782811701298e-04
-2.336633764207363129e-02
-1.174917146563529968e-01
1.386006479151546955e-03
-6.213847547769546509e-03
-1.074319705367088318e-02
1.781562343239784241e-02
-3.005669452250003815e-02
9.331257082521915436e-03
-1.260998398065567017e-01
1.670734882354736328e-01
-2.060625702142715454e-02
-1.826934143900871277e-02
-1.309285499155521393e-02
-1.358916983008384705e-02
3.090068697929382324e-03
5.092952027916908264e-02
1.881723664700984955e-02
-1.670725457370281219e-02
-1.985030807554721832e-02
-4.256831854581832886e-02
1.885161176323890686e-02
1.492091175168752670e-02
-2.170696621760725975e-03
1.102820970118045807e-02
-6.443431135267019272e-03
1.261618919670581818e-02
-7.828390225768089294e-03
-3.494148375466465950e-03
2.185409702360630035e-02
1.274881884455680847e-02
-2.140919305384159088e-02
3.829288994893431664e-03
4.721336066722869873e-03
5.939334630966186523e-02
6.227149162441492081e-03
-2.159595116972923279e-02
-2.198040019720792770e-03
2.961388416588306427e-02
2.402836456894874573e-03
-5.202300846576690674e-03
2.143503911793231964e-02
-4.754203557968139648e-02
1.021634880453348160e-02
4.255359992384910583e-03
-1.499666180461645126e-02
1.459082029759883881e-02
-9.738449007272720337e-02
-4.565523937344551086e-02
-9.576509706676006317e-03
-2.676917356438934803e-04
-7.594950962811708450e-03
-4.795080050826072693e-02
-2.210701256990432739e-02
1.658671535551548004e-02
-7.846365123987197876e-02
-1.282194722443819046e-02
-5.069405306130647659e-03
1.127389296889305115e-01
1.535765174776315689e-02
2.163189277052879333e-02
-4.545710608363151550e-02
3.790395334362983704e-02
-1.216842755675315857e-01
1.642388664186000824e-02
2.187218982726335526e-03
8.622574619948863983e-03
-2.061392366886138916e-02
7.302130013704299927e-02
-2.429130673408508301e-02
4.938310757279396057e-02
5.695451516658067703e-03
-7.847567321732640266e-04
-2.016178704798221588e-02
-5.025044828653335571e-02
-5.532103125005960464e-03
3.934083878993988037e-02
-1.670520380139350891e-02
-1.168588269501924515e-02
1.547373086214065552e-01
2.653572149574756622e-02
-3.384878486394882202e-02
3.778747282922267914e-03
-5.820866674184799194e-02
1.232700124382972717e-01
-7.356646656990051270e-02
7.418937748298048973e-04
-2.003972232341766357e-02
1.165037509053945541e-02
-4.558425024151802063e-02
3.477981314063072205e-02
5.246964842081069946e-02
5.986261367797851562e-02
4.748608171939849854e-02
-3.624509554356336594e-03
9.767489507794380188e-03
1.274145990610122681e-01
-5.921865347772836685e-03
7.867236435413360596e-02
-3.808233886957168579e-03
-4.973888397216796875e-03
-4.724459256976842880e-03
3.455566242337226868e-02
-7.314239442348480225e-02
1.032277643680572510e-01
2.012239769101142883e-02
-2.596814930438995361e-02
-4.143211618065834045e-02
-9.212822467088699341e-02
-7.232766598463058472e-03
-8.837915025651454926e-03
8.702632039785385132e-03
-6.172252353280782700e-03
-3.423132747411727905e-02
-1.310944855213165283e-01
1.580078154802322388e-02
-9.054546826519072056e-04
8.285463787615299225e-03
4.690633341670036316e-02
-1.060294220224022865e-03
-7.432559132575988770e-02
-1.230715680867433548e-02
8.288032375276088715e-03
-5.055555328726768494e-02
1.765388250350952148e-02
2.969203330576419830e-02
-2.547668665647506714e-02
1.215472966432571411e-01
-5.729276686906814575e-03
-1.092275418341159821e-02
-1.251993933692574501e-03
-6.341069471091032028e-03
-2.639448270201683044e-02
-4.333816096186637878e-02
9.814441204071044922e-03
3.941634297370910645e-02
6.108384113758802414e-03
2.233441546559333801e-02
-1.206185016781091690e-02
-6.370428204536437988e-01
-3.964460454881191254e-03
-6.116210948675870895e-03
1.319111883640289307e-02
7.739835418760776520e-03
-2.000366710126399994e-02
3.831425681710243225e-02
2.593041211366653442e-02
4.193303175270557404e-03
2.590018091723322868e-03
1.147504225373268127e-01
-2.969321049749851227e-02
3.686811076477169991e-03
-6.918784230947494507e-02
1.969349384307861328e-02
6.580161862075328827e-03
1.179183926433324814e-02
-3.674381179735064507e-03
6.001221016049385071e-03
4.728704690933227539e-02
-2.824439480900764465e-02
-2.748329192399978638e-02
-1.047087609767913818e-01
-4.019027575850486755e-02
-2.842638082802295685e-02
1.334142033010721207e-02
-2.343321591615676880e-02
3.567181900143623352e-02
5.772749334573745728e-02
-3.155210241675376892e-02
2.573323808610439301e-02
5.252606794238090515e-02
2.087400667369365692e-02
-1.699467189610004425e-02
2.442758344113826752e-02
6.675036996603012085e-02
-6.544250249862670898e-02
-4.400517791509628296e-02
3.768813982605934143e-02
8.092094957828521729e-02
8.396235853433609009e-02
3.449752181768417358e-02
-1.088421121239662170e-01
-1.533848582766950130e-03
2.116935141384601593e-02
1.719547212123870850e-01
1.342705730348825455e-02
4.534155596047639847e-03
-8.954248577356338501e-02
2.220245264470577240e-02
3.935347124934196472e-02
1.133393198251724243e-01
3.079132549464702606e-02
-2.603337727487087250e-02
-4.988722037523984909e-03
-2.048888988792896271e-02
-4.153344407677650452e-02
3.600904718041419983e-02
7.215249538421630859e-02
-3.447656333446502686e-02
2.060123533010482788e-02
5.892108380794525146e-02
-3.435780107975006104e-02
-5.215678736567497253e-02
6.159606575965881348e-02
1.659445017576217651e-01
-5.602206569164991379e-03
-5.135455168783664703e-03
-9.188603609800338745e-02
1.712076365947723389e-01
-1.073700934648513794e-01
-3.800698556005954742e-03
1.051485836505889893e-01
-2.051845006644725800e-02
-5.007983185350894928e-03
-2.091035097837448120e-01
1.150100398808717728e-02
-1.546322647482156754e-02
-3.406796231865882874e-02
1.010541245341300964e-01
-4.312761500477790833e-02
7.754068374633789062e-01
-6.615539640188217163e-02
-5.719668045639991760e-02
-1.942982524633407593e-01
4.633032530546188354e-02
1.480247229337692261e-01
5.489389225840568542e-02
8.251162618398666382e-02
3.507248684763908386e-02
-7.426221854984760284e-04
1.992449313402175903e-01
7.645820267498493195e-03
2.745707985013723373e-03
-4.058212414383888245e-02
-1.131688151508569717e-02
-1.265568435192108154e-01
4.209235310554504395e-03
2.082464052364230156e-03
7.004726678133010864e-02
1.286834245547652245e-03
-2.610374428331851959e-02
-1.033771596848964691e-02
2.081518061459064484e-02
2.916949242353439331e-02
-4.496321082115173340e-02
-6.408823281526565552e-02
8.097139745950698853e-02
2.664100565016269684e-02
-7.597240060567855835e-02
9.058149880729615688e-04
4.145565256476402283e-02
2.360448939725756645e-03
-2.058713324368000031e-02
2.063982747495174408e-02
4.323223605751991272e-03
-3.225069493055343628e-02
-1.167749799787998199e-02
3.734348341822624207e-02
8.827666752040386200e-03
-3.053601365536451340e-03
-1.396986935287714005e-02
7.995253056287765503e-02
-9.280921891331672668e-03
-3.128242120146751404e-02
2.753200568258762360e-02
1.540199387818574905e-02
-3.916068375110626221e-02
1.099620293825864792e-02
-2.255813591182231903e-02
-5.412748083472251892e-02
-8.985330909490585327e-02
-4.224017262458801270e-02
2.527696639299392700e-02
-4.911591485142707825e-02
7.319374475628137589e-03
8.713710121810436249e-03
5.677871871739625931e-03
-1.392190065234899521e-02
5.054225679486989975e-03
3.188195824623107910e-02
-1.073462050408124924e-02
1.648322097025811672e-03
5.720455665141344070e-04
2.011896856129169464e-02
-4.204498231410980225e-02
-4.210181906819343567e-02
7.021106779575347900e-02
-5.229654256254434586e-03
3.244457766413688660e-02
6.093118712306022644e-02
-4.969042167067527771e-02
3.396948054432868958e-02
-8.804323151707649231e-03
1.456089410930871964e-02
5.275820847600698471e-03
4.788507241755723953e-03
1.090502552688121796e-02
6.643353030085563660e-03
-5.724043119698762894e-03
-6.142105162143707275e-02
-2.218419872224330902e-02
-5.638216622173786163e-03
-3.905321285128593445e-02
4.116109758615493774e-02
-1.368368137627840042e-02
-2.657868899405002594e-02
-4.870475828647613525e-02
-1.515761017799377441e-02
2.507649920880794525e-02
-1.182379666715860367e-02
2.622248046100139618e-02
-3.339465335011482239e-02
-3.683390095829963684e-02
-8.716660551726818085e-03
6.736656278371810913e-02
9.393137693405151367e-02
-1.047157868742942810e-01
-6.934080272912979126e-02
1.310544740408658981e-02
4.224388301372528076e-02
-1.043441817164421082e-01
1.347080618143081665e-02
8.212148398160934448e-02
-7.659822702407836914e-02
1.766396686434745789e-02
9.495732188224792480e-02
-3.357363492250442505e-02
-5.287297070026397705e-02
-8.512471802532672882e-03
1.760175079107284546e-02
3.008466772735118866e-02
2.407964505255222321e-02
-7.476273458451032639e-03
6.656438857316970825e-02
6.107240915298461914e-02
3.270189510658383369e-03
-1.191572993993759155e-01
-1.623049378395080566e-03
4.568847641348838806e-02
-1.119513530284166336e-03
1.833027414977550507e-02
-5.412736441940069199e-03
3.122536465525627136e-03
1.798850297927856445e-02
-1.062124874442815781e-02
-1.101165451109409332e-02
4.349381476640701294e-02
5.054488778114318848e-02
8.029062300920486450e-03
-7.691534608602523804e-02
-7.124728988856077194e-03
1.576271653175354004e-02
1.204953249543905258e-02
-9.004960767924785614e-03
3.816244006156921387e-02
5.921344459056854248e-02
-1.494298409670591354e-02
-7.474269717931747437e-02
1.421752665191888809e-02
-4.817156866192817688e-02
2.014302462339401245e-02
8.251161873340606689e-02
6.871009618043899536e-02
5.966797471046447754e-04
1.631319709122180939e-02
-1.599362343549728394e-01
-9.439332038164138794e-02
2.218044176697731018e-02
6.420187652111053467e-02
-5.095472186803817749e-02
-4.288193210959434509e-02
1.036603748798370361e-02
-2.145506587112322450e-04
3.477501124143600464e-02
7.115453016012907028e-03
-5.705187469720840454e-02
8.207346498966217041e-02
3.667479753494262695e-02
1.570713073015213013e-01
-7.326811552047729492e-02
5.484383553266525269e-02
4.651069175451993942e-03
2.734182961285114288e-02
-1.900120265781879425e-02
8.619893342256546021e-02
-3.669143770821392536e-04
-3.283096849918365479e-02
-7.491815090179443359e-02
1.949883066117763519e-03
3.388033807277679443e-02
-2.351083979010581970e-02
1.513192616403102875e-02
-1.465915585868060589e-03
1.623490639030933380e-02
1.272060256451368332e-02
-5.422935634851455688e-02
4.559798631817102432e-03
5.989800393581390381e-02
1.212076283991336823e-02
1.176943853497505188e-01
1.872693933546543121e-02
1.007376890629529953e-02
-2.401642035692930222e-03
2.533510513603687286e-02
1.126398710766807199e-04
8.719430863857269287e-02
-4.011319950222969055e-02
-1.151852891780436039e-03
1.241158600896596909e-02
-3.700602427124977112e-02
4.760967195034027100e-02
4.985053092241287231e-02
6.961104273796081543e-02
2.745476737618446350e-02
-4.174405708909034729e-02
4.950167983770370483e-02
-4.199672117829322815e-02
-6.059787794947624207e-02
7.776331901550292969e-02
1.462399959564208984e-03
-3.572356328368186951e-02
1.812274008989334106e-02
3.978054504841566086e-03
-1.549227349460124969e-02
-3.312286362051963806e-02
1.372514176182448864e-03
-3.499787673354148865e-02
4.416041448712348938e-02
6.263913214206695557e-02
3.368794173002243042e-02
9.207955561578273773e-03
4.548240918666124344e-03
-3.980019316077232361e-02
-2.411573193967342377e-02
1.590785942971706390e-02
-3.045721352100372314e-02
1.021091863512992859e-01
-2.462336979806423187e-02
-7.202620804309844971e-02
1.108262687921524048e-03
7.890049368143081665e-02
-4.922644048929214478e-02
-1.651406660676002502e-02
-4.365450888872146606e-02
-7.443601265549659729e-03
1.830114610493183136e-02
-2.314613386988639832e-02
2.802788838744163513e-02
-7.209213078022003174e-02
-4.242229461669921875e-02
-2.484099566936492920e-02
-4.271881282329559326e-02
-9.852698445320129395e-02
3.596969693899154663e-02
-5.092864390462636948e-03
5.478533729910850525e-02
-2.164025604724884033e-02
1.501649618148803711e-02
-4.008555319160223007e-03
2.327051945030689240e-02
-3.870843723416328430e-02
6.909063458442687988e-02
2.890068106353282928e-02
3.587755840271711349e-03
-2.296940423548221588e-02
-2.434481866657733917e-02
3.143652901053428650e-02
3.589891642332077026e-02
8.835028856992721558e-03
5.444526299834251404e-02
-1.005756948143243790e-02
2.686491981148719788e-02
1.452626846730709076e-02
1.871061138808727264e-02
3.213025629520416260e-02
-7.768841460347175598e-03
2.724672853946685791e-02
-5.378086119890213013e-02
-8.665449917316436768e-02
-5.984512157738208771e-03
-3.859672322869300842e-02
-1.878074742853641510e-02
2.873202227056026459e-02
-1.136108711361885071e-01
-1.046125777065753937e-02
1.297904085367918015e-02
5.362115800380706787e-02
-2.004113048315048218e-02
-7.483905553817749023e-02
-1.375010795891284943e-02
9.203488007187843323e-03
3.953388426452875137e-03
-3.025499463547021151e-04
-2.880397951230406761e-03
-1.591708883643150330e-02
4.658333584666252136e-02
2.371877431869506836e-02
-6.670898944139480591e-02
-1.333138719201087952e-02
5.269530043005943298e-02
2.275055274367332458e-02
2.371869236230850220e-02
5.986282229423522949e-02
-8.163705468177795410e-03
-6.388590205460786819e-03
2.251655980944633484e-02
7.496980577707290649e-02
2.633974701166152954e-02
2.154932916164398193e-02
-4.625792056322097778e-02
-6.771661341190338135e-03
3.323901072144508362e-02
1.576686836779117584e-02
-1.263040490448474884e-02
6.778996437788009644e-03
5.179782584309577942e-02
-1.506702415645122528e-02
1.149158459156751633e-03
-9.788873791694641113e-02
5.053618457168340683e-03
-4.777316749095916748e-02
7.052442431449890137e-02
5.792607553303241730e-03
1.964792050421237946e-02
-8.423009887337684631e-03
1.842450723052024841e-02
8.773557841777801514e-02
5.812209472060203552e-02
-3.953964635729789734e-02
1.401081960648298264e-02
-8.660121820867061615e-03
-3.717307001352310181e-02
-2.364027500152587891e-01
-1.783414371311664581e-02
-1.510219741612672806e-02
-2.650497108697891235e-02
-3.794478625059127808e-02
6.884460151195526123e-02
-1.579886738909408450e-04
3.795058652758598328e-02
-1.791626773774623871e-02
1.154304388910531998e-02
9.382966905832290649e-02
5.071730911731719971e-02
-1.162846572697162628e-02
2.598210051655769348e-02
1.144193205982446671e-02
4.218497499823570251e-02
-9.701593779027462006e-03
-7.906751334667205811e-02
7.441285252571105957e-02
-1.236382871866226196e-02
3.177965432405471802e-02
-2.531225094571709633e-03
7.685708999633789062e-02
1.374714775010943413e-03
6.654786318540573120e-02
2.503858134150505066e-02
-4.395108297467231750e-02
8.711678674444556236e-04
3.737533465027809143e-03
-5.313694849610328674e-02
-4.434608668088912964e-02
9.003730374388396740e-04
-3.151766490191221237e-03
-4.963268293067812920e-04
1.691984198987483978e-02
-7.443268597126007080e-02
-3.406874835491180420e-02
-4.226633906364440918e-02
6.637992709875106812e-02
1.538236043415963650e-03
-5.273738875985145569e-02
2.098255977034568787e-02
-6.608971208333969116e-02
6.522569805383682251e-03
-2.540061622858047485e-02
6.891874969005584717e-02
2.838095836341381073e-02
-1.022179424762725830e-02
3.960734233260154724e-03
-2.365628816187381744e-02
-7.089399546384811401e-02
-4.988138377666473389e-02
9.495611302554607391e-03
7.694060448557138443e-03
-3.679284080862998962e-02
-1.020962279289960861e-02
1.447742525488138199e-02
-5.651178769767284393e-03
6.174144893884658813e-02
2.104127779603004456e-02
5.495126545429229736e-02
7.253337185829877853e-03
-5.539393983781337738e-03
2.134462073445320129e-02
7.008800655603408813e-02
-3.697861358523368835e-02
6.116228760220110416e-04
4.525645170360803604e-03
1.056374702602624893e-02
1.720892824232578278e-02
1.196517888456583023e-02
-7.432006299495697021e-02
2.254988066852092743e-02
-4.818997532129287720e-02
3.857413306832313538e-02
1.429789233952760696e-02
-1.385394576936960220e-02
-6.477665901184082031e-02
-6.657445430755615234e-02
-3.401957824826240540e-02
-1.501559559255838394e-02
-1.987978816032409668e-02
-3.076671855524182320e-03
6.356603652238845825e-02
-6.654918938875198364e-02
5.738640204071998596e-02
-1.117186620831489563e-01
-9.103795309783890843e-05
4.578799754381179810e-02
-1.923273503780364990e-02
-4.887080565094947815e-02
-1.112367026507854462e-02
-2.411677502095699310e-03
-4.271418601274490356e-02
-6.861461699008941650e-02
-3.385646501556038857e-03
-1.038333550095558167e-01
2.036567963659763336e-02
3.880419582128524780e-02
2.721644006669521332e-02
-2.552576735615730286e-02
4.016552120447158813e-03
-4.169343784451484680e-02
-1.202709972858428955e-02
2.492695301771163940e-02
-2.349550835788249969e-02
8.621195703744888306e-02
3.011357970535755157e-02
-3.651038557291030884e-02
1.363744214177131653e-02
1.146716065704822540e-02
3.005907870829105377e-02
-3.071016864851117134e-03
-5.146987736225128174e-02
-1.318512111902236938e-02
-2.514733467251062393e-03
-3.330491483211517334e-02
-5.727731436491012573e-02
-2.619490027427673340e-02
1.387871429324150085e-02
-3.632130846381187439e-02
7.241965830326080322e-02
-1.200255355797708035e-03
-6.200231611728668213e-02
9.056276828050613403e-02
-3.716256935149431229e-03
-2.393089979887008667e-02
1.173531636595726013e-03
4.052413627505302429e-02
-5.186697468161582947e-03
1.842174865305423737e-02
1.384926494210958481e-02
-1.302574574947357178e-02
-2.267847768962383270e-02
-7.698259502649307251e-02
6.360417604446411133e-02
-1.502595841884613037e-02
-2.063723094761371613e-02
2.261990495026111603e-02
9.510677307844161987e-03
4.815318435430526733e-02
4.577700793743133545e-02
-1.367888227105140686e-02
-5.767354369163513184e-02
-1.028211042284965515e-02
1.230939663946628571e-02
7.971857674419879913e-03
-6.090717017650604248e-02
-2.765097841620445251e-02
1.038477104157209396e-02
4.177774488925933838e-02
-8.702511899173259735e-03
-5.035695433616638184e-02
2.467777207493782043e-02
-1.406438765116035938e-03
-1.702392660081386566e-02
-1.251993328332901001e-02
-6.960306316614151001e-02
-2.889161929488182068e-02
-4.688864108175039291e-03
1.808845088817179203e-03
-2.305757068097591400e-02
6.172891706228256226e-02
2.346731722354888916e-02
-1.841275952756404877e-02
-2.366137504577636719e-02
-3.858050331473350525e-02
8.738023787736892700e-02
-4.717160388827323914e-02
3.367207199335098267e-02
-8.526225388050079346e-02
1.235465798527002335e-02
5.920456722378730774e-03
-1.842270791530609131e-02
2.397243864834308624e-02
-2.189128659665584564e-03
1.235522911883890629e-03
-3.425224684178829193e-03
5.911146290600299835e-04
3.033381514251232147e-02
7.963871583342552185e-03
2.874156832695007324e-02
-1.228659041225910187e-02
-1.969467848539352417e-02
-3.752883896231651306e-02
1.352746505290269852e-02
-4.493087530136108398e-02
-9.062352776527404785e-02
1.844130270183086395e-02
-1.298485603183507919e-02
4.261337593197822571e-02
-3.361634165048599243e-02
-8.580033481121063232e-02
4.251853004097938538e-02
-3.713282570242881775e-02
5.427698418498039246e-02
-5.565875209867954254e-03
7.641167845577001572e-03
3.998992592096328735e-02
-6.759893894195556641e-02
2.067186124622821808e-02
3.375513106584548950e-02
3.206651657819747925e-02
2.649274282157421112e-02
4.677835851907730103e-03
-7.582188397645950317e-02
2.194709517061710358e-02
-5.331104248762130737e-02
9.401313960552215576e-02
1.618432551622390747e-01
-9.709231555461883545e-03
1.711289398372173309e-02
-1.904940418899059296e-02
-1.530987210571765900e-02
-6.125768646597862244e-02
6.977792829275131226e-03
-2.234843000769615173e-02
2.518929354846477509e-02
