1.779768057167530060e-02
-1.577410846948623657e-02
-7.526542246341705322e-02
8.811854571104049683e-02
-3.209166601300239563e-02
4.164811968803405762e-02
2.594858594238758087e-02
-4.046411719173192978e-03
5.537469685077667236e-02
3.917043656110763550e-02
-3.556090220808982849e-02
-1.648827828466892242e-02
3.172439336776733398e-02
5.029326770454645157e-03
-2.608078531920909882e-02
2.391575649380683899e-02
-2.483894675970077515e-02
5.177104845643043518e-02
-3.288631886243820190e-02
1.840892061591148376e-02
-8.421147242188453674e-03
-6.466355174779891968e-02
1.302677690982818604e-01
4.201363306492567062e-03
-1.432695332914590836e-02
-3.427702933549880981e-02
-6.603520363569259644e-02
-3.459829464554786682e-02
-1.108414679765701294e-02
9.505365043878555298e-03
-4.913010634481906891e-03
-2.728934586048126221e-02
1.152653899043798447e-02
-1.640089601278305054e-02
3.120828885585069656e-03
-1.371015142649412155e-02
1.386170554906129837e-02
2.346453629434108734e-02
-4.265312105417251587e-03
3.285906836390495300e-02
-1.479836087673902512e-02
4.969532601535320282e-03
-9.012771770358085632e-03
-1.933611556887626648e-02
-3.302318509668111801e-03
-2.673792280256748199e-02
-6.115960888564586639e-03
-4.097960889339447021e-02
2.451238222420215607e-02
1.178578287363052368e-02
3.245595097541809082e-02
1.609873324632644653e-01
-6.666877865791320801e-02
2.737808972597122192e-03
-2.415523864328861237e-03
1.019788905978202820e-02
-3.811717033386230469e-02
-3.055587643757462502e-03
2.935975790023803711e-01
9.749594330787658691e-02
1.920154318213462830e-02
-2.189881168305873871e-02
-6.426793336868286133e-02
5.965266749262809753e-02
4.177695140242576599e-02
-7.960126549005508423e-02
2.613844722509384155e-02
-2.545739524066448212e-02
2.649037167429924011e-02
-7.451669126749038696e-02
5.260690674185752869e-02
1.230578962713479996e-02
-1.378319971263408661e-02
-4.817071836441755295e-03
-4.892757907509803772e-02
1.491827890276908875e-02
5.359919369220733643e-02
-3.274849802255630493e-02
-2.220656955614686012e-03
-1.063613966107368469e-01
-8.520283736288547516e-03
6.010067649185657501e-03
3.632111009210348129e-03
-3.076550737023353577e-02
-1.160674318671226501e-01
-1.952305901795625687e-04
-8.135639131069183350e-03
-2.023536013439297676e-03
2.540625073015689850e-02
-2.560872957110404968e-02
3.603185527026653290e-03
-1.375120580196380615e-01
1.701281219720840454e-01
-1.463491655886173248e-02
-2.379138953983783722e-02
-1.319550629705190659e-02
-9.277777746319770813e-03
1.440425636246800423e-03
3.616863861680030823e-02
7.338145747780799866e-03
-1.717573776841163635e-02
-7.041086442768573761e-03
-3.324364498257637024e-02
1.495444588363170624e-02
7.720483001321554184e-03
-9.500727988779544830e-03
3.259095596149563789e-03
-1.130822952836751938e-02
1.601200178265571594e-02
-2.507588826119899750e-03
-1.580693572759628296e-02
1.919925957918167114e-02
8.088734000921249390e-03
-1.220885757356882095e-02
1.033222582191228867e-02
-9.414444211870431900e-04
5.496025830507278442e-02
-1.367876306176185608e-03
-2.434830367565155029e-02
-1.095328363589942455e-03
2.197113260626792908e-02
-6.944868713617324829e-03
-1.632744632661342621e-02
2.694013155996799469e-02
-4.088649898767471313e-02
1.920376531779766083e-02
1.458073500543832779e-02
-1.416941359639167786e-02
1.529549062252044678e-02
-7.742755115032196045e-02
-4.277978837490081787e-02
-8.325221017003059387e-03
-1.307796034961938858e-02
-1.128842495381832123e-02
-4.225686937570571899e-02
-2.430452406406402588e-02
3.985692746937274933e-03
-8.629915863275527954e-02
-3.874809667468070984e-02
-5.313069559633731842e-03
1.198909208178520203e-01
1.236696168780326843e-02
1.832120493054389954e-02
-4.546357318758964539e-02
2.148776128888130188e-02
-1.378311812877655029e-01
1.459796261042356491e-02
-4.612833261489868164e-03
1.000337186269462109e-03
-1.975504495203495026e-02
6.306626647710800171e-02
-2.116400189697742462e-02
4.536778479814529419e-02
4.941880470141768456e-04
3.179696388542652130e-03
-1.548762526363134384e-02
-5.585216358304023743e-02
8.625141344964504242e-04
3.891390562057495117e-02
-8.720042183995246887e-03
-1.170572452247142792e-02
1.710222512483596802e-01
2.187722735106945038e-02
-2.508938685059547424e-02
-3.515208605676889420e-03
-7.074352353811264038e-02
1.170181483030319214e-01
-6.738845258951187134e-02
2.260324079543352127e-03
-1.777780801057815552e-02
1.178119424730539322e-02
-4.353697225451469421e-02
2.654353529214859009e-02
4.555941373109817505e-02
5.886360257863998413e-02
4.651368409395217896e-02
2.496236469596624374e-03
9.076355025172233582e-03
1.065840572118759155e-01
-9.017963893711566925e-03
8.572093397378921509e-02
-4.603318870067596436e-03
-8.521591313183307648e-03
1.461364881834015250e-04
3.360224142670631409e-02
-1.030988395214080811e-01
1.173025667667388916e-01
1.217266917228698730e-02
-1.757879555225372314e-02
-3.024724870920181274e-02
-8.463168889284133911e-02
3.858790732920169830e-03
-6.359200458973646164e-03
-2.184794284403324127e-03
3.088610479608178139e-03
-4.517027363181114197e-02
-1.237272173166275024e-01
1.366289425641298294e-02
-9.735517203807830811e-03
6.048261653631925583e-03
4.989130795001983643e-02
4.761117044836282730e-03
-5.718648433685302734e-02
-1.533863972872495651e-02
-3.279886906966567039e-03
-4.216082394123077393e-02
1.681398414075374603e-02
2.718062885105609894e-02
-1.074160728603601456e-02
1.223360225558280945e-01
-2.216033404693007469e-03
-2.663996303454041481e-03
1.054231543093919754e-03
-1.264440827071666718e-02
-2.665149979293346405e-02
-3.774675726890563965e-02
7.627217099070549011e-03
3.907325491309165955e-02
1.861926750279963017e-03
1.580292731523513794e-02
-1.197476964443922043e-02
-6.370373964309692383e-01
-1.279055327177047729e-02
-1.084677223116159439e-02
8.617712184786796570e-03
-1.311120344325900078e-03
-3.592431545257568359e-02
3.643433377146720886e-02
1.811924390494823456e-02
-3.259300487115979195e-03
6.131545174866914749e-03
1.030035093426704407e-01
-2.118614315986633301e-02
8.991920389235019684e-03
-7.395799458026885986e-02
1.813372783362865448e-02
1.037845737300813198e-03
1.550563983619213104e-02
-8.744577877223491669e-03
1.923364028334617615e-02
4.020046442747116089e-02
-1.860690489411354065e-02
-7.327174302190542221e-03
-1.060783341526985168e-01
-3.868027403950691223e-02
-1.765517890453338623e-02
1.176481693983078003e-02
-2.091950550675392151e-02
3.852313011884689331e-02
4.819479957222938538e-02
-2.896385639905929565e-02
2.718556113541126251e-02
4.891471564769744873e-02
2.101737074553966522e-02
-1.936381869018077850e-02
1.759630441665649414e-02
8.114413172006607056e-02
-5.583830922842025757e-02
9.099858812987804413e-03
4.921742714941501617e-03
9.064181149005889893e-02
8.764106035232543945e-02
1.231350377202033997e-02
-1.017078608274459839e-01
6.796183995902538300e-03
2.533112838864326477e-02
1.330378651618957520e-01
-5.371246486902236938e-02
-7.465767860412597656e-02
-7.407964766025543213e-02
3.508537635207176208e-02
4.596223682165145874e-02
1.112703755497932434e-01
5.774835497140884399e-02
-5.364404991269111633e-02
-1.090883277356624603e-02
-2.867953851819038391e-02
-7.281953841447830200e-02
6.557554006576538086e-02
2.358058094978332520e-02
-8.930604904890060425e-02
1.057486329227685928e-02
3.813723474740982056e-02
2.731665968894958496e-03
-1.407748460769653320e-02
9.752310067415237427e-02
8.305778354406356812e-02
8.525446988642215729e-03
-2.267281152307987213e-02
-4.955583438277244568e-02
1.868368536233901978e-01
-7.405712455511093140e-02
-1.848266343586146832e-03
8.765479922294616699e-02
1.681999862194061279e-02
-5.164833739399909973e-02
-2.338534295558929443e-01
-6.530387699604034424e-02
4.463818296790122986e-02
2.451371215283870697e-02
8.739196509122848511e-02
1.490519847720861435e-02
8.157016038894653320e-01
1.441340986639261246e-02
-6.079998612403869629e-02
-1.114436835050582886e-01
2.639082260429859161e-02
1.508970260620117188e-01
2.999347448348999023e-02
5.028806626796722412e-04
4.016174003481864929e-02
3.306218888610601425e-03
1.684874296188354492e-01
4.449193552136421204e-02
2.713857777416706085e-02
-8.033061400055885315e-03
2.487936802208423615e-02
-9.469903260469436646e-02
1.768516749143600464e-02
-6.391905248165130615e-03
3.823182731866836548e-02
3.003337420523166656e-02
-2.827659994363784790e-02
-2.132718078792095184e-02
6.531785428524017334e-02
2.941401209682226181e-03
-1.472419127821922302e-03
-5.110420286655426025e-02
2.522691711783409119e-02
-6.503799930214881897e-03
-5.114013329148292542e-02
1.267099753022193909e-02
1.659281365573406219e-02
1.184860989451408386e-02
1.203219313174486160e-02
-8.587155491113662720e-03
3.405780345201492310e-02
-4.762215074151754379e-03
-1.905892044305801392e-03
-1.095997449010610580e-02
-2.486637420952320099e-02
-1.702280901372432709e-02
-2.704635821282863617e-02
3.669394925236701965e-02
4.297788068652153015e-02
2.076411247253417969e-02
1.425659563392400742e-02
1.335204392671585083e-02
-4.879407584667205811e-02
7.137278467416763306e-02
1.044336985796689987e-02
-5.947031080722808838e-02
-2.960735559463500977e-02
2.458536438643932343e-02
-2.653497969731688499e-03
1.079794391989707947e-02
2.882789820432662964e-02
1.396633777767419815e-02
4.363717511296272278e-02
1.104912487789988518e-03
5.042114760726690292e-03
1.501188892871141434e-02
-6.602468434721231461e-03
-1.702121831476688385e-02
6.679991725832223892e-03
-1.278882659971714020e-02
-1.894880458712577820e-02
-6.483978126198053360e-03
4.348064959049224854e-02
-4.274529963731765747e-02
2.893500588834285736e-02
2.262433804571628571e-02
-2.127543836832046509e-02
7.758120773360133171e-04
-8.182531222701072693e-03
5.572356749325990677e-03
-7.115676999092102051e-03
-3.639582172036170959e-02
-4.129769653081893921e-02
-1.489614485763013363e-03
5.319572985172271729e-02
-3.580455109477043152e-02
-3.989205509424209595e-02
-5.353502556681632996e-02
-4.460105299949645996e-02
3.904762119054794312e-02
3.075705654919147491e-02
-1.326842233538627625e-02
-2.346242405474185944e-02
-3.904091939330101013e-02
4.662603139877319336e-02
2.905913069844245911e-02
5.784125253558158875e-02
-5.560533702373504639e-02
-5.198661983013153076e-02
1.312360865995287895e-03
9.480634331703186035e-02
8.441966027021408081e-02
-6.114333868026733398e-02
-1.116565018892288208e-01
8.119700476527214050e-03
-1.560013554990291595e-02
-1.644189469516277313e-02
-2.622722461819648743e-02
6.059886887669563293e-02
4.033284634351730347e-02
4.638416692614555359e-02
6.701192259788513184e-02
-1.630307734012603760e-02
-2.782276459038257599e-02
2.042043209075927734e-02
4.079482331871986389e-02
-3.645468503236770630e-02
1.512468233704566956e-02
-1.475640479475259781e-02
2.518872544169425964e-02
-3.417674452066421509e-04
-2.429516240954399109e-02
-9.015614539384841919e-02
-2.642845269292593002e-03
6.559608876705169678e-02
5.319580435752868652e-03
-4.242812469601631165e-02
-1.467422209680080414e-02
-2.132447995245456696e-02
-4.412413388490676880e-02
1.611035503447055817e-02
7.260526763275265694e-04
-2.658658102154731750e-02
4.033806547522544861e-02
-9.805720299482345581e-03
-2.626291289925575256e-02
-7.792233489453792572e-03
1.508583966642618179e-02
3.337983042001724243e-03
-4.970937035977840424e-03
-1.740195439197123051e-03
3.182938322424888611e-03
8.586855605244636536e-03
-6.547726690769195557e-02
-1.743013411760330200e-02
-2.781051956117153168e-02
-4.517325758934020996e-02
2.097157016396522522e-02
2.211307547986507416e-02
7.354472577571868896e-02
7.144256681203842163e-02
-2.068681567907333374e-01
4.307882394641637802e-03
5.164841935038566589e-02
1.454882510006427765e-02
-5.948713049292564392e-03
7.973528117872774601e-04
2.651422843337059021e-02
-9.943266399204730988e-03
-3.848202154040336609e-02
2.599712088704109192e-02
-4.218896478414535522e-02
4.549764469265937805e-02
1.449642516672611237e-02
1.852671355009078979e-01
-6.294750422239303589e-02
6.869805604219436646e-02
8.908546296879649162e-04
-3.355848416686058044e-02
3.226125985383987427e-02
8.203516714274883270e-03
-2.279229229316115379e-04
2.631153725087642670e-02
-5.049818754196166992e-02
-1.500074286013841629e-02
-1.084288698621094227e-03
2.756895683705806732e-02
-2.612148039042949677e-02
-1.311786752194166183e-02
-4.277658183127641678e-03
2.345999144017696381e-02
-7.983098179101943970e-02
7.627409417182207108e-03
-5.813672207295894623e-03
8.085718378424644470e-03
7.107412070035934448e-02
-1.569188199937343597e-02
3.519581258296966553e-02
2.169241569936275482e-02
1.988350413739681244e-02
-4.134487360715866089e-02
9.614042937755584717e-02
-6.766788661479949951e-02
-4.224738478660583496e-02
1.985258422791957855e-02
-5.412511527538299561e-02
4.298738762736320496e-02
5.468847230076789856e-02
2.073128521442413330e-02
2.791853435337543488e-02
-6.911430507898330688e-02
2.485928311944007874e-02
-3.714813385158777237e-03
-5.465853586792945862e-02
1.381909549236297607e-01
-5.267258733510971069e-02
-6.559510529041290283e-02
5.799362063407897949e-02
2.196625061333179474e-02
2.328809583559632301e-03
-1.271875854581594467e-02
-2.177704684436321259e-02
-1.495433133095502853e-02
4.969963803887367249e-02
1.578726433217525482e-02
9.613065421581268311e-02
-2.362799458205699921e-02
7.287589367479085922e-03
-4.833592474460601807e-02
-2.895811945199966431e-02
3.419690579175949097e-02
-5.225567519664764404e-02
8.938334137201309204e-02
3.304266929626464844e-02
-2.654639631509780884e-02
-9.159098565578460693e-02
-3.164995461702346802e-02
-4.727008193731307983e-02
-2.843618765473365784e-02
-3.148644044995307922e-02
1.912024989724159241e-02
1.452017854899168015e-02
-1.543519347906112671e-01
5.060887429863214493e-03
2.139413729310035706e-02
-3.995144739747047424e-02
-9.020365029573440552e-02
1.098043285310268402e-02
-8.341738581657409668e-02
2.809579856693744659e-02
-1.087857130914926529e-02
-1.025146339088678360e-02
-2.543665841221809387e-02
7.492729346267879009e-04
-7.127537857741117477e-03
-1.402365416288375854e-02
-1.940081454813480377e-02
8.172101341187953949e-03
-8.170432411134243011e-04
-2.268221229314804077e-02
3.099099500104784966e-03
-6.702297925949096680e-02
3.275911137461662292e-02
-3.027248661965131760e-03
-3.743444383144378662e-02
3.642782941460609436e-02
-2.963642776012420654e-02
1.510401722043752670e-02
-3.668819740414619446e-02
-1.223787385970354080e-02
4.282033815979957581e-02
5.274306982755661011e-03
-2.317551709711551666e-02
-3.526930883526802063e-02
-5.339286848902702332e-02
-2.455920353531837463e-02
-6.168770790100097656e-02
7.272537797689437866e-02
-3.617604379542171955e-04
-1.464880406856536865e-01
-4.221989214420318604e-02
9.287285618484020233e-03
7.950473576784133911e-02
-7.652388885617256165e-03
-7.074783742427825928e-02
2.579734474420547485e-02
-4.419625177979469299e-02
3.893598541617393494e-02
-2.726441808044910431e-02
-2.412751317024230957e-02
-5.830685421824455261e-02
2.795827761292457581e-02
-2.929781749844551086e-02
-3.119571879506111145e-02
-2.378728799521923065e-02
3.586022183299064636e-02
1.886597648262977600e-02
3.878318145871162415e-02
9.252546355128288269e-03
-1.167735271155834198e-02
8.219940587878227234e-03
7.931602187454700470e-03
4.291079565882682800e-02
-1.818891428411006927e-02
2.728018909692764282e-02
-1.720557920634746552e-02
-4.926228895783424377e-02
-1.185974397230893373e-04
-6.705816090106964111e-02
1.561938133090734482e-02
3.600378334522247314e-02
2.964079938828945160e-02
1.795621775090694427e-02
4.986085463315248489e-03
-8.216562122106552124e-02
4.749405756592750549e-02
-2.663488313555717468e-02
3.590136021375656128e-02
-2.852537110447883606e-02
-1.270208321511745453e-02
1.345863845199346542e-02
-4.121929407119750977e-02
2.892689779400825500e-02
-6.139533943496644497e-04
2.148918621242046356e-02
1.966986019397154450e-04
-1.625913567841053009e-02
-8.087557554244995117e-02
-2.101722210645675659e-01
3.870790824294090271e-02
5.116492137312889099e-02
-3.680970147252082825e-02
-6.708917208015918732e-03
2.738998085260391235e-02
8.183475583791732788e-03
3.595251217484474182e-02
-5.690169334411621094e-02
3.253410011529922485e-02
1.005297154188156128e-01
1.388305574655532837e-01
2.504820749163627625e-02
-8.106826804578304291e-03
1.078821020200848579e-03
2.121067978441715240e-02
-8.010499179363250732e-03
-1.058040335774421692e-01
5.019548535346984863e-02
-3.126484900712966919e-02
1.601475290954113007e-02
-1.972947083413600922e-02
-3.714579390361905098e-03
-8.484722115099430084e-03
5.623893812298774719e-02
-3.769716713577508926e-03
-2.937504323199391365e-03
-4.115385934710502625e-02
-1.785623608157038689e-03
-1.367584988474845886e-02
-1.601830683648586273e-02
4.038996994495391846e-02
-4.018577933311462402e-02
-3.582473099231719971e-02
-1.774584315717220306e-02
-2.708092890679836273e-02
1.735766418278217316e-02
-6.755795329809188843e-02
-1.575095020234584808e-02
-2.107151225209236145e-02
2.912849187850952148e-02
-8.387926034629344940e-03
-8.683527261018753052e-02
-3.338385745882987976e-02
-8.176675438880920410e-02
-2.473407424986362457e-03
6.383834034204483032e-02
8.643752895295619965e-03
-6.140433717519044876e-03
-6.133926566690206528e-03
9.213895536959171295e-03
-1.538686007261276245e-01
6.840858608484268188e-02
-1.593884825706481934e-02
-2.852632664144039154e-02
9.097537957131862640e-03
1.677256636321544647e-02
1.228828355669975281e-02
2.851075865328311920e-02
2.883566543459892273e-02
6.884033232927322388e-02
-1.927500404417514801e-02
3.061726316809654236e-02
-6.343628279864788055e-03
1.263595186173915863e-02
-4.459567740559577942e-02
9.206191450357437134e-02
-1.803254242986440659e-03
2.039490453898906708e-02
1.479466352611780167e-02
2.679622545838356018e-02
-6.818477064371109009e-02
-1.640835963189601898e-02
-7.868465781211853027e-02
-1.248415559530258179e-02
4.600326344370841980e-02
1.285996660590171814e-02
-2.654009126126766205e-02
-3.946847096085548401e-02
-2.128934301435947418e-02
-1.604787819087505341e-02
3.047179430723190308e-02
-4.022938199341297150e-03
7.332515716552734375e-02
-7.675812393426895142e-02
3.133908659219741821e-02
-6.045481935143470764e-02
8.171206340193748474e-03
-5.481766536831855774e-03
-4.098757356405258179e-02
-2.764163725078105927e-02
1.847753673791885376e-02
-5.905286874622106552e-03
-1.214441750198602676e-02
-2.582896873354911804e-02
1.679279655218124390e-02
-1.109944954514503479e-01
3.139285137876868248e-03
4.861954227089881897e-02
-4.597283899784088135e-03
1.742452941834926605e-02
-1.160269603133201599e-02
-1.484098564833402634e-02
-8.649870753288269043e-02
7.088506966829299927e-02
-2.493508160114288330e-02
2.709587290883064270e-02
6.186459213495254517e-03
-3.259155526757240295e-02
2.987422747537493706e-03
-1.656480133533477783e-02
2.131334505975246429e-02
1.396338338963687420e-03
2.623003907501697540e-02
1.413397490978240967e-02
4.210320487618446350e-02
8.050002157688140869e-03
-5.652425810694694519e-02
-5.998238921165466309e-02
-2.458198182284832001e-02
-2.106910251313820481e-04
3.111360594630241394e-02
-3.447318822145462036e-02
-3.089550696313381195e-02
-7.480765692889690399e-03
-1.224113046191632748e-03
5.556677002459764481e-03
1.479397155344486237e-02
6.187705695629119873e-02
-2.368514053523540497e-02
-1.801741123199462891e-02
3.725178539752960205e-02
-2.810837514698505402e-02
-2.343211881816387177e-02
-1.029555946588516235e-01
1.829718984663486481e-02
-4.818745329976081848e-02
-3.223000466823577881e-02
3.554429486393928528e-02
5.437028035521507263e-02
4.735868051648139954e-02
9.926944971084594727e-02
2.805270627140998840e-02
-8.489550650119781494e-02
3.246323019266128540e-02
-2.586661837995052338e-03
6.071656942367553711e-02
-1.016354840248823166e-02
-3.818942606449127197e-02
3.068423084914684296e-02
3.227666392922401428e-02
-1.351615693420171738e-02
-4.988942667841911316e-02
-1.705434173345565796e-02
-2.105294726788997650e-02
-1.221645250916481018e-01
-3.460197150707244873e-02
-4.349048063158988953e-02
-9.140954352915287018e-03
-3.426850773394107819e-03
-8.816802292130887508e-04
-1.544103398919105530e-02
-3.337904810905456543e-02
-4.927441105246543884e-02
-6.042705103754997253e-02
-7.581430673599243164e-02
-5.271211639046669006e-02
2.407349087297916412e-02
3.626761585474014282e-02
5.030426383018493652e-02
-9.753869473934173584e-02
-2.216750197112560272e-02
3.133355826139450073e-02
2.643921039998531342e-02
-4.037205595523118973e-03
4.559640958905220032e-02
-1.889040134847164154e-02
2.535052411258220673e-02
-3.001273050904273987e-02
4.772476106882095337e-02
1.679341681301593781e-02
9.161932975985109806e-04
1.255980110727250576e-03
-4.467488452792167664e-02
-2.756881341338157654e-02
6.661665160208940506e-03
2.690271846950054169e-02
-5.337481573224067688e-02
4.598317667841911316e-02
2.749130688607692719e-02
7.828979939222335815e-02
2.790140174329280853e-02
-7.676240056753158569e-03
1.692407880909740925e-03
-2.302041277289390564e-02
1.622690074145793915e-02
-3.189448267221450806e-02
1.332897413522005081e-02
-1.357969827950000763e-02
-1.869956776499748230e-02
3.596934676170349121e-02
-1.029305718839168549e-02
2.350867912173271179e-02
-2.057196944952011108e-02
-2.097061276435852051e-02
-2.772691473364830017e-02
1.918297633528709412e-02
-2.783902455121278763e-03
6.779971532523632050e-03
1.779416054487228394e-01
1.051958464086055756e-02
1.282619219273328781e-02
-4.732790216803550720e-02
1.160915661603212357e-02
-8.351685851812362671e-02
3.668908402323722839e-02
1.831077784299850464e-02
1.091409288346767426e-02
