6.291931495070457458e-03
-1.729086413979530334e-02
-8.242861926555633545e-02
8.821093291044235229e-02
-3.609744459390640259e-02
3.415853530168533325e-02
1.615397073328495026e-02
-6.071853917092084885e-03
5.780501663684844971e-02
2.835115231573581696e-02
-2.488530986011028290e-02
-2.206499502062797546e-02
2.294116094708442688e-02
-1.252870913594961166e-02
-2.735278382897377014e-02
3.663453459739685059e-02
-3.105930984020233154e-02
5.595939606428146362e-02
-1.106032752431929111e-03
8.962441235780715942e-03
-1.354591548442840576e-02
-7.362855225801467896e-02
1.220919340848922729e-01
1.803622022271156311e-02
-9.418177418410778046e-03
-4.035781323909759521e-02
-7.053465396165847778e-02
-3.499793633818626404e-02
-2.324353903532028198e-03
9.224887937307357788e-03
2.374322712421417236e-02
-9.509066119790077209e-03
2.020621486008167267e-02
-1.728273369371891022e-02
6.183416582643985748e-03
-8.300839923322200775e-03
2.689322829246520996e-02
2.696719393134117126e-02
5.090944003313779831e-03
3.998329490423202515e-02
-8.431955240666866302e-03
1.428276021033525467e-02
-4.942572675645351410e-03
-1.250557042658329010e-02
6.509518716484308243e-04
-1.152344327419996262e-02
-1.262138877063989639e-02
-4.719651862978935242e-02
3.074584715068340302e-02
8.142981678247451782e-03
3.749419748783111572e-02
1.476135551929473877e-01
-3.419454395771026611e-02
4.396865144371986389e-03
1.728217303752899170e-02
2.022343501448631287e-02
-2.173918671905994415e-02
3.561296034604310989e-03
3.006992340087890625e-01
1.005488932132720947e-01
2.065970189869403839e-02
-1.159109268337488174e-02
-5.545297265052795410e-02
6.031327694654464722e-02
3.856290131807327271e-02
-6.487693637609481812e-02
2.039694786071777344e-02
-1.575388573110103607e-02
2.207125909626483917e-02
-6.242248415946960449e-02
4.944914206862449646e-02
1.122939214110374451e-02
-6.754818372428417206e-03
-8.275339379906654358e-03
-6.772562116384506226e-02
1.372544374316930771e-02
5.825447291135787964e-02
-3.644346445798873901e-02
-5.048315040767192841e-03
-9.784438461065292358e-02
-5.925932433456182480e-03
1.584161445498466492e-02
3.519567893818020821e-03
-2.411095984280109406e-02
-8.989868313074111938e-02
4.763645119965076447e-03
-9.549001231789588928e-03
-2.035265229642391205e-02
1.108517032116651535e-02
-3.428582102060317993e-02
1.022622268646955490e-02
-1.097592338919639587e-01
1.420163959264755249e-01
-2.777730487287044525e-02
-2.134270593523979187e-02
-7.165530230849981308e-03
-1.219523046165704727e-02
4.634829238057136536e-03
4.772230610251426697e-02
2.254136465489864349e-02
-1.565928384661674500e-02
-1.268396060913801193e-02
-5.023185908794403076e-02
1.594096235930919647e-02
1.602359116077423096e-02
1.458612387068569660e-03
1.694268174469470978e-02
-8.799678762443363667e-04
2.987994579598307610e-03
-1.027131266891956329e-02
-3.816999029368162155e-03
2.049979940056800842e-02
1.998779177665710449e-02
-2.196278609335422516e-02
2.782945521175861359e-03
8.606567047536373138e-03
6.411375850439071655e-02
7.061119191348552704e-03
-3.553622588515281677e-02
1.122895337175577879e-04
2.668051607906818390e-02
1.804463681764900684e-03
-2.468270715326070786e-03
2.451641485095024109e-02
-5.022396892309188843e-02
3.637312911450862885e-03
-7.059846539050340652e-04
-1.018571015447378159e-02
2.240079268813133240e-02
-8.548302203416824341e-02
-3.657533973455429077e-02
-7.487620227038860321e-03
5.267046857625246048e-03
1.032881482387892902e-04
-4.398174956440925598e-02
-2.461522072553634644e-02
2.155509777367115021e-02
-7.595790922641754150e-02
-5.128921009600162506e-03
6.097627338021993637e-03
8.915004879236221313e-02
1.709675788879394531e-02
2.480461634695529938e-02
-4.048470035195350647e-02
4.787714034318923950e-02
-9.778019785881042480e-02
2.081307582557201385e-02
9.717649663798511028e-04
1.071506552398204803e-02
-1.708474196493625641e-02
7.205434888601303101e-02
-2.408622205257415771e-02
5.220452323555946350e-02
7.048181258141994476e-03
9.156815940514206886e-04
-1.942185312509536743e-02
-5.500390008091926575e-02
-9.118225425481796265e-03
3.351530805230140686e-02
-1.763673312962055206e-02
-1.783479005098342896e-02
1.357090026140213013e-01
2.089639008045196533e-02
-3.838087990880012512e-02
-1.277717179618775845e-03
-5.379884690046310425e-02
1.099941655993461609e-01
-6.569667160511016846e-02
-1.078388420864939690e-03
-1.985103636980056763e-02
4.012799821794033051e-03
-4.299156740307807922e-02
2.897900529205799103e-02
5.938818678259849548e-02
5.498642474412918091e-02
4.341229423880577087e-02
-8.985691238194704056e-04
1.638747379183769226e-02
1.117298603057861328e-01
-7.766803726553916931e-03
7.304967939853668213e-02
-3.255344694480299950e-03
-1.488403999246656895e-03
-8.638223633170127869e-03
4.483681172132492065e-02
-6.473784893751144409e-02
1.060789451003074646e-01
2.877846919000148773e-02
-2.458052523434162140e-02
-3.205608576536178589e-02
-9.388034045696258545e-02
-1.131701841950416565e-02
-7.063254714012145996e-03
1.688131876289844513e-02
-6.383680272847414017e-03
-3.274455666542053223e-02
-1.184840574860572815e-01
9.477467276155948639e-03
-4.290584940463304520e-03
3.999462351202964783e-03
3.864037990570068359e-02
-1.004037726670503616e-02
-4.173482581973075867e-02
-3.814878873527050018e-03
5.078653339296579361e-03
-4.339171573519706726e-02
1.597596518695354462e-02
2.742863260209560394e-02
-3.337570652365684509e-02
1.158487573266029358e-01
-5.433979909867048264e-03
-1.161750499159097672e-02
2.625996712595224380e-03
-4.189818166196346283e-03
-3.237351030111312866e-02
-4.495127499103546143e-02
8.518987335264682770e-03
4.093607515096664429e-02
1.447888556867837906e-02
2.473196946084499359e-02
-1.638114452362060547e-02
-6.765884160995483398e-01
-5.023268982768058777e-03
2.722090110182762146e-03
1.225498877465724945e-02
8.387824520468711853e-03
-8.319559507071971893e-03
3.754201158881187439e-02
2.349733747541904449e-02
5.482711363583803177e-03
-2.490398241207003593e-03
1.116394549608230591e-01
-2.715679816901683807e-02
3.127653908450156450e-04
-6.990977376699447632e-02
2.260487526655197144e-02
1.061800401657819748e-02
1.384792476892471313e-02
-8.221284952014684677e-04
3.510797861963510513e-03
5.726624280214309692e-02
-2.767739444971084595e-02
-2.710653282701969147e-02
-9.694622457027435303e-02
-3.644576668739318848e-02
-3.509348258376121521e-02
1.822486519813537598e-02
-2.585312724113464355e-02
4.200982302427291870e-02
6.785871833562850952e-02
-2.977346628904342651e-02
2.934462204575538635e-02
4.931773990392684937e-02
2.797393500804901123e-02
-9.191675111651420593e-03
2.972117066383361816e-02
6.907428801059722900e-02
-8.937773853540420532e-02
-5.809172987937927246e-02
4.502590745687484741e-02
7.137234508991241455e-02
9.509672969579696655e-02
7.070876657962799072e-02
-9.082340449094772339e-02
9.220201522111892700e-03
-6.671666633337736130e-04
1.874915808439254761e-01
6.096334010362625122e-02
5.913410708308219910e-02
-7.670932263135910034e-02
1.859990507364273071e-02
2.310037054121494293e-02
1.099946647882461548e-01
1.718031428754329681e-02
-2.126564830541610718e-02
-1.063506677746772766e-02
-1.785077713429927826e-02
-1.028953306376934052e-02
-1.053288113325834274e-02
1.104569211602210999e-01
-1.964981667697429657e-02
-2.707178005948662758e-03
7.206524908542633057e-02
-3.823968395590782166e-02
-5.983781442046165466e-02
4.595522210001945496e-02
1.825876086950302124e-01
-2.241172082722187042e-02
-3.709639655426144600e-03
-9.087438136339187622e-02
1.436884403228759766e-01
-1.026232987642288208e-01
8.475787006318569183e-03
1.339255124330520630e-01
-2.900017797946929932e-02
1.773747429251670837e-02
-1.861545443534851074e-01
1.245590578764677048e-02
-5.949249491095542908e-02
-3.550279140472412109e-02
1.020345613360404968e-01
-5.718696117401123047e-02
7.546985149383544922e-01
-8.030892163515090942e-02
-2.556520886719226837e-02
-2.187529206275939941e-01
1.016378030180931091e-01
1.246119588613510132e-01
8.652047067880630493e-02
8.192976564168930054e-02
3.163613006472587585e-02
-2.815525745972990990e-03
2.028519213199615479e-01
5.414193030446767807e-03
-1.900224015116691589e-02
-6.548586487770080566e-02
-4.488015919923782349e-02
-8.400294184684753418e-02
-4.663405939936637878e-03
-2.333311550319194794e-02
6.168831884860992432e-02
3.117665462195873260e-02
1.553924754261970520e-03
9.215582162141799927e-03
8.394908905029296875e-02
-4.325680434703826904e-03
-1.619185879826545715e-02
-2.890721708536148071e-02
2.989354357123374939e-02
3.238571435213088989e-02
-5.313408002257347107e-02
1.228408305905759335e-03
1.884695701301097870e-02
4.002216085791587830e-02
6.911084521561861038e-03
-1.688263006508350372e-02
-2.205601148307323456e-02
-3.295120969414710999e-02
2.751180715858936310e-02
5.870128422975540161e-02
2.031463757157325745e-02
-3.639010339975357056e-02
-1.186206238344311714e-03
5.785507336258888245e-02
-3.890990093350410461e-02
2.235833182930946350e-02
3.493119403719902039e-02
-3.319703415036201477e-02
-6.044248491525650024e-02
-2.066953806206583977e-03
-4.625135716196382418e-06
-1.317656226456165314e-02
-7.853978872299194336e-02
-4.313408583402633667e-02
1.728264801204204559e-02
-6.630212813615798950e-02
2.451912872493267059e-02
1.438881922513246536e-02
-6.981996819376945496e-03
-3.045602701604366302e-02
-2.129532769322395325e-02
6.097526103258132935e-02
-3.646966069936752319e-02
-6.916182115674018860e-03
1.103837788105010986e-02
3.681077063083648682e-02
-4.933597519993782043e-02
-6.532160937786102295e-02
6.148834154009819031e-02
-2.133858390152454376e-03
3.919850662350654602e-02
2.121624350547790527e-02
-5.124500021338462830e-02
5.085119977593421936e-02
-8.350117132067680359e-04
2.393291518092155457e-02
1.165219768881797791e-02
1.578755304217338562e-02
-5.777930468320846558e-02
-2.081796061247587204e-03
3.837607428431510925e-02
-5.365208536386489868e-02
-5.090833082795143127e-02
1.078119268640875816e-03
-5.811021849513053894e-02
7.980257272720336914e-02
9.760361164808273315e-03
1.065564434975385666e-02
-1.556164864450693130e-02
2.006086893379688263e-02
5.453290417790412903e-03
-9.384559467434883118e-03
4.955656826496124268e-03
-2.487255260348320007e-02
-3.428010642528533936e-02
-1.937892474234104156e-02
5.446240678429603577e-02
5.774208158254623413e-02
-9.636546671390533447e-02
-8.085389435291290283e-02
-7.333581335842609406e-03
-1.353717816527932882e-04
-1.190359983593225479e-02
1.832082122564315796e-02
9.953220933675765991e-02
-2.725699357688426971e-02
1.817273907363414764e-03
5.245771631598472595e-02
-3.957394883036613464e-02
-2.682502008974552155e-02
-7.858758792281150818e-03
1.686070859432220459e-02
3.775877133011817932e-02
4.932774230837821960e-02
5.947293713688850403e-02
8.891905844211578369e-02
3.664278611540794373e-02
-1.657583005726337433e-02
-1.266502290964126587e-01
1.659014075994491577e-02
4.298642650246620178e-02
5.788610130548477173e-02
-7.069765031337738037e-02
1.880531199276447296e-02
1.234235987067222595e-02
1.006999798119068146e-02
2.166293375194072723e-02
-5.056724697351455688e-02
-4.467914998531341553e-02
6.123880296945571899e-02
2.447238005697727203e-02
-6.855259090662002563e-02
4.074145480990409851e-02
2.262500487267971039e-02
-7.591752801090478897e-03
-3.630500286817550659e-02
4.251235723495483398e-02
1.685048826038837433e-02
-4.053125157952308655e-02
-1.059354767203330994e-01
-9.509467519819736481e-03
-2.858251705765724182e-02
7.388319354504346848e-03
4.589004814624786377e-02
5.777124688029289246e-02
2.071727067232131958e-02
7.187918573617935181e-02
-1.596094369888305664e-01
-5.163770914077758789e-02
1.851158030331134796e-02
6.781351566314697266e-02
-2.437891066074371338e-02
-6.433587521314620972e-02
1.993610709905624390e-02
-5.214472301304340363e-03
-4.752852022647857666e-03
2.317405492067337036e-02
-4.896195977926254272e-02
8.585537225008010864e-02
1.170926261693239212e-02
1.533721089363098145e-01
-1.059479340910911560e-01
6.499078869819641113e-02
-1.062892004847526550e-02
-8.076694939518347383e-06
2.797522582113742828e-02
4.032552987337112427e-02
1.999984122812747955e-02
1.130051631480455399e-02
-4.418726265430450439e-02
1.562165655195713043e-02
2.123576402664184570e-02
1.969557814300060272e-02
-9.582348167896270752e-03
4.064079374074935913e-03
-9.280723519623279572e-03
2.013804204761981964e-02
-5.343702435493469238e-02
3.831833600997924805e-02
5.085689201951026917e-02
9.290253743529319763e-03
1.061310619115829468e-01
2.847650647163391113e-02
2.061551995575428009e-02
6.748269777745008469e-03
3.519926592707633972e-02
4.903468489646911621e-02
6.803394109010696411e-02
-4.843058809638023376e-02
1.019490230828523636e-02
-1.180860213935375214e-02
-3.478612750768661499e-02
3.663059324026107788e-02
3.973518311977386475e-02
-3.186850342899560928e-03
2.767018601298332214e-02
-4.686293378472328186e-02
4.981115087866783142e-02
-5.241012200713157654e-02
-6.865587085485458374e-02
7.703910022974014282e-02
-9.310591965913772583e-03
-7.142441719770431519e-02
1.830063015222549438e-02
-3.882966469973325729e-03
-3.245905041694641113e-02
-1.370880845934152603e-02
-5.111118312925100327e-03
-2.103831619024276733e-02
6.680205464363098145e-02
9.442240931093692780e-03
2.534357644617557526e-02
3.629374783486127853e-03
3.597423061728477478e-02
-2.519328519701957703e-02
-3.183081001043319702e-02
-3.897648770362138748e-03
-5.922797694802284241e-02
1.051105782389640808e-01
-1.727651804685592651e-02
-5.884476751089096069e-02
-9.753918275237083435e-03
7.326311618089675903e-02
-7.662048935890197754e-02
-3.577635809779167175e-02
-6.400331854820251465e-02
2.241290872916579247e-03
2.835670858621597290e-02
-1.989005319774150848e-02
-3.278823941946029663e-02
-8.041550964117050171e-02
-8.942433446645736694e-02
-8.318278938531875610e-02
-1.516879536211490631e-02
-9.040357172489166260e-02
5.945153906941413879e-02
2.263386175036430359e-02
5.402496457099914551e-02
9.271107614040374756e-03
-1.276868768036365509e-02
-2.156869741156697273e-03
5.590977892279624939e-02
-3.390411287546157837e-02
4.785918071866035461e-02
1.652443781495094299e-02
-5.265653133392333984e-02
-1.604525372385978699e-02
-4.224176332354545593e-02
1.544320117682218552e-02
3.734721243381500244e-02
-5.555621464736759663e-04
3.890765458345413208e-02
-6.299854069948196411e-02
1.328174397349357605e-02
-2.079720608890056610e-02
2.936858870089054108e-02
2.810431458055973053e-02
1.026677154004573822e-02
1.796322059817612171e-03
-3.885911777615547180e-02
-1.374611258506774902e-02
3.494001924991607666e-02
-5.525352433323860168e-03
2.493730187416076660e-02
4.365186393260955811e-02
-8.064360916614532471e-02
-3.171543031930923462e-02
-2.774843387305736542e-02
2.281989157199859619e-02
-1.027519255876541138e-02
-7.656723260879516602e-02
2.367993630468845367e-02
-1.622235216200351715e-02
5.493399687111377716e-03
-5.298940837383270264e-02
-4.317156970500946045e-02
-3.658985719084739685e-02
2.004604227840900421e-02
-6.103606428951025009e-03
-3.968439996242523193e-02
-4.399900883436203003e-02
4.846892133355140686e-02
3.598676249384880066e-02
2.715660259127616882e-03
2.343388274312019348e-02
-2.192038297653198242e-02
8.970787748694419861e-03
4.552242532372474670e-02
1.208028756082057953e-02
4.578154161572456360e-02
7.995236665010452271e-03
-6.617444753646850586e-02
-4.222248867154121399e-02
-2.698156051337718964e-02
1.549642812460660934e-02
6.531279534101486206e-03
4.474897310137748718e-02
-1.011642999947071075e-02
-6.039565894752740860e-03
2.803281135857105255e-02
-6.371570378541946411e-02
2.215083502233028412e-02
-7.189581543207168579e-02
2.280870079994201660e-02
-7.724819704890251160e-03
1.974393427371978760e-02
3.741332516074180603e-02
2.629890106618404388e-02
8.449032902717590332e-02
3.670762106776237488e-02
-4.955389536917209625e-03
1.892479322850704193e-02
-2.335519902408123016e-02
-3.026782907545566559e-02
-1.884654909372329712e-01
3.797069564461708069e-02
-3.309348970651626587e-02
-2.779385447502136230e-02
-4.528414085507392883e-02
4.124280437827110291e-02
2.946204505860805511e-03
4.997007176280021667e-02
-5.217439495027065277e-03
4.420738294720649719e-02
6.717272847890853882e-02
6.608384847640991211e-02
3.541229292750358582e-02
-2.416555210947990417e-02
-4.862021282315254211e-02
3.130564093589782715e-02
1.737998798489570618e-02
-9.618035703897476196e-02
7.859466224908828735e-02
-6.056913174688816071e-03
3.315626457333564758e-02
1.508522080257534981e-03
3.229599073529243469e-02
2.003108849748969078e-03
1.001182384788990021e-02
1.955803856253623962e-02
-5.517799407243728638e-02
4.113467410206794739e-03
4.861940816044807434e-02
-2.025992050766944885e-02
-2.382712997496128082e-02
5.135584622621536255e-03
-3.450536355376243591e-02
-2.515624742954969406e-03
2.987061627209186554e-02
-8.281203359365463257e-02
1.506254356354475021e-02
-3.443004563450813293e-02
3.663154202513396740e-04
-1.004707440733909607e-02
-3.773041442036628723e-02
2.811333164572715759e-02
-1.020056307315826416e-01
1.331348903477191925e-03
-3.182675316929817200e-02
5.561932548880577087e-02
2.583768963813781738e-02
-1.182538364082574844e-02
-2.378508634865283966e-02
-1.181688439100980759e-02
-9.125087410211563110e-03
-1.012037247419357300e-01
2.901339530944824219e-02
-7.940770126879215240e-03
-3.151578828692436218e-02
4.709998145699501038e-03
4.043476656079292297e-02
5.957061424851417542e-03
8.435158431529998779e-02
1.884431391954421997e-02
7.579366117715835571e-02
2.075913175940513611e-02
-3.644019365310668945e-02
8.797020651400089264e-03
2.932300791144371033e-02
-5.157116800546646118e-02
2.781322039663791656e-02
8.526814170181751251e-03
2.829504199326038361e-02
5.875827744603157043e-02
2.623348869383335114e-02
-8.756806701421737671e-02
6.940781325101852417e-02
-6.540825217962265015e-02
-7.786988280713558197e-03
5.459042638540267944e-02
-4.234941210597753525e-03
-5.865813046693801880e-02
-1.111963242292404175e-01
-1.578991115093231201e-02
-7.235053926706314087e-03
-3.516664355993270874e-02
5.733438301831483841e-03
1.042461842298507690e-01
-5.811657756567001343e-02
1.678895577788352966e-02
-3.458964079618453979e-02
-2.921087667346000671e-03
-5.743354093283414841e-03
-7.814725488424301147e-02
-4.363422468304634094e-02
9.825092740356922150e-03
1.492456533014774323e-02
-4.737339168787002563e-02
-4.490800201892852783e-03
1.593664847314357758e-02
-9.609600901603698730e-02
2.525478042662143707e-02
2.516013011336326599e-02
4.063178971409797668e-02
-5.275918543338775635e-02
-2.232182398438453674e-02
-3.169061988592147827e-02
-8.554769307374954224e-02
3.012787923216819763e-02
-3.359729796648025513e-02
8.544269949197769165e-02
-9.323142468929290771e-03
-3.704339638352394104e-02
5.784499272704124451e-02
-1.713034871499985456e-04
4.765102267265319824e-02
-5.447938572615385056e-03
3.850921988487243652e-02
1.630050502717494965e-02
3.895441303029656410e-03
-3.535601496696472168e-02
-7.846897095441818237e-02
-4.596810787916183472e-02
9.301031939685344696e-03
-1.879340596497058868e-02
5.136379227042198181e-02
2.047791890799999237e-02
-3.437235206365585327e-02
1.411548350006341934e-03
1.721514575183391571e-02
-3.093718364834785461e-02
5.214216560125350952e-02
4.738131910562515259e-02
-2.330362796783447266e-02
1.389088807627558708e-03
1.427661813795566559e-02
-1.046645548194646835e-02
-4.372837394475936890e-02
-7.457750290632247925e-02
4.524897038936614990e-02
-6.565606594085693359e-02
-7.281539589166641235e-02
4.729874432086944580e-02
1.756003312766551971e-02
5.985300615429878235e-02
1.001360639929771423e-01
-4.407250508666038513e-02
-8.852859586477279663e-02
3.075177408754825592e-02
6.538826227188110352e-02
1.353137008845806122e-02
2.515533007681369781e-02
-7.823052816092967987e-03
3.611870110034942627e-02
2.639009058475494385e-02
-4.048833996057510376e-02
-4.531015455722808838e-02
6.287077441811561584e-03
-3.286644071340560913e-02
-5.258379504084587097e-02
-5.553998518735170364e-03
-6.743102520704269409e-02
-2.843291312456130981e-02
-1.340315118432044983e-02
7.554284296929836273e-03
-7.878509350121021271e-03
-2.776453457772731781e-02
2.881153486669063568e-02
-6.785595417022705078e-02
-3.790821880102157593e-02
-6.972023844718933105e-02
3.764188662171363831e-02
1.297941245138645172e-02
3.598199412226676941e-02
-5.082497373223304749e-02
9.954648092389106750e-03
-3.079628199338912964e-02
5.249097011983394623e-03
-4.921484272927045822e-03
8.192356675863265991e-03
-2.126685902476310730e-02
-1.363920699805021286e-02
1.419898495078086853e-02
3.177378699183464050e-02
2.018923312425613403e-02
7.586715277284383774e-03
-2.098484151065349579e-02
-1.643888466060161591e-02
-2.451906725764274597e-02
1.265201810747385025e-02
-2.775247395038604736e-02
-9.301166236400604248e-02
-6.735802744515240192e-04
1.510173827409744263e-02
5.788030475378036499e-02
-2.903801947832107544e-02
-2.001367136836051941e-02
1.533765438944101334e-02
-6.539452821016311646e-02
6.261895596981048584e-02
-4.798534791916608810e-03
-3.743730857968330383e-02
-2.949213609099388123e-03
-5.559654906392097473e-02
5.358396098017692566e-02
6.391541659832000732e-02
-7.888670079410076141e-03
-3.575218608602881432e-03
-3.299339208751916885e-03
-3.099949844181537628e-02
6.111667677760124207e-02
-1.107837725430727005e-02
4.333527386188507080e-02
1.255674809217453003e-01
-2.471840195357799530e-02
2.852538600564002991e-02
-5.166484415531158447e-02
-2.757200598716735840e-02
-8.020905405282974243e-02
1.438727229833602905e-02
2.326448448002338409e-02
-1.017782092094421387e-02
