1.706605218350887299e-02
-7.564475527033209801e-04
-8.718095719814300537e-02
6.855635344982147217e-02
-2.776118367910385132e-02
4.101693630218505859e-02
1.964985951781272888e-02
-9.808740578591823578e-03
5.467848107218742371e-02
1.937382854521274567e-02
-3.479520976543426514e-02
-2.435863204300403595e-02
2.261290512979030609e-02
-1.599883474409580231e-02
-2.655998244881629944e-02
2.290110662579536438e-02
-3.371329978108406067e-02
4.323961213231086731e-02
-3.179150074720382690e-02
1.721596717834472656e-02
-3.742621978744864464e-03
-7.133424282073974609e-02
1.146863102912902832e-01
-6.841767113655805588e-03
-7.776603568345308304e-03
-1.841797120869159698e-02
-5.671956762671470642e-02
-3.251835703849792480e-02
2.168929437175393105e-03
1.221123151481151581e-02
-2.091966941952705383e-02
-2.170886471867561340e-02
6.648498587310314178e-03
-2.853745827451348305e-03
3.513616742566227913e-03
-9.461682289838790894e-03
1.663661003112792969e-02
1.451039221137762070e-02
-7.208484690636396408e-03
2.626168541610240936e-02
-9.590320289134979248e-03
1.729113049805164337e-03
-2.133639156818389893e-02
-1.364238373935222626e-02
-2.455406647641211748e-04
7.382945623248815536e-03
2.113624941557645798e-03
-3.470046073198318481e-02
3.846880048513412476e-02
5.928806960582733154e-03
2.856710180640220642e-02
1.401699483394622803e-01
-7.180514931678771973e-02
1.605852134525775909e-02
1.058728434145450592e-02
1.396089326590299606e-02
-3.286657854914665222e-02
-7.337705697864294052e-03
3.105042874813079834e-01
9.995035827159881592e-02
2.322501502931118011e-02
-2.001647464931011200e-02
-5.347523465752601624e-02
5.890627577900886536e-02
4.506480693817138672e-02
-8.156935870647430420e-02
8.032655343413352966e-03
-1.067323330789804459e-02
3.000909276306629181e-02
-6.111291050910949707e-02
3.700958564877510071e-02
1.060025207698345184e-02
-1.426359545439481735e-02
5.358968395739793777e-03
-5.799058079719543457e-02
-8.394658565521240234e-03
4.023905843496322632e-02
-2.337242662906646729e-02
-7.528088754042983055e-04
-1.077748388051986694e-01
1.025638775900006294e-03
1.580393128097057343e-02
2.119507826864719391e-02
-3.136970847845077515e-02
-1.075154691934585571e-01
2.697819145396351814e-03
-1.229433715343475342e-02
-1.973190717399120331e-02
1.327211596071720123e-02
-2.129815705120563507e-02
1.725920848548412323e-02
-1.243543550372123718e-01
1.696965098381042480e-01
-2.627314254641532898e-02
-2.022200264036655426e-02
-1.401762291789054871e-02
-1.088331826031208038e-02
8.252555504441261292e-03
3.983302414417266846e-02
9.150441735982894897e-03
-5.515617784112691879e-03
-1.296858489513397217e-02
-4.181252047419548035e-02
1.988304965198040009e-02
2.100359462201595306e-02
-1.244147680699825287e-02
1.155100390315055847e-02
-4.858697298914194107e-03
3.675281535834074020e-03
-1.427750103175640106e-02
-5.611862521618604660e-03
2.607847563922405243e-03
3.596603637561202049e-03
-2.898993156850337982e-02
-1.064280862919986248e-03
7.844513282179832458e-03
5.264272540807723999e-02
6.288913544267416000e-03
-3.083765879273414612e-02
6.697918754070997238e-03
2.726550027728080750e-02
-1.727460068650543690e-03
-1.287834066897630692e-02
2.537200972437858582e-02
-5.209021270275115967e-02
4.223517142236232758e-03
2.016147598624229431e-02
-1.495242584496736526e-02
1.496365014463663101e-02
-7.854285091161727905e-02
-4.547191411256790161e-02
-7.563355378806591034e-03
1.917031477205455303e-03
-3.118344349786639214e-03
-3.317335620522499084e-02
-3.514629602432250977e-02
-4.739042371511459351e-03
-7.108630239963531494e-02
-4.474239423871040344e-02
-4.680513404309749603e-03
1.136646494269371033e-01
2.824904955923557281e-02
2.671013958752155304e-02
-3.648985177278518677e-02
4.003719240427017212e-02
-1.240409389138221741e-01
1.395982038229703903e-02
-1.996415085159242153e-04
1.390447374433279037e-02
-1.742487773299217224e-02
5.764295905828475952e-02
-9.395429864525794983e-03
3.996749222278594971e-02
-1.315201818943023682e-02
1.567412540316581726e-02
-2.104723267257213593e-02
-5.144215375185012817e-02
-2.140779281035065651e-03
2.860869280993938446e-02
-1.537277922034263611e-02
-1.193626970052719116e-02
1.565405279397964478e-01
3.111517801880836487e-02
-4.036597535014152527e-02
-2.607458969578146935e-03
-6.919013708829879761e-02
1.069456115365028381e-01
-5.834921449422836304e-02
-8.886022260412573814e-04
-7.607804611325263977e-03
-9.896531701087951660e-03
-3.217828646302223206e-02
2.251687832176685333e-02
3.998635336756706238e-02
5.183291435241699219e-02
5.228483304381370544e-02
1.966615440323948860e-03
1.548383384943008423e-02
1.004741713404655457e-01
-3.793481970205903053e-03
5.996791645884513855e-02
5.205596797168254852e-03
8.166969753801822662e-03
-1.096127461642026901e-02
3.569850698113441467e-02
-1.099765673279762268e-01
1.201464533805847168e-01
2.668857946991920471e-02
-2.739509008824825287e-02
-2.064163051545619965e-02
-7.935032248497009277e-02
-7.525265682488679886e-03
-1.582728698849678040e-02
7.236597011797130108e-04
2.307573147118091583e-02
-3.243330121040344238e-02
-1.369940340518951416e-01
-3.026093589141964912e-03
-2.356648445129394531e-02
-3.983956295996904373e-03
7.125151902437210083e-02
-1.366875716485083103e-03
-3.705512732267379761e-02
-1.174522470682859421e-02
-9.859346784651279449e-03
-4.770749434828758240e-02
2.154016494750976562e-02
1.856371387839317322e-02
-1.445065438747406006e-02
1.267011612653732300e-01
-2.691182773560285568e-03
-6.636947393417358398e-03
5.783070344477891922e-03
-1.978932321071624756e-02
-3.881425037980079651e-02
-2.480968460440635681e-02
2.361507067689672112e-04
3.197797760367393494e-02
1.435300707817077637e-02
6.212326232343912125e-03
-1.360097527503967285e-02
-6.557793617248535156e-01
-1.965763047337532043e-02
-6.183240097016096115e-03
9.019967168569564819e-03
-9.797138627618551254e-04
-3.573375940322875977e-02
3.357760608196258545e-02
7.276546675711870193e-03
-1.502185314893722534e-02
4.083954729139804840e-03
9.882050752639770508e-02
-3.672632202506065369e-02
3.761540865525603294e-03
-7.014807313680648804e-02
2.353702858090400696e-02
-1.456980593502521515e-02
1.192344911396503448e-02
-1.419883407652378082e-02
1.214473973959684372e-02
5.139726772904396057e-02
-7.065718062222003937e-03
-7.708276621997356415e-03
-1.083731278777122498e-01
-2.803007699549198151e-02
-1.843713410198688507e-02
1.681840233504772186e-02
-2.125016227364540100e-02
3.727728128433227539e-02
5.761658400297164917e-02
-3.109721094369888306e-02
3.198464587330818176e-02
5.082232877612113953e-02
1.729930378496646881e-02
-7.180709857493638992e-03
3.004903160035610199e-02
5.001715570688247681e-02
-5.806749314069747925e-02
-2.139780856668949127e-02
2.810623310506343842e-02
2.854544855654239655e-02
1.987606100738048553e-02
5.116419866681098938e-02
-8.100384473800659180e-02
3.648202493786811829e-02
6.705803424119949341e-02
1.028734892606735229e-01
-8.562809973955154419e-02
1.704995892941951752e-02
4.310748074203729630e-03
2.636353112757205963e-02
7.790474593639373779e-02
9.001795202493667603e-02
1.128378733992576599e-01
-5.465965718030929565e-02
-7.769180811010301113e-04
-8.012474328279495239e-02
-1.396169979125261307e-02
3.683520853519439697e-02
1.055305898189544678e-01
-2.449560351669788361e-02
4.183542449027299881e-03
2.616097033023834229e-02
2.521128766238689423e-02
-8.258017152547836304e-02
3.191542252898216248e-02
1.380775719881057739e-01
3.906393423676490784e-02
-6.072719395160675049e-02
-1.140411570668220520e-01
1.780647933483123779e-01
-9.476577490568161011e-02
-3.488539159297943115e-02
1.460194494575262070e-02
5.598761886358261108e-02
6.024636700749397278e-02
-1.500743031501770020e-01
4.576485604047775269e-03
1.756611652672290802e-02
-7.660811394453048706e-02
1.633379757404327393e-01
1.139423064887523651e-02
8.072495460510253906e-01
-6.879270821809768677e-02
-7.242043316364288330e-02
-1.528857946395874023e-01
2.995042502880096436e-02
5.836929380893707275e-02
-2.523602358996868134e-02
1.278812289237976074e-01
2.533632330596446991e-02
-2.326289378106594086e-02
1.827811002731323242e-01
4.595822095870971680e-02
-2.426495403051376343e-02
-4.769359156489372253e-02
-3.699659183621406555e-02
-8.426064997911453247e-02
5.248336493968963623e-02
1.342941261827945709e-02
1.081109419465065002e-02
4.357201978564262390e-02
-1.518894918262958527e-02
5.622620135545730591e-02
4.563155770301818848e-02
-3.790958970785140991e-02
1.980862021446228027e-02
-8.050496876239776611e-02
-2.735246345400810242e-02
-2.818948775529861450e-02
2.442904561758041382e-02
-3.381802886724472046e-02
-1.496785227209329605e-02
3.105487860739231110e-02
2.643437869846820831e-02
-2.498656511306762695e-02
6.665844470262527466e-02
-1.518459711223840714e-02
-2.365741878747940063e-03
-4.669997841119766235e-03
7.798422127962112427e-03
-2.141256630420684814e-02
4.585657641291618347e-02
-4.657259210944175720e-03
-2.872036956250667572e-02
-1.438957601785659790e-01
-1.815870031714439392e-02
-2.251139096915721893e-02
2.833527978509664536e-03
6.353058665990829468e-02
5.872514471411705017e-02
-5.826581642031669617e-02
9.336682967841625214e-03
2.065233513712882996e-02
-4.658949002623558044e-02
-2.196796238422393799e-03
2.186937257647514343e-02
4.817882180213928223e-02
6.000053137540817261e-03
-6.944803893566131592e-02
2.263867482542991638e-02
-7.025290746241807938e-03
-1.584577490575611591e-03
-1.374767068773508072e-02
1.427664328366518021e-02
-2.936651930212974548e-02
-4.362301528453826904e-02
8.613033220171928406e-03
-1.521058613434433937e-03
3.154266253113746643e-02
1.629889942705631256e-02
7.249464839696884155e-02
1.284795068204402924e-02
7.137209177017211914e-02
-3.236765041947364807e-02
-2.073780074715614319e-02
-1.090355068445205688e-01
-2.736260928213596344e-02
-1.030282154679298401e-01
8.114228397607803345e-02
-1.205720659345388412e-02
-9.719359688460826874e-03
1.688474602997303009e-02
4.474041343200951815e-04
-2.186442725360393524e-02
6.159380450844764709e-02
5.235039070248603821e-02
7.114228606224060059e-02
1.213742420077323914e-02
-2.413959242403507233e-03
-1.130627654492855072e-02
2.914139628410339355e-02
-3.072299435734748840e-02
-4.091479256749153137e-02
-1.891916617751121521e-02
-1.717814058065414429e-02
9.128329902887344360e-02
6.315541267395019531e-02
-1.303616166114807129e-02
-5.910553783178329468e-02
-3.142777830362319946e-02
2.915951889008283615e-03
2.582699060440063477e-02
-4.030697420239448547e-02
8.587795495986938477e-02
8.302003890275955200e-02
4.089953750371932983e-02
3.903587162494659424e-02
6.771663669496774673e-03
1.944094523787498474e-02
-7.699619233608245850e-02
3.665104880928993225e-02
-5.094796419143676758e-02
-1.608790457248687744e-02
1.871242537163197994e-03
-5.312576144933700562e-02
-3.921844810247421265e-02
-6.026352569460868835e-02
-6.410196423530578613e-02
-1.332358084619045258e-02
5.348275601863861084e-02
2.403917908668518066e-02
1.084411423653364182e-02
3.685084870085120201e-03
3.552593523636460304e-03
-5.780927091836929321e-02
1.652901619672775269e-02
-6.806122511625289917e-02
-6.600496917963027954e-02
6.401241570711135864e-02
-5.553467571735382080e-02
2.121558412909507751e-03
1.270394213497638702e-02
-4.686613567173480988e-03
-1.660340651869773865e-02
-2.385405823588371277e-02
-4.023049771785736084e-02
-2.453782223165035248e-02
2.438164874911308289e-02
-3.676703199744224548e-02
-3.789500892162322998e-02
9.497528895735740662e-03
-1.996509730815887451e-02
-1.158148329704999924e-02
-7.427249103784561157e-02
1.373082958161830902e-02
9.600330144166946411e-03
-3.297697380185127258e-02
7.542061805725097656e-02
4.210837557911872864e-02
-7.482560351490974426e-03
2.138199284672737122e-02
2.379647828638553619e-02
5.334232002496719360e-02
-8.426443673670291901e-03
-1.829206384718418121e-02
1.070684045553207397e-01
-6.018694955855607986e-03
8.081700652837753296e-02
-1.011571288108825684e-01
6.578282918781042099e-03
-4.958377778530120850e-02
5.229835584759712219e-02
-1.392441708594560623e-02
-3.451496362686157227e-02
1.071091461926698685e-02
5.059078708291053772e-02
1.740752533078193665e-02
-2.279769442975521088e-02
-4.490206763148307800e-02
1.563044264912605286e-02
2.487671189010143280e-02
-2.531019272282719612e-03
-4.736805334687232971e-02
1.855261810123920441e-02
-3.263957332819700241e-03
5.239420384168624878e-02
-5.550074204802513123e-02
9.101786464452743530e-02
3.424231708049774170e-02
-3.608207777142524719e-02
3.185938810929656029e-03
-1.415293756872415543e-02
-2.395023219287395477e-02
3.600780665874481201e-02
1.412285491824150085e-02
-1.168131828308105469e-02
1.007434278726577759e-01
-4.471339285373687744e-02
1.686907000839710236e-02
6.614698097109794617e-03
-4.493475332856178284e-02
4.929873347282409668e-02
3.271532803773880005e-02
7.486469112336635590e-03
4.460140690207481384e-02
2.368484437465667725e-02
-9.436385706067085266e-03
4.270850494503974915e-02
4.127290099859237671e-02
1.262974888086318970e-01
-6.473343074321746826e-02
-6.414046883583068848e-02
7.419144362211227417e-02
-8.081123232841491699e-03
-5.243172403424978256e-03
2.972097881138324738e-02
-1.101011633872985840e-01
-2.456067875027656555e-02
-2.588249742984771729e-02
3.308772342279553413e-03
-4.565230483422055840e-06
1.705105230212211609e-02
-9.066582471132278442e-02
8.442963473498821259e-03
1.225286163389682770e-02
-3.070583567023277283e-02
-2.381129749119281769e-02
6.066631898283958435e-02
1.997262798249721527e-02
-1.415820443071424961e-03
-6.029356271028518677e-02
-5.036226939409971237e-03
-5.291537567973136902e-02
-3.465466946363449097e-02
4.796853661537170410e-02
2.450296282768249512e-02
1.051974575966596603e-02
-1.681066900491714478e-01
-4.271042719483375549e-02
6.878573331050574780e-04
-2.433061413466930389e-02
-3.906150907278060913e-02
5.465362221002578735e-02
-2.832099981606006622e-02
8.107928186655044556e-02
-3.101924061775207520e-02
-3.617206588387489319e-02
-1.096502644941210747e-03
5.330434441566467285e-02
3.106701886281371117e-03
-4.610999301075935364e-02
5.239816009998321533e-02
-3.343203663825988770e-02
-3.470461070537567139e-02
-2.041582018136978149e-02
4.903798177838325500e-02
1.732260361313819885e-02
2.377185272052884102e-03
-4.590338841080665588e-02
-6.430073082447052002e-02
3.623829782009124756e-02
-1.577051728963851929e-02
1.434019207954406738e-02
-3.556265309453010559e-02
-3.976406529545783997e-02
-2.415148355066776276e-02
-2.134465612471103668e-02
-2.569083310663700104e-02
5.536419339478015900e-03
7.249013520777225494e-03
3.663508594036102295e-02
-8.196057379245758057e-02
5.858837813138961792e-02
-2.933137677609920502e-02
-8.476631343364715576e-02
-1.163010112941265106e-02
-3.759599849581718445e-02
2.830884978175163269e-02
-5.903207696974277496e-03
-1.123042404651641846e-02
5.349409207701683044e-02
-8.501439541578292847e-02
1.070063784718513489e-01
-3.459604457020759583e-02
1.920358277857303619e-03
-4.411103203892707825e-02
-2.114870771765708923e-02
-1.961560174822807312e-02
-5.233255773782730103e-02
1.541430503129959106e-02
-2.441716194152832031e-02
4.000828042626380920e-02
7.222293317317962646e-02
-6.967439316213130951e-03
6.921785324811935425e-02
3.326272964477539062e-02
2.451089397072792053e-02
1.064114738255739212e-02
-1.969056576490402222e-02
3.130244836211204529e-02
-1.815966425056103617e-05
1.978012546896934509e-02
-1.155212754383683205e-03
2.908957749605178833e-02
-4.502018913626670837e-03
1.095926016569137573e-02
-4.155142605304718018e-02
-2.584594301879405975e-02
3.881881712004542351e-03
-4.614880681037902832e-02
8.159411698579788208e-02
-1.022362243384122849e-02
-2.341713989153504372e-03
-1.620410569012165070e-02
2.646401338279247284e-02
4.728366155177354813e-03
-3.505874425172805786e-02
1.988117769360542297e-02
-1.817186176776885986e-02
4.164292290806770325e-02
-1.650434918701648712e-02
2.720838971436023712e-02
-2.035912312567234039e-02
2.857637591660022736e-02
2.426606789231300354e-02
-5.354039371013641357e-03
-2.041116356849670410e-02
4.669049009680747986e-02
-3.685636445879936218e-02
1.429355610162019730e-02
7.861524820327758789e-02
-2.683863043785095215e-02
4.748278763145208359e-03
7.725970447063446045e-02
1.102104634046554565e-01
5.972202494740486145e-02
-2.095297537744045258e-02
-8.373800665140151978e-02
-1.573319546878337860e-02
2.369407936930656433e-02
-1.187659129500389099e-01
5.596570204943418503e-03
4.690911248326301575e-02
2.060707099735736847e-02
1.152571197599172592e-02
-6.440279632806777954e-02
-2.468163380399346352e-03
1.297814026474952698e-02
-3.849676623940467834e-02
-3.329322859644889832e-02
-1.565964333713054657e-02
2.108313888311386108e-02
7.355298101902008057e-02
2.011127956211566925e-02
6.181681156158447266e-02
-1.865524053573608398e-02
-5.169225856661796570e-02
-4.329806938767433167e-02
9.099825285375118256e-03
2.792027033865451813e-02
6.277479231357574463e-02
-6.666969507932662964e-02
-5.596372485160827637e-02
2.623762749135494232e-02
-1.122024003416299820e-02
-6.012486666440963745e-02
-4.033066332340240479e-02
3.359204903244972229e-02
-9.730724990367889404e-02
8.105403743684291840e-03
-7.076204288750886917e-03
-5.057108774781227112e-02
1.687855459749698639e-02
9.901859611272811890e-02
-9.004481136798858643e-02
2.666117064654827118e-02
1.096486859023571014e-02
-8.202877640724182129e-02
2.437466755509376526e-02
2.726401016116142273e-02
-3.153094276785850525e-02
2.521571516990661621e-02
3.282649442553520203e-02
-3.838251158595085144e-02
-2.742477692663669586e-02
2.127441950142383575e-02
4.920815303921699524e-02
1.915815845131874084e-02
4.696730896830558777e-02
4.802425205707550049e-02
-4.795361310243606567e-03
-9.556720964610576630e-03
7.478296011686325073e-02
2.133786864578723907e-02
-3.075216896831989288e-02
1.251516747288405895e-03
-1.504996567964553833e-01
-2.447455376386642456e-02
1.756452582776546478e-02
2.208864502608776093e-02
-2.312650159001350403e-02
-6.269256770610809326e-02
-5.479764193296432495e-03
-3.013942576944828033e-02
1.364059280604124069e-02
-2.678312547504901886e-02
3.746759891510009766e-02
-7.444532215595245361e-02
-6.740839034318923950e-02
2.447437308728694916e-02
-3.771374002099037170e-02
1.323297526687383652e-02
-3.106409683823585510e-02
-6.998603045940399170e-02
5.569306202232837677e-03
1.085556671023368835e-02
9.185803681612014771e-02
1.930687390267848969e-02
4.320872575044631958e-02
-1.847547665238380432e-02
4.761293530464172363e-02
6.470767781138420105e-03
8.107930421829223633e-03
5.539901321753859520e-04
-3.323754668235778809e-02
4.039113223552703857e-02
-1.037694439291954041e-01
-1.193066984415054321e-01
-3.815957810729742050e-03
1.606968790292739868e-02
2.652377123013138771e-03
-2.081050910055637360e-02
5.536535754799842834e-02
-3.359654545783996582e-02
-5.913212150335311890e-02
4.629233106970787048e-02
3.256001323461532593e-02
1.422051806002855301e-02
7.592397183179855347e-02
3.805542364716529846e-02
-1.328215654939413071e-02
-3.142032399773597717e-02
1.763730868697166443e-02
2.129583153873682022e-03
7.107599824666976929e-02
-2.062620595097541809e-02
-1.023810058832168579e-01
-9.524308890104293823e-02
-4.820093512535095215e-02
-1.266889926046133041e-02
1.762698590755462646e-02
-8.412043564021587372e-03
-5.073085054755210876e-02
-4.590529948472976685e-02
-2.127792499959468842e-02
2.890453324653208256e-04
6.676607578992843628e-02
-3.520010411739349365e-02
3.422382101416587830e-02
-9.781198576092720032e-03
-8.702012896537780762e-02
4.073297604918479919e-03
-1.598013751208782196e-02
2.434104494750499725e-02
-7.568087428808212280e-02
4.934285953640937805e-02
-2.733880281448364258e-02
3.143379092216491699e-02
-3.360973298549652100e-02
2.468468621373176575e-02
5.683577805757522583e-02
8.348911069333553314e-03
4.511409997940063477e-02
3.706376254558563232e-02
-1.395789347589015961e-02
8.693893440067768097e-03
-4.950175061821937561e-02
-1.922292448580265045e-02
-5.411642417311668396e-02
-1.392873935401439667e-02
3.758132085204124451e-02
-2.672755625098943710e-03
7.019712124019861221e-03
-2.320029586553573608e-02
2.969426475465297699e-02
-9.443946927785873413e-02
-1.153580471873283386e-02
-3.629403188824653625e-02
-5.561772361397743225e-02
-2.116112597286701202e-02
-3.766231983900070190e-02
5.768245086073875427e-02
4.814262967556715012e-03
-2.955525997094810009e-04
1.195378042757511139e-02
-1.434919051826000214e-02
2.216141112148761749e-02
-4.065170884132385254e-02
7.713641971349716187e-02
-6.839700788259506226e-02
6.045905407518148422e-03
-1.240671891719102859e-02
-3.580156480893492699e-03
9.471519850194454193e-03
-3.592353314161300659e-02
-1.797623001039028168e-02
-2.577444165945053101e-02
-9.977481327950954437e-03
1.855902373790740967e-02
9.078849852085113525e-02
-6.648946553468704224e-02
1.442556735128164291e-02
2.732957154512405396e-02
4.404046759009361267e-02
5.922426283359527588e-02
8.141618967056274414e-02
1.666935347020626068e-02
-6.250318884849548340e-02
2.194398455321788788e-02
-8.947636932134628296e-03
3.443641215562820435e-02
-3.976392373442649841e-02
5.144646391272544861e-02
4.892060160636901855e-02
2.430323697626590729e-02
-2.873875945806503296e-02
-2.805512212216854095e-02
-2.076766826212406158e-02
4.672150686383247375e-02
2.037737332284450531e-02
4.184127226471900940e-02
5.325727537274360657e-02
2.098594792187213898e-02
1.096074562519788742e-02
-2.423358894884586334e-02
-6.299304962158203125e-02
4.153944551944732666e-02
4.693821538239717484e-03
8.800583891570568085e-03
-1.928535103797912598e-02
-7.220451533794403076e-02
