1.321641448885202408e-02
-1.711609214544296265e-02
-7.376333326101303101e-02
9.694783389568328857e-02
-3.171250969171524048e-02
3.672850131988525391e-02
2.603993751108646393e-02
-3.828358370810747147e-03
8.830814808607101440e-02
3.391554951667785645e-02
-3.389362990856170654e-02
-2.774119563400745392e-02
2.790916897356510162e-02
3.523589111864566803e-03
-2.625901438295841217e-02
3.701236471533775330e-02
-2.013229019939899445e-02
4.528425633907318115e-02
9.687818237580358982e-04
2.186453342437744141e-02
-1.868861261755228043e-03
-5.946624651551246643e-02
1.249245703220367432e-01
1.575568318367004395e-02
-1.398164592683315277e-02
-4.076192900538444519e-02
-7.537207752466201782e-02
-5.127453431487083435e-02
-1.205947715789079666e-02
3.221741644665598869e-03
6.457994692027568817e-03
-2.784508280456066132e-02
2.229825966060161591e-02
-1.573119685053825378e-02
2.015563659369945526e-02
4.452962020877748728e-04
5.592016037553548813e-03
2.604374475777149200e-02
2.681049052625894547e-03
2.320513129234313965e-02
4.031032731290906668e-04
1.423270069062709808e-02
-8.291892707347869873e-03
-2.406422048807144165e-02
-5.042697768658399582e-03
-1.374366506934165955e-02
-6.634455639868974686e-03
-4.799972474575042725e-02
3.689710795879364014e-02
1.538746245205402374e-02
4.026869311928749084e-02
1.622750908136367798e-01
-5.624165013432502747e-02
1.070376019924879074e-02
3.768177935853600502e-03
1.185734942555427551e-02
-2.471003122627735138e-02
1.582046854309737682e-03
2.746333181858062744e-01
1.147410869598388672e-01
1.675800234079360962e-02
-1.232083421200513840e-02
-7.125889509916305542e-02
6.365737318992614746e-02
4.394422471523284912e-02
-8.331912010908126831e-02
3.425207734107971191e-02
-2.503355033695697784e-02
5.417772755026817322e-02
-7.772162556648254395e-02
5.664762109518051147e-02
1.021807733923196793e-02
-2.002952247858047485e-02
-1.509153377264738083e-02
-4.362435638904571533e-02
1.725661195814609528e-02
6.163214147090911865e-02
-2.807448618113994598e-02
-5.546573665924370289e-04
-9.267383813858032227e-02
-1.423901785165071487e-02
1.564572006464004517e-02
2.961508696898818016e-03
-2.364799194037914276e-02
-1.103592589497566223e-01
7.348468061536550522e-03
-5.182615714147686958e-04
8.334745070897042751e-04
2.806473337113857269e-02
-3.052725642919540405e-02
4.268858116120100021e-03
-1.296220570802688599e-01
1.610650569200515747e-01
-1.806245557963848114e-02
-1.605279371142387390e-02
-1.025678217411041260e-02
-1.794354245066642761e-02
1.820738107198849320e-04
4.552172869443893433e-02
1.824957504868507385e-02
-9.856900200247764587e-03
-9.702554903924465179e-03
-4.103699326515197754e-02
1.353447977453470230e-02
4.220915958285331726e-03
-2.801274415105581284e-03
8.383296430110931396e-03
-9.235573001205921173e-03
1.540730800479650497e-02
-6.292656064033508301e-03
-1.064354460686445236e-02
2.796540968120098114e-02
-1.807841123081743717e-03
-2.590395510196685791e-02
-1.228063018061220646e-03
6.770181469619274139e-03
5.771744623780250549e-02
8.093156851828098297e-03
-2.622992917895317078e-02
1.524100895039737225e-03
2.432769909501075745e-02
-1.323183299973607063e-03
-1.617823913693428040e-02
1.330312527716159821e-02
-6.426995992660522461e-02
1.029233448207378387e-02
1.202245894819498062e-02
-1.187099888920783997e-02
2.218174561858177185e-02
-7.992674410343170166e-02
-6.895433366298675537e-02
-9.272438473999500275e-03
-9.473370737396180630e-04
-6.824997253715991974e-03
-4.164056479930877686e-02
-2.839135378599166870e-02
2.147062681615352631e-03
-7.979011535644531250e-02
-3.396255150437355042e-02
-4.183167126029729843e-03
8.216269314289093018e-02
1.104087010025978088e-02
2.385547384619712830e-02
-5.927093699574470520e-02
4.127394780516624451e-02
-1.083506792783737183e-01
2.544847689568996429e-02
4.276245366781949997e-03
8.494211360812187195e-03
-2.930894121527671814e-02
6.419362872838973999e-02
-2.970961108803749084e-02
3.185262531042098999e-02
-3.338693873956799507e-03
-6.431045767385512590e-05
-4.652277566492557526e-03
-6.679828464984893799e-02
-3.360101953148841858e-03
2.834404818713665009e-02
-1.940378919243812561e-02
-3.752728458493947983e-03
1.361119747161865234e-01
4.253896325826644897e-02
-3.624571114778518677e-02
5.341291427612304688e-03
-5.218582600355148315e-02
1.267654150724411011e-01
-7.546927779912948608e-02
5.162721034139394760e-03
-3.424420580267906189e-02
5.324784200638532639e-03
-4.839595779776573181e-02
3.410410508513450623e-02
4.314655438065528870e-02
6.865431368350982666e-02
4.786014556884765625e-02
-9.838493540883064270e-03
1.255306322127580643e-02
1.204620525240898132e-01
-7.105337455868721008e-03
7.382446527481079102e-02
-8.827308192849159241e-03
-1.142805349081754684e-02
6.501881871372461319e-03
3.093353286385536194e-02
-7.352287322282791138e-02
9.072303771972656250e-02
2.518607489764690399e-02
-2.186292223632335663e-02
-4.401309043169021606e-02
-7.376588881015777588e-02
2.557209692895412445e-03
3.105671610683202744e-03
7.186898961663246155e-03
7.580458768643438816e-04
-3.445112332701683044e-02
-1.376953423023223877e-01
1.694573834538459778e-02
-1.815635524690151215e-02
6.042238092049956322e-04
5.945744737982749939e-02
-1.419046544469892979e-03
-5.495692417025566101e-02
-2.123349159955978394e-02
3.216734156012535095e-03
-5.071251466870307922e-02
1.788199879229068756e-02
2.463241480290889740e-02
-2.091884054243564606e-02
1.102885827422142029e-01
-1.042773108929395676e-02
-1.703616417944431305e-02
3.889915999025106430e-03
-2.359617268666625023e-03
-2.343926765024662018e-02
-3.981273248791694641e-02
1.077897287905216217e-02
4.249614849686622620e-02
1.532179303467273712e-02
3.262646123766899109e-02
-1.274520438164472580e-02
-6.465474963188171387e-01
3.853932255879044533e-03
-1.195111125707626343e-02
7.341365329921245575e-03
1.451175380498170853e-02
-3.667451068758964539e-02
4.607836157083511353e-02
2.194257080554962158e-02
2.672865055501461029e-03
7.814586861059069633e-04
1.152375042438507080e-01
-2.532166987657546997e-02
-4.283074755221605301e-03
-6.820299476385116577e-02
1.392918173223733902e-02
9.070392698049545288e-04
1.487559545785188675e-02
-8.547574281692504883e-03
9.270100854337215424e-04
4.036380723118782043e-02
-2.438155747950077057e-02
-4.002517089247703552e-02
-1.169368550181388855e-01
-3.940664231777191162e-02
-2.802460826933383942e-02
3.057559952139854431e-03
-4.720196593552827835e-03
3.622830286622047424e-02
4.133570566773414612e-02
-2.853725664317607880e-02
3.245551139116287231e-02
5.380414798855781555e-02
1.431443355977535248e-02
-2.365548722445964813e-02
1.665938831865787506e-02
2.382243797183036804e-02
-5.747135356068611145e-02
-3.527332842350006104e-02
2.955009974539279938e-02
5.893564596772193909e-02
2.983959391713142395e-02
6.644772738218307495e-02
-1.031877771019935608e-01
1.228970289230346680e-02
6.121587380766868591e-02
1.443765014410018921e-01
-3.649689629673957825e-02
-1.359065528959035873e-02
-2.505087852478027344e-02
2.297932282090187073e-02
6.742992252111434937e-02
8.944750577211380005e-02
4.874967038631439209e-02
-4.401390999555587769e-02
-1.636960916221141815e-02
-5.982306227087974548e-02
-5.097289755940437317e-02
2.231324091553688049e-02
9.755887836217880249e-02
-1.200969796627759933e-02
3.305670619010925293e-02
4.002965614199638367e-02
-2.726336754858493805e-02
-6.898146867752075195e-02
5.700136348605155945e-02
1.897153705358505249e-01
2.683228813111782074e-02
-3.441910445690155029e-02
-1.037503555417060852e-01
1.936194896697998047e-01
-9.609041363000869751e-02
-1.452959608286619186e-02
4.441300034523010254e-02
3.321966901421546936e-02
3.861249610781669617e-02
-2.072651237249374390e-01
1.406346447765827179e-02
2.054536342620849609e-02
-7.228254526853561401e-02
1.408690065145492554e-01
-9.822404943406581879e-03
7.738786935806274414e-01
-9.105478972196578979e-02
-6.904526799917221069e-02
-1.690496355295181274e-01
7.632365450263023376e-03
1.170236915349960327e-01
1.958415471017360687e-02
1.422688364982604980e-01
1.976419985294342041e-02
-1.559065096080303192e-02
2.010834366083145142e-01
1.565943472087383270e-02
6.917180493474006653e-03
-3.393728286027908325e-02
-2.972814626991748810e-02
-1.109869256615638733e-01
4.301072657108306885e-02
2.978268451988697052e-02
2.887409366667270660e-02
2.465584315359592438e-02
2.121533267199993134e-02
8.384712040424346924e-02
3.572866320610046387e-02
-6.453084200620651245e-02
-3.413642756640911102e-03
-1.182499155402183533e-01
2.974224276840686798e-02
-1.903109811246395111e-02
-5.515876039862632751e-02
-1.723961904644966125e-02
-2.042799629271030426e-02
1.980386115610599518e-02
2.000873209908604622e-03
2.953133080154657364e-03
-1.660430617630481720e-02
-3.788593411445617676e-02
-2.702916227281093597e-02
2.703706035390496254e-03
-3.798601031303405762e-02
2.802117355167865753e-02
-4.223250783979892731e-03
4.167470708489418030e-02
3.530880063772201538e-02
7.780332863330841064e-02
3.583768848329782486e-03
-3.301831707358360291e-02
2.421600371599197388e-02
-7.130549289286136627e-03
2.446209313347935677e-03
-9.746238589286804199e-03
2.398735471069812775e-02
-2.908822707831859589e-02
-9.640129283070564270e-03
1.523673068732023239e-02
2.586849592626094818e-02
3.940775245428085327e-02
-3.431065753102302551e-02
-1.133448164910078049e-02
-6.271387916058301926e-03
2.773039229214191437e-02
7.552986033260822296e-03
-4.429191350936889648e-03
5.770744755864143372e-02
-1.686027087271213531e-02
-3.073391318321228027e-02
2.833444811403751373e-02
2.359434962272644043e-02
2.018899843096733093e-02
1.976347342133522034e-02
-1.708171330392360687e-02
-1.040989346802234650e-02
3.544817864894866943e-02
1.770180463790893555e-02
5.390290915966033936e-02
-8.171289227902889252e-03
3.917577117681503296e-02
-9.016564488410949707e-02
6.448145210742950439e-02
1.146904379129409790e-02
-1.264887489378452301e-02
1.958280056715011597e-02
-1.790548861026763916e-02
-2.044004388153553009e-02
3.707783296704292297e-02
4.084159061312675476e-02
-3.986992873251438141e-03
4.150271043181419373e-02
3.783386945724487305e-02
3.713342174887657166e-02
5.446436628699302673e-02
1.389640290290117264e-02
-1.729925349354743958e-02
-4.578758403658866882e-02
-1.114464085549116135e-02
1.024048030376434326e-01
7.463306188583374023e-02
-2.894764579832553864e-02
-1.085581555962562561e-01
2.856417372822761536e-02
-7.774444669485092163e-02
-2.165027335286140442e-02
-3.551775962114334106e-02
-3.977315791416913271e-04
8.167453110218048096e-03
5.989756435155868530e-03
9.578688186593353748e-04
-1.363483350723981857e-02
2.388454601168632507e-02
6.186109408736228943e-02
-2.719396725296974182e-02
3.243896737694740295e-02
2.838127687573432922e-02
4.117365926504135132e-02
-1.368476077914237976e-02
-2.921505458652973175e-02
-3.015524707734584808e-02
-1.090521067380905151e-01
-3.469808399677276611e-02
5.299335718154907227e-02
4.296774417161941528e-02
-2.318426594138145447e-02
3.438658267259597778e-02
2.986168954521417618e-03
1.907932199537754059e-02
5.155087634921073914e-02
-6.093532592058181763e-02
-4.608996585011482239e-02
2.118461765348911285e-02
-4.713655263185501099e-02
-2.482974901795387268e-02
1.969302631914615631e-02
1.648510061204433441e-02
-1.980046927928924561e-02
-3.293516486883163452e-02
-1.172338891774415970e-02
-5.285165086388587952e-02
-2.000656165182590485e-02
-4.042318090796470642e-02
-1.601885817945003510e-02
2.220658352598547935e-03
1.290738768875598907e-02
1.176094170659780502e-02
4.208578914403915405e-02
1.418116968125104904e-02
2.105910331010818481e-02
-2.028337270021438599e-01
2.441907301545143127e-02
-4.155540466308593750e-02
2.173380553722381592e-02
2.906875126063823700e-02
-1.185968983918428421e-03
3.170334175229072571e-02
2.181012742221355438e-02
1.080002821981906891e-02
2.957296930253505707e-02
-5.612660944461822510e-02
6.941264122724533081e-02
3.477636026218533516e-03
4.646285250782966614e-02
-2.726799808442592621e-03
4.353769123554229736e-02
-2.312423102557659149e-02
-3.079553879797458649e-02
-1.186679699458181858e-03
3.961054608225822449e-02
4.012892395257949829e-02
1.435657590627670288e-02
3.041327185928821564e-02
-3.182931616902351379e-02
-4.652241244912147522e-02
1.614339089428540319e-05
-5.660149035975337029e-04
3.530026227235794067e-02
2.454744093120098114e-02
1.161529403179883957e-02
-6.164065003395080566e-02
3.124199248850345612e-02
-4.677015822380781174e-03
7.095823995769023895e-03
6.745875626802444458e-02
-6.582390982657670975e-03
6.207453086972236633e-02
-2.545967325568199158e-02
4.026566445827484131e-02
2.397631481289863586e-02
1.214405521750450134e-01
-4.091503843665122986e-02
-6.487861275672912598e-02
-1.596601121127605438e-02
-3.991762176156044006e-02
3.218241780996322632e-02
-1.234853733330965042e-02
7.918716967105865479e-02
1.578827016055583954e-02
3.526960313320159912e-02
5.578295886516571045e-02
-1.111508440226316452e-02
2.687801793217658997e-02
1.174530908465385437e-01
-3.939825296401977539e-02
-4.882697761058807373e-02
5.272350832819938660e-02
-2.593799494206905365e-02
-4.134829714894294739e-02
5.017892271280288696e-02
3.645917400717735291e-02
-8.107700385153293610e-03
9.010477922856807709e-03
-3.143758280202746391e-03
7.483210880309343338e-03
7.436002045869827271e-02
2.304555475711822510e-02
1.382319908589124680e-02
-1.790986396372318268e-02
-7.039769086986780167e-03
-2.180301584303379059e-02
4.276770353317260742e-02
-7.423046976327896118e-02
3.667181226774118841e-05
-4.648104682564735413e-02
-6.374368909746408463e-03
-3.844069316983222961e-02
-3.720413148403167725e-02
-7.605164311826229095e-03
-7.300282269716262817e-02
6.331199407577514648e-02
7.079462520778179169e-03
6.371722556650638580e-03
-3.599886223673820496e-02
-1.468759402632713318e-02
9.212965145707130432e-03
-1.910408027470111847e-02
-1.410527527332305908e-01
6.047321483492851257e-02
1.951149106025695801e-02
1.414964068681001663e-02
4.715616349130868912e-03
1.361974142491817474e-02
1.525337621569633484e-02
7.760656531900167465e-03
-1.678027398884296417e-02
-1.438979152590036392e-02
-1.481611374765634537e-02
-4.490945488214492798e-02
-1.699328981339931488e-02
6.089025363326072693e-02
2.726611681282520294e-02
-1.011017430573701859e-02
-2.467222325503826141e-02
8.712459355592727661e-03
-9.930962696671485901e-03
1.821544021368026733e-02
-3.771881014108657837e-02
-9.458742290735244751e-02
-1.010233983397483826e-01
5.620111897587776184e-02
-6.810145825147628784e-02
1.223541330546140671e-02
3.870523348450660706e-02
7.071381062269210815e-02
3.032244043424725533e-03
1.286323834210634232e-02
-2.268313989043235779e-02
-1.442642360925674438e-01
1.872436027042567730e-03
-4.684506449848413467e-03
-1.711306348443031311e-02
8.227500133216381073e-03
-3.334104269742965698e-02
3.436100855469703674e-02
-6.411670148372650146e-02
2.120981551706790924e-02
-1.683475077152252197e-02
3.028901107609272003e-02
4.144524410367012024e-02
1.496775913983583450e-02
-7.309530337806791067e-05
-5.346285179257392883e-02
2.399391122162342072e-02
-4.774000868201255798e-02
1.639582030475139618e-02
3.240998601540923119e-03
2.489035204052925110e-02
-3.908433020114898682e-02
1.874345541000366211e-02
-2.840031497180461884e-02
5.362522602081298828e-02
4.730114713311195374e-02
-1.226064562797546387e-02
6.378298625349998474e-03
2.234409330412745476e-03
3.631547838449478149e-02
-4.314170405268669128e-02
-6.883408874273300171e-02
-8.503937162458896637e-03
7.242903858423233032e-02
-3.586720209568738937e-03
4.041920974850654602e-02
-4.107954353094100952e-02
2.060133963823318481e-02
2.113340981304645538e-02
-3.095002844929695129e-02
4.693711176514625549e-03
1.875557005405426025e-02
4.105497524142265320e-02
1.432397961616516113e-02
8.063494414091110229e-02
-2.173689566552639008e-02
7.492658495903015137e-02
1.860341615974903107e-02
-1.240903139114379883e-02
-1.861925050616264343e-02
-2.692935466766357422e-01
1.148154661059379578e-01
4.487214609980583191e-02
-2.039541117846965790e-02
-5.368336569517850876e-03
-9.940432384610176086e-03
5.863281432539224625e-03
1.761715114116668701e-02
-4.965982958674430847e-02
-2.437177486717700958e-02
7.615645974874496460e-02
-5.828181281685829163e-03
7.069933414459228516e-02
-1.956810243427753448e-02
-5.707609653472900391e-02
-3.264883533120155334e-02
6.526305526494979858e-02
-1.061336547136306763e-01
4.415167495608329773e-02
2.023011445999145508e-02
-1.639007031917572021e-02
-3.552873432636260986e-02
-6.443577259778976440e-02
4.214499145746231079e-02
5.232454463839530945e-02
1.388499420136213303e-02
2.572554163634777069e-02
1.972135622054338455e-03
4.429025202989578247e-02
2.782978676259517670e-02
4.612003639340400696e-02
-1.017091330140829086e-02
5.842655431479215622e-03
-3.673669695854187012e-02
-5.966669321060180664e-02
4.412760492414236069e-03
3.158572688698768616e-02
-3.713599964976310730e-02
-3.819682449102401733e-02
-6.080900505185127258e-02
-5.308461189270019531e-02
-3.170384466648101807e-02
-9.452910721302032471e-02
-2.411795593798160553e-02
-1.524792518466711044e-02
3.570395708084106445e-02
-4.258103203028440475e-03
1.952016167342662811e-02
-1.945504173636436462e-02
2.664984017610549927e-02
4.462922364473342896e-02
7.589038461446762085e-03
8.727322332561016083e-03
-2.134969690814614296e-03
-1.068806275725364685e-01
-2.578089758753776550e-02
2.285049110651016235e-02
-2.382034808397293091e-02
5.178392305970191956e-02
4.396379739046096802e-02
-1.373637467622756958e-02
1.223082840442657471e-02
-2.381839230656623840e-02
1.161340856924653053e-03
-2.984964102506637573e-02
3.319962322711944580e-02
-1.062110066413879395e-02
2.841338142752647400e-02
-6.294254213571548462e-02
2.356038615107536316e-02
3.043239004909992218e-03
-2.093950461130589247e-04
5.551107227802276611e-02
-9.117080271244049072e-02
1.726257801055908203e-02
-9.086760692298412323e-03
1.394644938409328461e-02
-4.562256485223770142e-02
-6.297922879457473755e-02
-1.046677771955728531e-02
-1.719715446233749390e-02
6.364662200212478638e-02
-2.558704465627670288e-02
-7.479856722056865692e-03
-1.291755028069019318e-02
-2.392858266830444336e-02
1.830922556109726429e-04
5.628988146781921387e-02
-6.432747095823287964e-02
-4.941143840551376343e-02
-4.155257344245910645e-02
5.577758699655532837e-02
-1.068610977381467819e-02
-1.026025861501693726e-01
-6.834179908037185669e-02
-9.221167303621768951e-03
-7.936942577362060547e-02
1.573804183863103390e-03
1.088273674249649048e-01
2.888972684741020203e-02
-1.040787398815155029e-01
-1.815265626646578312e-03
-1.169370487332344055e-02
-4.756892099976539612e-02
7.649897038936614990e-02
6.473788619041442871e-02
5.865455791354179382e-02
-5.727504938840866089e-02
1.878405921161174774e-02
2.035587653517723083e-02
-1.805801643058657646e-03
6.545875221490859985e-02
1.695049367845058441e-02
4.202099889516830444e-02
1.582374796271324158e-03
-3.118927404284477234e-02
-2.686440572142601013e-02
4.744370654225349426e-02
-1.078436803072690964e-02
1.188677735626697540e-02
3.533755615353584290e-02
-1.678224216448143125e-04
-1.159526128321886063e-02
-8.402087539434432983e-02
-4.699575528502464294e-02
-1.075043622404336929e-02
-2.650430426001548767e-02
-6.610733922570943832e-03
-1.024137437343597412e-02
8.100923150777816772e-03
-2.145977504551410675e-02
-6.366928666830062866e-02
-2.125499397516250610e-02
3.856152296066284180e-02
-8.088300004601478577e-03
7.452044636011123657e-02
-5.569705273956060410e-03
-8.168269693851470947e-02
1.997336745262145996e-02
-3.225170448422431946e-02
4.707497730851173401e-02
4.851807281374931335e-02
-4.318895563483238220e-02
3.075483627617359161e-02
3.034172952175140381e-02
-4.462184011936187744e-02
2.891489304602146149e-02
1.447723340243101120e-02
-5.123008042573928833e-02
4.334563016891479492e-02
3.559342026710510254e-02
3.279501199722290039e-02
6.231214478611946106e-02
-1.025549974292516708e-02
-1.665097079239785671e-03
-8.977515995502471924e-02
-5.563218146562576294e-03
-3.702803328633308411e-02
2.508670277893543243e-02
-7.862816005945205688e-02
1.065098959952592850e-02
6.709892768412828445e-03
-8.475351333618164062e-02
-1.356928609311580658e-02
5.795606970787048340e-02
-2.155677974224090576e-02
-1.057679671794176102e-02
-1.644677482545375824e-02
1.212565824389457703e-01
4.496789723634719849e-02
-7.796952966600656509e-03
1.979848369956016541e-02
-1.247953716665506363e-02
5.071314983069896698e-03
2.487192163243889809e-03
7.913504540920257568e-02
-4.831053782254457474e-03
-1.231859624385833740e-02
-2.935951016843318939e-02
-7.128864526748657227e-03
1.148815359920263290e-02
-4.013326391577720642e-02
-3.758069872856140137e-02
-5.420844256877899170e-02
1.051619928330183029e-02
1.006098091602325439e-02
3.508090227842330933e-02
-5.427586287260055542e-02
-5.049402359873056412e-03
-1.397257018834352493e-02
5.755292717367410660e-03
1.644440554082393646e-02
1.188427675515413284e-02
9.888698346912860870e-03
-7.142362743616104126e-02
1.413955818861722946e-02
2.743498980998992920e-02
-2.619491890072822571e-02
2.866611070930957794e-02
1.544739305973052979e-02
-4.477155581116676331e-02
2.605288848280906677e-02
-6.495438516139984131e-02
3.118476271629333496e-02
-1.780487783253192902e-02
-5.601695273071527481e-03
1.459737680852413177e-02
-1.266465056687593460e-02
8.585357107222080231e-03
1.704021990299224854e-01
1.887448690831661224e-02
6.040712445974349976e-02
1.259890571236610413e-02
4.480673000216484070e-03
1.780223828973248601e-04
5.045711994171142578e-02
-3.603924810886383057e-02
4.285075142979621887e-02
