4.200295731425285339e-02
1.782691688276827335e-03
-5.558553710579872131e-02
4.063304513692855835e-02
2.930258028209209442e-02
4.263234790414571762e-03
1.076502073556184769e-02
-5.623047798871994019e-02
-4.168508108705282211e-03
2.248694002628326416e-02
-1.409379951655864716e-02
6.313460879027843475e-03
2.354260161519050598e-02
-2.461894415318965912e-02
-1.847243309020996094e-02
2.844091970473527908e-03
-1.025018561631441116e-02
-2.624267525970935822e-02
-7.326757162809371948e-02
1.545774471014738083e-02
3.381273895502090454e-02
-3.763044252991676331e-02
8.290548622608184814e-02
-2.807096205651760101e-02
-1.500206813216209412e-02
-8.852867409586906433e-03
-3.424757625907659531e-03
-1.375753246247768402e-02
-2.204135432839393616e-02
-7.061825017444789410e-04
-5.135305970907211304e-02
-6.461895257234573364e-02
-1.215923763811588287e-02
1.547375414520502090e-02
-3.068748116493225098e-02
-2.233012765645980835e-02
8.930684998631477356e-03
-2.368817664682865143e-02
-3.683370351791381836e-02
4.924971610307693481e-02
-4.839886911213397980e-03
-1.690974895609542727e-04
-2.758615836501121521e-02
-2.022434212267398834e-02
-3.944160044193267822e-02
-1.577487029135227203e-02
1.768951490521430969e-02
1.831642165780067444e-02
2.402803394943475723e-03
2.041086368262767792e-02
-2.247923985123634338e-03
1.105628311634063721e-01
-8.444417268037796021e-02
5.508257076144218445e-03
-1.906349696218967438e-02
-2.954749576747417450e-02
-2.326953038573265076e-02
-4.362498410046100616e-03
3.731557130813598633e-01
5.092659965157508850e-02
-1.805112697184085846e-02
-2.738809771835803986e-02
-3.457263112068176270e-02
3.931855782866477966e-02
1.190503966063261032e-02
-8.610354363918304443e-02
1.345382630825042725e-02
-1.469372026622295380e-02
2.944958582520484924e-02
-4.683562368154525757e-02
2.683946490287780762e-02
5.034867208451032639e-03
-4.115897789597511292e-02
-9.946336969733238220e-03
8.596061728894710541e-03
-9.500250220298767090e-03
-1.121695246547460556e-02
-3.844366595149040222e-02
2.239646948873996735e-02
-8.273640275001525879e-02
2.222448773682117462e-02
-5.681016948074102402e-03
2.121483907103538513e-02
-1.623730547726154327e-02
-1.524425297975540161e-01
-4.768007434904575348e-03
-4.203831776976585388e-02
-2.747942460700869560e-03
2.059561945497989655e-02
-8.419601246714591980e-03
-1.976557821035385132e-02
-1.368717253208160400e-01
1.842389553785324097e-01
2.315711043775081635e-02
-9.027195163071155548e-03
1.978342654183506966e-03
1.387657225131988525e-02
-4.940241202712059021e-02
1.605585590004920959e-02
-4.019506741315126419e-03
1.861869543790817261e-02
3.698170185089111328e-03
-2.381614409387111664e-02
1.260893698781728745e-02
-5.226376466453075409e-03
-2.577603049576282501e-02
1.149724237620830536e-02
-3.084251843392848969e-02
1.111646834760904312e-02
-2.082397043704986572e-02
3.215443575754761696e-03
-1.417144946753978729e-02
-3.250635042786598206e-02
9.668752551078796387e-03
-4.970470443367958069e-03
-3.892905265092849731e-02
-2.266059815883636475e-02
-2.825726009905338287e-02
7.239152677357196808e-03
2.420761249959468842e-02
1.579764857888221741e-02
1.186271291226148605e-02
-1.916122436523437500e-02
5.123829003423452377e-03
1.088644377887248993e-03
1.153864618390798569e-02
7.633518427610397339e-02
-2.208318375051021576e-02
-3.826531395316123962e-02
-5.046358332037925720e-02
-3.754609078168869019e-02
9.018524549901485443e-03
-6.831412203609943390e-03
6.745904218405485153e-03
-4.841262474656105042e-02
-6.095079705119132996e-03
-7.088710553944110870e-03
-4.670619964599609375e-02
-1.309382319450378418e-01
-1.713380031287670135e-02
1.658918559551239014e-01
1.259038224816322327e-02
-2.659357385709881783e-03
-4.236573353409767151e-03
-1.363279577344655991e-02
-1.688101440668106079e-01
1.629955368116497993e-03
-1.127958763390779495e-02
-2.660757862031459808e-02
-1.299995742738246918e-02
1.839761622250080109e-02
4.487499967217445374e-02
-7.964588701725006104e-03
2.582515007816255093e-04
1.755452156066894531e-02
1.902125030755996704e-02
-2.892088517546653748e-02
-9.522568434476852417e-03
3.169082105159759521e-02
1.703042164444923401e-02
-1.380861387588083744e-03
1.868928074836730957e-01
3.089046105742454529e-02
1.086195744574069977e-02
-2.439513429999351501e-02
-6.601937115192413330e-02
7.355998456478118896e-02
-1.301702391356229782e-02
1.359400432556867599e-02
-2.161141857504844666e-02
-3.395883832126855850e-03
-1.136135309934616089e-02
9.172340855002403259e-03
-3.872045502066612244e-02
2.594976127147674561e-02
9.224443696439266205e-03
-8.663453161716461182e-03
3.926956281065940857e-02
3.189038485288619995e-02
9.875798597931861877e-03
3.891668468713760376e-02
2.003164589405059814e-02
-6.939358427189290524e-04
-6.180310156196355820e-03
7.817769423127174377e-03
-1.669973731040954590e-01
1.489318758249282837e-01
2.914907597005367279e-02
7.762903347611427307e-03
2.761565847322344780e-03
-6.905777752399444580e-02
2.095248550176620483e-02
-2.116667293012142181e-02
-1.441983878612518311e-02
2.860742993652820587e-02
-1.385758444666862488e-02
-7.745566964149475098e-02
-4.524593707174062729e-03
2.111312933266162872e-02
-2.067317441105842590e-02
7.925307005643844604e-02
2.684839069843292236e-02
-4.292470216751098633e-02
-3.009179793298244476e-02
-5.995394662022590637e-03
-3.420172631740570068e-02
2.634140849113464355e-02
-1.275390665978193283e-02
1.609134860336780548e-02
8.509285002946853638e-02
4.793861508369445801e-02
3.952906932681798935e-03
9.219724684953689575e-03
-3.776299953460693359e-02
-3.585435450077056885e-02
1.404251810163259506e-02
-2.283733710646629333e-02
5.580759141594171524e-03
1.340086665004491806e-02
-1.610541157424449921e-02
-9.993864223361015320e-03
-6.277493238449096680e-01
-1.213430054485797882e-02
-2.939597517251968384e-02
-1.111251208931207657e-02
-3.136633336544036865e-02
-4.368485882878303528e-02
4.937508143484592438e-03
-3.131162002682685852e-02
-7.678080000914633274e-04
-4.282918293029069901e-03
6.260158866643905640e-02
-8.889417164027690887e-03
7.814446464180946350e-03
-4.061034321784973145e-02
2.328068204224109650e-02
3.025562036782503128e-04
-1.160862669348716736e-02
-3.248089551925659180e-02
2.495311200618743896e-02
2.831952646374702454e-02
1.205891743302345276e-02
4.302181676030158997e-02
-9.500807523727416992e-02
-1.404665037989616394e-02
-2.051538228988647461e-02
-9.252681396901607513e-03
-2.079252712428569794e-02
-4.817986395210027695e-03
1.079488731920719147e-02
-5.762992054224014282e-02
3.457076847553253174e-02
5.475226417183876038e-02
-1.755544170737266541e-02
-2.403003396466374397e-03
2.447046153247356415e-02
-7.682112604379653931e-02
4.769654199481010437e-02
-4.550349712371826172e-02
7.167857885360717773e-02
-4.076355323195457458e-02
-9.897843748331069946e-02
9.069552645087242126e-03
5.079687759280204773e-02
4.616677016019821167e-02
-1.777583546936511993e-02
-3.110558912158012390e-02
3.347615525126457214e-02
-2.030126750469207764e-02
3.524453192949295044e-02
3.017226979136466980e-02
6.731853634119033813e-02
-4.280973970890045166e-02
7.021728903055191040e-02
-4.536499269306659698e-03
9.138667955994606018e-03
4.900489468127489090e-03
1.686676591634750366e-02
-4.487820342183113098e-02
-3.896593675017356873e-02
9.625583887100219727e-02
5.677853897213935852e-02
3.983661532402038574e-02
-1.186158508062362671e-01
-7.871864363551139832e-03
-1.197483763098716736e-02
3.794156387448310852e-02
6.634181737899780273e-02
7.063104957342147827e-02
6.590941455215215683e-03
4.048907384276390076e-02
8.268839679658412933e-03
-4.298695921897888184e-02
-5.004972219467163086e-02
8.337751962244510651e-03
3.335104510188102722e-02
1.438161544501781464e-02
6.910178810358047485e-02
4.453167319297790527e-02
-5.004896596074104309e-02
5.782465916126966476e-03
-2.374803880229592323e-03
9.196680784225463867e-01
-2.235518768429756165e-02
-1.494092494249343872e-02
7.663806527853012085e-02
-4.598399996757507324e-02
1.097070947289466858e-01
-3.419537842273712158e-02
6.170874089002609253e-02
-9.688995033502578735e-02
-5.908218398690223694e-02
5.302171688526868820e-03
1.221301849000155926e-03
1.532339956611394882e-03
3.252897411584854126e-02
-4.325684159994125366e-02
-7.412331178784370422e-03
-6.686020642518997192e-02
1.734377071261405945e-02
2.341496758162975311e-02
5.735339596867561340e-02
2.517549321055412292e-02
-3.577310126274824142e-03
1.417981646955013275e-02
3.624673560261726379e-02
-3.894851834047585726e-04
1.008568052202463150e-02
1.020285207778215408e-02
1.894583553075790405e-02
-2.880245447158813477e-02
-2.033177763223648071e-02
4.089287295937538147e-02
3.817706927657127380e-02
-3.605926781892776489e-02
-1.313079893589019775e-02
1.753531023859977722e-02
3.012203611433506012e-02
-3.317686496302485466e-03
8.212253451347351074e-03
2.842729911208152771e-02
-7.643157616257667542e-03
-1.241933275014162064e-02
3.162299469113349915e-02
-2.800503931939601898e-02
1.860696636140346527e-02
2.671051584184169769e-02
-1.538376417011022568e-02
-5.583735182881355286e-02
4.153182730078697205e-02
-2.470764704048633575e-02
-6.474606692790985107e-02
-4.684651643037796021e-02
4.153586458414793015e-03
-3.240091726183891296e-03
-1.048969253897666931e-01
1.395414769649505615e-02
1.118668541312217712e-02
7.318209856748580933e-03
-3.106521815061569214e-02
1.585264690220355988e-02
6.736041605472564697e-02
2.460776083171367645e-02
-2.009349316358566284e-02
-3.024459443986415863e-02
-1.399877574294805527e-02
2.286270260810852051e-02
5.261274054646492004e-02
7.000292837619781494e-02
5.450416821986436844e-03
2.497194893658161163e-02
-7.517243269830942154e-03
-4.667561501264572144e-02
7.817056030035018921e-02
1.974875852465629578e-02
3.970742225646972656e-02
1.466806139796972275e-02
-1.318915397860109806e-03
2.432478033006191254e-02
1.956271380186080933e-02
5.547596141695976257e-02
-3.794489800930023193e-02
1.153408922255039215e-02
9.694471955299377441e-03
-2.756610512733459473e-02
6.474783271551132202e-02
-5.201563239097595215e-03
4.400594532489776611e-02
-1.257641799747943878e-02
1.034697331488132477e-02
7.925571873784065247e-03
-3.137043491005897522e-02
-6.391055881977081299e-02
-2.062168344855308533e-02
-1.277165859937667847e-02
2.379727549850940704e-02
5.672179162502288818e-02
9.238193184137344360e-02
-5.629259720444679260e-02
-9.420479089021682739e-02
-3.436834737658500671e-02
1.196140982210636139e-02
-2.384971128776669502e-03
-4.322790540754795074e-03
5.813192576169967651e-02
-4.252364486455917358e-02
-4.725110530853271484e-02
1.910811843117699027e-04
-6.885776668787002563e-02
-6.194357201457023621e-02
-1.748865284025669098e-02
4.061955213546752930e-02
1.934934780001640320e-02
-4.178224597126245499e-03
6.704188883304595947e-02
4.132384806871414185e-02
6.452003121376037598e-02
5.530540365725755692e-03
-1.367760747671127319e-01
-3.059587907046079636e-03
3.257317841053009033e-02
1.340511813759803772e-02
-6.466203182935714722e-02
2.705644816160202026e-02
6.655085831880569458e-03
-5.686470493674278259e-02
-1.787776499986648560e-02
-7.075251638889312744e-02
-2.420471794903278351e-02
5.504745244979858398e-02
1.478009019047021866e-02
-3.064496815204620361e-02
8.470783010125160217e-03
5.732238292694091797e-02
-1.211332436650991440e-02
-2.515330538153648376e-02
1.797876693308353424e-02
7.673832774162292480e-02
1.896434277296066284e-02
-7.078324258327484131e-02
3.692848840728402138e-03
-1.984668150544166565e-02
1.909521967172622681e-02
4.731380194425582886e-02
8.085025101900100708e-02
5.825822055339813232e-02
3.128344565629959106e-02
-1.494549065828323364e-01
-2.616768702864646912e-02
2.895558252930641174e-02
3.873068094253540039e-02
-7.209410425275564194e-03
-7.588129490613937378e-02
7.030431181192398071e-03
-2.627614885568618774e-02
-4.879783838987350464e-02
1.599024794995784760e-02
1.451366301625967026e-02
6.603652983903884888e-02
-4.301476851105690002e-02
1.371829509735107422e-01
-4.708198830485343933e-02
4.024722054600715637e-02
2.834961935877799988e-02
-3.324311226606369019e-02
-1.746759377419948578e-02
-3.544096276164054871e-02
7.066107937134802341e-04
2.600258402526378632e-02
-5.789120867848396301e-02
3.037459962069988251e-02
5.895685404539108276e-02
-3.975077718496322632e-02
-2.804546384140849113e-03
6.267932709306478500e-03
-1.228065975010395050e-02
-5.106582120060920715e-02
1.817770861089229584e-02
-2.789188735187053680e-02
9.502636268734931946e-03
-2.491023577749729156e-02
6.356177479028701782e-02
9.483400732278823853e-02
2.741790562868118286e-02
-3.873696923255920410e-02
7.306616753339767456e-03
3.477483615279197693e-02
9.830160439014434814e-02
-4.219875112175941467e-02
5.329521745443344116e-02
-3.807701542973518372e-02
-3.931846842169761658e-02
6.556739658117294312e-02
1.083249691873788834e-02
-3.778589423745870590e-03
-2.887858450412750244e-02
-4.323757812380790710e-02
2.342150732874870300e-02
-8.260530978441238403e-02
-9.353692643344402313e-03
6.480091810226440430e-02
-3.452182561159133911e-02
-2.033972181379795074e-02
-3.736240044236183167e-02
2.044668607413768768e-02
-2.246414683759212494e-02
-3.705772385001182556e-02
3.097198531031608582e-02
-3.394002467393875122e-02
8.821726590394973755e-02
-2.174153551459312439e-02
2.613860368728637695e-02
1.433663908392190933e-02
3.274877741932868958e-02
-9.054373018443584442e-03
-1.013475190848112106e-02
-1.455522491596639156e-03
-6.862733513116836548e-03
6.823601573705673218e-02
3.161458671092987061e-02
-5.515483766794204712e-02
-5.174528434872627258e-02
8.460097759962081909e-02
-6.913761794567108154e-02
2.604948356747627258e-03
-2.193217538297176361e-02
9.872809052467346191e-03
1.404175069183111191e-02
-5.842760577797889709e-02
-9.035455062985420227e-03
-8.477847278118133545e-02
-5.783883482217788696e-02
-5.750464275479316711e-02
-2.381698414683341980e-02
-1.384337246417999268e-01
6.408259272575378418e-02
2.158459275960922241e-02
6.181322410702705383e-02
-2.978809550404548645e-02
-2.734794840216636658e-02
8.892013691365718842e-03
2.191269397735595703e-02
-1.260301563888788223e-02
7.723491638898849487e-03
1.038421876728534698e-02
-6.226931512355804443e-02
-8.696185797452926636e-02
-6.205718591809272766e-02
4.742868989706039429e-02
3.289984771981835365e-03
-3.924373164772987366e-02
5.150733143091201782e-02
-1.328696403652429581e-02
2.637807093560695648e-02
-6.888033240102231503e-04
-3.134790807962417603e-02
-9.956276975572109222e-03
-9.224034845829010010e-03
2.720847725868225098e-02
-2.448333613574504852e-02
-6.191000808030366898e-03
6.894052028656005859e-02
-7.561407238245010376e-02
3.034626878798007965e-02
1.547618489712476730e-02
-1.256569921970367432e-01
-4.829467833042144775e-02
-1.704282872378826141e-02
1.999658346176147461e-02
-1.245464012026786804e-02
-1.020500715821981430e-02
2.460996806621551514e-02
-5.544623360037803650e-03
-1.122575346380472183e-02
-5.395127460360527039e-02
-4.365433380007743835e-02
-3.094902820885181427e-02
-6.006491556763648987e-02
-9.498716332018375397e-03
3.125558374449610710e-03
-1.099928934127092361e-02
6.334388256072998047e-02
5.926535464823246002e-03
1.194996107369661331e-02
-3.144780173897743225e-02
4.399604629725217819e-03
1.480460353195667267e-02
5.628304928541183472e-02
7.326126098632812500e-02
1.374203525483608246e-02
2.695247903466224670e-02
-2.363216504454612732e-02
-1.570475520566105843e-03
-4.093324765563011169e-02
1.050470583140850067e-02
2.948995679616928101e-02
2.406628057360649109e-02
-3.550821542739868164e-02
6.653700955212116241e-03
1.733976602554321289e-02
-7.601165771484375000e-02
-2.414847910404205322e-02
1.158595317974686623e-03
-5.833843350410461426e-02
-2.134271338582038879e-02
-1.432683505117893219e-02
-4.987346939742565155e-03
4.825505020562559366e-04
7.778340578079223633e-02
2.981635183095932007e-02
-7.106534391641616821e-02
6.229680031538009644e-03
3.611942380666732788e-02
-6.864886730909347534e-02
-1.903611719608306885e-01
-2.887044101953506470e-02
-1.516451872885227203e-02
-1.077524796128273010e-01
-5.049278587102890015e-02
4.054326564073562622e-02
-1.197612844407558441e-03
1.707653328776359558e-02
-3.952411562204360962e-02
1.526896934956312180e-02
9.877850860357284546e-02
7.077774405479431152e-02
-3.833854198455810547e-02
1.682252623140811920e-02
-3.031697869300842285e-02
4.345245659351348877e-02
-1.168795209378004074e-02
-4.394058883190155029e-02
6.673905067145824432e-03
8.047613501548767090e-02
-2.090871857944875956e-04
-2.564655058085918427e-02
-2.153021842241287231e-02
-8.365096524357795715e-03
2.645506709814071655e-02
1.175743673229590058e-04
-5.580307543277740479e-02
-1.855293102562427521e-02
4.309348389506340027e-02
1.959861721843481064e-03
-3.847248479723930359e-02
1.709569618105888367e-02
-2.065794356167316437e-02
3.477934515103697777e-03
-3.037619963288307190e-02
-1.200733613222837448e-02
-1.511932071298360825e-02
-9.228847175836563110e-02
1.114177051931619644e-02
-8.527658134698867798e-02
-3.348434716463088989e-02
1.030384004116058350e-01
-1.306316256523132324e-01
-2.865109033882617950e-02
2.143265679478645325e-02
5.891092121601104736e-02
1.994353532791137695e-02
-1.849000155925750732e-02
1.308141369372606277e-02
-2.126919664442539215e-02
-7.616053801029920578e-03
-1.613269597291946411e-01
2.352669276297092438e-02
5.263283383101224899e-03
2.674948424100875854e-03
-2.957047894597053528e-02
4.807414952665567398e-03
2.484306925907731056e-03
8.351279795169830322e-02
2.712906152009963989e-02
2.190137095749378204e-02
9.404957294464111328e-02
-3.911346197128295898e-02
7.452473975718021393e-03
3.371045365929603577e-02
-1.077185478061437607e-02
4.329381510615348816e-02
7.819643244147300720e-03
4.854941740632057190e-02
3.080585226416587830e-02
5.674354732036590576e-02
-5.271850898861885071e-02
5.506291612982749939e-02
-4.060364887118339539e-02
-4.543853178620338440e-02
-1.012624241411685944e-03
-1.471804920583963394e-02
-3.415977582335472107e-02
-5.132921412587165833e-02
-4.037608578801155090e-02
3.834326565265655518e-02
-3.825077414512634277e-02
6.160752475261688232e-02
6.652986258268356323e-02
-5.979701131582260132e-02
4.418849945068359375e-02
-3.754717111587524414e-02
-8.805266022682189941e-02
-7.304876577109098434e-03
-2.206445112824440002e-02
3.080054745078086853e-02
-3.367279469966888428e-02
2.508802898228168488e-02
-9.133532643318176270e-02
1.836959272623062134e-02
4.549317527562379837e-03
-4.565189033746719360e-02
4.316822066903114319e-02
2.989932522177696228e-02
-4.890483990311622620e-02
-1.633881218731403351e-02
1.607459597289562225e-02
1.490720827132463455e-02
-5.920566618442535400e-02
4.214822780340909958e-03
-1.289751008152961731e-02
7.263980060815811157e-02
-4.192522913217544556e-02
-3.046031109988689423e-02
4.055638983845710754e-02
-1.057813782244920731e-02
6.101905927062034607e-02
9.756973013281822205e-03
-7.166323810815811157e-02
5.525416508316993713e-02
1.380251254886388779e-02
-2.278907783329486847e-02
-2.734392136335372925e-02
-1.875779405236244202e-02
1.444087014533579350e-03
-1.057620905339717865e-02
3.185924515128135681e-02
-1.109472569078207016e-02
-3.859932348132133484e-02
-6.919070146977901459e-03
1.430820859968662262e-02
4.628824442625045776e-02
3.454493731260299683e-02
-2.251732349395751953e-02
-7.098282873630523682e-02
-3.916890546679496765e-02
3.470283374190330505e-02
-2.458070404827594757e-02
-1.550476625561714172e-02
-3.212754428386688232e-02
9.472883306443691254e-03
6.286984775215387344e-03
-1.016909703612327576e-01
5.486176535487174988e-02
2.364301308989524841e-02
8.239222690463066101e-03
5.907644703984260559e-02
7.675347384065389633e-03
-1.028399392962455750e-01
9.187106974422931671e-03
-5.667591467499732971e-03
8.118470758199691772e-02
1.686638593673706055e-02
1.886785845272243023e-03
2.386580221354961395e-02
2.486669225618243217e-03
-6.498473882675170898e-02
-5.006293579936027527e-02
8.758022449910640717e-03
-9.779507294297218323e-03
-5.271987617015838623e-02
-7.418564986437559128e-03
-5.475720763206481934e-02
-4.811956733465194702e-02
-1.585108786821365356e-02
7.220987230539321899e-02
5.728707835078239441e-02
2.532694302499294281e-02
4.830359295010566711e-02
-7.816725969314575195e-02
1.772143319249153137e-02
-7.386121898889541626e-02
6.766797602176666260e-02
6.456480477936565876e-04
-1.561202574521303177e-02
-3.624739870429039001e-02
-3.653467446565628052e-02
-7.733813021332025528e-03
-1.063212100416421890e-02
1.626334153115749359e-02
1.584518514573574066e-02
-3.839123249053955078e-02
2.233086340129375458e-02
-2.985028550028800964e-02
6.839745491743087769e-02
2.044876292347908020e-02
-6.382444500923156738e-02
-3.753552213311195374e-02
1.173152867704629898e-02
-2.508111670613288879e-02
6.568208336830139160e-02
-4.737386107444763184e-02
-3.442163020372390747e-02
1.356517337262630463e-02
-2.386958524584770203e-02
2.332804724574089050e-02
-4.739344492554664612e-02
-3.152738139033317566e-02
2.199424989521503448e-02
3.847787389531731606e-03
1.699245534837245941e-02
-6.863533984869718552e-03
3.781106323003768921e-02
-9.261156432330608368e-03
-8.006615936756134033e-02
1.315356791019439697e-02
2.232310920953750610e-02
5.520275328308343887e-03
4.189475625753402710e-02
-3.060087189078330994e-02
-3.778208047151565552e-02
5.954992398619651794e-02
1.851498708128929138e-02
3.794120252132415771e-02
1.058042347431182861e-01
2.050133980810642242e-02
5.026919394731521606e-02
-2.057047747075557709e-02
-3.438581898808479309e-02
-4.690490290522575378e-02
3.586568403989076614e-03
-1.569637097418308258e-02
2.952839946374297142e-03
