3.717620670795440674e-02
-1.468802616000175476e-02
-6.844786554574966431e-02
6.727953255176544189e-02
-5.110127851366996765e-03
3.281678259372711182e-02
5.106985569000244141e-03
-4.307437315583229065e-02
1.216749567538499832e-02
3.190334886312484741e-02
-3.298885188996791840e-03
6.660095881670713425e-03
8.032284677028656006e-03
8.686193265020847321e-03
-2.914004959166049957e-02
1.625098660588264465e-02
-1.899711228907108307e-02
2.044418267905712128e-02
-3.132508695125579834e-02
4.414899740368127823e-03
1.678205467760562897e-02
-6.703236699104309082e-02
1.219959035515785217e-01
-2.355868462473154068e-03
-2.358162775635719299e-02
-3.577941656112670898e-02
-5.753496289253234863e-02
-1.933087408542633057e-02
-1.185611169785261154e-02
-1.095076659112237394e-04
8.945381268858909607e-03
-2.915107272565364838e-02
1.135154627263545990e-02
9.746152907609939575e-03
-1.853248663246631622e-02
-2.093807980418205261e-02
2.557206340134143829e-02
4.800721362698823214e-04
-1.220825593918561935e-02
6.319434195756912231e-02
-1.901716180145740509e-02
1.000604685395956039e-02
-5.954285152256488800e-03
-1.304886396974325180e-02
-1.981132663786411285e-02
-3.153636306524276733e-02
-6.559703499078750610e-03
-9.345491998828947544e-04
8.069394156336784363e-03
1.015400234609842300e-02
1.652331650257110596e-02
1.524824798107147217e-01
-4.554802179336547852e-02
-2.784590050578117371e-02
4.396103788167238235e-03
-1.495105680078268051e-02
-3.486611321568489075e-02
-9.501200169324874878e-03
3.480921387672424316e-01
9.893219918012619019e-02
-2.737384522333741188e-03
-2.024229429662227631e-02
-4.180141165852546692e-02
6.342523545026779175e-02
1.553421840071678162e-02
-7.413314282894134521e-02
2.461988851428031921e-02
-6.464859470725059509e-03
5.356206558644771576e-03
-5.640361830592155457e-02
4.085551574826240540e-02
1.226004399359226227e-02
-3.264352306723594666e-02
-5.366437602788209915e-03
-2.634016796946525574e-02
2.544586546719074249e-02
1.690196804702281952e-02
-4.998563602566719055e-02
-5.338876508176326752e-04
-1.477409899234771729e-01
1.351193618029356003e-02
-3.493273397907614708e-03
-1.008604560047388077e-02
-3.105380758643150330e-02
-1.180532872676849365e-01
-5.041331169195473194e-04
-1.649808697402477264e-02
-1.415750570595264435e-02
1.062561944127082825e-02
-2.938789315521717072e-02
2.972378861159086227e-03
-1.321036368608474731e-01
1.685972511768341064e-01
3.495948156341910362e-03
-2.636180445551872253e-02
1.742164953611791134e-03
2.001833869144320488e-03
-4.392992705106735229e-03
3.173967823386192322e-02
7.196616497822105885e-04
-6.276594358496367931e-04
3.299644682556390762e-03
-3.644797950983047485e-02
2.535409852862358093e-02
9.593755938112735748e-03
-1.112581510096788406e-02
1.558268349617719650e-02
-2.672365680336952209e-02
2.399222366511821747e-02
-7.541244849562644958e-03
1.862942241132259369e-02
5.376173183321952820e-03
-4.010847304016351700e-03
1.594243198633193970e-02
-3.526680171489715576e-03
-1.759710907936096191e-02
2.727600745856761932e-02
-8.616006933152675629e-03
2.322453306987881660e-03
-3.127318341284990311e-03
1.750609092414379120e-02
1.956132426857948303e-02
1.354948524385690689e-02
1.009069476276636124e-02
-2.075639553368091583e-02
2.110046334564685822e-02
2.723408117890357971e-02
-1.993776485323905945e-02
-2.719550020992755890e-02
-7.845190912485122681e-02
-2.363644912838935852e-02
1.740019582211971283e-02
-1.172103174030780792e-02
1.359165832400321960e-02
-6.265216320753097534e-02
2.024824061663821340e-04
1.290611922740936279e-02
-5.348395556211471558e-02
-5.837805196642875671e-02
-1.319097355008125305e-02
1.461235582828521729e-01
3.693544492125511169e-02
-9.395815432071685791e-03
-6.013337057083845139e-03
6.365606561303138733e-03
-1.663506329059600830e-01
2.533536171540617943e-03
-1.786747947335243225e-02
-5.809296853840351105e-03
-1.389938779175281525e-02
5.042438954114913940e-02
2.045286819338798523e-02
2.790759131312370300e-02
2.300660870969295502e-02
1.161706820130348206e-02
-1.191207906231284142e-03
-1.913362368941307068e-02
-1.169469114392995834e-02
4.430284351110458374e-02
-1.411490025930106640e-03
-2.285061404109001160e-03
2.039048373699188232e-01
-2.997035917360335588e-04
1.195470336824655533e-02
-1.785984821617603302e-02
-6.692475825548171997e-02
9.447667002677917480e-02
-4.676942527294158936e-02
-5.889572668820619583e-03
-3.700237348675727844e-02
1.675171661190688610e-03
-3.033051453530788422e-02
2.423238009214401245e-02
2.632299729157239199e-04
2.817478403449058533e-02
1.013577356934547424e-02
2.813100581988692284e-03
2.517024241387844086e-02
7.092604786157608032e-02
9.979771450161933899e-03
6.652929633855819702e-02
2.041772939264774323e-02
-7.965588010847568512e-03
-2.400714904069900513e-02
3.257946670055389404e-02
-1.489125043153762817e-01
2.043070793151855469e-01
1.624279282987117767e-02
-3.906680271029472351e-03
-2.362644858658313751e-02
-1.041782498359680176e-01
1.289585512131452560e-02
-3.351320698857307434e-02
5.698387976735830307e-03
-9.430945850908756256e-03
-2.094571664929389954e-02
-9.956342726945877075e-02
-4.711812362074851990e-03
2.755969017744064331e-02
-3.747328883036971092e-03
2.944207377731800079e-02
8.073478005826473236e-03
-2.461766824126243591e-02
-1.255451608449220657e-02
4.350412171334028244e-03
-2.947551943361759186e-02
1.312901824712753296e-02
7.324479520320892334e-03
-1.581512275151908398e-03
1.272629201412200928e-01
3.359521180391311646e-02
1.008801627904176712e-02
-6.993940565735101700e-03
-2.916518226265907288e-02
-7.174413651227951050e-03
-3.836674243211746216e-02
-1.867962628602981567e-02
1.947848685085773468e-02
-1.404133858159184456e-03
-2.809723466634750366e-02
-1.745766773819923401e-02
-6.087392568588256836e-01
-1.461637020111083984e-02
-1.853667572140693665e-02
-2.848337870091199875e-03
-1.925355009734630585e-02
-1.609916239976882935e-02
3.205828741192817688e-02
-9.040874429047107697e-03
1.059808954596519470e-02
-1.339525729417800903e-02
9.265083819627761841e-02
-1.313900854438543320e-02
8.704515174031257629e-03
-6.811786442995071411e-02
3.638997673988342285e-02
1.689647883176803589e-02
-1.655710861086845398e-02
-2.495110780000686646e-02
2.082298882305622101e-02
4.826164618134498596e-02
-1.515526976436376572e-02
1.550177298486232758e-02
-7.333184033632278442e-02
-3.347528353333473206e-02
-1.546935644000768661e-02
4.776579793542623520e-03
-4.284082725644111633e-02
5.326409824192523956e-03
4.829401522874832153e-02
-4.813766852021217346e-02
1.653419993817806244e-02
4.023606702685356140e-02
4.079286882188171148e-04
-5.003766156733036041e-03
2.608056738972663879e-02
-5.388218536972999573e-02
-3.583344817161560059e-02
-4.515416547656059265e-02
1.253275573253631592e-01
-8.299680054187774658e-02
-9.019112586975097656e-02
6.096756830811500549e-02
1.240220367908477783e-01
6.703698635101318359e-02
-7.628946751356124878e-02
8.585666120052337646e-02
4.582544043660163879e-02
1.715734228491783142e-02
6.793751567602157593e-02
-6.375192850828170776e-02
2.680912800133228302e-02
-3.675421932712197304e-03
1.475668996572494507e-01
-2.378692477941513062e-02
4.708382859826087952e-02
-1.705404184758663177e-02
4.747007042169570923e-02
-1.081076189875602722e-01
4.787223413586616516e-02
1.044826805591583252e-01
-1.679869741201400757e-02
1.512992661446332932e-02
1.001192163676023483e-02
1.386711932718753815e-02
-7.049292325973510742e-02
5.486588552594184875e-02
-5.783437285572290421e-03
6.901571992784738541e-03
9.660657495260238647e-02
3.192690492141991854e-04
1.122841835021972656e-01
-1.854020357131958008e-02
-1.301230117678642273e-02
-3.882021084427833557e-02
-2.336696162819862366e-02
4.377857968211174011e-02
2.077367529273033142e-02
-4.422751069068908691e-02
-6.011449918150901794e-02
4.029137268662452698e-02
7.290218025445938110e-02
8.671391606330871582e-01
-5.799910426139831543e-02
-2.152463607490062714e-02
9.373575448989868164e-02
8.766970038414001465e-02
-8.913742005825042725e-02
-5.589079111814498901e-02
2.440172247588634491e-02
-8.628358691930770874e-02
-8.537206053733825684e-02
4.408439993858337402e-02
-2.079965919256210327e-02
-4.161918535828590393e-02
-2.319685369729995728e-02
-6.545078009366989136e-02
5.596169456839561462e-02
-3.517043963074684143e-02
-4.797230288386344910e-02
4.033485054969787598e-02
1.180835720151662827e-02
-2.766354940831661224e-02
1.199069246649742126e-02
-9.005539468489587307e-04
1.126342266798019409e-02
-2.505167759954929352e-02
-6.884931772947311401e-02
5.859930068254470825e-02
1.219114940613508224e-02
-4.964527487754821777e-02
3.559827804565429688e-02
4.607345908880233765e-02
-2.435965696349740028e-03
1.487100147642195225e-03
3.116950206458568573e-02
1.507453247904777527e-02
-5.045332014560699463e-02
-1.232779212296009064e-02
2.608883008360862732e-02
-7.419653981924057007e-02
-1.434728316962718964e-02
-4.471717029809951782e-02
4.052698146551847458e-03
7.213497534394264221e-03
-4.251461103558540344e-02
8.003657311201095581e-02
-1.330806873738765717e-02
-2.023131959140300751e-02
6.404805928468704224e-02
2.940352261066436768e-02
-1.089211180806159973e-01
-4.407700896263122559e-02
-3.625924140214920044e-02
-7.707573939114809036e-03
-3.081369772553443909e-02
-1.257784082554280758e-03
3.491238877177238464e-02
-3.559966385364532471e-02
2.972693415358662605e-03
7.059559226036071777e-02
4.764194309245795012e-04
-3.239828348159790039e-02
-1.327773090451955795e-02
5.801434628665447235e-03
-1.303634885698556900e-02
-3.541445359587669373e-03
4.013314843177795410e-02
3.832792490720748901e-02
-1.103009283542633057e-02
2.352574653923511505e-02
9.347591549158096313e-02
-1.759487204253673553e-02
-5.986700579524040222e-02
-1.628524623811244965e-02
2.981774322688579559e-02
-5.328495800495147705e-02
-3.053531982004642487e-02
2.821444906294345856e-02
1.076284795999526978e-02
7.419541478157043457e-03
-2.129824645817279816e-02
-5.146517604589462280e-02
-3.831249475479125977e-02
-5.499270930886268616e-02
-1.012285612523555756e-02
-3.995586559176445007e-02
-2.747098170220851898e-02
2.108556404709815979e-02
-1.939353160560131073e-02
6.220025196671485901e-02
-7.670477963984012604e-03
-9.518207050859928131e-03
-6.755326688289642334e-02
-3.230955824255943298e-02
-9.961990639567375183e-03
1.262105852365493774e-01
1.221950426697731018e-01
-5.734749604016542435e-03
-6.907938420772552490e-02
1.422562170773744583e-02
2.480105124413967133e-02
-6.231658533215522766e-02
-5.394723266363143921e-03
1.241989061236381531e-02
-4.088225215673446655e-02
-2.713070018216967583e-03
2.871693111956119537e-02
-7.011362165212631226e-02
-3.426071628928184509e-02
-1.401946227997541428e-02
-2.816639468073844910e-02
1.493438176112249494e-04
-3.065735101699829102e-02
-3.096884489059448242e-02
2.795689040794968605e-03
4.048702865839004517e-02
-1.170864701271057129e-02
-7.047744840383529663e-02
-6.214552372694015503e-02
1.536276750266551971e-02
-2.787193516269326210e-03
-6.469384767115116119e-03
1.452907361090183258e-02
-2.515992149710655212e-02
-5.004956945776939392e-02
3.513055620715022087e-03
-1.873149722814559937e-02
1.626069657504558563e-02
4.212558269500732422e-02
5.105507560074329376e-03
-4.436533898115158081e-02
1.764748804271221161e-02
-1.059663016349077225e-02
1.135720126330852509e-02
-2.751826867461204529e-02
2.865686081349849701e-02
2.385004051029682159e-02
1.383940130472183228e-02
-1.462919916957616806e-02
-6.856134627014398575e-03
-5.048080533742904663e-02
1.186568639241158962e-03
5.452524125576019287e-02
-1.337793748825788498e-02
1.531055010855197906e-02
3.698595240712165833e-02
-8.845090121030807495e-02
-6.281031668186187744e-02
2.103222347795963287e-02
3.658471256494522095e-02
-4.591122735291719437e-03
-3.858261182904243469e-02
7.170991599559783936e-02
6.003611255437135696e-03
-6.338126212358474731e-02
2.591373212635517120e-02
8.230469189584255219e-03
7.217778265476226807e-02
2.961857803165912628e-02
1.604282408952713013e-01
-3.050047345459461212e-02
6.357615441083908081e-02
3.790959343314170837e-02
-8.464710786938667297e-03
-2.168289199471473694e-02
4.415736999362707138e-03
1.829219423234462738e-02
4.626739770174026489e-02
-2.091831527650356293e-02
8.154811337590217590e-03
3.221841529011726379e-02
-5.267581716179847717e-02
3.145107999444007874e-02
-1.678349263966083527e-02
2.667388645932078362e-03
1.677884347736835480e-02
-6.697681546211242676e-02
-9.895874245557934046e-05
-7.321285083889961243e-04
1.677525974810123444e-02
7.106932252645492554e-02
1.243128720670938492e-02
1.435661595314741135e-02
1.654788851737976074e-02
-4.953758791089057922e-03
-2.149096131324768066e-02
9.062908589839935303e-02
-8.499594777822494507e-02
-8.293882943689823151e-03
-9.839935228228569031e-04
-5.943418294191360474e-02
2.460779622197151184e-02
3.336820006370544434e-02
5.569585412740707397e-02
7.115393411368131638e-03
-8.596538007259368896e-02
1.338092051446437836e-02
5.327830836176872253e-02
-4.615870863199234009e-02
1.157312989234924316e-01
-1.531784888356924057e-02
-5.291100218892097473e-02
1.803130842745304108e-02
-2.370172366499900818e-02
-5.811913311481475830e-02
3.683667629957199097e-02
1.105022709816694260e-02
-1.454476732760667801e-02
6.528456509113311768e-02
4.263361543416976929e-02
6.128210574388504028e-02
2.045221254229545593e-02
-5.215925630182027817e-03
-2.149796672165393829e-02
1.525185909122228622e-02
4.555472731590270996e-02
-2.342462539672851562e-02
2.880839817225933075e-02
-4.216419905424118042e-02
-3.845287114381790161e-02
-3.254906460642814636e-02
-9.424242191016674042e-03
-4.851566255092620850e-02
-1.550845056772232056e-02
-1.679886132478713989e-02
1.897379755973815918e-02
2.319031022489070892e-02
-1.477909386157989502e-01
1.003753673285245895e-02
-6.171595677733421326e-02
9.859548881649971008e-03
2.156521892175078392e-03
-1.253171451389789581e-02
-3.030184842646121979e-02
9.309744462370872498e-03
-2.018749364651739597e-04
3.619643300771713257e-02
1.294467016123235226e-03
3.629345446825027466e-03
-1.963471248745918274e-02
-5.045037250965833664e-04
-2.463140897452831268e-02
7.635643333196640015e-02
3.750574588775634766e-02
1.654500886797904968e-02
-4.459452629089355469e-02
-5.296844244003295898e-02
5.027760192751884460e-02
2.043412253260612488e-02
4.572457075119018555e-02
-2.688370179384946823e-03
-3.149515762925148010e-02
-2.997978404164314270e-02
4.617480933666229248e-02
-9.085825644433498383e-03
-9.844187647104263306e-03
7.246950175613164902e-03
-5.741062574088573456e-03
1.282808091491460800e-02
-1.208900287747383118e-01
-1.358770765364170074e-02
-7.375969737768173218e-02
-2.493962831795215607e-02
3.094983845949172974e-02
-1.162939667701721191e-01
3.245201660320162773e-03
-2.624841965734958649e-02
4.452426731586456299e-02
-2.576222270727157593e-02
-4.372365027666091919e-02
2.533603087067604065e-02
-2.482385002076625824e-02
-3.596954792737960815e-02
-3.066733665764331818e-02
-4.797396436333656311e-02
1.199521031230688095e-02
1.177666801959276199e-02
-2.272692508995532990e-02
-3.411923348903656006e-02
-4.731933586299419403e-03
2.320462092757225037e-02
-1.219106838107109070e-02
2.156200073659420013e-02
6.337748840451240540e-03
1.756639033555984497e-02
1.121269259601831436e-02
3.604806843213737011e-04
4.355285689234733582e-02
-2.946166694164276123e-02
1.928826980292797089e-02
-2.978411503136157990e-02
-1.001754924654960632e-01
4.493540152907371521e-02
7.966973818838596344e-03
-6.249268352985382080e-02
-1.248478330671787262e-02
6.275108456611633301e-02
2.169864624738693237e-02
-1.970145152881741524e-03
-1.516931056976318359e-01
8.440947532653808594e-02
-8.546685799956321716e-03
5.306150391697883606e-02
-2.150915190577507019e-02
-1.338939182460308075e-02
2.942592836916446686e-02
-3.084375150501728058e-02
4.940299317240715027e-02
3.208562359213829041e-02
-3.520031273365020752e-02
9.711818769574165344e-03
2.339391969144344330e-02
-3.351041814312338829e-03
-3.418608382344245911e-02
-5.272025242447853088e-02
1.469524577260017395e-02
-4.923316463828086853e-02
-3.182807564735412598e-02
4.899695981293916702e-03
2.500290982425212860e-02
-3.070882707834243774e-02
1.607346348464488983e-03
3.689534589648246765e-02
6.217734143137931824e-02
1.349215507507324219e-01
1.545613817870616913e-02
-1.441524270921945572e-02
6.598704494535923004e-03
4.376901313662528992e-02
-2.063838392496109009e-02
-1.368256956338882446e-01
5.104741454124450684e-02
-1.098911389708518982e-01
5.547187104821205139e-02
-3.302727360278367996e-03
-2.875749394297599792e-02
-1.560797076672315598e-02
4.283924773335456848e-02
-5.132299265824258327e-04
-6.028557196259498596e-02
-5.754448845982551575e-02
1.265669148415327072e-02
-3.796620294451713562e-02
-4.814144223928451538e-02
3.070137836039066315e-02
5.930521292611956596e-04
-1.252849865704774857e-02
-2.282494492828845978e-02
-2.388115413486957550e-02
1.941923983395099640e-02
-1.014575660228729248e-01
-1.032708212733268738e-02
-1.788019761443138123e-02
-5.122847855091094971e-02
-1.098810043185949326e-02
-2.211188897490501404e-02
-3.694477677345275879e-02
-5.943027883768081665e-02
5.301586166024208069e-02
1.048424169421195984e-01
1.106840791180729866e-03
-1.284973137080669403e-02
1.503450050950050354e-02
-2.924433164298534393e-02
-5.750405788421630859e-02
9.996097534894943237e-03
-6.222223863005638123e-02
-4.599275439977645874e-02
-1.363840792328119278e-02
4.046788066625595093e-02
-1.116923335939645767e-02
5.832479149103164673e-02
1.925524557009339333e-03
6.325278431177139282e-02
-2.978702075779438019e-02
-2.100442536175251007e-03
3.452403098344802856e-02
-4.267601296305656433e-03
-2.503993920981884003e-02
8.012248575687408447e-02
9.935664013028144836e-03
-2.356542088091373444e-02
-4.779499769210815430e-02
-1.542922761291265488e-02
-9.525366127490997314e-03
1.362205110490322113e-02
-3.183424100279808044e-02
1.257523056119680405e-02
-1.388038601726293564e-02
7.142777554690837860e-03
-5.659600719809532166e-02
-7.950399070978164673e-02
-6.152803450822830200e-02
3.486720379441976547e-03
-2.539269626140594482e-02
-9.018905460834503174e-03
4.334063827991485596e-02
-2.543074637651443481e-02
9.106998890638351440e-02
-8.403121680021286011e-02
3.013905324041843414e-02
7.368442416191101074e-02
-2.475363947451114655e-02
-6.428916752338409424e-02
2.903595380485057831e-02
1.720863580703735352e-02
5.763281509280204773e-02
-4.829464107751846313e-02
-1.850682310760021210e-02
-1.737746000289916992e-01
-1.812955364584922791e-02
4.641557577997446060e-03
-2.540340833365917206e-02
-1.858038455247879028e-02
7.665945217013359070e-03
8.448200300335884094e-03
-8.739300072193145752e-02
2.468052692711353302e-02
4.320381209254264832e-03
-3.315363544970750809e-03
4.278293624520301819e-02
-4.326505959033966064e-02
3.253692761063575745e-03
-1.647113077342510223e-02
-5.291450768709182739e-03
-2.912560664117336273e-02
-3.852183744311332703e-02
5.635817348957061768e-02
6.717925518751144409e-02
2.840562351047992706e-02
-2.452189475297927856e-02
-3.371662274003028870e-02
-4.587978869676589966e-02
-2.554526785388588905e-03
6.926979869604110718e-02
-2.576324157416820526e-02
-4.851373657584190369e-02
-3.214044123888015747e-02
4.226896911859512329e-03
-2.344163320958614349e-02
-4.015778005123138428e-02
4.918472841382026672e-02
-1.542779617011547089e-02
6.599431857466697693e-03
2.699525654315948486e-02
-3.974005579948425293e-02
-2.374237589538097382e-02
-1.167708635330200195e-01
-3.328419849276542664e-02
-1.996077969670295715e-02
3.740202262997627258e-02
4.074168205261230469e-02
2.765512838959693909e-02
4.596528410911560059e-02
2.723652496933937073e-02
-6.424661725759506226e-03
-7.992570847272872925e-02
-2.485105395317077637e-02
3.231819346547126770e-02
2.594797313213348389e-02
-6.087497994303703308e-02
-6.341364234685897827e-02
-1.631735637784004211e-02
6.998596340417861938e-02
-2.401510998606681824e-02
-1.902760937809944153e-02
-5.382277444005012512e-02
2.368002012372016907e-02
-8.090130984783172607e-02
-7.476396858692169189e-03
-7.375654578208923340e-02
-3.185769543051719666e-02
1.578162424266338348e-02
-6.994855124503374100e-03
-6.307161599397659302e-02
6.396853923797607422e-02
-8.233983069658279419e-03
-4.662841092795133591e-03
-9.595833718776702881e-02
4.250548779964447021e-03
6.327521055936813354e-02
2.529639936983585358e-02
-8.540564449504017830e-04
-1.538566499948501587e-01
-4.468122124671936035e-02
6.573344022035598755e-02
1.973590068519115448e-02
6.100113037973642349e-03
-1.732183806598186493e-02
-4.268646240234375000e-02
3.313165158033370972e-02
-1.384998671710491180e-02
1.158011797815561295e-02
1.320334989577531815e-02
2.578258328139781952e-02
-3.800360253080725670e-03
-4.173079878091812134e-02
-2.664135582745075226e-02
4.159855097532272339e-02
-1.887643476948142052e-03
-1.559542119503021240e-01
7.916796952486038208e-03
5.657185986638069153e-02
-2.191923372447490692e-02
3.096243925392627716e-02
-7.058950513601303101e-02
2.469059778377413750e-03
-2.935723587870597839e-02
3.914319723844528198e-02
-2.368457056581974030e-02
3.992698341608047485e-02
-1.076372619718313217e-02
-8.125327527523040771e-02
1.314454711973667145e-02
-2.498667314648628235e-02
2.008149400353431702e-02
-1.245409017428755760e-03
-3.127642720937728882e-02
-3.485424444079399109e-02
4.904169216752052307e-02
-1.852957159280776978e-02
2.556868828833103180e-02
1.085037440061569214e-01
-2.076899819076061249e-02
4.595858231186866760e-02
1.006148196756839752e-02
-3.734375163912773132e-02
-4.674400761723518372e-02
4.011978581547737122e-02
-4.242558404803276062e-02
-3.173953518853522837e-05
