2.040366083383560181e-02
-2.490904554724693298e-02
-6.438422948122024536e-02
8.264049887657165527e-02
-1.218455936759710312e-02
2.230843156576156616e-02
7.114407140761613846e-03
-2.662675827741622925e-02
3.361005336046218872e-02
3.421141207218170166e-02
-1.962371403351426125e-03
-5.953229963779449463e-03
1.397206727415323257e-02
-6.420991383492946625e-03
-1.179009675979614258e-02
2.724943123757839203e-02
-7.933233864605426788e-03
2.343017049133777618e-02
-3.235854580998420715e-02
5.276981275528669357e-03
2.371645066887140274e-03
-4.295085743069648743e-02
1.131095141172409058e-01
-9.639683179557323456e-03
-2.999745309352874756e-02
-2.102557942271232605e-02
-5.437924712896347046e-02
-2.733491733670234680e-02
-7.058234419673681259e-03
-1.519082579761743546e-02
-2.783167548477649689e-02
-2.839613147079944611e-02
1.739453524351119995e-02
-1.008938997983932495e-02
-8.705003187060356140e-03
-2.072856761515140533e-03
3.158440068364143372e-02
5.673863925039768219e-03
-1.053052023053169250e-02
3.210114315152168274e-02
2.601500833407044411e-03
3.260463709011673927e-03
2.479616785421967506e-03
-1.414660830050706863e-02
-1.252041105180978775e-02
-1.821423694491386414e-02
-1.188867259770631790e-02
-2.137462049722671509e-02
4.497683607041835785e-03
2.908462658524513245e-02
1.431456953287124634e-02
1.545494645833969116e-01
-5.753559991717338562e-02
-8.922945708036422729e-03
-2.659349003806710243e-03
-1.179936807602643967e-02
-2.467973344027996063e-02
4.833083134144544601e-03
3.587008714675903320e-01
9.021785110235214233e-02
-6.344844005070626736e-04
-2.611088193953037262e-02
-3.656315430998802185e-02
4.061621427536010742e-02
1.634318009018898010e-02
-5.982196331024169922e-02
1.799723878502845764e-02
-1.676938124001026154e-02
2.021661773324012756e-02
-4.737699404358863831e-02
4.260456189513206482e-02
1.112951058894395828e-02
-2.906434796750545502e-02
-1.429135352373123169e-02
-1.626929827034473419e-02
1.793319545686244965e-02
3.391208127140998840e-02
-3.364730253815650940e-02
6.572835613042116165e-03
-1.346977353096008301e-01
7.380641065537929535e-03
8.223900222219526768e-04
-1.039744168519973755e-02
-2.493489719927310944e-02
-1.137475594878196716e-01
-7.737648556940257549e-04
-2.539034001529216766e-02
-1.114812213927507401e-03
1.455923821777105331e-02
-2.041235566139221191e-02
-3.989324904978275299e-03
-1.165939196944236755e-01
1.740081161260604858e-01
8.921047672629356384e-03
-2.139241248369216919e-02
-6.709691602736711502e-03
-8.847747929394245148e-03
-1.788301020860671997e-02
2.903430722653865814e-02
1.238423306494951248e-02
-8.804905228316783905e-03
-2.992192050442099571e-03
-4.001624509692192078e-02
1.950187608599662781e-02
-4.184979479759931564e-03
-1.144060771912336349e-02
9.231586009263992310e-03
-1.705634221434593201e-02
2.027161419391632080e-02
-1.126054115593433380e-02
9.773538447916507721e-03
9.814796969294548035e-03
-1.499648857861757278e-02
-2.289914758875966072e-03
-3.177871229127049446e-03
-2.645808272063732147e-02
4.037759080529212952e-02
-5.353485699743032455e-03
-4.362003412097692490e-03
2.080608857795596123e-03
3.081310726702213287e-02
1.772081851959228516e-02
2.645837841555476189e-03
1.320690289139747620e-02
-2.647256292402744293e-02
1.857602037489414215e-02
2.208882756531238556e-02
-1.642765849828720093e-02
-2.510528080165386200e-02
-4.970544204115867615e-02
-3.542299568653106689e-02
-3.357041161507368088e-03
-2.314061624929308891e-03
2.746232552453875542e-03
-4.405711591243743896e-02
-1.453828439116477966e-02
1.674379920586943626e-03
-5.009601637721061707e-02
-7.458627969026565552e-02
-1.595647819340229034e-02
1.170879974961280823e-01
1.286489889025688171e-02
3.417531726881861687e-03
-2.784901484847068787e-02
1.439560111612081528e-02
-1.613183766603469849e-01
8.168344385921955109e-03
-6.351913791149854660e-03
-2.462279610335826874e-02
-1.356469932943582535e-02
7.140848785638809204e-02
-3.416585270315408707e-03
2.356429211795330048e-02
7.119370624423027039e-03
-8.874327875673770905e-03
1.007995218969881535e-03
-3.227816894650459290e-02
-8.064637891948223114e-03
4.645678400993347168e-02
-9.133397601544857025e-03
-6.864401977509260178e-03
1.676414608955383301e-01
2.432267926633358002e-02
-1.056209579110145569e-02
-3.957859706133604050e-03
-4.292683675885200500e-02
1.134220287203788757e-01
-5.502276122570037842e-02
1.091169752180576324e-02
-1.711448095738887787e-02
1.589420437812805176e-02
-4.672702401876449585e-02
3.244057297706604004e-02
7.290599402040243149e-03
3.317665681242942810e-02
1.686829701066017151e-02
-1.931301131844520569e-02
2.731649763882160187e-02
7.494192570447921753e-02
5.243966355919837952e-03
6.579231470823287964e-02
1.931210421025753021e-02
5.009822081774473190e-03
-1.094957999885082245e-02
4.111096262931823730e-02
-1.527497917413711548e-01
1.606589704751968384e-01
2.278300561010837555e-02
-1.119624543935060501e-02
-1.241247728466987610e-02
-6.992764025926589966e-02
5.251755937933921814e-04
-1.651769131422042847e-02
7.729254197329282761e-03
-1.015417464077472687e-02
-2.604556456208229065e-02
-9.096530079841613770e-02
1.714278385043144226e-02
7.228732109069824219e-03
2.143614226952195168e-03
4.451422393321990967e-02
1.012297533452510834e-02
-2.196238376200199127e-02
-1.863278076052665710e-02
1.042339392006397247e-02
-4.495279863476753235e-02
9.993813000619411469e-03
1.476829126477241516e-02
-2.033965289592742920e-02
1.183636933565139771e-01
1.188230793923139572e-02
-1.553494716063141823e-03
3.168529132381081581e-03
-1.541172806173563004e-02
-1.881610415875911713e-02
-2.599623240530490875e-02
-4.065967630594968796e-03
9.863570332527160645e-03
-3.975335042923688889e-03
-2.153175650164484978e-03
-1.287661120295524597e-02
-6.553833484649658203e-01
-1.290271244943141937e-02
-1.444141566753387451e-02
6.334768142551183701e-03
1.429295480193104595e-05
-1.504458207637071609e-02
2.891794592142105103e-02
1.652538590133190155e-02
1.179548073559999466e-02
-8.947960101068019867e-03
9.107830375432968140e-02
-8.957577869296073914e-03
6.851292215287685394e-03
-7.263998687267303467e-02
1.659369841217994690e-02
7.270197849720716476e-03
5.256872624158859253e-03
-1.357529032975435257e-02
3.007427044212818146e-02
3.368176892399787903e-02
-7.350687403231859207e-03
1.796469325199723244e-03
-8.641701936721801758e-02
-4.065709933638572693e-02
-2.526681870222091675e-02
7.265825290232896805e-03
-1.688453927636146545e-02
1.583456806838512421e-02
3.166281804442405701e-02
-5.445865541696548462e-02
2.972246706485748291e-02
5.568892508745193481e-02
1.565270498394966125e-02
-1.453266851603984833e-02
3.625976294279098511e-02
2.911820076406002045e-02
-9.258388727903366089e-02
-5.679734796285629272e-02
2.511342801153659821e-02
-4.528916999697685242e-02
-1.535017974674701691e-02
-1.275627166032791138e-01
-6.445968151092529297e-02
2.030333131551742554e-02
-9.892792999744415283e-02
8.935429900884628296e-02
6.519703567028045654e-02
3.571857139468193054e-02
-1.022753268480300903e-01
3.210974112153053284e-02
-4.780869930982589722e-02
3.819101303815841675e-02
5.360419675707817078e-02
1.104472391307353973e-02
1.289962083101272583e-01
9.754923731088638306e-02
-6.492314487695693970e-02
3.009009361267089844e-02
-1.576717477291822433e-03
6.409183889627456665e-02
-4.980953410267829895e-02
-5.624487251043319702e-02
-1.757949963212013245e-02
-1.032138895243406296e-02
-1.754175126552581787e-01
6.035576388239860535e-02
-4.355371929705142975e-03
-9.230971336364746094e-02
1.064039915800094604e-01
1.320865657180547714e-02
6.352858245372772217e-02
1.022616028785705566e-01
9.549363702535629272e-02
-1.201147511601448059e-01
-1.705194115638732910e-01
6.157379969954490662e-02
8.006507158279418945e-02
3.667468205094337463e-02
4.395755752921104431e-02
9.687094949185848236e-03
7.903892546892166138e-02
8.109874725341796875e-01
-5.415829364210367203e-03
6.817191839218139648e-02
4.635060206055641174e-02
2.244532294571399689e-02
1.206614747643470764e-01
-5.510517396032810211e-03
-6.123707816004753113e-02
3.393744677305221558e-02
-6.858083605766296387e-02
5.395973101258277893e-03
-4.686040058732032776e-02
1.274812519550323486e-01
5.251334980130195618e-02
9.501837193965911865e-02
-1.232807561755180359e-01
7.582130841910839081e-03
6.702765077352523804e-02
7.550027221441268921e-02
2.503434568643569946e-02
-1.444985740818083286e-03
3.422685340046882629e-02
2.224903926253318787e-02
-2.649354515597224236e-03
5.531440954655408859e-03
-3.793395683169364929e-02
4.263883829116821289e-02
-1.198865845799446106e-02
-4.694048315286636353e-02
1.158467587083578110e-02
-1.321699470281600952e-03
1.389850955456495285e-02
3.831073641777038574e-02
3.876649215817451477e-02
-3.450850024819374084e-02
-6.312657613307237625e-03
3.670638799667358398e-02
6.266303826123476028e-03
1.941782608628273010e-02
-2.676392160356044769e-02
-3.699385374784469604e-02
4.923938587307929993e-02
-1.934371329843997955e-02
3.999557718634605408e-02
3.949839249253273010e-02
1.087194308638572693e-02
-4.683266580104827881e-02
1.902566477656364441e-02
3.087233519181609154e-03
-8.725848793983459473e-02
-3.500147536396980286e-02
-6.695136427879333496e-02
1.265840325504541397e-02
-8.075463771820068359e-02
-9.931909851729869843e-03
7.663058117032051086e-03
-9.637117385864257812e-02
-2.523392625153064728e-02
9.904507547616958618e-03
7.370868325233459473e-02
-6.093975901603698730e-02
-1.242687832564115524e-02
5.932701006531715393e-02
-8.609359152615070343e-03
-3.036209382116794586e-02
-5.566106177866458893e-03
5.015392974019050598e-02
2.397851087152957916e-02
1.884933188557624817e-02
6.098180264234542847e-02
-1.520887890364974737e-04
3.411675104871392250e-03
-1.358642708510160446e-02
6.907831877470016479e-02
-7.116710394620895386e-02
1.643794961273670197e-02
-2.510637417435646057e-02
4.817114025354385376e-02
1.580118574202060699e-02
-1.087721204385161400e-03
-7.243333011865615845e-02
-4.180772975087165833e-02
-7.869428396224975586e-02
3.230591118335723877e-02
-9.017623960971832275e-03
3.350683953613042831e-03
2.939266525208950043e-02
-4.911503940820693970e-02
4.300454631447792053e-02
-5.209844186902046204e-02
-4.950342327356338501e-02
-2.708264626562595367e-02
-6.212357059121131897e-02
-1.623863540589809418e-02
2.020308375358581543e-02
9.307612478733062744e-02
-2.837376482784748077e-02
-6.991375237703323364e-02
1.683118939399719238e-02
4.610418155789375305e-02
-4.552017524838447571e-02
1.008194126188755035e-02
1.461235806345939636e-02
-2.047827467322349548e-02
1.151392050087451935e-02
3.224352002143859863e-02
-1.052182763814926147e-01
-2.775734849274158478e-02
6.407733540982007980e-03
2.724777907133102417e-02
5.662747193127870560e-03
-5.463715060614049435e-04
1.527703180909156799e-02
5.443269759416580200e-02
-1.534662296762689948e-04
1.469949446618556976e-02
-7.098504900932312012e-02
-2.023198455572128296e-02
4.680739343166351318e-02
-3.775962395593523979e-03
-8.589877933263778687e-02
8.040298707783222198e-03
1.399558596312999725e-02
-5.336537584662437439e-02
2.270084805786609650e-02
-3.510901331901550293e-02
-4.565065726637840271e-03
2.194141503423452377e-03
4.558914806693792343e-03
-5.131389200687408447e-02
4.794020578265190125e-02
3.443739190697669983e-02
-1.582807488739490509e-02
2.054313570261001587e-02
6.196938827633857727e-02
-1.659896597266197205e-02
-4.680577665567398071e-02
-8.985526114702224731e-02
-1.424932107329368591e-02
-3.008042648434638977e-02
-1.006991975009441376e-02
6.274470686912536621e-02
6.697461754083633423e-02
-5.120156332850456238e-03
8.205553889274597168e-02
-1.443847268819808960e-01
-4.810059815645217896e-02
1.883787801489233971e-03
2.490825951099395752e-03
-3.814168274402618408e-02
-7.326480001211166382e-02
4.177967831492424011e-02
-2.250527904834598303e-05
-8.987484872341156006e-02
1.565589942038059235e-02
-5.177931860089302063e-02
4.787784814834594727e-02
8.623003959655761719e-03
1.316947937011718750e-01
-8.636032789945602417e-02
9.735999256372451782e-02
3.462957590818405151e-02
-7.001053541898727417e-02
-2.102668397128582001e-02
1.799274608492851257e-02
7.682904135435819626e-03
6.112961471080780029e-02
-3.698133304715156555e-02
-2.692597359418869019e-02
-9.321758523583412170e-03
1.854183711111545563e-02
-3.963008522987365723e-03
-1.314798370003700256e-02
3.638172522187232971e-02
1.839465461671352386e-02
-9.433748573064804077e-02
2.628379501402378082e-02
-3.532991185784339905e-02
2.693685144186019897e-02
7.432567328214645386e-02
2.798046730458736420e-02
2.848638966679573059e-02
2.245922200381755829e-02
4.918766673654317856e-03
-1.040530670434236526e-02
9.498260915279388428e-02
-8.769109845161437988e-02
-2.031322009861469269e-02
-6.465367227792739868e-02
3.150612860918045044e-02
1.604315638542175293e-02
-3.997177630662918091e-02
4.375214129686355591e-02
5.523782223463058472e-02
-1.823961734771728516e-02
1.774957962334156036e-02
-6.518798321485519409e-02
-5.829758569598197937e-02
6.034259498119354248e-02
-1.919730007648468018e-02
-5.783515051007270813e-02
5.615996941924095154e-02
1.392166223376989365e-02
-2.503777295351028442e-02
-3.307177871465682983e-02
3.295744955539703369e-02
-1.223781146109104156e-02
6.465674936771392822e-02
1.247665844857692719e-02
4.698660969734191895e-02
7.875367254018783569e-02
-2.828827686607837677e-02
-2.162030898034572601e-02
-1.140750828199088573e-03
9.231498464941978455e-03
-4.588565975427627563e-02
5.600422620773315430e-02
-1.930639334022998810e-02
-1.030902378261089325e-02
-4.051339998841285706e-02
-3.019351139664649963e-02
-7.094557583332061768e-02
9.755680337548255920e-03
-5.671381577849388123e-02
4.830288235098123550e-03
6.313581764698028564e-02
-6.153360474854707718e-03
3.111002780497074127e-02
-5.815587565302848816e-02
-3.893254324793815613e-02
4.210625775158405304e-03
2.497459203004837036e-02
-1.193025410175323486e-01
2.724754251539707184e-02
1.120209693908691406e-03
2.127927914261817932e-02
4.101352021098136902e-02
5.268086213618516922e-03
3.571957349777221680e-03
5.261731520295143127e-02
-1.678348146378993988e-02
3.160631656646728516e-02
-5.724049638956785202e-03
-6.193229928612709045e-02
-8.660751581192016602e-02
-1.721919514238834381e-02
4.395142197608947754e-02
4.119169712066650391e-02
7.252378854900598526e-03
4.453715682029724121e-02
-7.768472284078598022e-02
1.697297580540180206e-02
-2.287699654698371887e-02
5.994953680783510208e-03
-3.111245483160018921e-02
3.801231458783149719e-02
-7.340954151004552841e-03
-5.571078509092330933e-02
-3.468605503439903259e-02
5.018819868564605713e-02
-2.083171345293521881e-02
-9.182969108223915100e-03
1.654353551566600800e-02
-9.741565585136413574e-02
-4.372126609086990356e-02
-7.244579493999481201e-02
6.964331865310668945e-02
-2.931886119768023491e-03
-4.887604713439941406e-02
2.854765020310878754e-02
2.306396141648292542e-02
-6.932954420335590839e-05
-5.493977665901184082e-02
-3.193412348628044128e-02
1.766736386343836784e-03
1.611933670938014984e-02
-1.846041157841682434e-02
-5.997078120708465576e-02
-1.402373239398002625e-02
3.816552832722663879e-02
-5.481094121932983398e-03
-1.543509587645530701e-02
5.323889106512069702e-02
1.772023737430572510e-02
-2.319781109690666199e-03
-2.094317600131034851e-02
1.484244223684072495e-02
-6.160817109048366547e-03
3.509343788027763367e-02
-5.712007358670234680e-02
-9.544371813535690308e-02
-5.402502417564392090e-02
-8.745387196540832520e-03
1.780151762068271637e-02
-6.577836815267801285e-03
3.074711747467517853e-02
2.177607454359531403e-02
3.401092812418937683e-02
-9.439123421907424927e-02
1.119218319654464722e-01
-1.923905871808528900e-02
5.741812661290168762e-02
-2.788183512166142464e-03
1.638371311128139496e-02
2.914485521614551544e-02
-4.234601557254791260e-02
6.960277259349822998e-02
1.293462235480546951e-02
-2.857399405911564827e-03
5.687145516276359558e-02
-1.300478354096412659e-02
-1.712825335562229156e-02
-1.824879795312881470e-01
1.394408289343118668e-02
-1.335470192134380341e-02
-2.458075620234012604e-02
-1.769925816915929317e-03
3.243953734636306763e-02
1.920690946280956268e-02
3.153502941131591797e-02
-2.673350088298320770e-02
5.531336739659309387e-02
8.562929183244705200e-02
9.174066781997680664e-02
2.301589585840702057e-02
-7.926524616777896881e-03
-7.676282525062561035e-02
2.969389222562313080e-02
-1.595332846045494080e-02
-1.342121660709381104e-01
6.586586683988571167e-02
5.308280698955059052e-03
4.505423083901405334e-02
-1.687938906252384186e-02
5.826876964420080185e-03
-4.200265556573867798e-02
5.220151692628860474e-02
1.549823093228042126e-03
-4.461660981178283691e-02
1.508685667067766190e-02
2.897837944328784943e-02
-1.432216074317693710e-02
-1.748071797192096710e-02
2.865808457136154175e-02
-2.078158967196941376e-02
-8.267350494861602783e-03
-9.314397349953651428e-03
-5.140931904315948486e-02
7.278124336153268814e-03
-1.046470552682876587e-01
-2.507387287914752960e-02
-1.773577369749546051e-02
-2.001828327775001526e-02
-7.596461800858378410e-04
-8.074929565191268921e-02
-1.919198222458362579e-02
-4.681677371263504028e-02
-1.541308872401714325e-02
-3.032307885587215424e-02
-1.276640407741069794e-02
-2.583493292331695557e-02
6.165298633277416229e-03
4.436167422682046890e-03
-7.590466737747192383e-02
2.312976168468594551e-03
-5.345380306243896484e-02
-4.190302640199661255e-02
1.136996503919363022e-02
6.928206235170364380e-02
9.634391404688358307e-03
4.555340483784675598e-02
5.903792567551136017e-03
8.025047183036804199e-02
-1.484103314578533173e-02
3.471681382507085800e-03
3.320173174142837524e-02
-3.360156668350100517e-03
-2.959350124001502991e-02
5.162864178419113159e-02
9.350398555397987366e-03
-1.559963263571262360e-02
-3.669943660497665405e-03
-6.296959239989519119e-03
-4.388088360428810120e-02
3.950653132051229477e-03
3.145915223285555840e-03
3.356061503291130066e-02
1.150748133659362793e-02
3.360118344426155090e-02
-6.811726093292236328e-02
-1.496687829494476318e-01
-2.739863097667694092e-02
-2.936476096510887146e-02
-8.728140033781528473e-03
5.672027543187141418e-02
7.512710988521575928e-02
-2.908972464501857758e-02
6.913881748914718628e-02
-2.916373871266841888e-02
2.060840837657451630e-02
-6.355732679367065430e-03
-1.909995265305042267e-02
-4.801454022526741028e-02
5.958812776952981949e-03
1.716196350753307343e-02
-3.668048977851867676e-02
-1.094612944871187210e-02
-5.676630418747663498e-03
-1.073440834879875183e-01
1.276958920061588287e-02
-9.341278113424777985e-03
3.138271719217300415e-02
-6.780633702874183655e-03
-3.289886191487312317e-02
2.135481871664524078e-02
-6.382385641336441040e-02
5.137834697961807251e-02
5.539947189390659332e-03
4.983844608068466187e-02
3.683501109480857849e-02
1.771205104887485504e-02
2.048644050955772400e-02
9.763835929334163666e-03
9.941771626472473145e-02
1.652764528989791870e-02
2.267071790993213654e-02
7.386073935776948929e-03
1.900444738566875458e-02
-2.663251070771366358e-04
-1.680875942111015320e-02
-7.782861590385437012e-02
-4.626946151256561279e-02
4.995458200573921204e-02
1.031351238489151001e-01
2.381125930696725845e-03
1.123934052884578705e-03
-3.263513743877410889e-02
2.343978732824325562e-02
8.359431289136409760e-03
3.020818904042243958e-02
8.046883344650268555e-02
-2.740180678665637970e-02
2.185261109843850136e-03
6.684524472802877426e-03
-5.013612098991870880e-04
-2.089274115860462189e-02
-8.514639735221862793e-02
1.781158731319010258e-03
-1.659905910491943359e-02
-4.786526784300804138e-02
-2.243824768811464310e-03
1.695867255330085754e-02
-9.052388370037078857e-03
2.345762774348258972e-02
-2.516818232834339142e-02
-8.069876581430435181e-02
-2.560885064303874969e-02
3.364880755543708801e-02
1.093044597655534744e-02
-1.495456323027610779e-02
1.466981135308742523e-02
2.555702114477753639e-03
9.820569306612014771e-02
-3.401470929384231567e-02
-2.418791130185127258e-02
-7.912975735962390900e-03
4.461491946130990982e-03
-8.353380858898162842e-02
-4.970024526119232178e-02
-6.561683863401412964e-02
-9.825244778767228127e-04
-6.714442372322082520e-02
-3.626176714897155762e-02
7.076725363731384277e-03
8.799068629741668701e-03
-3.263043612241744995e-02
2.985535866173449904e-05
-1.647058129310607910e-02
-8.346607908606529236e-03
-1.332170423120260239e-02
2.055531740188598633e-02
3.640579059720039368e-02
4.058788996189832687e-03
9.697249159216880798e-03
2.125087380409240723e-02
1.540316641330718994e-02
5.326855462044477463e-03
-1.966232247650623322e-02
4.311622679233551025e-02
1.429793518036603928e-02
3.807004168629646301e-02
5.069560930132865906e-02
-2.846444025635719299e-03
-5.108284763991832733e-03
-3.109120205044746399e-02
-2.381256781518459320e-02
4.685177409555763006e-04
-3.088312922045588493e-03
1.635220251046121120e-03
-9.403541684150695801e-02
-4.284641239792108536e-03
6.787618994712829590e-02
4.640755802392959595e-02
-4.330476745963096619e-03
-1.539403013885021210e-02
7.360442075878381729e-03
-4.378332290798425674e-03
1.863424852490425110e-02
-3.511559218168258667e-03
-5.283799394965171814e-02
-3.097461722791194916e-02
-9.824009239673614502e-02
4.987429454922676086e-02
1.610331051051616669e-02
6.581553258001804352e-03
-5.690481048077344894e-03
-1.400206051766872406e-02
-5.370793119072914124e-02
6.912322342395782471e-02
-2.417167462408542633e-02
1.507301162928342819e-02
1.311207413673400879e-01
-2.829050645232200623e-02
8.040596544742584229e-02
9.132561273872852325e-03
-9.774220734834671021e-02
-8.562882989645004272e-02
3.884446993470191956e-02
-2.158907707780599594e-03
6.497850175946950912e-03
