2.245031669735908508e-02
-2.884810045361518860e-02
-7.538475096225738525e-02
9.633976966142654419e-02
-1.699408143758773804e-02
1.653461903333663940e-02
3.693417878821492195e-03
-2.507373876869678497e-02
4.812561348080635071e-02
3.868867084383964539e-02
-4.921861458569765091e-03
1.967521850019693375e-03
1.306979916989803314e-02
-6.750036031007766724e-03
-1.572651602327823639e-02
3.478063642978668213e-02
-1.741865463554859161e-02
3.580513969063758850e-02
4.575672559440135956e-03
1.550453621894121170e-02
-1.909261941909790039e-02
-6.322881579399108887e-02
1.293843090534210205e-01
1.347907725721597672e-02
-2.343158610165119171e-02
-4.097503423690795898e-02
-7.186572253704071045e-02
-4.096423462033271790e-02
-1.053833309561014175e-02
-9.197369217872619629e-03
3.106843493878841400e-02
-2.316876128315925598e-02
1.196991931647062302e-02
-6.961449980735778809e-03
6.211624015122652054e-03
-1.674436964094638824e-02
3.538186848163604736e-02
1.758688315749168396e-02
6.383483414538204670e-04
5.208917334675788879e-02
1.003180164843797684e-03
1.643507182598114014e-02
8.448543027043342590e-03
-9.154432453215122223e-03
-2.227820456027984619e-02
-2.502328157424926758e-02
-1.378798298537731171e-02
-3.716883435845375061e-02
2.883107215166091919e-02
1.336183212697505951e-02
1.753021590411663055e-02
1.629235148429870605e-01
-2.611648477613925934e-02
-8.484837599098682404e-03
-7.308005820959806442e-03
5.304165650159120560e-03
-2.317664772272109985e-02
9.251062758266925812e-03
3.073459267616271973e-01
1.004520729184150696e-01
8.078693412244319916e-03
-1.398783642798662186e-02
-4.095972329378128052e-02
5.423348769545555115e-02
2.235005982220172882e-02
-6.056500598788261414e-02
3.210847824811935425e-02
-2.504835277795791626e-02
1.855594478547573090e-02
-5.430817976593971252e-02
6.032196059823036194e-02
7.215148769319057465e-03
-2.236440218985080719e-02
-2.581744268536567688e-02
-3.744270280003547668e-02
3.207613527774810791e-02
5.814075842499732971e-02
-5.191196501255035400e-02
1.267598196864128113e-02
-1.056464836001396179e-01
-2.660587895661592484e-03
7.971123792231082916e-03
-1.570193655788898468e-02
-2.791464887559413910e-02
-1.035698875784873962e-01
1.223364565521478653e-02
-1.398921012878417969e-02
1.408149953931570053e-03
2.196969871874898672e-04
-2.293805964291095734e-02
1.280941814184188843e-02
-1.073096990585327148e-01
1.508473157882690430e-01
1.615483633941039443e-04
-1.448113564401865005e-02
-1.238730922341346741e-02
-2.110768575221300125e-03
-3.241257742047309875e-03
4.491461440920829773e-02
2.361802011728286743e-02
-2.544963359832763672e-02
-1.955315005034208298e-03
-5.253543704748153687e-02
1.164502929896116257e-02
1.613711472600698471e-03
-9.890799410641193390e-03
2.393861114978790283e-02
-2.030757814645767212e-02
1.019117143005132675e-02
-1.243286672979593277e-02
6.844786927103996277e-03
2.022420801222324371e-02
-7.051015738397836685e-03
-1.487948652356863022e-02
-6.383980158716440201e-03
-1.270396634936332703e-02
4.720215871930122375e-02
2.225037431344389915e-03
-2.282878756523132324e-02
-4.277967091184109449e-04
2.491219528019428253e-02
2.937184879556298256e-03
5.588935222476720810e-03
1.568601280450820923e-02
-3.451791405677795410e-02
1.343511510640382767e-02
1.373586710542440414e-02
-4.288837313652038574e-03
-5.467321258038282394e-03
-8.266459405422210693e-02
-4.862036928534507751e-02
-1.865958981215953827e-02
-9.960437193512916565e-03
8.397488854825496674e-03
-5.997944995760917664e-02
-1.200087834149599075e-02
1.866825856268405914e-02
-6.832948327064514160e-02
-1.084281597286462784e-02
-1.356729213148355484e-02
8.828133344650268555e-02
1.310936268419027328e-02
6.663733627647161484e-03
-4.493374750018119812e-02
2.539579384028911591e-02
-1.220286861062049866e-01
2.554028667509555817e-02
-5.467322655022144318e-03
-1.337958499789237976e-02
-2.128662168979644775e-02
7.380302995443344116e-02
-2.285032346844673157e-02
4.664658382534980774e-02
2.421958744525909424e-02
-1.567297242581844330e-02
1.014424487948417664e-02
-6.223943457007408142e-02
-3.421940840780735016e-03
4.769668728113174438e-02
-2.142797969281673431e-02
-1.530924998223781586e-02
1.510117650032043457e-01
1.374528650194406509e-02
-1.904608495533466339e-02
1.986693358048796654e-03
-4.261810705065727234e-02
1.256557703018188477e-01
-5.894775316119194031e-02
1.007219403982162476e-02
-4.427391290664672852e-02
1.642868667840957642e-02
-5.606169253587722778e-02
2.785724960267543793e-02
3.744504600763320923e-02
3.141992911696434021e-02
2.063279785215854645e-02
-2.054979093372821808e-02
4.280780255794525146e-02
1.048813089728355408e-01
4.700837656855583191e-03
7.280876487493515015e-02
4.882944747805595398e-03
-4.950962029397487640e-03
-5.136261228471994400e-03
4.484066739678382874e-02
-6.981238722801208496e-02
1.170933693647384644e-01
2.921735495328903198e-02
-1.683920249342918396e-02
-3.551131486892700195e-02
-9.697617590427398682e-02
2.921420855273026973e-05
5.702850874513387680e-03
1.098653580993413925e-02
-1.518548093736171722e-02
-2.479219064116477966e-02
-1.028944402933120728e-01
1.558613311499357224e-02
1.337308622896671295e-02
1.409574225544929504e-02
3.250361606478691101e-02
-3.663946874439716339e-03
-4.757293686270713806e-02
-8.076019585132598877e-03
9.205413050949573517e-03
-3.409549221396446228e-02
7.425666786730289459e-03
1.587391272187232971e-02
-3.461520001292228699e-02
1.215185970067977905e-01
1.234629563987255096e-02
-1.419418398290872574e-02
-2.942564198747277260e-03
-1.515744253993034363e-03
-2.614933997392654419e-02
-5.182123929262161255e-02
1.168760191649198532e-02
1.269378140568733215e-02
1.930456236004829407e-02
7.904843427240848541e-03
-9.138985536992549896e-03
-6.697174310684204102e-01
-1.732378825545310974e-02
-4.299861378967761993e-03
1.314062904566526413e-02
7.865862920880317688e-03
-8.942573331296443939e-03
4.309655725955963135e-02
2.048422954976558685e-02
1.036064885556697845e-02
-6.161521188914775848e-03
1.173590347170829773e-01
-3.723024390637874603e-03
-1.114308275282382965e-02
-6.644261628389358521e-02
1.592300459742546082e-02
1.959553733468055725e-02
9.876828640699386597e-03
-1.375622116029262543e-03
1.284851040691137314e-02
5.889366567134857178e-02
-2.063000947237014771e-02
-2.681219205260276794e-02
-8.852504938840866089e-02
-4.620628058910369873e-02
-3.386402875185012817e-02
8.354318328201770782e-03
-2.198940142989158630e-02
2.099744230508804321e-02
4.731640592217445374e-02
-4.845827072858810425e-02
2.170278318226337433e-02
5.663465335965156555e-02
2.043283730745315552e-02
-2.268619276583194733e-02
2.991990558803081512e-02
6.415859609842300415e-02
-1.539836451411247253e-02
-7.202202826738357544e-02
8.715895563364028931e-02
2.804956026375293732e-02
-3.242766857147216797e-02
2.910684607923030853e-02
-4.802797362208366394e-02
1.356477942317724228e-02
1.013047248125076294e-02
1.516832262277603149e-01
7.001639157533645630e-02
8.781621232628822327e-03
-9.480913868173956871e-04
-8.333132602274417877e-03
5.256345495581626892e-02
2.631659805774688721e-02
8.862968534231185913e-02
-6.101236119866371155e-02
-1.310171186923980713e-02
-4.760632663965225220e-02
1.461688522249460220e-02
-6.539390981197357178e-02
3.180756047368049622e-02
1.895853318274021149e-02
2.686559595167636871e-02
-1.307151094079017639e-02
-6.357751786708831787e-02
-8.539714664220809937e-02
6.090579088777303696e-03
1.847045421600341797e-01
2.300967462360858917e-02
-2.032666653394699097e-02
-6.648945063352584839e-02
8.546897023916244507e-02
-4.618400335311889648e-02
-4.523131623864173889e-02
5.602468550205230713e-02
-1.953627727925777435e-02
5.108152702450752258e-02
-9.762185811996459961e-02
8.560997247695922852e-02
-1.154091116040945053e-02
-8.988813310861587524e-02
8.077449351549148560e-02
1.616968540474772453e-03
8.474470376968383789e-01
-1.286033987998962402e-01
-3.108083643019199371e-02
-1.378200501203536987e-01
2.105707861483097076e-02
7.354763895273208618e-02
2.897770330309867859e-02
1.481563001871109009e-01
-5.033700168132781982e-02
-8.065500855445861816e-02
1.247849240899085999e-01
1.371962111443281174e-02
-5.265105143189430237e-02
-4.341165348887443542e-02
-7.516170293092727661e-02
-6.905267387628555298e-02
-6.944439955987036228e-04
4.534051939845085144e-02
5.435939878225326538e-02
3.067693114280700684e-02
-1.472283154726028442e-02
2.571548521518707275e-02
3.765258193016052246e-02
1.123344898223876953e-02
8.543604053556919098e-04
-7.592973113059997559e-02
3.722863271832466125e-02
-3.010710468515753746e-03
-4.635385796427726746e-02
2.119635418057441711e-02
2.298417314887046814e-02
1.431625429540872574e-02
-1.636867411434650421e-02
-2.943635219708085060e-03
2.018018439412117004e-02
-2.805131301283836365e-02
1.785429753363132477e-02
6.529965903609991074e-03
-4.565030708909034729e-02
-3.853018581867218018e-02
-1.392067316919565201e-02
4.191461950540542603e-02
4.939073696732521057e-03
-1.622230745851993561e-02
4.300078749656677246e-02
-4.174208734184503555e-04
-3.736701980233192444e-02
2.198031358420848846e-02
-3.740179166197776794e-02
-5.087473243474960327e-02
-3.492640703916549683e-02
3.640482202172279358e-02
-1.612647250294685364e-02
-4.133296757936477661e-02
1.547061931341886520e-02
-2.400833880528807640e-03
4.693579860031604767e-03
-5.433281511068344116e-02
9.051379747688770294e-03
3.093034215271472931e-02
-2.658052544575184584e-04
1.262207143008708954e-02
1.502569019794464111e-02
-1.627624779939651489e-02
-1.709034666419029236e-02
-1.747053582221269608e-03
3.576651588082313538e-02
1.781045808456838131e-03
2.073903940618038177e-02
5.536672845482826233e-02
-5.036824569106101990e-02
2.830606885254383087e-02
2.939592860639095306e-02
8.374371565878391266e-03
-9.253674000501632690e-02
-3.825268149375915527e-02
-5.862363800406455994e-02
1.466405484825372696e-02
1.621438376605510712e-02
-4.757331311702728271e-02
-5.689812079071998596e-02
-5.796608515083789825e-03
-3.409741446375846863e-02
4.250105470418930054e-02
-1.076019369065761566e-02
4.080718010663986206e-02
1.376231946051120758e-02
1.319162361323833466e-02
3.265571594238281250e-02
-8.149818517267704010e-03
-1.750029996037483215e-02
-6.629255414009094238e-02
-4.448314383625984192e-02
1.534016337245702744e-02
8.532710373401641846e-02
1.049263849854469299e-01
-2.074288018047809601e-02
-1.093701124191284180e-01
-2.018306031823158264e-02
1.009031292051076889e-02
-3.226240351796150208e-02
-4.012232273817062378e-02
5.844038352370262146e-02
3.159876540303230286e-02
-5.250537768006324768e-03
2.525225467979907990e-02
-3.659240156412124634e-02
-3.916985169053077698e-02
-1.578849740326404572e-02
-5.108612589538097382e-03
-1.539921067887917161e-04
1.807822287082672119e-02
3.761347755789756775e-02
2.111584693193435669e-02
1.164822746068239212e-02
-2.863694727420806885e-02
-1.384946852922439575e-01
-4.550618305802345276e-02
5.374947562813758850e-02
5.701837129890918732e-03
-5.330959334969520569e-02
5.300198215991258621e-03
-1.577946171164512634e-02
-5.854625254869461060e-02
-1.783139817416667938e-02
-8.448250591754913330e-02
-3.240131540223956108e-03
6.178189069032669067e-02
3.730895370244979858e-02
-7.190045714378356934e-02
4.089971072971820831e-03
2.741290256381034851e-03
-9.282022714614868164e-03
-3.030896931886672974e-02
2.300061844289302826e-02
-1.855551451444625854e-02
1.259280089288949966e-02
-7.993320375680923462e-02
-3.287465870380401611e-02
-1.705709286034107208e-02
2.209472656250000000e-02
4.348793253302574158e-02
2.792784199118614197e-02
8.636917173862457275e-02
3.622718527913093567e-02
-1.390025019645690918e-01
-2.080818079411983490e-02
7.652593404054641724e-02
2.516347914934158325e-02
-3.130202367901802063e-02
2.019726671278476715e-02
3.454374521970748901e-02
8.743721060454845428e-03
-5.910545587539672852e-02
7.148206979036331177e-02
-1.406613457947969437e-02
8.825639635324478149e-02
-7.418674975633621216e-02
1.197671666741371155e-01
-8.021263778209686279e-02
4.102881252765655518e-02
-6.266527343541383743e-03
-9.905511513352394104e-03
-1.362141128629446030e-02
1.484284177422523499e-02
3.029108978807926178e-02
1.847187243402004242e-02
-2.234483323991298676e-02
3.546643629670143127e-02
3.376915305852890015e-02
-1.788558252155780792e-02
-2.238560840487480164e-02
4.225077107548713684e-02
-1.870708912611007690e-02
1.981271989643573761e-02
-7.390415668487548828e-02
5.485519021749496460e-02
4.079356789588928223e-02
-1.654727384448051453e-02
8.043668419122695923e-02
2.026265300810337067e-02
2.515031956136226654e-02
-1.467436924576759338e-02
2.800705470144748688e-02
7.530091796070337296e-03
7.853581011295318604e-02
-4.151308164000511169e-02
1.232996582984924316e-02
-1.151756383478641510e-02
-2.475056797266006470e-02
7.372745126485824585e-02
4.093677923083305359e-02
6.900186184793710709e-03
-9.016067720949649811e-03
-5.279089510440826416e-02
1.417234260588884354e-02
-7.115936279296875000e-02
-4.459868744015693665e-02
1.286992132663726807e-01
-6.274945288896560669e-02
-6.357568502426147461e-02
-4.657671088352799416e-04
-2.892315015196800232e-02
-4.166449606418609619e-02
6.884260568767786026e-03
-3.466338664293289185e-02
-3.798603266477584839e-02
7.351990789175033569e-02
-5.505468230694532394e-03
4.964897781610488892e-02
-7.680131820961833000e-04
-7.236498594284057617e-02
-3.024413995444774628e-02
-2.135626599192619324e-02
-8.069858886301517487e-03
-2.792983129620552063e-02
7.295146584510803223e-02
-9.878195822238922119e-03
-3.216315433382987976e-02
-4.274955019354820251e-02
3.056812845170497894e-02
-4.803093895316123962e-02
-2.135617658495903015e-02
-1.393220666795969009e-02
1.114733703434467316e-02
-1.808562432415783405e-03
-1.117910817265510559e-01
-4.618274047970771790e-02
-8.748677372932434082e-02
-3.747603297233581543e-02
-8.783516287803649902e-02
3.807440027594566345e-02
-8.974652737379074097e-02
7.732336968183517456e-02
-1.587845198810100555e-02
4.564063996076583862e-02
-1.476977602578699589e-03
1.243720483034849167e-02
-1.405383180826902390e-02
-1.848442479968070984e-02
-2.293573506176471710e-02
2.410167641937732697e-02
-1.877765543758869171e-02
-2.006450109183788300e-02
7.204509805887937546e-03
-5.670155957341194153e-02
3.533747047185897827e-02
5.264409631490707397e-02
-2.358827553689479828e-02
7.502050697803497314e-02
-4.870347678661346436e-02
1.210805959999561310e-03
2.894546277821063995e-02
-4.979067016392946243e-03
1.715800352394580841e-02
-1.046190969645977020e-02
-1.778478361666202545e-02
-3.455431759357452393e-02
-3.481871262192726135e-02
1.885614357888698578e-02
-6.301537901163101196e-02
5.433702096343040466e-02
3.792833909392356873e-02
-1.312602162361145020e-01
-7.187211513519287109e-02
-3.326667472720146179e-02
4.839735850691795349e-02
-1.227815262973308563e-02
-6.850869953632354736e-02
2.734751440584659576e-02
-3.393789380788803101e-02
3.918464854359626770e-02
-7.160630077123641968e-02
1.914386753924190998e-03
-3.355759382247924805e-02
1.201492361724376678e-02
-2.427784912288188934e-02
-3.914965689182281494e-02
2.043863199651241302e-02
6.529165059328079224e-02
3.103675879538059235e-02
7.312665693461894989e-03
1.204613875597715378e-02
7.770243100821971893e-03
1.800402184017002583e-03
3.243457153439521790e-02
6.159745529294013977e-02
-3.104250133037567139e-02
3.944524377584457397e-02
-5.302071198821067810e-02
-5.403034016489982605e-02
2.552052214741706848e-02
6.970192492008209229e-02
-2.071232907474040985e-02
4.970389232039451599e-02
-2.926851250231266022e-02
-3.065168857574462891e-03
2.030828967690467834e-03
-1.125696152448654175e-01
3.801080211997032166e-02
-5.938537046313285828e-02
1.545224804431200027e-02
-2.018334157764911652e-02
1.341243926435709000e-02
3.754846006631851196e-02
-8.559592068195343018e-03
5.698424950242042542e-02
-1.055579446256160736e-02
-5.316771194338798523e-02
1.096748746931552887e-03
2.608552388846874237e-02
-6.407241523265838623e-02
-1.010469645261764526e-01
7.026168052107095718e-03
-2.165801415685564280e-04
-6.694217026233673096e-02
-1.325308438390493393e-02
1.803410239517688751e-03
2.061649784445762634e-02
2.300484105944633484e-02
-4.533326625823974609e-02
2.115657553076744080e-02
1.288918554782867432e-01
1.071303635835647583e-01
7.913592271506786346e-03
-2.369291149079799652e-02
-4.208299145102500916e-02
3.128439188003540039e-02
-1.294579240493476391e-03
-7.105497270822525024e-02
3.097932226955890656e-02
-1.546741346828639507e-03
8.865928649902343750e-02
-1.132750418037176132e-03
-1.513525261543691158e-03
-1.172662992030382156e-02
5.956282094120979309e-02
3.224853798747062683e-02
-3.655430674552917480e-02
-2.671195007860660553e-02
3.982920199632644653e-02
1.069394778460264206e-02
-5.852264910936355591e-02
1.679841801524162292e-02
-3.352126106619834900e-02
2.620205841958522797e-02
-3.933157399296760559e-02
-3.617179021239280701e-02
2.079181559383869171e-02
-4.379849135875701904e-02
1.679894165135920048e-03
-5.880146101117134094e-02
-2.101446874439716339e-02
-1.478603668510913849e-02
-1.288629770278930664e-01
-2.494110492989420891e-03
-2.022283151745796204e-02
1.275984221138060093e-03
1.038991007953882217e-02
1.317821908742189407e-02
-6.864735390990972519e-03
-1.172855217009782791e-02
5.746449809521436691e-03
-1.108487695455551147e-01
5.613433942198753357e-02
-7.107896264642477036e-03
-3.863175585865974426e-02
-8.795350790023803711e-03
5.315310880541801453e-02
-8.027089759707450867e-03
9.012044221162796021e-02
-1.234332658350467682e-02
4.517459496855735779e-02
3.805539757013320923e-02
-8.234934881329536438e-03
2.849844843149185181e-02
-3.638541325926780701e-03
-4.309637844562530518e-02
7.130298018455505371e-02
4.553385544568300247e-03
2.514763735234737396e-02
-6.268437718972563744e-04
3.211699053645133972e-02
-6.314723938703536987e-02
7.887361943721771240e-02
-7.293056696653366089e-02
-3.310368582606315613e-02
5.420848354697227478e-02
-1.708564721047878265e-02
-7.390332221984863281e-02
-4.412666335701942444e-02
-4.862824454903602600e-02
3.378687798976898193e-02
5.577025003731250763e-03
4.631388559937477112e-02
6.534752994775772095e-02
-7.541310042142868042e-02
1.000891346484422684e-02
-5.968834832310676575e-02
4.236435983330011368e-03
2.423981763422489166e-02
-4.769616201519966125e-02
-5.644825473427772522e-02
5.627652630209922791e-03
5.236304923892021179e-02
3.938389196991920471e-02
3.488621441647410393e-03
5.347671732306480408e-02
-7.272740453481674194e-02
-1.326833479106426239e-02
5.956897046416997910e-03
1.363318064250051975e-03
-5.487200990319252014e-02
2.194416709244251251e-02
-1.378195825964212418e-02
-8.096467703580856323e-02
-7.711560279130935669e-02
-3.230639547109603882e-02
6.766486167907714844e-02
-7.026189006865024567e-03
-5.003632977604866028e-02
2.511472627520561218e-02
-2.539020031690597534e-02
3.589603304862976074e-02
6.635745987296104431e-03
1.333874091506004333e-02
1.168718095868825912e-02
5.651706457138061523e-02
1.101970765739679337e-02
-6.784361600875854492e-02
-6.263797730207443237e-02
-4.063964821398258209e-03
-4.632651805877685547e-02
5.488906055688858032e-02
-5.649195984005928040e-03
-5.750630795955657959e-02
-2.873950451612472534e-02
2.386419475078582764e-02
-1.544254831969738007e-02
4.030321538448333740e-02
3.378492593765258789e-02
-2.647491917014122009e-02
-3.530890913680195808e-03
6.844975985586643219e-03
-1.040698844008147717e-03
-1.006755512207746506e-02
-6.541201472282409668e-02
1.188923977315425873e-02
-4.829865694046020508e-02
-6.269379705190658569e-02
4.458905011415481567e-02
5.918791517615318298e-02
5.246758833527565002e-02
3.929774742573499680e-03
3.904130682349205017e-02
-8.559807389974594116e-02
2.685776725411415100e-02
2.940277755260467529e-02
2.163771539926528931e-02
-5.912088789045810699e-03
1.130618806928396225e-02
4.977450892329216003e-02
4.423480480909347534e-02
-5.680601671338081360e-02
-3.967007622122764587e-02
-3.024368733167648315e-02
-1.638897880911827087e-02
-9.859169274568557739e-02
-4.527465999126434326e-02
-3.186363726854324341e-02
-4.748931154608726501e-02
-3.007781691849231720e-02
-4.402453824877738953e-02
1.460406463593244553e-02
-2.581161260604858398e-02
3.643322736024856567e-02
-7.028294354677200317e-02
-7.857741415500640869e-02
-5.663782358169555664e-02
6.056815385818481445e-02
1.776099391281604767e-02
4.656536132097244263e-02
-5.891967564821243286e-02
-4.549532011151313782e-02
1.195871178060770035e-02
2.939037606120109558e-02
-2.565097436308860779e-02
1.049722358584403992e-02
-5.492554232478141785e-02
4.487700760364532471e-02
-1.634370163083076477e-02
7.659161090850830078e-02
3.893268108367919922e-02
-1.195568218827247620e-02
-4.578408226370811462e-02
-2.371717058122158051e-02
-1.681789569556713104e-02
4.567783698439598083e-02
2.253260649740695953e-02
-7.089749723672866821e-02
2.100739814341068268e-02
1.074379403144121170e-02
1.056602038443088531e-02
-1.158506143838167191e-02
-3.625476360321044922e-02
-9.308418259024620056e-03
-8.290438354015350342e-02
6.450704485177993774e-02
9.937214199453592300e-04
2.558900974690914154e-02
-4.153042659163475037e-02
-2.642370201647281647e-02
4.066062346100807190e-02
4.934076592326164246e-02
-8.055217913351953030e-04
7.329126237891614437e-04
-3.165377676486968994e-02
-1.618376374244689941e-02
-7.075322791934013367e-03
1.423748955130577087e-02
8.889072388410568237e-02
1.152910292148590088e-01
-1.575093530118465424e-02
-2.320401370525360107e-02
-7.181564718484878540e-02
-2.494031377136707306e-02
-7.017118483781814575e-02
2.185860089957714081e-02
1.764856092631816864e-02
-5.990189686417579651e-02
