3.527991473674774170e-02
-3.973347693681716919e-02
-7.299841381609439850e-03
7.690902333706617355e-03
6.080217659473419189e-03
2.847752720117568970e-02
1.342248171567916870e-02
-2.272974699735641479e-02
-2.659980393946170807e-02
2.652922458946704865e-02
-1.694412156939506531e-02
1.677810959517955780e-02
1.666773296892642975e-02
1.220163516700267792e-02
-1.360735669732093811e-02
-9.823094122111797333e-03
6.845783907920122147e-03
3.705863608047366142e-03
1.456660479307174683e-01
4.603829979896545410e-02
6.319117732346057892e-03
5.360851809382438660e-02
-3.316432237625122070e-02
-8.985151071101427078e-04
-1.528412662446498871e-02
1.835009665228426456e-03
-1.738449931144714355e-02
-1.997909508645534515e-02
-3.297155350446701050e-02
-1.200119615532457829e-03
5.397872626781463623e-02
-3.569694526959210634e-04
1.495767198503017426e-02
-1.964177936315536499e-02
1.327771134674549103e-02
2.638185210525989532e-02
-1.846714131534099579e-02
2.980330586433410645e-02
2.051828801631927490e-02
-2.784794755280017853e-02
-2.808597870171070099e-02
-1.548911724239587784e-02
-9.143798053264617920e-02
-4.353667050600051880e-02
-1.870257593691349030e-02
-1.211453881114721298e-02
-3.824311867356300354e-02
2.459436189383268356e-03
1.664401963353157043e-02
7.034670095890760422e-03
9.643306955695152283e-03
-7.457122951745986938e-02
2.897227928042411804e-02
-5.864035338163375854e-03
-5.315657705068588257e-02
-2.692547440528869629e-02
-1.669231918640434742e-03
-2.263973932713270187e-03
4.242815077304840088e-01
6.460655480623245239e-02
-2.980640530586242676e-02
2.100293152034282684e-02
2.169323898851871490e-02
-2.895590476691722870e-02
3.391792997717857361e-03
4.226583987474441528e-02
2.578479005023837090e-03
-2.966194599866867065e-02
3.774154558777809143e-02
1.639364100992679596e-02
2.904388308525085449e-02
-7.619584444910287857e-03
-2.543598972260951996e-02
-1.107451599091291428e-02
1.032831240445375443e-02
2.397241629660129547e-02
-1.906989701092243195e-02
-1.885934360325336456e-02
1.719843409955501556e-02
1.056252121925354004e-01
-2.421232871711254120e-02
2.444812282919883728e-02
-1.088143885135650635e-02
7.709944248199462891e-02
4.742139577865600586e-02
1.804343797266483307e-02
1.444374956190586090e-02
9.992921724915504456e-03
4.337218403816223145e-02
1.062259823083877563e-02
3.487267997115850449e-03
1.335692498832941055e-02
1.775867491960525513e-02
1.917592622339725494e-02
-1.584413833916187286e-02
-1.607606746256351471e-02
2.157889679074287415e-02
-2.356499992311000824e-02
3.174234181642532349e-02
-1.021168101578950882e-02
-1.548504922538995743e-02
1.769278943538665771e-02
-7.304100436158478260e-04
1.848132722079753876e-02
1.331263035535812378e-02
-2.957272715866565704e-02
2.299806289374828339e-02
-2.376625686883926392e-02
4.234212636947631836e-02
-3.400135412812232971e-02
-1.468165963888168335e-02
1.887114346027374268e-02
-7.098178844898939133e-03
-4.253867547959089279e-03
-1.694322004914283752e-02
-1.951168477535247803e-02
5.484052002429962158e-03
-2.561799064278602600e-02
1.427533384412527084e-02
-2.526501659303903580e-03
-8.012305945158004761e-03
4.860355518758296967e-03
-1.217550784349441528e-02
-1.437096111476421356e-02
-3.101813048124313354e-02
8.396437391638755798e-03
-8.355728350579738617e-03
-2.447290578857064247e-03
9.213486686348915100e-03
5.183056369423866272e-02
-3.445991873741149902e-02
-2.443633601069450378e-02
-3.773463889956474304e-02
-6.677663885056972504e-03
-2.426155470311641693e-02
6.774165667593479156e-03
-6.844413466751575470e-03
2.041672728955745697e-02
-1.189651787281036377e-01
1.380220800638198853e-02
-6.166380271315574646e-02
-1.773877814412117004e-02
-2.424150519073009491e-02
-2.598722465336322784e-02
-2.971000596880912781e-02
1.566892117261886597e-01
-1.364844292402267456e-02
-8.819789625704288483e-03
-1.254667714238166809e-02
-3.955622762441635132e-02
2.943295799195766449e-02
1.930871047079563141e-02
-1.947133243083953857e-02
2.235332503914833069e-02
-4.991056357539491728e-06
-2.124202810227870941e-02
5.016470327973365784e-03
5.890513304620981216e-03
-5.982172861695289612e-02
-1.323755178600549698e-02
2.071335911750793457e-02
-6.213884055614471436e-02
2.337914332747459412e-02
3.037206269800662994e-02
1.446208916604518890e-02
6.322200596332550049e-02
-2.013992518186569214e-03
-7.791546639055013657e-03
-9.054733440279960632e-03
-2.725010039284825325e-03
3.123153001070022583e-02
-1.812385208904743195e-02
1.590988226234912872e-02
8.854419866111129522e-05
5.059420689940452576e-02
2.588559500873088837e-02
1.715854182839393616e-02
-9.194668382406234741e-03
-6.570844352245330811e-02
-7.987572811543941498e-03
-2.799051348119974136e-03
-3.764646500349044800e-02
-9.948190301656723022e-03
3.591321781277656555e-02
1.479186490178108215e-02
5.105502903461456299e-02
-3.296501934528350830e-02
-1.289270818233489990e-02
1.647524652071297169e-03
2.012133039534091949e-02
5.266171693801879883e-02
5.551216378808021545e-02
7.282230071723461151e-03
-3.466355055570602417e-02
2.543923910707235336e-03
2.837783470749855042e-02
2.350017242133617401e-02
3.416086733341217041e-02
5.032121017575263977e-02
-2.727830782532691956e-02
3.008922003209590912e-02
3.281475603580474854e-02
4.885923117399215698e-02
-3.475683927536010742e-02
9.352802298963069916e-03
-2.389053255319595337e-02
6.207053083926439285e-03
1.927197352051734924e-02
1.704640872776508331e-02
-1.065404862165451050e-01
-6.011124700307846069e-03
-9.295319207012653351e-03
5.719762761145830154e-03
1.726081967353820801e-02
-3.515828400850296021e-03
-2.503176033496856689e-02
-2.893593627959489822e-03
5.028108879923820496e-02
-1.557598728686571121e-02
-1.839122618548572063e-03
-2.270306926220655441e-03
-7.504534125328063965e-01
-1.886442187242209911e-03
-3.894919529557228088e-02
-7.855623960494995117e-03
-9.785063564777374268e-03
8.340204949490725994e-04
-2.302946988493204117e-03
1.139749772846698761e-02
4.237607121467590332e-03
-4.581647226586937904e-05
-3.783941641449928284e-02
1.354106701910495758e-02
6.505497265607118607e-03
-2.994515933096408844e-02
-2.540957881137728691e-03
-1.540426723659038544e-02
8.805070072412490845e-03
-6.118855439126491547e-03
-9.830509312450885773e-03
-1.754677505232393742e-03
1.448716223239898682e-02
-6.594736129045486450e-02
-1.352459006011486053e-02
-1.009142864495515823e-02
4.213335737586021423e-02
1.088665239512920380e-02
2.574447542428970337e-02
-2.142024599015712738e-02
-2.853676863014698029e-02
-6.306746508926153183e-03
-1.923950621858239174e-03
3.476031497120857239e-02
-1.400185003876686096e-02
-2.795731276273727417e-02
-1.288193091750144958e-02
7.096655666828155518e-02
3.328909724950790405e-02
-8.611559122800827026e-02
7.307612150907516479e-02
-1.977746747434139252e-02
-8.548305928707122803e-02
5.164793692529201508e-03
5.878117866814136505e-03
-5.403414368629455566e-03
-2.076869271695613861e-02
9.153109788894653320e-02
2.711730776354670525e-03
2.269130200147628784e-02
1.314152590930461884e-02
-1.084913238883018494e-01
2.555619925260543823e-02
-7.461445406079292297e-03
8.592645078897476196e-02
-3.270755708217620850e-02
7.477521896362304688e-03
-1.599034178070724010e-03
5.268731340765953064e-02
-1.509554386138916016e-01
-2.569564059376716614e-02
-2.196589112281799316e-02
-4.676624760031700134e-02
-5.514706298708915710e-02
-7.275162637233734131e-02
-9.121245890855789185e-02
-5.328453704714775085e-02
1.495736390352249146e-01
2.185715176165103912e-02
-1.931945444084703922e-03
-1.967943087220191956e-02
1.595414243638515472e-02
6.320999562740325928e-02
-2.412473596632480621e-02
-2.559986151754856110e-02
-1.051758322864770889e-02
8.853614330291748047e-02
3.162910044193267822e-02
7.624783366918563843e-02
-4.603741690516471863e-04
-9.897333383560180664e-02
6.359657645225524902e-02
2.828929864335805178e-04
8.705036640167236328e-01
-7.458830624818801880e-02
5.787758156657218933e-02
-7.130841910839080811e-02
2.548910863697528839e-02
1.711101154796779156e-03
-2.968446724116802216e-02
8.986090123653411865e-02
-3.105727955698966980e-02
-7.439486682415008545e-02
1.309669464826583862e-01
1.478905696421861649e-02
-1.218783035874366760e-01
-5.452160164713859558e-02
-1.066959872841835022e-01
3.181843459606170654e-02
-3.927366808056831360e-02
8.791789412498474121e-03
-4.842962697148323059e-02
-3.016007132828235626e-02
7.405004929751157761e-03
-2.047986537218093872e-02
-5.599034950137138367e-03
2.856362238526344299e-02
-9.055436588823795319e-03
8.413894474506378174e-02
-4.363698512315750122e-02
-4.699363838881254196e-03
3.128192201256752014e-02
3.111055865883827209e-02
3.915666602551937103e-03
3.388831764459609985e-02
-8.844607509672641754e-03
5.454721860587596893e-03
-5.075347423553466797e-02
-2.144975960254669189e-02
2.905348129570484161e-02
-7.387750782072544098e-03
-2.660554088652133942e-02
1.345159206539392471e-02
-9.909620881080627441e-02
3.392855823040008545e-02
1.819765567779541016e-02
-9.237879887223243713e-03
-5.690371990203857422e-02
-2.336317300796508789e-02
1.850679749622941017e-03
-4.255998507142066956e-02
4.751320555806159973e-02
7.119074463844299316e-03
-4.973900504410266876e-03
-8.744877763092517853e-03
-6.900928169488906860e-02
8.236820250749588013e-02
-1.483701448887586594e-02
-4.508166015148162842e-02
-4.133179038763046265e-02
-2.276392653584480286e-03
-1.220378093421459198e-02
-5.602105986326932907e-03
7.136710733175277710e-02
-2.166761842090636492e-04
-2.143787778913974762e-02
-7.336367852985858917e-03
1.029849331825971603e-02
-5.377224832773208618e-02
-1.178224161267280579e-01
1.440277509391307831e-02
-3.722362965345382690e-02
1.228154227137565613e-01
1.053372398018836975e-02
4.608295112848281860e-02
6.357301771640777588e-02
-5.721588060259819031e-02
-8.581736683845520020e-02
1.352712605148553848e-02
-4.025759175419807434e-02
-2.585180290043354034e-02
-5.547565966844558716e-02
-7.431677542626857758e-03
-4.311994090676307678e-02
2.409769594669342041e-02
4.585150629281997681e-03
4.071900248527526855e-02
-3.790931543335318565e-03
3.413961082696914673e-02
5.611047148704528809e-02
-3.933920338749885559e-02
8.192135952413082123e-03
-7.678956538438796997e-02
-5.163259431719779968e-02
2.415302023291587830e-02
5.684861913323402405e-02
-4.794076085090637207e-02
2.316524088382720947e-02
-4.153199866414070129e-02
4.301617853343486786e-03
1.379958074539899826e-02
1.921680755913257599e-02
6.040149927139282227e-02
2.070654742419719696e-02
-2.147764340043067932e-02
-2.202098025009036064e-03
3.705423325300216675e-02
3.709492087364196777e-02
-7.441794127225875854e-02
6.022420898079872131e-02
-4.589742049574851990e-03
-8.837120980024337769e-02
-4.894026368856430054e-02
2.307177148759365082e-02
1.458264654502272606e-03
3.794995695352554321e-02
9.570399299263954163e-03
1.608105027116835117e-03
-2.991531603038311005e-02
2.581370063126087189e-03
-9.391807019710540771e-03
-5.289475992321968079e-02
-3.185112774372100830e-02
-8.134284615516662598e-02
-1.054472699761390686e-01
1.735289208590984344e-02
-1.186707988381385803e-02
-6.959939748048782349e-02
3.550913929939270020e-02
3.585609048604965210e-02
-2.364670298993587494e-02
2.116884291172027588e-02
5.323399975895881653e-02
-1.865617558360099792e-02
1.667010411620140076e-02
-3.058088943362236023e-02
5.828737467527389526e-02
4.817988350987434387e-02
-5.870818719267845154e-02
-2.069105021655559540e-02
5.490477755665779114e-02
-8.741914294660091400e-03
5.884428508579730988e-03
1.742920652031898499e-02
-3.348415251821279526e-03
-4.993383586406707764e-02
-8.692529983818531036e-03
-3.562783822417259216e-02
-9.920553863048553467e-02
-1.354712527245283127e-02
7.385836448520421982e-03
-2.179094124585390091e-03
2.709525264799594879e-02
2.664955519139766693e-02
-2.124186605215072632e-02
3.732575103640556335e-02
1.410177815705537796e-02
2.986056916415691376e-02
-1.882339827716350555e-02
-2.889909781515598297e-02
4.760620370507240295e-02
2.771598286926746368e-02
3.565372526645660400e-02
-1.794816367328166962e-02
2.132136188447475433e-02
5.769783258438110352e-02
-4.770667478442192078e-02
-5.956632643938064575e-02
4.610621929168701172e-02
6.426578387618064880e-03
-5.751316435635089874e-03
-1.814051903784275055e-02
-4.122518375515937805e-02
1.756964810192584991e-02
-1.353763788938522339e-02
5.971310660243034363e-02
-1.699822768568992615e-02
2.547012874856591225e-03
-7.071015238761901855e-02
9.167652577161788940e-02
-4.158534109592437744e-02
-5.132630839943885803e-02
-6.605323404073715210e-02
-2.829280123114585876e-02
-2.122326055541634560e-03
-6.125877145677804947e-03
2.036711573600769043e-02
-1.744828186929225922e-02
2.175384014844894409e-02
-1.630169339478015900e-02
1.693807728588581085e-02
4.307186976075172424e-02
-1.987316459417343140e-02
-1.128813922405242920e-01
3.502627089619636536e-02
1.393865142017602921e-02
1.654073409736156464e-02
1.742026652209460735e-03
-5.204529687762260437e-02
-3.707985207438468933e-02
1.626475341618061066e-02
-1.057101264595985413e-01
2.751916833221912384e-02
-5.761915235780179501e-04
-5.013216659426689148e-02
2.272456325590610504e-02
2.649643085896968842e-02
1.313687767833471298e-02
-7.044523209333419800e-02
-1.837267354130744934e-02
-7.808834314346313477e-02
3.049276210367679596e-02
-8.844327926635742188e-02
2.142944186925888062e-02
-2.646178752183914185e-02
1.931535452604293823e-02
9.994599968194961548e-03
4.075185209512710571e-02
3.193418681621551514e-02
-6.979313492774963379e-02
3.001403436064720154e-02
2.599331922829151154e-02
1.193521246314048767e-01
1.253111846745014191e-02
-4.046906903386116028e-02
2.016806229948997498e-02
-9.262546896934509277e-02
2.839310094714164734e-02
3.998941928148269653e-02
1.840364746749401093e-02
1.234403811395168304e-02
-7.106444798409938812e-03
9.244442917406558990e-03
6.369813811033964157e-03
7.122818380594253540e-02
6.840535998344421387e-02
-8.764743804931640625e-02
-4.960324149578809738e-04
3.525615856051445007e-02
-2.140906266868114471e-02
2.343382686376571655e-02
6.900202017277479172e-03
-3.244338929653167725e-02
2.745671570301055908e-02
1.790238916873931885e-02
3.256141906604170799e-03
7.245494425296783447e-02
-2.276495099067687988e-02
-2.892805030569434166e-03
2.060384117066860199e-02
-3.280569240450859070e-02
2.830521203577518463e-02
-9.629249572753906250e-02
5.738996551372110844e-04
-8.115144446492195129e-03
-3.213765472173690796e-02
7.140745967626571655e-02
-9.425329975783824921e-03
2.190568484365940094e-03
4.449580982327461243e-02
1.032151374965906143e-02
-1.289676278829574585e-01
-7.376627624034881592e-02
4.606885090470314026e-02
2.552830614149570465e-02
-6.900248117744922638e-03
9.462716430425643921e-02
-2.967525646090507507e-02
-3.722927719354629517e-02
6.706340610980987549e-02
1.883422583341598511e-02
1.784226670861244202e-02
7.748213596642017365e-03
1.858878508210182190e-02
-1.485244650393724442e-02
3.604296967387199402e-02
2.635223791003227234e-02
2.380239963531494141e-02
9.041031822562217712e-03
2.328703366219997406e-02
1.758273132145404816e-02
3.280756995081901550e-02
3.695557266473770142e-02
-9.016416966915130615e-03
-5.186548456549644470e-02
-4.547982010990381241e-03
-9.390874207019805908e-02
-3.746896982192993164e-03
-1.448847906431183219e-04
-3.497673571109771729e-02
5.279034748673439026e-02
-1.209133211523294449e-02
-4.860791191458702087e-02
4.047470912337303162e-02
2.963777445256710052e-02
1.170519739389419556e-01
-2.424118667840957642e-02
2.089272812008857727e-02
2.841033041477203369e-02
1.128266938030719757e-02
-2.239015139639377594e-02
2.249629795551300049e-02
6.570379715412855148e-03
-6.387702655047178268e-03
8.071644604206085205e-02
-1.049937400966882706e-02
-4.462359473109245300e-02
6.357293110340833664e-03
3.945004940032958984e-02
-1.367217022925615311e-02
-1.526561938226222992e-02
-1.194226276129484177e-02
-2.923932485282421112e-02
1.009529922157526016e-02
-1.933476515114307404e-02
-1.278210729360580444e-01
1.044707838445901871e-02
-9.727829694747924805e-02
-3.539523854851722717e-02
5.131151061505079269e-03
-1.285004545934498310e-03
-4.578207805752754211e-02
-1.183943543583154678e-02
2.522030286490917206e-02
-3.050878411158919334e-03
-1.269556432962417603e-01
5.028466880321502686e-02
-1.577478367835283279e-03
-2.726798318326473236e-02
-1.098475698381662369e-02
1.896608248353004456e-02
-1.078852117061614990e-01
3.953677043318748474e-02
-3.028694540262222290e-02
3.817717358469963074e-02
6.104807555675506592e-02
1.043821349740028381e-01
5.475964397192001343e-02
8.339523337781429291e-03
8.015236258506774902e-02
3.157930448651313782e-02
-1.313485652208328247e-01
-3.484021499752998352e-02
-1.122115086764097214e-02
-6.781256943941116333e-02
-7.846465706825256348e-02
-1.248984690755605698e-02
2.864535525441169739e-02
6.774354260414838791e-03
-1.024187263101339340e-02
-2.235650271177291870e-02
3.470965847373008728e-02
5.435084179043769836e-02
-9.810517542064189911e-03
6.372085044858977199e-05
1.625518873333930969e-02
-4.540913179516792297e-02
8.816923946142196655e-03
1.230086782015860081e-03
2.393687330186367035e-02
6.614830810576677322e-03
-1.908488571643829346e-02
9.336018934845924377e-03
1.656767725944519043e-02
-2.165005914866924286e-02
6.075644399970769882e-03
1.011122092604637146e-01
-7.260798476636409760e-03
2.362812124192714691e-02
6.902404874563217163e-02
-5.676306411623954773e-02
-4.352371767163276672e-02
-1.806999184191226959e-02
-6.396800279617309570e-02
1.275355345569550991e-03
4.386705532670021057e-02
6.291862577199935913e-03
-6.179698184132575989e-02
-3.251987695693969727e-02
-6.809968501329421997e-02
-6.647541373968124390e-02
4.322630912065505981e-02
-4.141017794609069824e-02
-9.280454367399215698e-03
-9.708385914564132690e-02
2.603702805936336517e-02
4.696207121014595032e-03
5.237685889005661011e-02
1.378257665783166885e-02
-7.500999420881271362e-02
7.942503318190574646e-03
3.850177675485610962e-02
8.152800798416137695e-02
-3.870041295886039734e-02
-1.245251670479774475e-02
-2.037626318633556366e-02
-2.108438871800899506e-02
-2.925691660493612289e-03
4.260860383510589600e-03
5.678445473313331604e-02
6.920064240694046021e-02
5.718696117401123047e-02
5.040426179766654968e-02
4.433894902467727661e-02
3.389617428183555603e-02
-5.852953344583511353e-02
2.017046511173248291e-02
-1.409255061298608780e-02
-5.649779457598924637e-03
-5.414127372205257416e-03
4.350880626589059830e-03
-4.639589786529541016e-02
-2.557602711021900177e-02
1.001756731420755386e-02
5.544751416891813278e-03
-1.049179863184690475e-02
1.157181710004806519e-02
4.117754474282264709e-02
-4.768638685345649719e-02
-6.664903461933135986e-02
5.760746542364358902e-03
2.050292678177356720e-02
-5.763322114944458008e-02
-2.051610127091407776e-02
-3.471995517611503601e-02
7.196842343546450138e-04
2.961462363600730896e-02
-4.523367807269096375e-02
8.587837219238281250e-02
-3.116730041801929474e-02
4.167187586426734924e-02
-2.160644717514514923e-02
-2.421143837273120880e-02
-2.699867356568574905e-03
4.777512326836585999e-02
-3.883438557386398315e-02
1.777932234108448029e-02
-8.782180026173591614e-03
6.255619972944259644e-02
5.781672522425651550e-02
3.543542325496673584e-02
-1.099754590541124344e-02
-4.356494918465614319e-02
-8.240785449743270874e-02
4.041408002376556396e-02
-1.163148600608110428e-02
-7.090337574481964111e-02
-3.281585173681378365e-03
-1.076128683052957058e-03
-7.262075692415237427e-02
4.489359632134437561e-02
7.989616715349256992e-04
4.672067984938621521e-02
-7.601701654493808746e-03
8.418457955121994019e-02
1.472920924425125122e-02
-4.842314869165420532e-02
-4.118248447775840759e-02
-7.864167541265487671e-02
-1.972846314311027527e-02
2.288966625928878784e-02
-1.107055917382240295e-01
4.712728038430213928e-02
-4.651401937007904053e-02
-4.565880075097084045e-02
2.291095815598964691e-02
-8.565634489059448242e-02
-3.327796235680580139e-02
4.222350195050239563e-02
6.820648442953824997e-03
6.163595989346504211e-02
-1.440333854407072067e-02
3.098880872130393982e-02
5.249544978141784668e-02
5.297127738595008850e-02
1.984607055783271790e-02
1.833306439220905304e-02
-4.057990759611129761e-02
1.094267889857292175e-02
7.405118644237518311e-02
8.181836456060409546e-02
-1.155312545597553253e-02
-3.250697627663612366e-02
-1.164764836430549622e-01
-3.272724896669387817e-02
6.087458133697509766e-02
-1.407278236001729965e-03
-4.386339709162712097e-02
-1.270018611103296280e-02
-5.996545031666755676e-02
-2.382013387978076935e-02
2.226937934756278992e-02
-1.646689698100090027e-02
-1.800557039678096771e-02
3.555184230208396912e-02
9.746753610670566559e-03
5.265791434794664383e-03
1.690929569303989410e-02
4.889006167650222778e-02
-2.216259576380252838e-02
1.011891476809978485e-02
-4.752809554338455200e-02
-9.643052518367767334e-02
2.311940118670463562e-02
6.013192981481552124e-02
-5.992620065808296204e-02
-4.824239760637283325e-02
-1.184273362159729004e-01
4.805401898920536041e-03
-8.537702262401580811e-02
-2.086700871586799622e-02
8.654408901929855347e-02
-4.056992754340171814e-02
1.919803395867347717e-02
-6.489209830760955811e-02
-6.304813176393508911e-02
2.080718800425529480e-02
2.567916922271251678e-02
1.661055721342563629e-02
-9.482716210186481476e-03
-1.365851610898971558e-02
-1.374564506113529205e-02
-3.201712295413017273e-02
8.022258058190345764e-03
1.621222309768199921e-02
-2.413315884768962860e-02
-1.286649145185947418e-02
-5.119274929165840149e-02
1.203422714024782181e-02
2.110252156853675842e-02
3.610625630244612694e-03
-1.519863260909914970e-03
-3.694435209035873413e-02
