1.103445608168840408e-02
-1.849778927862644196e-02
-2.791130915284156799e-02
-1.904128119349479675e-02
1.188230980187654495e-02
1.050257682800292969e-02
-5.597856827080249786e-03
-5.799356848001480103e-02
-2.457684651017189026e-02
3.053463436663150787e-02
-2.212173305451869965e-02
2.019865997135639191e-02
5.472631193697452545e-03
-7.222414948046207428e-03
-1.889389008283615112e-02
-2.639957144856452942e-02
-2.650845097377896309e-03
-2.450304105877876282e-02
1.589249074459075928e-01
4.318326339125633240e-02
-1.611452433280646801e-03
4.513782635331153870e-02
-2.423346601426601410e-02
-1.228860113769769669e-02
-8.715510368347167969e-03
1.956828497350215912e-02
-4.287433810532093048e-03
3.550289198756217957e-03
-1.810778677463531494e-02
-4.147182626184076071e-04
5.223488435149192810e-02
-1.935463026165962219e-02
6.013155914843082428e-03
-9.056133218109607697e-03
7.431634701788425446e-03
3.519812971353530884e-02
-7.813418633304536343e-04
1.647569797933101654e-02
7.004677783697843552e-03
-2.910794690251350403e-02
-1.347607932984828949e-02
-7.739854976534843445e-03
-8.182605355978012085e-02
-4.622051119804382324e-02
-2.303466759622097015e-02
-1.545964005345012993e-05
-6.459827721118927002e-02
6.539071910083293915e-03
3.154089301824569702e-02
1.027444656938314438e-02
1.341910846531391144e-02
-4.724821075797080994e-02
2.312485687434673309e-02
3.282855497673153877e-03
-5.376587063074111938e-02
-1.868586800992488861e-02
8.872367441654205322e-03
-3.116323146969079971e-03
4.049691855907440186e-01
7.466380298137664795e-02
-2.359297499060630798e-02
2.856094390153884888e-03
1.678003184497356415e-02
-2.800740115344524384e-02
1.563194766640663147e-02
2.352277375757694244e-02
2.179302088916301727e-02
-1.722884364426136017e-02
5.409704148769378662e-02
3.843601793050765991e-02
1.548819057643413544e-02
-8.078568615019321442e-03
-2.247804217040538788e-02
-3.747735172510147095e-03
1.799146458506584167e-02
-1.245531532913446426e-02
-4.939053952693939209e-02
-3.555597364902496338e-02
4.442183300852775574e-02
7.249153405427932739e-02
-9.728941135108470917e-03
5.768751725554466248e-03
-1.091307960450649261e-03
7.311986386775970459e-02
2.952992171049118042e-02
9.353914298117160797e-03
2.517031272873282433e-03
1.090804766863584518e-02
3.734511882066726685e-02
3.309980779886245728e-02
5.159693770110607147e-03
-5.886408500373363495e-03
3.776883333921432495e-02
3.383644297719001770e-02
-1.598017662763595581e-02
-1.545749045908451080e-02
2.874571643769741058e-02
-3.862464800477027893e-02
4.582058638334274292e-02
1.142416056245565414e-02
-2.877957187592983246e-02
-1.217226963490247726e-02
-1.758095808327198029e-02
1.652143313549458981e-03
-1.463134307414293289e-03
-3.127053752541542053e-02
3.087950870394706726e-02
6.592832971364259720e-03
2.881677635014057159e-02
-5.438061803579330444e-02
-9.249801747500896454e-03
4.142669960856437683e-03
-1.682095974683761597e-02
-1.321941148489713669e-02
-1.943412795662879944e-02
-1.570243760943412781e-02
1.585340499877929688e-02
-2.383354678750038147e-02
-7.638553623110055923e-03
3.845112398266792297e-03
-1.062901923432946205e-03
-7.448478136211633682e-03
1.218118355609476566e-03
-8.223439566791057587e-03
-1.797319203615188599e-02
5.148798692971467972e-03
1.358108967542648315e-02
-4.440777003765106201e-03
1.283808145672082901e-02
3.594706952571868896e-02
-3.117952309548854828e-02
-3.146746382117271423e-02
-2.301936969161033630e-02
-3.929963335394859314e-03
-4.861648008227348328e-02
2.647560089826583862e-02
-9.369664825499057770e-03
3.246447816491127014e-02
-1.084359288215637207e-01
1.732414215803146362e-02
-6.179952993988990784e-02
-7.047168444842100143e-03
-3.043327108025550842e-02
-8.621406741440296173e-03
-3.306004032492637634e-02
1.363672614097595215e-01
-2.189299091696739197e-02
-1.616580598056316376e-02
-1.443254109472036362e-02
-3.016202338039875031e-02
4.754849895834922791e-02
2.893261983990669250e-02
-2.423064783215522766e-02
1.847104728221893311e-02
1.121797505766153336e-02
-6.962636951357126236e-03
8.306148461997509003e-03
2.204948541475459933e-04
-5.894737318158149719e-02
-9.062456898391246796e-03
2.013160288333892822e-02
-6.354016810655593872e-02
3.820325434207916260e-02
1.805633120238780975e-02
9.704634547233581543e-03
7.156008481979370117e-02
2.911536395549774170e-02
-2.418496733298525214e-04
3.019537311047315598e-03
9.870202280580997467e-03
1.444363128393888474e-02
-9.532673284411430359e-03
1.816457952372729778e-03
-8.090444840490818024e-03
3.546747937798500061e-02
2.731667645275592804e-02
5.619987845420837402e-03
1.131497044116258621e-02
-4.426544532179832458e-02
4.886090289801359177e-03
-1.594068482518196106e-02
-1.840757206082344055e-02
-1.223478000611066818e-03
3.228219598531723022e-02
2.899668365716934204e-02
3.742570802569389343e-02
-6.524254567921161652e-03
8.913630619645118713e-03
-2.901455387473106384e-03
2.882138825953006744e-02
4.902534931898117065e-02
5.634795129299163818e-02
9.969657287001609802e-03
-3.042581863701343536e-02
-1.598481903783977032e-03
2.864542230963706970e-02
9.483334608376026154e-03
3.392945975065231323e-02
5.373064056038856506e-02
-2.788566797971725464e-02
4.993491992354393005e-02
3.067214041948318481e-02
5.235679075121879578e-02
-1.849039830267429352e-02
1.570634357631206512e-02
-4.192854091525077820e-02
1.622888259589672089e-02
-8.894334547221660614e-03
-5.738354753702878952e-03
-9.841092675924301147e-02
-2.961248392239212990e-03
-1.772078499197959900e-02
1.572128944098949432e-02
1.515786536037921906e-02
-1.647971943020820618e-02
-3.420848026871681213e-02
-1.494836062192916870e-03
3.285937011241912842e-02
-3.936927299946546555e-03
-8.643410168588161469e-03
-6.617375183850526810e-04
-7.653518915176391602e-01
-1.806066371500492096e-02
-6.436787545680999756e-02
9.430768899619579315e-03
-6.579772103577852249e-03
2.073699049651622772e-02
-1.781742274761199951e-02
1.314319204539060593e-02
-7.200317922979593277e-03
-1.272258628159761429e-02
-1.784007623791694641e-02
1.345703564584255219e-02
-4.390646237879991531e-03
-2.614599093794822693e-02
3.146195784211158752e-03
-2.390475757420063019e-02
7.692495826631784439e-03
-6.335242505883798003e-05
-3.828316228464245796e-03
-4.754933994263410568e-03
3.022007085382938385e-02
-7.251286506652832031e-02
-3.847870975732803345e-02
6.605841219425201416e-03
3.838547691702842712e-02
2.591131627559661865e-02
1.993871666491031647e-02
3.152366727590560913e-03
-2.367286384105682373e-02
-1.172158867120742798e-02
6.468344479799270630e-03
3.584039583802223206e-02
2.056133933365345001e-03
-2.813794091343879700e-02
-3.493988420814275742e-03
-9.481907635927200317e-02
9.138793498277664185e-02
-1.364353895187377930e-01
9.067873656749725342e-02
-1.189335361123085022e-01
-1.128746196627616882e-01
-1.974459178745746613e-02
8.992095291614532471e-02
-9.311036206781864166e-03
-1.179291028529405594e-02
-2.620814740657806396e-02
2.550282701849937439e-02
8.775398135185241699e-02
4.657657444477081299e-02
-9.161284565925598145e-02
-3.025659732520580292e-02
-1.487574279308319092e-01
-4.304024949669837952e-02
-3.212695196270942688e-02
-4.305596277117729187e-02
-1.826739311218261719e-02
7.311540842056274414e-02
-1.551429778337478638e-01
-1.052384525537490845e-01
6.949629634618759155e-02
1.237284159287810326e-03
-7.701682299375534058e-02
-6.736396998167037964e-02
-8.351305872201919556e-02
-3.454958274960517883e-02
1.127368677407503128e-02
-1.838959939777851105e-02
6.289219856262207031e-02
9.172181040048599243e-02
3.161492198705673218e-02
2.080864906311035156e-01
-4.822269082069396973e-02
-4.517855122685432434e-02
-5.495351180434226990e-02
-1.887399703264236450e-02
2.908271364867687225e-02
1.152415126562118530e-01
1.359923277050256729e-02
-2.184159494936466217e-02
2.051827125251293182e-02
4.413776565343141556e-03
8.174727559089660645e-01
-7.260330766439437866e-02
5.683717131614685059e-02
1.049270853400230408e-01
2.522812597453594208e-02
-1.128792669624090195e-02
-6.349317729473114014e-02
3.618735074996948242e-02
6.216150242835283279e-03
-6.828494369983673096e-02
-3.855050727725028992e-02
5.805490538477897644e-02
3.603746369481086731e-02
3.858381882309913635e-02
-1.323898695409297943e-02
1.183671206235885620e-01
-7.147009670734405518e-02
5.417834594845771790e-02
-5.412802100181579590e-02
-3.582268953323364258e-02
1.345000974833965302e-02
-2.368969470262527466e-02
1.827938854694366455e-02
2.565173804759979248e-02
-1.339989993721246719e-02
7.611425966024398804e-02
-4.974918812513351440e-02
5.417901556938886642e-03
1.254365965723991394e-02
2.619548514485359192e-02
1.612575724720954895e-02
4.139434546232223511e-02
8.882100693881511688e-03
2.037104777991771698e-02
-3.063032776117324829e-02
-2.749438397586345673e-02
3.680653870105743408e-02
-9.105181321501731873e-03
-1.681999675929546356e-02
6.695982068777084351e-03
-6.919388473033905029e-02
2.417971752583980560e-02
3.136930242180824280e-02
4.139836877584457397e-02
-5.319086462259292603e-02
-2.520888671278953552e-02
2.499308623373508453e-02
-5.527740344405174255e-02
-2.288210950791835785e-02
4.740591719746589661e-02
-1.527911890298128128e-02
-2.246420271694660187e-02
-5.301743745803833008e-02
1.071630045771598816e-01
-2.139965258538722992e-02
-2.307229116559028625e-02
6.998484022915363312e-03
-1.414488651789724827e-04
-3.095760010182857513e-02
-2.045851200819015503e-02
7.871267199516296387e-02
-1.777141727507114410e-02
-2.674671635031700134e-02
8.160015568137168884e-04
1.764259301126003265e-02
-5.277623236179351807e-02
-1.154100447893142700e-01
-1.503677107393741608e-02
-2.445150725543498993e-02
8.552198857069015503e-02
-2.689687348902225494e-02
2.634775266051292419e-02
6.129097566008567810e-02
-7.466731220483779907e-02
-4.254564642906188965e-02
-6.510546430945396423e-03
-2.931338548660278320e-02
-2.196715958416461945e-02
-4.144446551799774170e-02
-2.156302146613597870e-02
-5.540645122528076172e-02
6.641748547554016113e-02
2.443018602207303047e-04
3.838435932993888855e-02
-5.062798154540359974e-04
1.963360980153083801e-02
3.476592153310775757e-02
-1.632527075707912445e-02
-2.298846142366528511e-03
-5.697939172387123108e-02
-4.146755859255790710e-02
-3.086539916694164276e-03
5.942156538367271423e-02
-4.992388188838958740e-02
2.082735113799571991e-02
-7.394915074110031128e-02
2.871485613286495209e-02
-1.479082088917493820e-02
-1.328985788859426975e-03
2.740600146353244781e-02
7.483392208814620972e-02
-5.156716704368591309e-02
-3.407218260690569878e-03
3.840806335210800171e-02
3.460268676280975342e-02
-7.803554832935333252e-02
8.325570821762084961e-02
-1.115166302770376205e-02
-1.015190705657005310e-01
-6.218316033482551575e-02
2.766714990139007568e-02
-2.350658737123012543e-02
3.811271861195564270e-02
5.568068940192461014e-03
1.202114042825996876e-03
-4.469177871942520142e-02
-3.587764501571655273e-02
-1.801335997879505157e-02
-2.412202768027782440e-02
-3.533538058400154114e-02
-1.028458625078201294e-01
-6.617448478937149048e-02
4.847964373766444623e-05
1.850481331348419189e-02
-5.482454970479011536e-02
2.770840562880039215e-02
1.601914875209331512e-02
-2.294861897826194763e-02
7.700325455516576767e-03
3.453454002737998962e-02
-4.070920124650001526e-02
3.031080774962902069e-02
-8.699843659996986389e-03
2.719404362142086029e-02
1.602964475750923157e-02
-5.321764200925827026e-02
-2.738672122359275818e-02
6.994710862636566162e-02
-1.665058173239231110e-02
-6.853311322629451752e-03
3.503885120153427124e-02
-3.041834011673927307e-02
-8.114775270223617554e-02
-2.495617605745792389e-02
-2.167272195219993591e-02
-8.226897567510604858e-02
-1.568299904465675354e-02
3.015480469912290573e-04
-2.287708781659603119e-02
1.257436349987983704e-02
5.068651214241981506e-02
-1.455794088542461395e-02
6.492681801319122314e-02
3.598126769065856934e-02
4.904458299279212952e-02
-1.234118267893791199e-02
-7.310835178941488266e-03
3.879630193114280701e-02
9.722244925796985626e-03
5.885746702551841736e-02
-3.727312386035919189e-02
3.182163089513778687e-02
8.432281762361526489e-02
-3.245400264859199524e-02
-4.892068356275558472e-02
3.479891642928123474e-02
-1.361577119678258896e-02
-2.008637599647045135e-02
-2.064117230474948883e-02
-3.062450140714645386e-02
1.704300940036773682e-02
2.825462492182850838e-03
9.258390218019485474e-02
-4.587190970778465271e-02
1.342896372079849243e-02
-7.898115366697311401e-02
8.594424277544021606e-02
-4.446431249380111694e-02
-4.056244343519210815e-02
-7.583224028348922729e-02
-2.009037323296070099e-02
-8.679638616740703583e-03
-3.118337690830230713e-02
2.704668417572975159e-02
-1.266304869204759598e-02
1.951909251511096954e-02
1.251312205567955971e-03
-3.739695996046066284e-03
6.678996980190277100e-02
-4.586971923708915710e-02
-7.806175202131271362e-02
7.115679979324340820e-02
-2.542172558605670929e-03
-9.297662414610385895e-03
-2.117821015417575836e-02
-4.570566490292549133e-02
-4.709549248218536377e-02
2.208290621638298035e-02
-9.921551495790481567e-02
3.124838881194591522e-02
3.768477588891983032e-03
-3.435205295681953430e-02
-8.536813780665397644e-03
3.155548498034477234e-02
1.209356822073459625e-02
-6.426222622394561768e-02
-2.127842232584953308e-02
-3.525505959987640381e-02
2.516476809978485107e-02
-6.983556598424911499e-02
1.060138270258903503e-02
-2.810725755989551544e-02
4.186015203595161438e-02
-4.715547256637364626e-04
1.805547997355461121e-02
4.201701655983924866e-02
-6.151497364044189453e-02
3.248063102364540100e-02
7.035409100353717804e-03
1.425674259662628174e-01
5.367302894592285156e-02
-6.558611989021301270e-02
3.130438923835754395e-02
-7.645204663276672363e-02
3.514053300023078918e-02
1.451949868351221085e-02
5.817485228180885315e-02
3.126537427306175232e-02
9.885397739708423615e-03
4.562247171998023987e-02
-4.603105038404464722e-02
3.785764425992965698e-02
4.166192561388015747e-02
-6.381367892026901245e-02
-9.712042286992073059e-03
6.133819464594125748e-03
-2.508567087352275848e-02
1.785673387348651886e-02
-1.152693759649991989e-03
-5.091056600213050842e-02
4.161109216511249542e-03
2.016929164528846741e-02
-3.956506960093975067e-03
1.040032804012298584e-01
-1.404713932424783707e-02
1.352228224277496338e-03
1.987815648317337036e-02
2.669712994247674942e-03
2.830975875258445740e-02
-8.029800653457641602e-02
3.181260451674461365e-02
-8.273581042885780334e-03
-1.909837685525417328e-02
2.635066583752632141e-02
-1.191304065287113190e-02
-1.350782695226371288e-03
9.956140071153640747e-03
1.625420898199081421e-02
-1.227463185787200928e-01
-4.741103202104568481e-02
3.351334854960441589e-02
2.856100164353847504e-02
-6.607114803045988083e-03
5.679161101579666138e-02
-4.644500557333230972e-03
-8.153173141181468964e-03
5.466787144541740417e-02
1.013240404427051544e-02
2.705878578126430511e-02
-3.482690372038632631e-04
6.172911729663610458e-03
-9.010315872728824615e-03
5.626368895173072815e-02
1.807130686938762665e-02
8.781789802014827728e-03
4.330113064497709274e-03
2.879759855568408966e-02
1.551320403814315796e-02
1.841348782181739807e-02
3.747341036796569824e-02
-2.067077532410621643e-02
-4.546699672937393188e-02
1.554482732899487019e-03
-8.344694226980209351e-02
-2.197908703237771988e-03
9.270800277590751648e-03
-1.668817922472953796e-02
4.426576942205429077e-02
-2.430560253560543060e-02
-3.047732636332511902e-02
5.409644171595573425e-02
7.478979229927062988e-02
1.338833272457122803e-01
-2.226957492530345917e-02
3.812322020530700684e-02
3.192049684002995491e-03
1.436933781951665878e-02
-2.547620423138141632e-02
3.470833599567413330e-02
-4.839989542961120605e-02
-3.259912133216857910e-02
7.392858713865280151e-02
-2.466070279479026794e-02
-7.143337745219469070e-03
-1.110933022573590279e-03
4.983850196003913879e-02
-2.932433784008026123e-02
-3.995337337255477905e-02
-2.666401863098144531e-02
-8.323421329259872437e-02
2.636835351586341858e-02
-2.910288050770759583e-02
-9.893351048231124878e-02
2.630614442750811577e-03
-6.168586388230323792e-02
-4.507644101977348328e-02
3.006694093346595764e-02
-7.769019808620214462e-03
-5.539776757359504700e-02
1.718788989819586277e-03
1.554434280842542648e-02
-2.822630340233445168e-03
-1.208706051111221313e-01
-1.299683470278978348e-02
-2.726597012951970100e-03
-9.642333723604679108e-03
1.442171260714530945e-02
2.441586367785930634e-02
-8.111432939767837524e-02
7.896536588668823242e-02
-3.040863573551177979e-02
2.712867036461830139e-02
5.254816636443138123e-02
9.718437492847442627e-02
3.135966509580612183e-02
3.180894628167152405e-02
8.038832247257232666e-02
2.017193473875522614e-02
-1.228532120585441589e-01
-3.124373592436313629e-02
-2.254708483815193176e-02
-5.816888064146041870e-02
-7.556356489658355713e-02
-2.265530405566096306e-03
2.283134311437606812e-02
4.983708262443542480e-02
-8.241140283644199371e-03
-2.294345013797283173e-02
2.170913666486740112e-02
5.097212642431259155e-02
1.852504909038543701e-02
-4.435374215245246887e-02
2.390932850539684296e-02
-5.408829823136329651e-02
-3.269736887887120247e-03
1.357934530824422836e-02
3.870915248990058899e-02
2.738558687269687653e-02
-1.730485074222087860e-02
4.511841759085655212e-02
2.707921527326107025e-02
-7.019875198602676392e-02
5.288547370582818985e-03
9.614277631044387817e-02
-2.597489859908819199e-03
4.747780784964561462e-02
5.784737318754196167e-02
-6.836499273777008057e-02
-6.352892518043518066e-02
-3.438517078757286072e-02
-2.297572791576385498e-02
2.160868461942300200e-04
1.912456564605236053e-02
4.648526385426521301e-02
-6.737279146909713745e-02
-3.137999027967453003e-02
-4.658995196223258972e-02
-5.878041684627532959e-02
4.399359226226806641e-03
-7.009714096784591675e-02
1.966070383787155151e-02
-1.062962338328361511e-01
4.173186793923377991e-02
1.262880768626928329e-02
4.218823090195655823e-02
1.719135604798793793e-02
-6.395023316144943237e-02
-2.294062264263629913e-02
1.964318752288818359e-02
8.008120208978652954e-02
-1.551711559295654297e-02
-1.902384497225284576e-02
3.240254521369934082e-02
-1.665260829031467438e-02
-1.502943411469459534e-02
-2.380222780629992485e-03
5.910898000001907349e-02
4.564610123634338379e-02
2.464216947555541992e-02
5.614090710878372192e-02
4.706436023116111755e-02
3.385754302144050598e-02
-1.961595145985484123e-03
3.608810901641845703e-02
-2.328009530901908875e-02
1.179454661905765533e-02
-3.247438697144389153e-03
1.926270686089992523e-02
-2.931407466530799866e-02
-3.657305613160133362e-02
2.022929117083549500e-02
-5.726212169975042343e-03
-1.764765381813049316e-02
5.701764672994613647e-02
-1.707323477603495121e-03
-1.134835332632064819e-01
-5.042659863829612732e-02
7.493095938116312027e-03
8.612961973994970322e-04
-1.133036985993385315e-01
-2.812874503433704376e-02
-3.170195594429969788e-02
-1.469443645328283310e-02
-1.682814583182334900e-02
-4.582057893276214600e-02
3.000959381461143494e-02
-3.588277101516723633e-02
1.700972206890583038e-02
-4.853693023324012756e-02
-3.574894368648529053e-02
-5.474089644849300385e-03
4.696638137102127075e-02
-6.610027700662612915e-02
-3.385227173566818237e-03
-2.460441179573535919e-02
5.247430503368377686e-02
1.492964010685682297e-02
4.781954921782016754e-03
-1.348413713276386261e-02
-5.162446573376655579e-02
-7.371926307678222656e-02
4.372341930866241455e-02
1.421907916665077209e-03
-5.709576979279518127e-02
2.339833043515682220e-02
8.326138369739055634e-03
-6.233844533562660217e-02
4.318042099475860596e-02
-9.980279719457030296e-04
6.589483469724655151e-02
1.122911646962165833e-02
7.871511578559875488e-02
1.320740114897489548e-02
-7.622165605425834656e-03
-2.059586532413959503e-02
-7.351095974445343018e-02
-5.778961349278688431e-03
4.351845383644104004e-02
-7.496777176856994629e-02
8.348842710256576538e-02
-4.310217872262001038e-02
-1.508836448192596436e-02
-1.120989769697189331e-02
-9.480073302984237671e-02
-2.621746994554996490e-02
5.900008231401443481e-02
1.990788243710994720e-02
3.922879230231046677e-03
-4.704875871539115906e-03
4.204747080802917480e-02
4.480070993304252625e-02
5.246704071760177612e-02
5.701101943850517273e-02
7.381717674434185028e-03
-3.857226669788360596e-02
9.055432863533496857e-03
6.548531353473663330e-02
6.606562435626983643e-02
-1.697971485555171967e-02
2.201041206717491150e-02
-5.470800772309303284e-02
-1.611807942390441895e-02
6.952620297670364380e-02
-1.723315683193504810e-03
-4.237363860011100769e-02
5.908998195081949234e-03
-7.099705189466476440e-02
-1.948340609669685364e-02
1.370858121663331985e-02
-7.990201935172080994e-03
-2.296593412756919861e-02
4.214367642998695374e-02
3.693818673491477966e-02
4.067001864314079285e-03
1.986867934465408325e-02
5.435037612915039062e-02
-5.777957290410995483e-02
1.915771327912807465e-02
-1.195630058646202087e-02
-1.316019147634506226e-01
3.322712704539299011e-02
-1.031628157943487167e-02
-5.278882756829261780e-02
-5.674823001027107239e-02
-1.256145685911178589e-01
9.019141085445880890e-03
-9.934128820896148682e-02
-5.053054168820381165e-02
9.242232888936996460e-02
-1.965131796896457672e-02
2.229522727429866791e-02
-6.857223063707351685e-02
-7.411485165357589722e-02
3.781206905841827393e-02
3.416483476758003235e-02
1.493079401552677155e-02
-8.197992108762264252e-03
5.210890434682369232e-03
-1.523952372372150421e-02
-1.759272813796997070e-02
-1.465150434523820877e-02
3.738046810030937195e-02
-5.101463757455348969e-03
8.356356993317604065e-03
-5.326970666646957397e-02
6.014391779899597168e-02
2.886484563350677490e-02
-3.603093698620796204e-02
5.660731345415115356e-03
-3.231284394860267639e-02
