-0.00711019
-0.02476705
-0.04078900
-0.05609458
0.00976498
0.01741361
-0.01846993
-0.03920384
-0.03179516
0.01844482
-0.01645160
0.02827698
0.01304994
-0.05702256
-0.03091550
-0.03196856
0.01413512
-0.03230410
0.09836458
0.02911479
-0.00074940
0.03644746
-0.02921280
-0.00978553
-0.02023912
0.02424172
0.00756228
0.03997195
-0.00918076
0.01321777
-0.00772924
-0.02193889
-0.01100906
-0.01511450
-0.01548420
0.04208640
-0.00231301
0.02885892
0.01152515
-0.03122422
-0.02417376
-0.02135487
-0.07611264
-0.05030343
-0.02091161
0.03105684
-0.06644434
0.00676079
0.03795362
0.01125277
0.00110909
-0.04778962
-0.01630752
0.01057097
-0.05544006
-0.00766504
0.02283257
-0.01626311
0.43695611
0.06810686
-0.03122249
0.01522081
0.02423511
-0.01822539
0.00659340
0.00968037
0.01692969
-0.01600541
0.04844055
0.06232224
0.02829008
-0.01994209
-0.02823097
0.00598926
-0.00585490
-0.02561631
-0.07086562
-0.04734783
0.04292974
0.01336815
-0.00635282
0.01051106
0.00213295
0.07726711
0.01961937
0.02325479
0.00692585
0.00251915
0.03393114
0.04164207
0.03650418
-0.00148559
0.05666940
0.02054989
-0.02156916
-0.00639742
0.02485301
-0.02624569
0.05126131
-0.00437383
-0.02751442
-0.04119192
-0.01673213
0.01519985
0.00899123
-0.02529792
0.02223951
0.01938140
0.00405697
-0.06313150
0.00392471
0.01085010
-0.00059525
-0.01717745
-0.00760699
-0.01978720
0.03123445
-0.01805326
0.00187007
0.00235400
-0.00530391
-0.01193946
0.01958132
0.00143604
0.00207912
0.00352796
0.02587301
-0.00091803
0.01338320
0.04418797
-0.00362332
-0.03625968
-0.02536297
-0.00551773
-0.03864115
0.01825731
-0.01418035
0.05184768
-0.14088921
0.03129559
-0.00731755
-0.03311128
-0.02003548
0.00144846
-0.03103392
0.09140428
-0.02946619
0.00035769
-0.01348572
-0.04078322
0.04736697
0.01284197
-0.02607765
0.01162916
0.01366211
-0.01770508
0.01569530
0.00692078
-0.04462477
0.01690469
0.01622676
-0.04078941
0.02493036
0.02573585
0.00309224
0.06068080
0.02569656
0.01119554
0.00037617
0.02652648
0.01712807
-0.00442901
0.01091695
-0.00925764
0.03335764
0.01817269
0.03373217
-0.01289336
-0.05103390
-0.00305297
-0.06195553
-0.03255001
0.00166176
0.03322511
0.04743759
-0.04634030
0.06660279
-0.00661590
0.00290124
0.04790413
0.02835146
0.05736378
0.01880421
-0.02173387
-0.01444568
0.03160173
0.02562011
0.03409218
0.02808853
-0.02689948
0.07879993
0.02181619
0.09453100
-0.00043733
0.01296143
-0.05768119
0.00265825
-0.01141851
-0.00974484
-0.06678613
-0.01494267
0.00941981
0.00729675
0.01804503
-0.02458720
-0.02847680
-0.00157946
0.03415378
-0.00196064
0.01149222
0.01342345
-0.74372512
-0.00368104
-0.06275352
-0.01180462
-0.00895831
0.02754281
-0.03857506
0.01211846
-0.01533948
-0.00631236
-0.03254826
0.01370256
0.00015316
-0.03359692
0.00038749
-0.02007234
0.01397633
0.00183359
-0.00744692
0.00567630
0.04009889
-0.01482754
-0.05430337
0.01222363
0.02387081
0.04755288
0.01671517
-0.00137100
-0.00024590
-0.00420146
0.00691101
0.04267718
0.00504166
-0.01860235
-0.00506758
0.11840729
0.04131740
-0.01750502
-0.00242614
0.05553491
0.04855778
0.00750887
0.11963349
-0.03459030
0.21956423
0.10193661
0.07600232
-0.01425824
0.08507238
-0.03651532
0.24130054
0.05725439
0.11644189
-0.03237326
0.02762864
-0.18613994
-0.04872611
0.06907517
0.02434882
-0.08085620
0.12371050
0.03084236
0.00803211
0.04392726
0.03331116
0.10348245
0.10894318
-0.02303998
-0.11387063
0.10705865
-0.03744088
-0.03105184
0.02363302
0.06999807
0.04241670
-0.03236054
0.05896836
-0.11712863
-0.03045006
0.06631214
-0.06643106
0.67620909
-0.05342221
-0.12794307
-0.08288774
0.00229799
-0.09318455
-0.25320128
0.04363133
0.10212294
-0.13351962
-0.04115702
0.11025015
-0.12666839
-0.08171571
0.11195621
-0.08619050
0.12895167
0.00546057
-0.05294942
-0.03251164
0.00263910
-0.02414642
0.01017433
0.01883253
-0.00923959
0.08140808
-0.04398029
0.00046667
0.02498497
0.02816957
0.02279091
0.03747284
0.01677928
0.04038760
-0.04026915
-0.02036104
0.04491287
-0.02687523
0.00347231
0.01874626
-0.06133946
0.04358306
0.02837007
0.04035982
-0.05345773
-0.00686434
0.04454451
-0.07477522
-0.00985063
0.01265926
-0.02291780
-0.03715771
-0.04081368
0.08831899
-0.03892209
-0.02589665
-0.01821538
-0.00002114
-0.03560334
-0.01329764
0.07162952
-0.02302922
-0.02732405
-0.00244150
0.01783966
-0.05367687
-0.10311929
-0.00612431
-0.02182622
0.09044710
-0.03176327
0.03152427
0.07099196
-0.06103720
-0.08212632
0.00918252
-0.02003773
-0.02803289
-0.05936993
-0.01779192
-0.05904422
0.06780433
-0.00256618
0.03200764
0.01352368
0.02294151
0.05823847
-0.04603017
-0.00833924
-0.08091845
-0.07079976
0.00211195
0.03983665
-0.04740533
0.00068874
-0.06795420
0.02408185
-0.00669302
-0.00322473
0.05626781
0.05395009
-0.04119306
-0.01321960
0.03155148
0.03131949
-0.08586575
0.07127536
-0.03095159
-0.08337006
-0.05662012
0.03491943
-0.02776685
0.03496492
0.00972639
-0.01362193
-0.03519633
-0.01553512
-0.02121223
-0.02574449
-0.05056921
-0.12030920
-0.08506749
0.02317623
0.01868839
-0.06845547
0.01666144
0.03000981
-0.03531645
0.02944846
0.01648808
-0.03406367
0.01480530
-0.02407054
0.03527903
0.01762888
-0.03913305
-0.03483208
0.05466454
-0.01647082
-0.00388415
0.03287963
-0.00446079
-0.06908984
-0.03606058
-0.02718441
-0.09797136
-0.02232272
0.00291612
-0.02824597
0.01504645
0.06056168
-0.02179238
0.06741357
0.01721093
0.05760441
-0.01471386
-0.03060711
0.02250698
-0.00996278
0.05433680
-0.04378223
0.03492422
0.08010899
-0.03372687
-0.03904274
0.02729869
-0.01408256
-0.02036934
-0.00234595
-0.02982994
0.00609996
-0.00068335
0.08306977
-0.02794249
0.01959294
-0.08484778
0.09737439
-0.04228302
-0.04350641
-0.06446737
-0.01017899
-0.01869177
-0.02319413
0.00892132
-0.01786050
0.02494547
-0.02554825
-0.00960769
0.05718706
-0.00916679
-0.07985509
0.02464840
0.00277039
-0.00008734
0.02137795
-0.04231854
-0.03736663
0.01516656
-0.11368538
0.02025107
0.00879938
-0.01710018
0.00168533
0.02751062
0.00255332
-0.06122755
-0.03817551
-0.04251418
0.04224840
-0.08030643
0.02961142
-0.05931890
0.04459179
-0.00404489
0.01870828
0.02212395
-0.05854377
0.03407702
0.02724081
0.14924930
0.02797961
-0.05988078
0.03441278
-0.07226145
0.01303469
0.03537153
0.09954371
0.03229504
0.00372257
0.04172428
-0.01637568
0.03072509
0.04342157
-0.06851058
-0.01561781
0.01127472
-0.03064655
0.03066832
-0.00785189
-0.05647745
0.00942138
0.00781603
-0.00766629
0.09874926
-0.02675934
0.02183869
0.01250871
-0.00449326
0.02026792
-0.06876265
0.02682768
-0.01175888
-0.02343692
0.03002138
-0.03766600
0.00800541
0.00537146
-0.00408172
-0.12573154
-0.04203834
0.06471095
0.01313664
-0.00727962
0.07668288
0.00069733
-0.01731312
0.05975450
0.02304942
0.03698887
-0.00267426
0.02443621
-0.01721005
0.04313672
0.01686497
0.02521210
-0.00228262
0.02430410
0.00123207
0.02029093
0.04249422
-0.02177972
-0.05048909
0.00300762
-0.06131100
-0.00943163
-0.00137888
-0.02166707
0.05195212
-0.02533338
-0.04170500
0.04229608
0.07264984
0.12703189
-0.02278512
0.02639241
-0.00235466
0.00113746
-0.02936125
0.04102242
-0.00896978
-0.05487301
0.07802686
-0.00851262
-0.00323394
-0.00338787
0.03828610
-0.02956217
-0.03184873
-0.02788548
-0.07112983
0.01446151
-0.01680717
-0.12767960
-0.00918974
-0.08224709
-0.03751633
0.04717328
-0.00723883
-0.05513053
0.02115172
0.01457830
0.00041870
-0.12172206
-0.02009463
0.01373893
-0.02097073
-0.02055355
0.02692820
-0.07597443
0.04556613
-0.04009604
0.03855468
0.05491525
0.09803040
0.03065056
0.01692417
0.08340784
0.01830790
-0.10529071
-0.02283013
-0.01798385
-0.06055979
-0.07585182
0.00238446
0.02427324
0.04020053
-0.02646098
-0.01445538
0.01260855
0.05501988
0.02072473
-0.04135404
0.01732835
-0.04252348
0.00965944
0.01223941
0.04730977
0.01099929
-0.04523277
0.03012361
0.02525225
-0.07410022
-0.00744166
0.12386741
-0.01919481
0.04219578
0.06816147
-0.06750402
-0.06324521
-0.03924228
-0.03278460
-0.00976025
0.02375823
0.02666377
-0.06991474
-0.02629646
-0.05093377
-0.04459503
-0.00955656
-0.06175002
0.01788754
-0.11419247
0.03592806
0.01232485
0.03456160
0.03503072
-0.04567154
-0.01373529
0.01497979
0.06047306
-0.04628719
-0.02983678
0.02887084
-0.01205316
-0.01019851
-0.00862259
0.04548049
0.06324816
0.02909364
0.05054497
0.05028895
0.04641936
-0.02798620
0.03814352
-0.01156404
-0.01665073
0.00735280
0.01633152
-0.01447410
-0.03712854
0.02717835
0.00673820
-0.01147291
0.05252238
0.01939246
-0.08868144
-0.07033326
0.02617002
0.00975938
-0.08586559
-0.00298482
-0.03199072
-0.01510501
0.00034669
-0.02637223
0.01957658
-0.04026577
0.03170168
-0.05243312
-0.01956813
-0.01808534
0.04714099
-0.04730507
0.03566289
-0.00791928
0.05374204
0.00013448
0.00102782
-0.02238528
-0.05835789
-0.06285679
0.03177267
0.01151916
-0.06582602
0.02633680
0.00159425
-0.05641692
0.05184212
0.02030400
0.05675554
0.01494457
0.05197838
0.00235504
-0.03426734
-0.02112638
-0.05946975
-0.02093298
0.04404832
-0.07559641
0.06810181
-0.02379548
-0.00629270
0.02763167
-0.08274491
-0.01053577
0.06511147
0.02314824
0.01255013
-0.01454195
0.04024903
0.06697879
0.03318829
0.03407811
0.01544921
-0.01759090
0.00224461
0.06499273
0.07324690
-0.00592121
-0.01311648
-0.05716505
-0.01058790
0.10387370
-0.00428573
-0.04010999
0.00904870
-0.05776086
-0.03549093
0.02332574
-0.00005534
-0.00913468
0.02185283
0.03259182
0.00729369
0.00572915
0.04443824
-0.05376355
0.01448696
-0.01528735
-0.12617415
0.02509972
-0.00164509
-0.06206321
-0.06324490
-0.11236530
0.02211398
-0.09720279
-0.05068952
0.08832183
-0.02953444
0.00927321
-0.08344780
-0.06986669
0.03916757
0.03368931
0.02785817
0.00269178
-0.00805104
0.00915062
-0.03246853
0.01092087
0.04568563
0.00804243
0.00678043
-0.06378131
0.03641951
0.02916018
-0.02663445
0.00507408
-0.03113995
