-0.00231327
-0.00426968
-0.06951164
-0.02137213
0.01231119
0.02018950
-0.00442343
-0.06832466
-0.03227366
0.01620691
-0.02549808
0.01753257
0.00538501
-0.03992524
-0.03268944
-0.02425346
-0.01828306
-0.02400006
0.15028097
0.00137935
-0.00111434
-0.00681868
0.00165281
0.00128416
0.00180148
0.00018012
-0.00158190
0.01746815
-0.00609695
0.02162301
0.07757454
-0.02508071
-0.01446071
0.00198203
-0.01471327
0.01632167
0.01256022
0.01622235
0.00068820
0.01762331
-0.03104552
-0.00042416
-0.10816309
-0.04298908
-0.02992009
-0.00152060
-0.04938145
-0.00254405
0.02815500
0.00009190
-0.01104608
-0.04199278
0.01992868
0.02183110
-0.02873051
0.00192002
0.01812789
-0.00493828
0.41504964
0.08939995
-0.01448508
-0.00548796
0.00761109
0.00096898
0.00979428
-0.00114191
0.01123058
-0.01109164
0.05560356
0.02387665
0.01702423
-0.01658918
-0.02925599
0.00663142
-0.02315065
-0.03000520
-0.05646275
-0.05199025
0.03473535
0.06044459
0.00517388
0.02621043
0.01659215
0.08242730
0.00502331
0.02462189
-0.00957620
-0.01425388
0.01795740
0.02173431
0.00890092
-0.02801670
0.05831875
0.00526390
-0.02913781
0.00149264
0.04204360
-0.02494705
0.06875762
0.01504368
-0.01285831
-0.01882659
-0.03292257
-0.00753327
-0.00263790
-0.03829382
0.05200391
0.01394300
-0.00484460
-0.06220863
-0.01400541
-0.00022463
0.00866942
-0.01401981
0.00137366
-0.01282832
0.01605366
-0.01568267
-0.03407948
0.00069554
-0.00981860
-0.02485791
0.01186645
0.01158606
-0.02896289
-0.01745725
0.03570453
0.01445216
0.01521690
-0.00535236
-0.02601947
-0.03018103
-0.01621554
0.00883056
-0.05980446
0.00793272
0.01488501
0.00682511
-0.10888476
0.04901618
-0.01449108
-0.01723542
-0.01421011
0.00624240
-0.02015361
0.14676492
-0.01464555
-0.01261390
-0.01255039
-0.02278340
0.04661079
0.01273860
-0.00741998
0.01786642
0.01398774
-0.00733509
-0.00571843
-0.00500196
-0.05051126
-0.00125703
-0.00684006
-0.03018239
0.04714426
0.01313395
-0.01519107
0.04012726
0.02138750
0.00273342
-0.00622596
0.00060199
-0.00419203
-0.00940541
-0.00778959
0.00941312
0.00885941
0.01197646
0.02093031
0.00956193
-0.02781815
-0.00672541
-0.02180200
-0.01360052
0.01007720
0.02911167
0.04655846
0.03323939
0.05466110
0.01412743
0.00620909
0.03257047
-0.01793506
0.05107872
0.02729819
-0.01575199
-0.00045273
0.02079065
-0.01724875
0.01246621
0.06318884
-0.00789430
0.07577569
0.01966341
0.05291823
-0.00366694
-0.00355516
-0.03966370
0.03562231
-0.02460918
-0.01640971
-0.05921859
0.01496128
-0.01374837
0.02396640
0.01272730
-0.05547025
-0.03602147
0.00962477
0.00596196
0.01714173
0.00536985
-0.00021456
-0.75803918
-0.01172850
-0.05557993
-0.00489079
-0.01316818
0.02542396
-0.01010321
-0.01187176
-0.01015500
-0.01606568
0.00799162
-0.00475890
-0.01357890
-0.03712161
0.02585926
-0.01003758
0.00577381
-0.00645263
-0.01019663
0.01213566
0.02328125
-0.06122989
-0.05624256
0.00008156
0.01529607
0.03743702
-0.01220983
0.00804713
0.02793876
-0.00110244
0.02439161
0.05021113
0.01157860
-0.00618632
0.00484464
0.10786729
-0.01152732
0.02506437
-0.04449492
0.09825513
0.04057085
0.01561413
0.06491064
-0.04826233
0.23317896
0.09650971
0.02063928
-0.02805690
0.06312357
-0.01748227
0.22075491
0.03610965
0.10581067
-0.05888274
0.02801731
-0.17688817
-0.09659782
0.05988175
0.02239070
-0.06597080
0.13431807
0.05414530
-0.06636579
0.06779628
0.06418121
0.15695482
0.15411068
-0.04227504
-0.09309010
0.19600649
-0.04180347
-0.01032095
0.02248470
0.13925028
0.05265570
-0.06014995
0.01251719
-0.13397931
-0.07301918
0.11145516
-0.08922318
0.64334583
-0.04594552
-0.08259208
-0.08585837
0.02513438
-0.05036120
-0.23891820
0.05494349
0.08708093
-0.10421968
-0.03446481
0.08843894
-0.13966140
-0.09586260
0.04748917
-0.05984025
0.15789317
-0.01041415
-0.01319955
-0.00734677
0.01014697
-0.00030347
-0.00323483
0.02174203
0.00373208
0.04272857
-0.04971095
0.01987633
0.05525156
0.05089447
-0.01349544
0.00232345
0.03239574
0.03063013
0.01256103
-0.02255216
0.01708750
-0.01936144
-0.03880752
0.05621329
-0.08578078
0.02387443
0.01528795
0.00072360
-0.03918005
-0.01413828
0.05432259
-0.01456860
-0.04641007
0.02892881
0.03816185
-0.06377800
-0.05364680
0.09968231
-0.02849795
-0.05349778
-0.03953596
-0.01196964
-0.00175345
-0.06034527
0.04648962
-0.00413265
-0.01052184
0.01902992
0.02185618
-0.06620363
-0.15353951
-0.02444022
-0.03160070
0.08403070
-0.04892303
0.02152227
0.02248216
-0.03555562
-0.07075005
0.02393471
-0.03890505
0.00974271
-0.02461154
-0.03350622
-0.07801555
0.04433849
0.00716463
-0.02355207
0.00432528
0.02728255
0.07970265
-0.02333333
-0.00858138
-0.03295473
-0.04742764
0.02560542
0.04243900
-0.08491940
0.03109840
-0.09786255
0.04375979
-0.01681777
0.00321373
0.08236966
0.09100579
-0.01057241
-0.07550479
0.01433294
0.00086763
-0.06824853
0.04019102
0.01108462
-0.02192237
-0.09680325
-0.01979339
-0.04271247
0.01788371
-0.01402229
-0.04253966
-0.01603544
-0.01149448
0.02202017
-0.02628660
-0.01304276
-0.09601191
-0.03889766
0.00422647
0.00368984
-0.03924259
0.00886811
0.02095653
-0.07304641
0.05458781
0.01373518
0.00134644
-0.00509241
-0.03987806
0.01499243
-0.01989936
-0.04810544
-0.02192202
0.10569599
-0.03056313
-0.05309040
0.04396754
-0.03580401
-0.03003910
-0.05453254
-0.03182613
-0.12667218
0.00729872
-0.02335110
-0.03647380
0.01954498
0.07688709
0.00065763
0.07930557
0.00942892
0.04473448
-0.00593881
0.00551646
-0.00762362
-0.09277946
0.05321980
-0.06195294
0.02772888
0.01873734
-0.02493534
-0.03417950
0.04863285
-0.00137723
-0.00497793
-0.01121867
-0.00146395
-0.00419851
0.03480489
0.05214804
-0.00459998
0.01102655
-0.07394481
0.08752423
-0.04594086
-0.02196593
-0.10996094
-0.04402610
-0.01291482
0.02096520
0.00831492
0.01682230
0.00523626
0.01776375
0.01852288
0.06756660
0.01770525
-0.07302396
-0.01347587
-0.03170606
-0.00865874
0.02845595
-0.05445558
-0.06244094
0.02667143
-0.08113763
0.02939624
0.03923865
-0.03653842
-0.03039149
0.02918286
0.00209913
-0.09633422
-0.02523644
-0.03973509
0.04663363
-0.03628433
0.00898092
-0.07629912
0.08279119
-0.00525616
0.09318984
0.02193534
-0.05869538
0.00779762
0.05479662
0.12527554
0.00208111
-0.03675064
0.01297046
-0.11281298
0.04279045
0.03155997
0.05670531
0.01286339
0.00163664
0.04532352
0.02801592
0.01566508
0.06237226
-0.03651417
0.00554113
-0.02085762
0.00037464
0.02792200
0.03002637
-0.03855189
0.00791828
0.00130994
-0.00827229
0.07221084
0.01973624
0.08745951
0.02372530
-0.00163797
0.02982583
-0.10141668
0.01679533
0.01298594
-0.02015846
0.05206631
-0.05637297
-0.01588848
-0.01196072
0.06294002
-0.08453467
-0.04732235
0.00061981
0.01320958
0.00980709
0.05388739
-0.02131080
-0.02566676
0.04586796
0.03704742
0.00652362
0.02809677
0.01587668
-0.00526253
0.01619059
0.02491005
0.01232269
-0.00215820
0.01330510
-0.01475191
-0.02280400
0.01903322
-0.00083562
-0.01869900
0.00910333
0.00435121
-0.00527475
0.03066389
-0.01722363
0.01235424
-0.03345279
0.00832735
0.03042818
0.03566080
0.10595518
-0.06932545
0.02117226
0.01964261
0.05542610
-0.01244652
0.04428279
-0.00924977
-0.01994982
0.05756762
0.01573454
0.03729935
-0.01134409
0.02199229
-0.06855810
-0.00252940
-0.00502247
-0.09295860
0.02948339
0.01379491
-0.14020172
0.00923557
-0.02940947
0.03755526
0.07390703
-0.02498898
-0.00847117
-0.04875221
0.03026721
-0.01773225
-0.09468553
-0.01334144
0.04133904
-0.04544411
-0.04439612
0.00567099
-0.07741698
0.09534127
-0.02703585
0.01911232
0.06177302
0.09803884
0.00114400
-0.04589280
0.06805901
0.02120361
-0.06893036
-0.00972733
-0.03825365
-0.04311634
-0.05773547
0.00961248
0.07945290
0.03141406
-0.00006316
0.01883387
-0.00744795
0.07059603
-0.01961557
-0.00707516
0.03922692
-0.03824939
-0.00287924
-0.03527236
0.00800163
-0.00850571
-0.02858351
0.05976728
0.00928177
-0.05969610
0.00124399
0.15372545
0.00743646
0.00960436
0.01576564
-0.05613989
-0.03398976
-0.08121307
-0.03648671
-0.00852637
0.03183658
0.01144598
-0.06404863
-0.03304531
-0.07422400
-0.00173889
-0.00622350
-0.04091154
-0.00392677
-0.12618665
-0.00542402
0.06293679
0.03594940
0.02925446
-0.01428360
-0.03880223
0.02496457
0.04744508
-0.02080217
-0.02425130
0.01629388
0.01397015
0.00181203
-0.06218905
0.05063913
0.04717203
0.01133859
0.03972679
0.04970156
0.02847526
-0.01982984
0.01361383
-0.00958045
0.02501230
0.02425062
-0.00071916
0.03408485
-0.02210932
0.01587267
-0.02311383
-0.00593696
-0.00072794
0.04424196
-0.09344307
-0.06230297
-0.01651844
0.01152221
-0.04114468
-0.02036870
-0.05182804
-0.00508779
-0.00695609
0.00311301
-0.00440808
-0.03688824
0.01673115
-0.05722708
-0.03245761
-0.00069473
0.04324305
-0.07400040
0.05553577
0.01543843
0.04139730
-0.02141264
-0.00582510
-0.03428239
-0.07781018
-0.04939629
0.03523785
0.00821642
-0.06550289
0.03503528
0.00833963
-0.04333511
0.03296164
-0.00580263
0.05316766
0.00222708
0.03061934
-0.01042189
-0.09987786
-0.02102564
0.01032639
0.00225273
0.01861012
-0.08970944
0.06203031
0.00918235
-0.00252452
0.02719810
-0.03305900
0.05850969
0.03253080
0.03749890
-0.04487879
0.02498863
0.08506925
0.03752592
0.02715509
0.02855891
-0.00729569
-0.01781368
-0.04375306
0.06453358
0.05023632
0.06389587
-0.00776213
-0.01742175
-0.02231610
0.10239413
0.00411150
-0.01599179
0.03392978
-0.05505419
-0.02086138
0.02015744
0.00076604
0.00671597
0.04639708
0.05007857
-0.02792374
-0.00019792
0.03360283
-0.03883807
-0.01904266
0.01091923
-0.09355448
0.02170461
0.05803718
-0.06991887
-0.01718220
-0.08681275
0.00584326
-0.07056137
-0.06131933
0.06747739
-0.01646717
-0.00950165
-0.01492309
-0.08866308
-0.01396219
-0.00097657
0.04849353
-0.00683489
0.01111867
-0.00603714
-0.00491814
0.01853426
0.08247495
0.04376260
-0.03627365
-0.06490105
0.03585961
0.04413533
-0.05714348
-0.01433719
-0.00340289
