0.00383945
0.00514058
-0.05148930
-0.04212453
0.01012276
0.00324511
-0.01588920
-0.07473588
-0.04072472
0.01870694
-0.02011415
0.01315122
0.00585764
-0.02539106
-0.02149278
-0.03336083
-0.00693171
-0.02790091
0.15704347
0.03223367
-0.00997289
0.02556392
-0.01691612
-0.01245636
-0.00425286
0.02440354
0.01008571
0.01354487
0.00456993
0.01416199
0.06062828
-0.02766816
-0.00709542
0.00536791
-0.00585616
0.01945983
0.01680193
0.00832294
-0.00343628
-0.00261022
-0.00784586
0.00650916
-0.09358286
-0.03336445
-0.02895612
0.01835487
-0.06629345
0.00992568
0.03381984
0.00717505
0.01243621
-0.03381054
0.02508155
0.01463884
-0.03828352
-0.00529362
0.00519918
-0.00753997
0.40816373
0.07715967
-0.01513253
0.00343943
0.00560941
-0.02453632
0.02248693
0.00716096
0.01907712
-0.00566776
0.05852854
0.04650311
0.00554841
0.00095229
-0.01849225
0.01293516
0.00229289
-0.03186929
-0.06859133
-0.04807969
0.04320445
0.07149865
-0.00593443
-0.00140076
0.01122275
0.08373977
0.00423529
0.00585889
-0.00076634
0.00018027
0.02880932
0.02674412
0.02198863
-0.02011506
0.04966092
0.03018855
-0.01400554
-0.01687316
0.02119263
-0.01990365
0.06678745
0.01199102
-0.02797673
-0.03189320
-0.02045565
-0.00342804
-0.00540648
-0.02311382
0.04769607
0.02601167
0.01290693
-0.05196375
-0.00199315
0.00281664
0.00109632
-0.01628869
-0.01878649
-0.00278804
0.01181803
-0.01010063
-0.01269469
0.00103913
0.00778758
-0.01495445
0.01615080
0.00483279
-0.00416236
0.00597505
0.01858073
-0.00052995
0.01689305
0.01106283
-0.01118444
-0.02542768
-0.01382520
0.00559233
-0.05955367
0.02228842
0.01249268
0.03652982
-0.10129480
0.01791082
-0.02326291
0.00548951
-0.02261894
0.00725648
-0.02790434
0.14178841
-0.03105632
-0.00909299
-0.01303495
-0.01479116
0.05886620
0.01851705
-0.02021584
0.02250682
0.01436938
-0.00742034
0.02057249
-0.00011257
-0.05360218
0.00567048
0.00663505
-0.05113086
0.04399914
0.00749665
-0.01021018
0.06753468
0.02517542
0.00438182
0.00779226
0.01833083
-0.00601095
-0.00323511
-0.00447729
-0.00614744
0.02827691
0.02368907
0.00997436
0.01488303
-0.03000597
0.00719223
-0.02846755
-0.01407200
0.01138267
0.02204869
0.04294029
0.03844085
0.01619900
0.01161082
-0.00804173
0.03749084
0.02117098
0.04455932
0.01590248
-0.02651287
0.00313131
0.02943327
0.00091221
0.01540735
0.07381120
-0.01950752
0.05905556
0.01481549
0.04075030
0.00733025
0.01675937
-0.04976370
0.01805197
-0.02533308
-0.00279894
-0.09103050
0.00905761
-0.00842422
0.01834312
0.00416857
-0.01332276
-0.02016641
-0.00177860
0.01681811
0.00544997
-0.01063830
0.00361192
-0.76492023
-0.01217171
-0.06792020
0.01152422
-0.00493662
0.03759522
-0.02080152
0.00949063
-0.01406528
-0.01265637
-0.01413270
0.01239043
-0.01123995
-0.02458550
0.01732449
-0.02031071
0.00370384
-0.00756386
-0.00597257
0.00356629
0.03151983
-0.06609888
-0.03957745
0.00931838
0.02463814
0.04057663
-0.00876831
0.01809197
-0.00005364
-0.00653734
0.00212935
0.04594529
0.00722687
-0.01551673
-0.00767309
0.16982578
0.02806105
0.06425846
-0.03924755
0.05891123
-0.00956976
0.02928142
0.08561724
-0.10314330
0.22432333
0.15881467
0.04445653
-0.04250648
0.09427654
-0.04502651
0.28557310
0.06772391
0.06731806
-0.02315172
0.02507363
-0.20092775
-0.04757043
0.03352512
0.05496710
-0.00364345
0.01836752
0.08858297
-0.06388701
0.04796877
0.06633969
0.11466988
0.16954768
-0.04465292
-0.05304889
0.17743868
0.00920701
0.01418676
0.01721831
0.10973320
0.09973368
-0.10306772
0.03601820
-0.14799701
-0.10996019
0.07952811
-0.05958105
0.54737997
-0.05415162
-0.11681411
-0.10550687
0.00075456
-0.04746401
-0.31469390
0.02973169
0.07281662
-0.12595227
-0.07465415
0.09205005
-0.18123947
-0.11793824
0.05043980
-0.07813468
0.13316458
-0.00847131
-0.03591854
-0.03356937
0.00538916
0.00575593
-0.02390927
0.00124224
-0.01003902
0.06585303
0.00408741
-0.01782360
0.00987779
0.02535588
0.00611283
0.03691395
0.00803294
0.03610399
-0.06367975
-0.03081265
0.04826220
-0.02074819
-0.01977948
0.02198291
-0.06893432
0.05153065
-0.01737534
0.00418593
-0.02614043
-0.01323788
0.04168244
-0.04272280
0.01884288
-0.00395021
0.02087915
-0.04544249
-0.08305357
0.05739066
-0.02920200
-0.02607621
-0.06407084
0.00722655
-0.00362854
-0.00345884
0.07312410
0.00006359
0.00407338
-0.01337840
-0.00920777
-0.02787820
-0.13128871
0.00944461
-0.01723152
0.11200737
0.00163082
0.03500341
0.06371216
-0.05358432
-0.08586513
0.02226244
-0.01668702
-0.00847000
-0.06971992
-0.02186813
-0.05863408
-0.00131337
0.02775985
0.01759109
-0.02175429
0.01771134
0.08486106
-0.04480081
0.03710766
-0.09267218
-0.08547909
0.01755919
0.02782700
-0.08332521
0.05307020
-0.03869280
0.02058473
-0.02048877
0.01563394
0.05577828
0.04616893
-0.03702400
-0.02686595
0.01297963
0.00411863
-0.09933482
0.03232208
-0.00120736
-0.09309538
-0.06259882
0.04138129
-0.03364647
0.03810955
-0.00003365
-0.01212479
-0.04228121
-0.02179474
-0.04117857
-0.07269902
-0.04261447
-0.09475417
-0.07310668
0.03445220
-0.01163776
-0.07671677
-0.00966522
0.02254370
-0.02378734
0.02310840
0.02010497
0.01753316
0.00949591
-0.03962170
0.05288453
0.03915292
-0.05965383
-0.05355749
0.04000355
0.00628430
-0.01631563
0.03209624
0.02512006
-0.02402634
0.00537052
-0.02543018
-0.09765866
-0.03750106
-0.04775202
-0.01940934
0.02774220
0.01294592
-0.01054458
0.05257899
-0.01522022
0.03282643
-0.01422729
-0.00322819
0.01976647
0.00181595
0.04687471
-0.03141131
0.02311658
0.03021053
-0.02618849
-0.05468987
0.04348069
0.02482211
0.00713501
0.00605855
-0.05995511
0.00935122
0.02595461
0.03154924
0.01324677
-0.00372668
-0.08721999
0.08523757
-0.05447578
-0.04508795
-0.06471721
-0.02867701
0.01218424
-0.01932825
0.01442839
-0.02869419
0.04808924
-0.02871634
0.00571910
0.01377791
0.00080030
-0.10277692
0.00223425
0.00656483
-0.00156313
0.01328883
-0.00587637
-0.05222920
0.00054775
-0.07780883
0.04831695
-0.00045520
-0.02239474
-0.00124046
0.00678370
0.03546467
-0.06393737
-0.02888620
-0.06029042
0.02815381
-0.06579108
0.05668826
-0.01662369
0.01495819
0.00862136
0.03260366
0.06155667
-0.05786633
0.03046408
0.04732885
0.13198884
0.01070104
-0.06835511
0.04760413
-0.07746416
0.01108514
0.05150995
0.06211625
0.01250945
-0.04327288
0.01621428
0.04529606
0.04951513
0.03446906
-0.06408673
0.00085786
0.03417094
-0.01196770
0.01971981
0.00646000
-0.04583575
0.01013073
0.01434160
0.00076856
0.06897724
-0.04658960
0.00696927
0.03631481
-0.00691686
0.04181852
-0.07366964
-0.00830603
-0.00905723
-0.00572152
0.02234974
-0.05412824
0.04300504
0.02423914
0.02499737
-0.10923529
-0.01607990
0.04525439
0.01175547
-0.01705706
0.04097884
-0.04295745
-0.05451400
0.06130179
0.01963144
-0.00371727
0.02893825
0.00723310
-0.04629094
0.01443382
-0.00135446
0.07954149
0.00906260
0.00654523
0.01266956
0.03739787
0.02942940
-0.04309280
-0.04511113
0.01252015
-0.05328548
0.01031089
0.00441011
-0.01638125
0.06280565
-0.01955502
-0.06041058
0.02016854
0.03762671
0.14805830
-0.03659089
0.00776229
0.02894333
0.01131197
-0.03391903
0.01335357
0.02086031
0.01797407
0.07550467
-0.00788407
-0.01095738
0.02287815
0.06070594
0.02162166
-0.00968592
-0.01349547
-0.03872945
0.02335657
-0.00936128
-0.11338229
0.01633601
-0.07945724
-0.03748784
0.00456425
0.00325548
-0.02468726
-0.01399190
0.01657753
-0.00566728
-0.10800517
0.01812961
-0.00291062
-0.02983435
-0.04937588
0.01445804
-0.07145115
0.01600680
-0.00593762
0.05905425
0.05951467
0.07491916
-0.00851379
-0.00317253
0.10828658
0.02805730
-0.16597901
-0.03712783
-0.00320425
-0.05558216
-0.08710773
-0.03241673
0.02867492
0.01679771
-0.05507547
-0.01274526
0.03312771
-0.00154898
-0.00824220
-0.05591315
-0.01217101
-0.04942664
-0.00047710
-0.01470845
0.04963150
-0.00730396
-0.05961584
0.01830867
-0.00383807
-0.03433414
-0.00798373
0.12160890
-0.01626003
-0.00307870
0.05090277
-0.05739108
-0.03551216
-0.03776006
-0.03929735
-0.00857939
0.00483889
0.02129375
-0.05450339
-0.02016115
-0.09832522
-0.02487489
-0.00481515
-0.01630666
-0.01524939
-0.08845317
0.02383397
0.02378678
0.06372408
0.03438682
-0.04206887
0.02264900
0.04522859
0.03206875
-0.06271379
-0.03377800
-0.00847022
-0.00552349
0.02500320
-0.02342263
0.05052999
0.07377968
0.03711146
0.04189621
0.05904616
0.03608345
-0.05112186
0.04456491
0.00377176
0.01973901
-0.01343178
-0.00636882
-0.02911163
-0.00394646
0.01603211
-0.00003477
-0.01854631
0.02825728
0.04960467
-0.09641552
-0.05755852
0.02144163
0.04376131
-0.08527743
0.01411028
-0.03084860
-0.03023838
0.04692477
-0.03474760
0.04885803
-0.00646607
0.03783862
-0.02185917
-0.00262640
-0.01259160
0.02279808
-0.02712221
0.04188458
0.01620078
0.04318020
-0.01381017
0.03321395
-0.03735429
-0.02385955
-0.07013953
0.00520836
-0.01730860
-0.08762519
0.00016171
0.02166899
-0.06891913
0.04945276
0.01638542
0.03211843
-0.01093175
0.05419615
0.01344986
-0.09176484
-0.03963411
-0.06637653
-0.04245617
-0.00294193
-0.12307758
0.05451532
-0.03355104
-0.03642232
0.04454169
-0.10300989
-0.00237628
0.04006602
0.00779990
-0.01830387
-0.02679585
0.02726413
0.05798747
-0.00228863
0.03137428
0.02975831
-0.01172639
0.00497411
0.11155393
0.07978141
0.01739797
-0.02858296
-0.03993633
-0.01000331
0.12012254
-0.00260945
-0.03820010
-0.00075465
-0.04374379
-0.01298082
0.02201916
-0.01227179
-0.03848445
0.03362382
0.04049528
-0.01257653
-0.01053575
0.03223127
-0.02250472
0.04708486
-0.03675945
-0.14213017
0.00825059
0.05505715
-0.08332207
-0.03219480
-0.11195847
-0.00327734
-0.07389265
-0.01893138
0.05726454
-0.02342904
0.01164766
-0.08829386
-0.06213591
0.01221829
0.00707996
0.02206450
-0.00382946
-0.01946421
0.00206522
-0.04966153
0.03490499
0.03859325
-0.02429196
0.00646879
-0.03324932
-0.01117766
0.03790294
-0.02818971
-0.00855741
-0.03452229
