0.00611639
0.00931054
-0.04574475
-0.04294573
0.01620101
0.00953271
-0.01007072
-0.07494485
-0.03075044
0.01807493
-0.02159828
0.01737936
-0.00001080
-0.01156433
-0.03065939
-0.03819392
-0.01233535
-0.03206443
0.15648060
0.03575627
-0.00304479
0.02320250
-0.00555285
-0.00341160
0.00187733
0.00875126
0.00672015
0.01610666
-0.01044377
0.01878145
0.06922912
-0.03000867
-0.01067975
0.00669564
-0.00517867
0.01855128
0.00506840
0.01085411
-0.00502625
0.00221103
-0.01526019
0.00860209
-0.09177278
-0.03774156
-0.02602146
0.00317162
-0.06477644
0.00659360
0.03242460
0.00227213
0.00543110
-0.01622591
0.02470105
0.01371777
-0.04077702
-0.00453180
0.00438270
-0.01057557
0.40353358
0.08325412
-0.01829870
0.00291386
-0.00508100
-0.01590768
0.02255842
-0.00932145
0.02448270
-0.00703798
0.06542705
0.03619059
0.00762821
-0.00963227
-0.02004773
0.00786407
0.00634308
-0.02855846
-0.07083382
-0.04955141
0.04571553
0.06083447
-0.00565357
0.00553649
0.00809466
0.08272097
-0.00637745
0.01495513
0.00547271
0.01274630
0.03205971
0.02202137
0.01472148
-0.03268782
0.05485025
0.03239443
-0.01831958
-0.01075743
0.02931330
-0.01657803
0.07335721
0.00835465
-0.02413104
-0.03385129
-0.02038523
-0.00704230
-0.01119389
-0.02314066
0.04238716
0.02203271
0.01433022
-0.05024363
-0.00669970
0.00555012
-0.00386490
-0.01434688
-0.01495456
0.00375619
0.00658070
-0.01212796
-0.01254424
-0.00180389
-0.00706532
-0.02370973
0.01415220
-0.00604959
-0.00600590
0.00881535
0.01773246
-0.00540208
0.01106325
0.00391127
-0.02599551
-0.02226972
-0.02327068
0.00711697
-0.06144379
0.02630618
0.01018812
0.02586472
-0.10056339
0.01801540
-0.02136070
0.00512735
-0.02728505
0.00661329
-0.03477728
0.13582934
-0.01893003
-0.01898918
-0.00855995
-0.02165893
0.05075682
0.02584748
-0.02190067
0.02276515
0.02285895
0.00371146
0.01151792
0.00415504
-0.04858652
0.00556082
0.00629157
-0.04393956
0.04741130
0.01410704
-0.01374137
0.06145149
0.03184877
-0.00290538
0.01011785
0.00836230
-0.00923270
-0.00009979
-0.00906716
-0.01309735
0.02710317
0.02676089
0.01169445
0.01146673
-0.01628609
0.00814002
-0.02724947
-0.01205689
0.00280360
0.03145333
0.03609318
0.03761338
0.02206093
0.00582256
-0.00380029
0.02289852
0.01098269
0.05496315
0.02074155
-0.02440973
-0.00384731
0.02458518
-0.01118089
0.01620479
0.07516664
-0.01595283
0.06732278
0.02165349
0.02817877
0.00414156
0.00647149
-0.05993656
0.02536788
-0.03490113
0.00294224
-0.07979328
0.01199135
-0.01525917
0.01452386
0.01056392
-0.01385372
-0.02906477
-0.00185295
0.02448531
0.00961534
-0.00940801
0.01112810
-0.76884854
-0.00920331
-0.06806500
0.00945634
-0.00822126
0.02375952
-0.01933661
0.00221450
-0.01802225
-0.01796592
-0.00238317
0.01222947
-0.02028164
-0.02008169
0.01299814
-0.01588375
-0.00203416
-0.01556532
-0.00952322
-0.00268063
0.02808223
-0.06796614
-0.04613191
0.01303055
0.02798043
0.03271423
-0.01480358
0.00899611
-0.00957659
-0.00063412
0.00147908
0.04667972
0.00403037
-0.01866208
-0.01350606
0.18294060
0.02201732
0.04611138
-0.03871518
0.03501614
-0.04799210
0.05419625
0.10942872
-0.05776874
0.15803343
0.18270533
0.05352375
-0.03255896
0.10190355
-0.04775938
0.24925469
0.07224446
0.06782885
-0.03111988
0.04799914
-0.17662425
-0.01596222
0.01027826
0.07264501
0.03115147
-0.03446029
0.07741901
-0.11071464
0.05070722
0.06701580
0.16111307
0.17227012
0.01067955
-0.03649502
0.16224188
0.02446762
0.04080641
0.05122158
0.10034846
0.07504322
-0.10791989
0.02260319
-0.13378401
-0.13136460
0.08194557
-0.00329129
0.62124205
-0.09195402
-0.08499286
-0.06481934
0.03655735
0.02622301
-0.27456072
0.02054681
0.03434030
-0.11542197
-0.02479655
0.07508364
-0.16164888
-0.13035519
-0.01505795
-0.08634289
0.11184342
0.02055910
-0.05314697
-0.04292205
0.02219210
-0.01902954
-0.01175526
0.04357018
-0.03903583
0.07895442
-0.01709839
0.00084677
0.00269059
0.01019651
0.01667904
0.04238701
0.00712681
0.06023291
-0.03462176
-0.00743327
0.04050941
-0.02356650
0.02288248
0.03163936
-0.08467889
0.04677474
0.00478489
0.02037451
-0.04839027
0.00403640
0.04298900
-0.05119401
-0.01832566
0.02921508
-0.02011847
-0.05009158
-0.04428270
0.02976885
-0.04267460
-0.01463661
-0.02697133
-0.01417678
-0.02179880
-0.00771757
0.08278205
-0.02652821
-0.02967645
-0.00656992
-0.00113310
-0.05846585
-0.12903498
0.01096619
-0.03002074
0.08585828
-0.00700858
0.06423619
0.06089731
-0.04053425
-0.07314614
0.02693299
0.00804433
0.01513144
-0.06123313
-0.03135782
-0.04629279
0.03996160
-0.00346221
0.01869616
-0.01278425
0.03113701
0.06232724
-0.04944056
-0.01719499
-0.07424762
-0.06893305
0.01322059
0.04725235
-0.06757639
0.00725667
-0.07936124
0.00344569
-0.01061065
0.00515108
0.07468013
0.06011040
-0.03397020
-0.01877498
0.00308583
0.03347725
-0.07002639
0.05901053
0.01061198
-0.09222349
-0.06453517
0.03196748
-0.03346229
0.03165817
0.01608215
-0.00435080
-0.04914859
-0.01676279
-0.01946508
-0.02508396
-0.05506386
-0.09112690
-0.06537302
0.02508546
0.00750749
-0.05915324
0.00035864
0.03624814
-0.03083722
0.01175645
0.01477564
-0.01060918
0.03941001
-0.02772764
0.05979690
0.03795217
-0.02611066
-0.03633726
0.04143405
-0.00094730
-0.02742650
0.05400089
-0.01592783
-0.03408969
-0.00861426
-0.02994996
-0.08273967
-0.02997949
-0.01431857
-0.03338619
0.02173878
0.01301918
-0.00218483
0.07385860
0.00660826
0.05612355
-0.00695405
0.00564038
0.02041745
-0.01963542
0.04839061
-0.03129792
0.04458250
0.07033635
-0.02355892
-0.03568732
0.02252539
-0.01027933
-0.03779287
-0.02268739
-0.02899679
0.01113471
0.01003193
0.04071557
-0.00529716
0.00666685
-0.07305185
0.10174824
-0.07332443
-0.05352015
-0.07979340
-0.00561987
-0.01060219
-0.03569666
0.01090659
-0.02594923
0.04288996
-0.01021785
0.01360579
0.04572944
-0.02839410
-0.08284646
0.02372283
0.00551945
-0.01186030
0.01483884
-0.01057642
-0.06444170
0.00885126
-0.11563620
0.03515250
0.00426380
-0.00648869
0.01025287
0.05348381
0.00890542
-0.04028235
-0.03407678
-0.03867350
0.05191028
-0.06172657
0.06307369
-0.04347859
0.05896278
0.01185742
0.01771466
0.05681259
-0.04994928
0.03735490
0.01560445
0.13899064
0.04802648
-0.06923691
0.05315654
-0.07688133
0.04078721
0.00953329
0.09721162
0.03728849
-0.01107044
0.00782379
0.02575884
0.02733144
0.03321652
-0.05330405
-0.03292310
0.00712134
-0.02752170
0.03005166
0.03439813
-0.04131589
-0.00419988
0.02068113
0.01014049
0.07660498
-0.05133124
0.04377310
0.04841889
0.00394486
0.02819101
-0.06445121
0.02762474
0.00072813
-0.01408546
0.02532952
-0.06817772
-0.00151324
0.03022301
-0.00324449
-0.11825590
-0.02244450
0.02682657
0.03658069
-0.01394641
0.06443933
-0.02711891
-0.01599563
0.06193690
-0.01261464
0.00023537
0.00104356
0.01696541
-0.02234622
0.05792953
0.02076906
0.02403573
-0.01262305
0.03129933
0.00025689
0.00329142
0.04672982
-0.04686219
-0.04416549
0.02761584
-0.07741728
0.00362881
0.00499755
0.00286538
0.06027250
-0.00411345
-0.02542119
0.07297543
0.06482171
0.12047427
-0.00099315
0.02332608
0.00404520
0.01778587
-0.01719695
0.04315624
-0.02697721
-0.02270023
0.07555117
-0.01048838
0.02150474
-0.02668609
0.07507201
-0.00838155
-0.00170665
-0.04398911
-0.07218947
0.02352474
-0.01263211
-0.12251527
-0.01416075
-0.06954253
-0.00956774
0.03312257
0.04754600
-0.04879011
0.01117035
0.01305626
-0.02781590
-0.10268246
-0.01332322
0.02877330
-0.00709486
-0.00767326
0.01959415
-0.09839356
0.06963400
-0.00497181
0.07213341
0.06195943
0.06950352
0.05599497
0.02398374
0.07136949
0.03741878
-0.13282673
-0.01192106
-0.04028450
-0.05942109
-0.07737815
-0.01066365
0.02222492
0.05196159
-0.00629436
0.00435193
-0.00325598
0.01325136
0.01572485
-0.04431388
-0.00258908
-0.01830474
0.03730058
0.00969224
0.03760780
0.00226644
-0.03046599
0.04407464
0.01895072
-0.06072788
-0.03183011
0.10507908
-0.01836750
0.01939225
0.04906038
-0.04697559
-0.03734641
-0.05355268
-0.04300651
-0.00284309
0.02383426
0.03137374
-0.07279092
-0.01349951
-0.05753779
-0.00811046
-0.00389244
-0.03865045
-0.00482389
-0.07718422
0.02267226
-0.00199473
0.03783150
0.03064668
-0.04072989
-0.01037052
0.02971746
0.07836737
-0.02908851
-0.03592472
0.00348649
-0.01792163
0.00766955
-0.03819629
0.06025140
0.06760682
0.02195438
0.01316360
0.04646672
0.03695640
0.00699159
0.03562863
-0.01530777
-0.01114328
-0.00885344
0.01881270
0.00710261
-0.02703076
0.01378302
-0.00759367
0.00420443
0.05234923
-0.00020043
-0.08900689
-0.04713460
-0.00234771
0.00803404
-0.08041099
-0.00273190
-0.04289544
-0.02416588
0.02913613
-0.04080096
0.00792351
-0.04080905
0.02284139
-0.04179741
-0.01961127
0.00910443
0.05948352
-0.06291874
0.04220536
-0.01561633
0.05882704
0.03312345
-0.01328923
-0.02319138
-0.07210751
-0.09291013
0.02376270
-0.01456581
-0.07394321
0.01813873
0.00379148
-0.05867297
0.06294306
0.01363811
0.05006550
-0.00598138
0.04196032
0.00679628
-0.06347834
-0.01508988
-0.04725080
-0.03536014
0.02131661
-0.09974054
0.06922608
-0.01466209
-0.02511324
0.04103762
-0.06552203
0.00446642
0.07984991
0.01314471
0.02468717
-0.01805839
0.05472595
0.04500856
0.03309625
0.04669604
0.02167140
-0.00571917
-0.01032628
0.09430946
0.09160161
-0.01350358
0.01998783
-0.08068910
0.00103327
0.09866219
0.01478039
-0.02050207
-0.01197986
-0.06959651
-0.00892199
0.02689547
-0.01796116
-0.03561172
0.03845379
0.05138027
-0.00202677
0.03261953
0.04016519
-0.04730290
0.03173199
-0.03761224
-0.12217650
0.02085074
-0.00080558
-0.04766129
-0.06496066
-0.12118164
0.01872261
-0.07146030
-0.04911611
0.09023716
-0.01591920
0.03519987
-0.08366750
-0.08664833
0.03440384
0.02314174
0.03796692
0.01238130
-0.01241560
-0.00336912
-0.05026671
0.00903450
0.03878639
-0.01073925
0.02057336
-0.04778742
0.02598383
0.05269991
-0.05968653
-0.02596571
-0.03336547
