0.00131328
-0.02322679
-0.04484945
-0.05051965
0.00906724
0.01264027
-0.02026475
-0.03572997
-0.03148230
0.01261957
-0.00649726
0.02468610
0.01688423
-0.06836611
-0.02624035
-0.02392427
0.01826109
-0.03225842
0.08817697
0.02810855
-0.00386686
0.03537147
-0.03165351
-0.01738510
-0.02027190
0.02769276
0.01410810
0.03343360
-0.00576924
0.00441511
-0.02600870
-0.02426833
-0.01221045
-0.01478437
-0.01737826
0.04028371
0.00291975
0.02485623
0.00255197
-0.03150347
-0.01763413
-0.02229650
-0.06767134
-0.04678250
-0.02145160
0.03815097
-0.06384643
0.00774755
0.03016087
0.01566733
-0.00515954
-0.04348120
-0.02475830
0.01544248
-0.04815334
-0.00523029
0.02095918
-0.01251035
0.44718865
0.06595901
-0.03103814
0.01499338
0.02765450
-0.01703683
0.00374528
0.01076232
0.01379809
-0.01618128
0.04120228
0.06049207
0.02390500
-0.01529936
-0.03158359
0.00703259
-0.00543953
-0.03117945
-0.06512610
-0.03940535
0.04450431
0.00022872
-0.00390848
0.00520718
0.00938780
0.06606788
0.02248472
0.02127804
0.00019603
0.00242102
0.03153877
0.03689285
0.03565260
-0.00281598
0.05906608
0.01757383
-0.01292606
-0.00756100
0.01763106
-0.02514816
0.04354488
-0.00292665
-0.02116100
-0.04285390
-0.01822079
0.01974984
0.01630344
-0.02534361
0.01673211
0.02010543
0.00031898
-0.06409463
0.00806930
0.00946696
-0.00131772
-0.01989434
-0.00419645
-0.01808262
0.03811020
-0.01847015
0.00876920
0.00790480
0.00402981
-0.01187603
0.02116393
0.00201509
0.00469928
0.00458236
0.02720098
-0.00704970
0.00827372
0.04965625
0.00246232
-0.03667121
-0.01736180
-0.00671775
-0.03185980
0.01390921
-0.01920036
0.05165983
-0.14509682
0.02519667
-0.00740809
-0.03291835
-0.01765153
-0.00329638
-0.03146176
0.07939269
-0.03603595
0.00981088
-0.01118289
-0.03558271
0.05066784
0.01041031
-0.02257872
0.00453030
0.01078449
-0.02018857
0.01906548
0.01009414
-0.03782055
0.01612596
0.01293130
-0.03705524
0.02283955
0.02014735
0.00018332
0.05813066
0.02780062
0.01255197
0.00193338
0.03179507
0.01968602
-0.00326265
0.01616954
-0.01021312
0.03516516
0.01816373
0.02929399
-0.01351526
-0.04977780
-0.00703830
-0.06301854
-0.02963599
0.00145090
0.02411985
0.04547882
-0.06419163
0.07544149
-0.00473661
-0.00045034
0.05243368
0.03129083
0.04386552
0.01195902
-0.01860463
-0.01024610
0.02648920
0.02608927
0.03142314
0.01367940
-0.02554055
0.08134985
0.01838704
0.10654993
-0.00858256
0.01274104
-0.05894045
-0.00145974
-0.00657248
-0.01233922
-0.05899229
-0.01629734
0.00991988
0.00929424
0.01264159
-0.02574515
-0.02094786
-0.00220473
0.03135777
-0.00400192
0.01684499
0.01133494
-0.74597251
0.00105179
-0.05487724
-0.01078398
-0.01439131
0.02795330
-0.04174605
0.01404909
-0.01600808
-0.00316491
-0.03052838
0.01027873
0.00656138
-0.03499329
-0.00537604
-0.02001219
0.01565555
0.00201994
-0.00426727
-0.00016731
0.03725258
-0.00896155
-0.05555392
0.01136723
0.01422689
0.04660964
0.02008345
-0.00675547
0.00160637
-0.00965549
0.00652931
0.04020243
0.00176508
-0.01264373
-0.00163374
0.09431045
0.08551399
0.01275100
-0.01381256
0.07705953
-0.10699387
0.01257860
0.03280661
-0.07306196
0.14148267
0.06239630
0.11813607
-0.09294701
-0.02069525
-0.06418321
0.14021048
0.03205004
-0.00033288
0.08522989
-0.01955368
-0.03780642
-0.02035628
-0.07897250
-0.03536341
0.02351685
0.03626866
0.09431500
-0.07468368
0.10773231
0.02304009
0.05459342
0.09977601
0.04806340
-0.01070842
0.02125662
0.03580096
0.04516891
-0.02133145
0.04304959
-0.05818170
-0.07995470
-0.00645028
-0.15667847
0.08182526
-0.01054823
-0.08526581
0.84182721
-0.05119450
-0.04760144
-0.03502389
-0.00255604
0.04658815
-0.16769403
-0.03082955
0.04447614
-0.06965511
-0.03766371
0.01866728
-0.08920057
0.01584408
0.07805473
0.04045732
0.04164912
-0.00970200
-0.05030477
-0.02785522
0.00954642
-0.00965317
0.01165165
0.01538823
0.00508340
0.07626426
-0.04895638
0.00264798
0.01738307
0.01801927
0.01726221
0.03668721
0.03680326
0.03286212
-0.03354431
-0.01696988
0.05649486
-0.03328751
-0.00877001
0.00400095
-0.06543598
0.03493807
0.02685290
0.03734979
-0.05693509
-0.01999661
0.04736148
-0.06746493
-0.01856082
0.02038721
-0.02642290
-0.03495985
-0.03240079
0.10103656
-0.05317331
-0.01117513
-0.00655671
0.00308779
-0.04188313
-0.02072303
0.05938077
-0.03156024
-0.01835806
-0.01641537
0.02872554
-0.03724186
-0.10841674
-0.01626595
-0.02263054
0.09393284
-0.03756463
0.01765434
0.06484936
-0.06824199
-0.06849483
0.00230221
-0.01118878
-0.02613450
-0.04509680
-0.01495311
-0.05855154
0.07302579
0.00891095
0.02309539
0.01064201
0.01842688
0.05490252
-0.03583186
-0.00925800
-0.07368598
-0.06973366
-0.00394436
0.03711718
-0.05327406
0.01120880
-0.06779981
0.02712157
-0.01739379
-0.01166027
0.04531112
0.07524863
-0.04063674
-0.01646161
0.03998717
0.03335086
-0.09034059
0.07271544
-0.01893320
-0.10085713
-0.06741636
0.04709846
-0.03852347
0.03611976
0.01204480
-0.00882719
-0.03496138
-0.02214467
-0.02204931
-0.02943116
-0.04018985
-0.11722665
-0.07330248
0.02088133
0.00495000
-0.05472982
0.03151847
0.02437823
-0.05331933
0.01643654
0.03152411
-0.03535983
0.02165337
-0.01380427
0.01979997
-0.00658682
-0.04953130
-0.02993225
0.05956572
-0.01725378
-0.00867643
0.03649497
-0.01355133
-0.08510006
-0.04927330
-0.00829486
-0.08588784
-0.01556158
-0.00193760
-0.03539274
0.01773899
0.06000914
-0.02457070
0.06936055
0.00141623
0.04457960
0.01066468
-0.02891290
0.02416379
0.00096599
0.06505051
-0.05004103
0.04306982
0.06864290
-0.02779003
-0.04540403
0.02732673
-0.01152550
-0.02424629
-0.00530332
-0.03284881
0.00918144
0.00779950
0.07812256
-0.04529509
0.02334584
-0.08097982
0.09036685
-0.06618813
-0.03708243
-0.07500879
-0.02194441
-0.02540387
-0.01170269
0.01793125
-0.00113936
0.02837130
-0.02468825
-0.01516425
0.06214408
-0.01609915
-0.07259711
0.03144582
-0.01675433
-0.01251888
0.00595490
-0.03987328
-0.03359737
0.00737708
-0.10876175
0.02855291
0.00882419
-0.01864360
-0.01427941
0.01517738
0.00192970
-0.06315407
-0.03524899
-0.04464852
0.02138579
-0.07075975
0.01098711
-0.04304649
0.05374126
-0.00136333
0.01429294
0.03534655
-0.05516228
0.02856272
0.02423924
0.14858429
0.01511811
-0.06594741
0.04503940
-0.07021058
0.02159571
0.03462591
0.08097491
0.03105814
0.00553845
0.05754292
-0.01995355
0.03042763
0.03247477
-0.06623752
-0.00709978
0.00940234
-0.02111706
0.03119474
-0.00049857
-0.06099194
0.00742031
0.00347850
-0.01181078
0.11011433
-0.02572153
0.00182345
0.01976228
0.00105306
0.01284834
-0.08587594
0.03260361
-0.01348884
-0.02247584
0.02196654
-0.03599257
0.01018063
-0.02221560
0.00921735
-0.12475709
-0.02955348
0.04367078
0.01392212
-0.01159875
0.05880654
0.00964681
-0.01874690
0.05227408
0.01915484
0.03383980
0.00736042
0.01595421
-0.01792173
0.05078864
0.00263636
0.02331492
-0.00905095
0.01711972
0.00033003
0.02327222
0.04428804
-0.02403901
-0.04544803
0.00224773
-0.05988423
0.00433549
-0.00281902
-0.01850397
0.03431541
-0.01832138
-0.02737416
0.03452949
0.07375608
0.12796450
-0.01369367
0.02656077
0.00236982
0.01205179
-0.02269636
0.03182518
-0.00487599
-0.05811881
0.07914116
-0.00397251
-0.00223468
0.00260156
0.03536853
-0.03375831
-0.03092638
-0.02892959
-0.08373757
0.02698921
-0.01817449
-0.09605229
-0.01900227
-0.05883822
-0.04263906
0.04172507
-0.01831445
-0.04643198
0.01900925
0.01862982
0.00826678
-0.11455396
-0.01858858
0.01845294
-0.03707410
-0.01335389
0.02478782
-0.07353107
0.04496798
-0.03835852
0.02452748
0.05596416
0.10596883
0.00980374
0.02312766
0.08626344
0.00143442
-0.12086613
-0.02119116
-0.02813827
-0.04832091
-0.08312988
0.00877637
0.01872880
0.03892478
-0.02764953
-0.01207274
0.01697624
0.04962149
0.00550885
-0.05352661
0.01710186
-0.05530913
0.00180557
0.00629656
0.04426896
0.00681821
-0.03286776
0.03585051
0.01282822
-0.07726046
0.00218973
0.11412037
-0.02063367
0.02869966
0.08029038
-0.07790526
-0.05987164
-0.03771591
-0.02854674
-0.01707072
0.02027865
0.03534615
-0.07271657
-0.03322506
-0.04752712
-0.04168208
-0.01556805
-0.06935796
0.02687898
-0.11162084
0.03431530
0.01589192
0.01448167
0.03587753
-0.05468741
-0.03807836
0.01716685
0.05009318
-0.03637407
-0.03286057
0.02998872
-0.00998219
-0.00845858
0.00131589
0.05525931
0.05155560
0.02635169
0.05147523
0.05056587
0.03074046
-0.02455962
0.05124041
-0.00248363
0.00610000
0.00429081
0.01291346
-0.02165875
-0.05262824
0.02181931
-0.00444527
-0.01310573
0.05041652
0.02158802
-0.11970250
-0.05950011
0.01676328
0.00545953
-0.09168461
-0.00571835
-0.01476966
-0.03120497
-0.02518982
-0.03226187
0.01726981
-0.01872506
0.03436005
-0.04594157
-0.01875209
-0.03178633
0.04620825
-0.05178389
0.03178763
-0.00786925
0.06053884
-0.01948054
-0.00365227
-0.02292052
-0.07020131
-0.06501831
0.03064766
0.01323587
-0.05900079
0.02262214
0.00714339
-0.06283160
0.03813051
0.02950774
0.07545529
0.00349382
0.07072326
-0.00143115
-0.03777173
-0.00732569
-0.07836251
-0.02005854
0.05180348
-0.07486380
0.07659173
-0.01889129
0.00010389
0.01919038
-0.10548481
-0.02100422
0.04548744
0.02979613
-0.00969397
-0.00085322
0.03882470
0.05877171
0.03709172
0.05456116
0.00019138
-0.02203909
-0.00182328
0.07314784
0.05505306
0.00025054
-0.00613112
-0.03637852
-0.00740274
0.09357534
-0.00997935
-0.03708496
0.01502804
-0.05930214
-0.03244067
0.02663856
-0.00544442
-0.00671344
0.01483546
0.04419701
0.00397287
0.00845038
0.04318293
-0.05655979
0.00801882
0.00288611
-0.14631821
0.01945934
-0.00090225
-0.05318310
-0.05600206
-0.10748731
0.01603235
-0.09519694
-0.05177529
0.08320541
-0.03735417
0.00911566
-0.07807560
-0.07589923
0.03064875
0.02731497
0.02410705
0.00248877
0.00364085
0.01519503
-0.02325152
-0.00051590
0.03944780
0.00873856
0.01057434
-0.05117599
0.04639342
0.03318884
-0.03462570
0.02071653
-0.02039248
