2.983313240110874176e-02
-9.344819933176040649e-03
-4.851435497403144836e-02
1.164289377629756927e-02
1.135731767863035202e-02
3.861020132899284363e-02
8.175348863005638123e-03
-7.214836031198501587e-02
-2.152159251272678375e-02
3.436541184782981873e-02
-3.517936915159225464e-02
1.981603540480136871e-02
4.475015215575695038e-03
2.896846085786819458e-02
-2.041060477495193481e-02
-1.825804635882377625e-02
-2.517513558268547058e-02
-1.543379272334277630e-03
1.929805874824523926e-01
1.821468770503997803e-02
9.590500034391880035e-03
4.535182844847440720e-03
7.448622025549411774e-03
1.224274653941392899e-02
5.636455956846475601e-03
-1.210702862590551376e-02
-2.785416133701801300e-02
-2.004393190145492554e-02
-2.950940094888210297e-02
1.708197779953479767e-02
1.270186156034469604e-01
-1.734841428697109222e-02
-3.003347432240843773e-03
3.943547140806913376e-03
6.645031739026308060e-03
8.789803832769393921e-03
3.242979990318417549e-03
8.557190187275409698e-03
1.142000965774059296e-02
9.147427976131439209e-03
-2.787831239402294159e-02
2.326717972755432129e-02
-9.882734715938568115e-02
-3.618650138378143311e-02
-3.589382395148277283e-02
-4.693652316927909851e-02
-5.666244029998779297e-02
-1.264732913114130497e-03
1.162291038781404495e-02
-4.769842140376567841e-03
1.044722646474838257e-02
-4.192590340971946716e-02
5.419868603348731995e-02
-9.980687871575355530e-03
-2.609817311167716980e-02
-1.687875762581825256e-02
-1.008444745093584061e-02
-7.727903313934803009e-03
3.974009156227111816e-01
1.076534464955329895e-01
-6.095909047871828079e-03
-8.869962766766548157e-03
-8.356288075447082520e-03
-4.412773996591567993e-03
1.407110877335071564e-02
2.249660156667232513e-02
3.511362150311470032e-02
-1.590084843337535858e-02
3.810522705316543579e-02
-6.921808235347270966e-03
1.154332794249057770e-02
5.383160430938005447e-03
-3.513176739215850830e-02
-5.010361317545175552e-03
-4.372895229607820511e-03
8.991350419819355011e-03
-3.188377246260643005e-02
-4.144996404647827148e-02
1.589855365455150604e-02
7.997952401638031006e-02
-6.408400833606719971e-03
9.999456815421581268e-03
-4.533997271209955215e-03
6.431622058153152466e-02
3.971707075834274292e-02
5.170964635908603668e-03
3.441554494202136993e-03
-7.743366993963718414e-03
2.807954326272010803e-02
4.402147140353918076e-03
-2.129492536187171936e-02
-3.578677028417587280e-02
2.015342004597187042e-02
1.820252276957035065e-02
-2.226515486836433411e-02
-4.993820097297430038e-03
3.069863095879554749e-02
-1.645651832222938538e-02
5.102008581161499023e-02
1.591732539236545563e-02
-1.415881793946027756e-02
1.899798214435577393e-02
-2.062464132905006409e-02
-1.001289207488298416e-02
-2.510530175641179085e-03
-2.766504697501659393e-02
5.684522539377212524e-02
-1.080725342035293579e-02
2.681196480989456177e-02
-3.138779848814010620e-02
-1.690607704222202301e-02
7.899895310401916504e-03
1.835812465287744999e-03
1.430455688387155533e-02
-1.463933382183313370e-02
-3.107789438217878342e-03
1.992792636156082153e-02
-1.266091223806142807e-02
-2.038685791194438934e-02
4.735446069389581680e-03
-3.793736221268773079e-03
-1.155852619558572769e-02
-6.407761946320533752e-03
-1.775042968802154064e-03
-4.514816403388977051e-02
-3.925030760001391172e-04
5.731293000280857086e-03
2.016566926613450050e-03
8.322157897055149078e-03
-1.347507000900804996e-03
-3.565613925457000732e-02
-6.483450997620820999e-03
-3.063210844993591309e-02
4.649675916880369186e-03
-7.047692686319351196e-02
1.973246037960052490e-02
1.908591948449611664e-02
-1.046718098223209381e-02
-8.218534290790557861e-02
1.771664433181285858e-02
-6.202978268265724182e-02
1.280164532363414764e-02
-2.571848221123218536e-02
2.799851587042212486e-03
-3.027447126805782318e-02
1.682823151350021362e-01
-1.638319529592990875e-02
-2.391539327800273895e-02
4.862133413553237915e-03
-8.184959180653095245e-03
4.207430034875869751e-02
3.394051268696784973e-02
-7.900006137788295746e-03
4.487007483839988708e-02
7.872986607253551483e-03
-3.843155864160507917e-04
4.922168795019388199e-03
-1.085860747843980789e-02
-6.457295268774032593e-02
-1.512363366782665253e-02
1.927012205123901367e-02
-2.642282098531723022e-02
2.459260448813438416e-02
2.195058576762676239e-02
-1.175970956683158875e-02
4.398424923419952393e-02
1.362588815391063690e-02
-1.165779307484626770e-02
-1.733446493744850159e-02
-3.242462128400802612e-02
2.291936194524168968e-03
-9.607267566025257111e-03
-9.534973651170730591e-03
1.174214947968721390e-02
2.788595668971538544e-02
1.481579709798097610e-02
8.232764899730682373e-03
2.312452718615531921e-02
-3.034799173474311829e-02
4.630113835446536541e-04
2.358376793563365936e-02
-6.783361546695232391e-03
-8.365996181964874268e-03
2.719155885279178619e-02
3.187979385256767273e-02
8.556897938251495361e-02
2.159536629915237427e-02
7.827599532902240753e-03
9.274957701563835144e-03
1.002602558583021164e-02
4.003726411610841751e-03
5.555700883269309998e-02
3.167178248986601830e-03
-2.713901922106742859e-02
3.304766258224844933e-03
7.369642611593008041e-03
-2.595781534910202026e-02
9.702624753117561340e-03
7.985211163759231567e-02
-2.118842490017414093e-02
1.646421663463115692e-02
2.092899568378925323e-02
4.097794368863105774e-02
-1.274130959063768387e-02
4.832562990486621857e-03
-8.922365494072437286e-03
2.317577600479125977e-02
-6.377208512276411057e-03
7.990399375557899475e-03
-8.607798069715499878e-02
2.265060506761074066e-02
-1.756327226758003235e-02
1.417059823870658875e-02
7.397903245873749256e-04
-2.072596549987792969e-02
-5.512923374772071838e-02
1.741858548484742641e-03
2.423740178346633911e-02
5.791563540697097778e-03
-1.683089137077331543e-02
-1.956093497574329376e-02
-7.513725757598876953e-01
-1.689683087170124054e-02
-6.162914633750915527e-02
1.049006124958395958e-03
-2.062806300818920135e-02
2.575386874377727509e-02
1.853467710316181183e-02
-7.324288133531808853e-03
-1.738996244966983795e-03
-1.683229580521583557e-02
7.669759914278984070e-03
1.453230041079223156e-03
-7.963513955473899841e-03
-3.772049769759178162e-02
3.468029573559761047e-02
-1.176046207547187805e-03
-2.121606841683387756e-03
-7.993577979505062103e-03
-1.604324765503406525e-02
-5.527662578970193863e-03
9.064442478120326996e-03
-8.992566913366317749e-02
-2.097136341035366058e-02
-5.491252522915601730e-03
3.318736702203750610e-02
2.298947051167488098e-02
-1.252295635640621185e-02
-3.656962653622031212e-03
7.685829419642686844e-03
-5.838233046233654022e-03
5.497005768120288849e-04
2.708250842988491058e-02
2.079678233712911606e-03
-2.205372788012027740e-02
-1.580017432570457458e-02
8.419319987297058105e-02
1.835898905992507935e-01
4.594787489622831345e-03
-1.666216365993022919e-02
-1.563623398542404175e-01
-1.657394617795944214e-01
3.442494198679924011e-02
3.765654563903808594e-02
3.540697693824768066e-02
2.523009479045867920e-02
-4.360503330826759338e-02
6.258800625801086426e-02
5.417785421013832092e-02
1.316980868577957153e-01
-1.949210464954376221e-01
-1.990400068461894989e-02
-1.005554571747779846e-01
-7.664613425731658936e-02
6.063420325517654419e-02
-7.394484430551528931e-02
-1.152982655912637711e-02
1.374044418334960938e-01
-1.797821968793869019e-01
-4.337067902088165283e-02
1.005504131317138672e-01
-5.007665231823921204e-02
-4.895939491689205170e-03
-5.537030287086963654e-03
-9.117692708969116211e-02
-2.617033757269382477e-02
-4.022449627518653870e-02
3.254160657525062561e-02
2.374435216188430786e-02
9.223476052284240723e-02
-3.738148137927055359e-02
1.361631006002426147e-01
3.207325190305709839e-02
-9.805912524461746216e-02
5.115778371691703796e-02
1.983224181458353996e-03
7.180343382060527802e-04
2.307303436100482941e-02
-1.928810263052582741e-03
3.242654725909233093e-02
-3.796880692243576050e-02
3.860896080732345581e-02
7.727778553962707520e-01
-3.195324540138244629e-02
7.082961965352296829e-03
1.832114160060882568e-01
-4.268450662493705750e-02
1.454136334359645844e-02
-4.709104448556900024e-02
3.386760503053665161e-02
-2.263211272656917572e-02
-3.420771285891532898e-02
-8.996126800775527954e-02
1.256627291440963745e-01
3.412013128399848938e-02
6.368650496006011963e-02
2.656539157032966614e-02
1.359737813472747803e-01
-1.608194038271903992e-02
3.251910954713821411e-02
-4.402213543653488159e-02
-4.381085559725761414e-02
1.360839605331420898e-02
-3.486232087016105652e-02
5.661735776811838150e-03
3.156872093677520752e-02
-5.663467105478048325e-03
6.394923478364944458e-02
-3.749067336320877075e-02
7.554635405540466309e-03
1.394897419959306717e-02
3.710378706455230713e-02
1.962513104081153870e-02
4.169138148427009583e-02
5.106110591441392899e-03
2.450691908597946167e-02
-3.273573890328407288e-02
-2.398015931248664856e-02
2.830054983496665955e-02
-1.384863536804914474e-02
-2.566125616431236267e-02
2.054835297167301178e-02
-8.794651180505752563e-02
1.218463666737079620e-02
3.204593434929847717e-02
2.732714451849460602e-02
-4.526461288332939148e-02
-2.875038795173168182e-02
3.111767023801803589e-02
-3.960121795535087585e-02
-1.442533079534769058e-02
3.581129387021064758e-02
-1.987967453896999359e-02
-2.268379740417003632e-02
-3.370262682437896729e-02
7.240013778209686279e-02
-2.207175642251968384e-02
-2.780069038271903992e-02
9.195188060402870178e-03
-1.401938591152429581e-02
-2.248622663319110870e-02
-7.092379964888095856e-03
8.149187266826629639e-02
-3.489124029874801636e-02
-3.140685334801673889e-02
-8.925771340727806091e-03
2.324967831373214722e-02
-4.690354317426681519e-02
-1.185537502169609070e-01
-1.265294756740331650e-02
-1.846658810973167419e-02
8.437707275152206421e-02
-2.973587997257709503e-02
3.130115941166877747e-02
6.415551155805587769e-02
-6.168714165687561035e-02
-3.493955358862876892e-02
-7.019042037427425385e-03
-2.789863757789134979e-02
-6.394874770194292068e-03
-2.866965159773826599e-02
-1.963377743959426880e-02
-6.970432400703430176e-02
5.797282978892326355e-02
2.366481116041541100e-03
4.487467184662818909e-02
-3.891761589329689741e-04
2.479080855846405029e-02
2.349562756717205048e-02
-2.627195231616497040e-02
-7.472894154489040375e-03
-6.619106978178024292e-02
-5.348007753491401672e-02
-5.307598039507865906e-03
5.790677666664123535e-02
-4.647508636116981506e-02
2.759956009685993195e-02
-7.172539085149765015e-02
2.633189968764781952e-02
-2.808475121855735779e-02
5.194534081965684891e-03
3.728233277797698975e-02
8.024050295352935791e-02
-5.333303287625312805e-02
-7.530416827648878098e-03
3.106771595776081085e-02
4.458607733249664307e-02
-6.291035562753677368e-02
5.566665530204772949e-02
-7.507223170250654221e-03
-1.057839840650558472e-01
-7.745245844125747681e-02
2.845943346619606018e-02
-2.305960655212402344e-02
4.355238005518913269e-02
-3.431902034208178520e-03
4.355505574494600296e-03
-4.664407670497894287e-02
-3.724593669176101685e-02
-1.338764559477567673e-02
-2.081336826086044312e-02
-3.376363590359687805e-02
-1.016619876027107239e-01
-5.563031136989593506e-02
-3.912552725523710251e-03
4.049448296427726746e-03
-6.193680316209793091e-02
2.235007844865322113e-02
2.302019111812114716e-02
-2.169715240597724915e-02
1.140565704554319382e-02
3.243103995919227600e-02
-4.907511547207832336e-02
2.619003690779209137e-02
-2.604954876005649567e-02
2.823610603809356689e-02
1.623061671853065491e-02
-6.783504039049148560e-02
-4.184128344058990479e-02
7.120089232921600342e-02
-1.624166220426559448e-02
-1.697746291756629944e-02
3.033762425184249878e-02
-2.589647285640239716e-02
-7.355619966983795166e-02
-1.893555186688899994e-02
-9.464389644563198090e-03
-6.010473147034645081e-02
-1.736678555607795715e-02
1.590349827893078327e-03
-2.870433777570724487e-02
1.549658644944429398e-02
5.185693129897117615e-02
-2.450204920023679733e-03
5.526955425739288330e-02
2.060031518340110779e-02
4.051829129457473755e-02
-2.220961869170423597e-05
-7.316003902815282345e-04
4.052897542715072632e-02
1.234288793057203293e-02
3.566498681902885437e-02
-2.369422465562820435e-02
3.594049066305160522e-02
6.895039230585098267e-02
-3.776418045163154602e-02
-5.065890029072761536e-02
3.895005583763122559e-02
-1.273201033473014832e-02
-2.351493947207927704e-02
-2.286913618445396423e-02
-4.846568778157234192e-02
2.174246869981288910e-02
-7.593361195176839828e-03
8.647832274436950684e-02
-3.254272788763046265e-02
7.074527442455291748e-03
-8.616389334201812744e-02
7.214663922786712646e-02
-5.420935899019241333e-02
-3.545141592621803284e-02
-7.434577494859695435e-02
-1.349467039108276367e-02
-1.300000678747892380e-02
-2.216599881649017334e-02
3.806071728467941284e-02
-1.294826623052358627e-02
2.904956601560115814e-02
-2.558807609602808952e-03
1.013465132564306259e-02
6.807503849267959595e-02
-5.160211399197578430e-02
-7.778855413198471069e-02
6.656721234321594238e-02
1.057885400950908661e-02
-1.250714808702468872e-02
-1.967224664986133575e-02
-3.581409156322479248e-02
-5.330320447683334351e-02
1.699892617762088776e-02
-9.010825306177139282e-02
3.722049295902252197e-02
-3.111811820417642593e-03
-3.012621402740478516e-02
3.051357576623558998e-03
4.679969325661659241e-02
1.007423177361488342e-02
-5.733668059110641479e-02
-2.660284563899040222e-02
-1.248766668140888214e-02
3.348074853420257568e-02
-5.906829982995986938e-02
1.297845970839262009e-02
-2.278440631926059723e-02
4.673443362116813660e-02
3.477209480479359627e-03
3.057162836194038391e-02
4.032903537154197693e-02
-5.625328794121742249e-02
3.440295904874801636e-02
-2.565408125519752502e-03
1.333892643451690674e-01
4.559814557433128357e-02
-7.373058795928955078e-02
4.830114543437957764e-02
-7.188985496759414673e-02
5.664778500795364380e-02
3.752379212528467178e-03
2.761889249086380005e-02
2.843773178756237030e-02
8.034243248403072357e-03
2.345585264265537262e-02
-4.617341607809066772e-02
3.024865686893463135e-02
4.236225038766860962e-02
-6.852515786886215210e-02
-1.330358209088444710e-03
6.114707211963832378e-04
-3.272678703069686890e-02
2.101034671068191528e-02
1.368369814008474350e-02
-5.188078060746192932e-02
1.095315255224704742e-02
2.113350108265876770e-02
-1.073819003067910671e-03
9.836249798536300659e-02
-4.109793901443481445e-02
-3.184554865583777428e-03
3.508821129798889160e-02
-2.818635664880275726e-03
3.546626120805740356e-02
-7.358264178037643433e-02
2.203270792961120605e-02
5.438485648483037949e-03
-2.604646421968936920e-02
2.796359546482563019e-02
-1.222764607518911362e-02
-5.423148628324270248e-03
9.927894920110702515e-03
1.653272844851016998e-02
-1.313539296388626099e-01
-4.884387180209159851e-02
2.697388082742691040e-02
3.536477312445640564e-02
1.313847862184047699e-02
4.874235019087791443e-02
-1.659998483955860138e-02
-1.255125086754560471e-02
6.959193944931030273e-02
6.988565903156995773e-03
1.497024018317461014e-02
6.641938351094722748e-03
4.760738462209701538e-03
1.180493971332907677e-03
4.735628515481948853e-02
3.863339498639106750e-02
1.170156989246606827e-02
-7.354992907494306564e-03
2.775445766746997833e-02
3.516075666993856430e-03
1.573976129293441772e-02
4.124866053462028503e-02
-1.124772056937217712e-02
-4.414629563689231873e-02
1.354096457362174988e-02
-8.874262869358062744e-02
6.805116310715675354e-03
4.104227758944034576e-03
-1.570374704897403717e-02
5.090192705392837524e-02
-1.617781817913055420e-03
-3.048797696828842163e-02
6.142070889472961426e-02
6.750572472810745239e-02
1.294678449630737305e-01
-3.159535676240921021e-02
4.260134324431419373e-02
3.622478106990456581e-03
2.104184962809085846e-02
-1.257721520960330963e-02
2.658025920391082764e-02
-3.990127891302108765e-02
-3.336612880229949951e-02
6.961244344711303711e-02
-2.802261151373386383e-02
3.585429862141609192e-03
-2.815125277265906334e-03
4.288106784224510193e-02
-3.147301822900772095e-02
-2.570394799113273621e-02
-2.146008796989917755e-02
-9.375578910112380981e-02
3.583197295665740967e-02
-2.509730122983455658e-02
-6.581199169158935547e-02
-4.823536437470465899e-04
-5.125151202082633972e-02
-4.602069035172462463e-02
1.894578151404857635e-02
-1.250880211591720581e-02
-6.019462272524833679e-02
9.560143575072288513e-03
3.397614462301135063e-03
-1.120392419397830963e-02
-1.195905953645706177e-01
1.125560700893402100e-02
-7.375279907137155533e-03
-5.737441591918468475e-03
1.808929629623889923e-02
1.676391810178756714e-02
-9.706021100282669067e-02
8.035878837108612061e-02
-2.414472773671150208e-02
4.259117692708969116e-02
5.306870117783546448e-02
8.676277846097946167e-02
3.291764855384826660e-02
1.118920836597681046e-02
8.941701799631118774e-02
1.679009012877941132e-02
-1.308123320341110229e-01
-3.482783958315849304e-02
-1.177422050386667252e-02
-6.268873810768127441e-02
-7.953011989593505859e-02
-1.399937551468610764e-02
2.450137585401535034e-02
4.444437846541404724e-02
-3.166352631524205208e-03
-2.175388857722282410e-02
1.850530318915843964e-02
2.952045015990734100e-02
2.280755899846553802e-02
-5.198761820793151855e-02
1.772885769605636597e-02
-4.908195137977600098e-02
-6.332262884825468063e-03
-5.883305566385388374e-04
3.443204239010810852e-02
2.536582574248313904e-02
-8.458102121949195862e-03
4.394219443202018738e-02
3.908816725015640259e-02
-7.445266842842102051e-02
4.093739669770002365e-03
8.981654793024063110e-02
4.522776696830987930e-03
3.907372429966926575e-02
5.513565614819526672e-02
-7.923512905836105347e-02
-5.526255816221237183e-02
-3.851260244846343994e-02
-2.641499601304531097e-02
-6.496699526906013489e-03
2.674674056470394135e-02
3.483168408274650574e-02
-6.639593094587326050e-02
-2.073575370013713837e-02
-4.745277389883995056e-02
-5.648082122206687927e-02
2.052510902285575867e-02
-6.734613329172134399e-02
1.164110843092203140e-02
-1.125715523958206177e-01
3.122231923043727875e-02
-1.526235253550112247e-03
5.364882200956344604e-02
9.998816996812820435e-03
-7.064251601696014404e-02
-1.972060464322566986e-02
3.915275633335113525e-02
7.911681383848190308e-02
-2.901576459407806396e-03
-2.698826976120471954e-02
3.079360164701938629e-02
-3.342134645208716393e-03
-2.240755595266819000e-02
1.347511913627386093e-02
4.871256276965141296e-02
5.283160880208015442e-02
3.023395873606204987e-02
5.090665072202682495e-02
5.305681005120277405e-02
2.785463631153106689e-02
1.334168296307325363e-02
3.117793984711170197e-02
-2.150111272931098938e-02
4.849066585302352905e-02
4.156471230089664459e-03
2.756442315876483917e-02
-3.311005979776382446e-02
-3.302481397986412048e-02
3.169704973697662354e-02
-1.606146246194839478e-02
-3.599580749869346619e-02
5.383855476975440979e-02
-6.380597595125436783e-03
-1.299508213996887207e-01
-3.826158493757247925e-02
6.838506553322076797e-03
-5.070589482784271240e-03
-9.877235442399978638e-02
-3.224015980958938599e-02
-2.949599735438823700e-02
-2.784151770174503326e-02
-9.817769750952720642e-03
-5.035755410790443420e-02
2.590516209602355957e-02
-4.640958830714225769e-02
1.722695119678974152e-02
-5.258507281541824341e-02
-3.790517151355743408e-02
-3.735953243449330330e-03
5.846228078007698059e-02
-6.657040864229202271e-02
2.001051791012287140e-03
-3.079818561673164368e-02
5.586363375186920166e-02
4.215069115161895752e-03
1.532836002297699451e-03
-1.033824030309915543e-02
-6.002493575215339661e-02
-7.506056129932403564e-02
3.191949054598808289e-02
-5.422107060439884663e-04
-6.966501474380493164e-02
2.416360005736351013e-02
-2.936115255579352379e-03
-6.720614433288574219e-02
4.599768668413162231e-02
2.324093511560931802e-04
6.729944050312042236e-02
1.518907677382230759e-02
9.319997578859329224e-02
1.167395524680614471e-02
-4.228278528898954391e-03
-9.341021999716758728e-03
-8.512242883443832397e-02
-2.385510504245758057e-02
4.650017991662025452e-02
-7.456715404987335205e-02
8.601055294275283813e-02
-4.876072704792022705e-02
-1.685471646487712860e-02
-8.846371434628963470e-03
-1.147159039974212646e-01
-2.189792878925800323e-02
6.123097985982894897e-02
2.475636266171932220e-02
-2.313138730823993683e-02
-1.457112841308116913e-02
4.694130644202232361e-02
4.225391149520874023e-02
5.191176384687423706e-02
6.559747457504272461e-02
9.471061639487743378e-03
-3.099958598613739014e-02
1.699606701731681824e-02
6.733264774084091187e-02
7.822382450103759766e-02
-2.418418042361736298e-02
1.578682288527488708e-02
-5.541075021028518677e-02
-7.290914189070463181e-03
6.664681434631347656e-02
-2.961410209536552429e-03
-2.516194432973861694e-02
-8.545805700123310089e-03
-5.913197994232177734e-02
-2.273629605770111084e-02
1.146719045937061310e-02
-1.594427973031997681e-02
-2.595115266740322113e-02
5.662249773740768433e-02
3.635653480887413025e-02
-6.196576636284589767e-03
2.175581082701683044e-02
5.760248377919197083e-02
-5.554727464914321899e-02
1.164037361741065979e-02
-2.187640592455863953e-02
-1.361398696899414062e-01
3.645819425582885742e-02
-1.143128611147403717e-03
-6.497631222009658813e-02
-5.930444598197937012e-02
-1.338212788105010986e-01
1.369589101523160934e-02
-7.454527169466018677e-02
-4.124777391552925110e-02
9.289406239986419678e-02
-2.449269592761993408e-02
9.597958996891975403e-03
-8.308695256710052490e-02
-6.122918054461479187e-02
5.524664372205734253e-02
3.834228217601776123e-02
1.783385314047336578e-02
-1.869414234533905983e-03
1.826361753046512604e-03
-3.837141674011945724e-03
-1.236087456345558167e-02
-1.960757747292518616e-02
6.747022736817598343e-03
-3.010926069691777229e-03
1.425992790609598160e-02
-5.720186233520507812e-02
6.061779335141181946e-02
3.178343176841735840e-02
-3.756359219551086426e-02
1.233360823243856430e-02
-3.172862529754638672e-02
