-0.01510410
-0.00685023
-0.04868688
-0.06040592
0.00475172
0.01594467
-0.01969176
-0.02357972
-0.01417139
0.00292448
0.00352040
-0.00933733
0.01594351
-0.08273180
-0.04811301
-0.03003750
0.01242542
-0.02166932
0.07214702
0.02000307
-0.00289075
0.03067688
-0.02454606
-0.00251001
-0.00781578
0.01589338
0.02199284
0.04577869
-0.01136324
0.01536092
-0.03555651
-0.01427946
0.01428954
-0.03006952
-0.03339659
0.05379926
0.00372875
0.02615765
0.00316523
-0.03571524
-0.00499410
0.00332613
-0.05663283
-0.05333057
-0.01349986
0.03832031
-0.07164467
-0.00739223
0.02448684
0.02566220
0.02194788
-0.03629140
-0.02697660
0.03829947
-0.01229614
0.01538974
0.01466539
0.00308701
0.43340251
0.06653600
-0.01983333
0.03406782
-0.00287551
-0.01000771
0.01519049
-0.00703268
0.01558167
-0.00187183
0.04492868
0.05028813
0.00834557
-0.01273254
-0.02540189
0.02648412
-0.02521792
-0.03956760
-0.07122455
-0.02946362
0.02480970
-0.02274329
-0.02139490
0.00409299
0.02070310
0.05876659
0.02221261
-0.00240837
-0.00641966
-0.00775203
0.04631121
0.01202342
0.03258226
-0.01921550
0.04649678
0.00370796
-0.01257020
-0.00854062
0.01198657
-0.03280734
0.05198511
0.00811071
-0.01745207
-0.05426667
-0.01616131
0.01980211
0.01120403
0.00585337
0.01827885
0.04649144
0.00742427
-0.05760321
0.00374271
0.03027769
0.02020251
-0.01281160
-0.00318180
-0.00346933
0.05348710
-0.01213811
0.02368816
0.01736847
0.01808967
0.00064392
0.02318580
-0.00771426
0.00594422
0.00888957
0.00820448
-0.00244940
0.01849532
0.04288124
0.02186799
-0.00605610
0.00322204
0.00540424
-0.02343172
0.00318133
-0.00323193
0.04587539
-0.13518344
0.04005612
-0.00277895
-0.02748992
-0.01085091
0.02262568
-0.01827449
0.06822332
-0.04377636
0.01706709
-0.00521150
-0.01722014
0.06056739
0.01731938
-0.02662849
-0.00003007
0.00136342
-0.02884762
0.02628622
-0.00182158
-0.04331581
0.02956700
0.00076277
-0.03783841
0.03554726
0.00864175
-0.02262767
0.06294500
0.02400110
-0.00414976
0.00430263
0.04430750
0.00650653
-0.00048901
0.03042242
0.00096050
0.04946759
0.01223873
0.04221177
-0.03306198
-0.02917814
-0.00214239
-0.05185559
-0.02916955
0.00357120
0.02014210
0.05534015
-0.07894523
0.07785466
-0.00270737
-0.01277497
0.05888215
0.02199727
0.02772950
-0.00559262
-0.00649362
-0.02225163
0.01416104
0.01921997
0.03746162
-0.00361732
-0.03339316
0.07855213
0.01631146
0.10190484
-0.00483208
0.01689845
-0.06351212
-0.00715838
-0.01315216
-0.01502827
-0.05285924
-0.03603568
0.01803820
0.02040293
0.01312224
0.00420649
-0.00966506
0.00280846
0.04716907
-0.01275446
0.05351302
-0.00775442
-0.74824303
0.03268444
-0.05135460
-0.01538979
-0.00533010
0.04259199
-0.04599822
0.02965949
-0.00672593
-0.01643194
-0.02094871
0.00148429
0.00919356
-0.03063279
0.00417029
-0.00757147
0.01282969
-0.00179258
-0.01301960
0.01014627
0.01600853
0.00432307
-0.06459796
0.01447604
-0.00268127
0.05534243
0.01371667
0.00813422
0.01847718
-0.00500082
0.01977557
0.03840571
0.02043460
-0.00394470
-0.01727129
-0.08499834
0.08613452
-0.08736961
0.15076390
-0.01556318
0.12115691
-0.11030617
-0.01678798
-0.02380619
0.07813733
-0.12429471
0.16850226
0.06512870
0.01721156
0.08615559
0.01215585
-0.01780903
-0.02674763
-0.11934569
0.02479743
0.10675353
0.13140194
-0.04601237
-0.08981122
0.03415773
0.07675524
-0.07403807
-0.02313621
-0.07242152
0.05397047
-0.17271681
-0.07304773
0.07487308
-0.02550738
0.03247730
-0.06906212
-0.07045273
0.05329341
-0.11035613
0.05540811
-0.03791507
0.22570920
-0.02589111
-0.03689403
-0.18504527
-0.11868224
0.73101753
-0.09548730
0.00212031
-0.04902059
-0.03875881
0.03334506
0.03127039
-0.00465994
-0.01067218
-0.08616363
-0.11069307
0.07333276
0.03142398
0.14932948
0.03621846
-0.08502214
-0.09466066
0.02250145
-0.05740575
-0.03700363
-0.00183293
-0.01138870
-0.01740936
0.01518415
-0.00712776
0.08326316
-0.03359051
0.00037873
0.00732742
0.01413603
0.01621164
0.02498238
0.00388084
0.01795229
-0.03534213
-0.02461432
0.03987304
-0.02238813
-0.02919847
0.00512191
-0.07201852
0.01661918
0.02037410
0.03874242
-0.05017552
-0.02010401
0.04465299
-0.05160436
-0.02755518
0.02341906
0.00039006
-0.00658415
-0.05904662
0.09408559
-0.03402162
-0.02838631
-0.00846061
-0.00315130
-0.03250596
-0.00301502
0.09336185
-0.02294261
-0.02467229
-0.00696124
0.01937415
-0.01451504
-0.11196119
-0.00975206
-0.01983817
0.08872285
-0.03723268
0.01423677
0.06622498
-0.06433772
-0.02508346
-0.00802848
-0.00464833
-0.00653299
-0.03250669
-0.03418471
-0.06974830
0.04838704
0.03151188
0.02479864
-0.00947960
0.00845776
0.02330703
-0.03554608
0.00747773
-0.06707499
-0.07602569
-0.00090458
0.06150215
-0.03975150
0.03784310
-0.05120901
0.02616760
-0.03362253
0.00704810
0.03279136
0.07079383
-0.05687410
-0.02428140
0.02320308
0.01897634
-0.08717054
0.06731077
-0.00960733
-0.11300340
-0.06829302
0.03764023
-0.02790225
0.03773324
0.00624573
0.00461985
-0.04575268
-0.03126043
-0.01883652
-0.03983989
-0.05244955
-0.10255719
-0.05614543
-0.00092421
0.00504112
-0.06020442
0.01458810
0.03411482
-0.03608976
0.02645791
0.03880825
-0.03449856
0.01775022
-0.02780049
0.04446154
0.01128591
-0.07482917
-0.04347547
0.06757209
0.00022302
-0.00750190
0.04873695
-0.00886610
-0.07354121
-0.01386054
-0.01411318
-0.09112531
-0.02947206
-0.02414063
-0.03539629
0.01102789
0.05854268
-0.01688160
0.06894799
0.02242848
0.03275794
0.00069189
-0.00574357
0.03398200
-0.01837047
0.06025776
-0.04819937
0.04498969
0.06878559
-0.03753106
-0.05274274
0.02971252
-0.00614168
-0.01617689
0.00346381
-0.04975900
0.01773264
0.02018315
0.10909442
-0.03311183
0.00173293
-0.07180122
0.05726346
-0.06371731
-0.03508363
-0.06434221
-0.03368263
-0.02188757
-0.01460551
0.02089056
-0.01303465
0.03165561
0.00824609
0.00197753
0.06138007
-0.01837455
-0.07161630
0.04032378
0.00063698
-0.03428020
-0.00447831
-0.02550762
-0.05666783
0.01523973
-0.08904408
0.03259081
0.02489560
-0.03546582
-0.01370807
0.01296789
0.02715905
-0.05289698
-0.02591957
-0.02622597
0.02801383
-0.04733574
0.02480680
-0.03388027
0.02806833
0.00819153
0.01672104
0.07301608
-0.06365862
0.04685564
0.01918383
0.15208702
0.02536924
-0.06534454
0.06770333
-0.06498032
0.02893867
0.00301552
0.08847881
0.03182871
-0.02124695
0.03964313
-0.02900802
0.04384756
0.02778203
-0.06366007
-0.00499781
0.02628204
-0.02149638
0.01176542
0.00591030
-0.05054422
0.00546933
0.01821203
0.00718151
0.11052861
-0.03621245
0.00072426
0.02492535
0.01077455
0.03098242
-0.07059021
0.02589333
0.00756988
-0.01885844
0.01184272
-0.03031361
0.01356154
0.01293691
0.01983714
-0.10668219
-0.02553136
0.02925442
0.02362988
-0.00355958
0.03515948
-0.00392697
-0.02852734
0.05215941
0.01386758
0.02942925
-0.00122830
0.01342067
-0.01910579
0.04649739
0.03268067
0.03808063
-0.00263615
0.01301587
0.00806191
0.04195538
0.03913663
-0.03090421
-0.02910936
0.01868050
-0.06784968
0.00730950
0.01935200
-0.00605484
0.03949749
-0.01639528
-0.03102012
0.04758678
0.06885157
0.15486631
-0.02350163
0.03503336
0.02120600
0.01442360
-0.02691364
0.02543165
-0.01919565
-0.02279548
0.06059645
-0.00810785
-0.00001683
0.01405942
0.05387910
-0.01646631
-0.02373516
-0.03635647
-0.10107477
0.04632566
-0.02448090
-0.11365688
-0.01807046
-0.06394906
-0.04217087
0.00858424
-0.00584874
-0.04336807
-0.00836588
0.03005526
-0.00058211
-0.10887905
-0.01810582
-0.01923928
-0.02617607
0.00711934
0.01051888
-0.07681431
0.07161658
-0.02658943
0.04046990
0.05456018
0.07036354
0.00720080
0.01901348
0.11863937
0.01378697
-0.12551105
-0.03867980
-0.01945304
-0.04885155
-0.08591752
-0.01914065
0.03064385
0.04665732
-0.04653420
-0.02423928
0.02018374
0.02278475
0.02006022
-0.06442470
0.03037043
-0.06057052
0.00226812
0.01067871
0.06021397
0.01606127
-0.03366427
0.04777559
0.03908435
-0.07124184
-0.01380576
0.11080402
-0.00317575
0.01789794
0.06527870
-0.08032133
-0.05512931
-0.03580335
-0.03162657
-0.00770820
-0.00227540
0.05625825
-0.06478287
-0.03669432
-0.06511181
-0.05399899
-0.00938849
-0.04936608
0.02704770
-0.12540731
0.03738794
0.02176101
0.04200840
0.03566600
-0.06075558
-0.01257985
0.01986168
0.04930695
0.00945603
-0.02380848
0.03835180
-0.01620881
-0.00350644
-0.00860825
0.05333664
0.04877389
0.01097876
0.04762938
0.05891813
0.04093143
0.00491116
0.02301830
-0.00072589
0.00553582
0.00180982
0.01501236
-0.01104811
-0.02367090
0.01191417
-0.01953086
-0.01942567
0.06748708
0.01510406
-0.09376806
-0.05914760
-0.00059107
0.00671552
-0.08864658
0.00092333
-0.04246856
-0.02558686
0.00194667
-0.05094790
0.00940848
-0.03353017
0.01890421
-0.03366585
-0.01597797
-0.00092386
0.02109194
-0.07315908
-0.00394496
-0.01830882
0.06490940
-0.00333769
-0.00060897
-0.01609305
-0.04500218
-0.06640683
0.02692507
-0.00161020
-0.06927270
0.00778693
0.01240805
-0.03939271
0.05332181
0.00775962
0.08232515
0.01250734
0.10368945
0.01206923
-0.04567203
-0.01033027
-0.08051636
-0.02663008
0.01641966
-0.07964659
0.05912287
-0.04899075
-0.02456760
-0.01086637
-0.13797349
-0.02329792
0.04146692
0.01292196
-0.02838871
0.00139239
0.03417973
0.02883956
0.03442385
0.05907867
0.02125057
-0.01004275
0.02212252
0.08613547
0.06013047
-0.00279811
0.00215557
-0.03774125
-0.01308881
0.08410944
-0.01149260
-0.02791100
0.01450840
-0.06984336
-0.00534576
0.01468749
0.00247487
-0.02317414
0.04578259
0.04455567
-0.00197486
0.02330844
0.04474591
-0.05142082
0.02100255
-0.01627396
-0.12304748
0.02922119
0.00243033
-0.06822596
-0.06148033
-0.12454145
-0.00950644
-0.06984112
-0.04447017
0.08482677
-0.01405467
0.02285068
-0.06026806
-0.05855123
0.03895343
0.02892363
0.00850322
-0.00276497
-0.00962364
-0.00756016
-0.02570561
-0.00600322
0.04916828
-0.01205777
0.01051808
-0.04818171
0.03361906
0.02637637
-0.04441201
0.02219920
-0.03488650
