0.00169857
-0.02019246
-0.04454026
-0.05409209
0.00705944
0.02557433
-0.00977813
-0.03472575
-0.03820005
0.01233772
-0.00977382
0.00004742
0.01619677
-0.05667272
-0.04101507
-0.03471210
0.00979189
-0.01813344
0.08226909
0.02392150
0.00828711
0.03938999
-0.03113859
-0.00471990
-0.01335836
0.01427450
0.01772248
0.04264536
-0.02292152
0.01618212
-0.01452295
-0.01120158
0.01074941
-0.02420228
-0.02868195
0.05557965
0.00274129
0.02645738
0.00982354
-0.03888007
-0.02652913
-0.00614688
-0.08278605
-0.05745250
-0.01970277
0.01247765
-0.07482470
0.00235007
0.02164489
0.02502919
0.01400681
-0.04962328
-0.01904161
0.01937371
-0.02790598
-0.00841670
0.00725280
-0.00900553
0.42996129
0.06222344
-0.02020694
0.02415672
0.01041313
-0.01905217
0.00309210
0.00412340
0.01172224
-0.00305007
0.04296769
0.04821343
0.01388190
-0.01606271
-0.02525075
0.02044581
-0.01513465
-0.02669115
-0.07817512
-0.03410534
0.01980167
0.00879688
-0.02289641
0.00984759
0.00550746
0.07077711
0.02612049
0.00418086
-0.00163447
-0.01041132
0.04942184
0.01592655
0.02119776
-0.02146582
0.04765490
0.01585985
-0.03145669
-0.00917598
0.01773923
-0.03176909
0.04970567
-0.00165960
-0.01593509
-0.03922193
-0.01622111
0.01597866
0.00784491
-0.01085687
0.02249645
0.02354780
0.01923482
-0.05341403
-0.00501859
0.02096772
0.01255602
-0.00221485
-0.00288925
-0.01555855
0.03567263
-0.01329087
0.01549107
0.01944419
0.00839464
0.00443930
0.01755043
-0.01070061
0.00694221
0.00282878
0.01004075
-0.00505041
0.01054985
0.04547147
0.01502944
-0.01067724
-0.01746347
0.00322662
-0.02835100
0.01207516
-0.00988862
0.04273010
-0.13815485
0.03597990
0.00079167
-0.02510337
-0.02407466
0.01688697
-0.03454601
0.08314889
-0.04441411
-0.00052074
-0.00819291
-0.01951456
0.05076043
0.02667660
-0.03084095
0.01379062
0.00556833
-0.02652215
0.02792437
-0.00241150
-0.05386276
0.02274563
0.01053565
-0.02963791
0.03132196
0.02582046
-0.01747750
0.06040260
0.01372722
-0.00653512
-0.00605864
0.03978869
0.00865348
0.00057047
0.02241873
-0.00392547
0.04511845
0.01488818
0.04501955
-0.02777852
-0.04578103
0.00164828
-0.04092253
-0.02599215
0.00891250
0.03045273
0.04869136
-0.05861662
0.05785010
-0.01050351
-0.00380291
0.06332265
0.03186379
0.05138430
-0.00306154
-0.01809591
-0.01763091
0.01660272
0.02134709
0.03562448
0.01897346
-0.04052021
0.07449464
0.02249428
0.08087786
-0.01371254
0.01447903
-0.05896667
-0.00159512
-0.00666421
-0.00275500
-0.07058060
-0.02323171
0.01624140
0.01779327
0.01348029
-0.00656242
-0.01838046
-0.00324450
0.05263777
-0.02049447
0.03625708
-0.01321697
-0.75441736
0.02391592
-0.06091586
-0.02327048
-0.01590101
0.03578590
-0.04110884
0.02224000
-0.00434162
-0.02434003
-0.03853557
0.00172925
0.00496878
-0.03170520
0.01200715
-0.01100317
0.01116481
-0.00925891
-0.01334448
0.00656509
0.03320108
-0.00521411
-0.05363532
0.00805853
0.02273962
0.05708202
0.00948066
-0.00638582
0.00855881
-0.00461170
0.01543048
0.03845956
0.01785108
-0.01016939
-0.01710542
-0.17377684
0.03869962
-0.11972590
0.12848580
-0.01241621
0.07917027
-0.09194469
-0.01766137
-0.04143008
0.09054285
-0.11158917
0.02610522
0.09900416
0.02609806
0.14364439
0.02772787
-0.05506331
0.00452011
-0.16140990
0.00892837
0.01782728
0.11122683
-0.03378998
-0.08129041
0.00305952
0.09519676
-0.09358593
-0.01790439
-0.09493551
0.04238823
-0.09561644
-0.04386950
0.05227173
-0.05182557
0.09510390
0.00115266
-0.16584860
0.01635325
-0.04105760
0.08057545
-0.03367061
0.20440497
-0.03739520
-0.01769609
-0.07988170
-0.11305676
0.76455915
-0.12767775
-0.07485714
-0.03750126
-0.05715827
-0.02239445
0.00316724
0.03633611
0.00138597
-0.02239379
-0.09320784
0.10733229
0.02924260
0.10420167
0.00984897
-0.05097643
-0.09166837
0.08365692
-0.05612292
-0.04186686
0.00024520
-0.02883263
-0.00072457
0.02353183
-0.00280927
0.08138465
-0.03653701
0.01087277
0.01207615
0.02623644
0.01859175
0.03362450
0.00810526
0.01936373
-0.02786493
-0.03317765
0.03801206
-0.01376239
-0.01313463
0.01131190
-0.07668357
0.02828415
0.02948406
0.02274610
-0.04426714
-0.01069360
0.03676339
-0.05735667
-0.01623601
0.03037072
-0.01938019
-0.02436285
-0.04347950
0.09526743
-0.01684817
-0.02513064
0.00087863
-0.01784107
-0.02806189
-0.00409582
0.08680548
-0.01971896
-0.02665395
0.00363938
0.02262817
-0.05035988
-0.11495078
-0.00893356
-0.01268088
0.09412587
-0.03735609
0.02925108
0.07400878
-0.06621186
-0.06365957
-0.00158163
-0.01505428
-0.00923049
-0.04967415
-0.03125104
-0.06446342
0.06230317
0.01295500
0.03701802
-0.00247216
0.01472565
0.03451671
-0.02416046
-0.00314695
-0.06800084
-0.06455749
0.00369854
0.05438872
-0.04584258
0.02372511
-0.07573113
0.02245362
-0.02870957
0.00172971
0.02847816
0.05242449
-0.04624438
-0.00855268
0.03121455
0.02963818
-0.08204930
0.06827432
-0.00233517
-0.10751786
-0.06051240
0.02998459
-0.01961841
0.04583228
0.01008455
0.00245195
-0.04945451
-0.01995158
-0.01880522
-0.02684112
-0.04121196
-0.09539032
-0.07336865
0.00181298
0.01671940
-0.05951979
0.01446741
0.03682432
-0.02657077
0.01900626
0.03410973
-0.02718046
0.03440806
-0.02937935
0.04011846
0.02628553
-0.06704178
-0.03701109
0.06964748
0.00081644
-0.00893138
0.03519387
-0.02457187
-0.08744835
-0.01293838
-0.02398125
-0.05832377
-0.01775590
-0.00936845
-0.02893969
0.00915848
0.06360155
-0.01806048
0.07059216
0.01716387
0.03756759
-0.01125818
-0.00799127
0.03041906
-0.00600359
0.05093484
-0.03826876
0.02376076
0.07895567
-0.03546425
-0.04470032
0.03080994
-0.00717369
-0.02632759
-0.00243382
-0.03161737
0.02031390
0.00607690
0.09338474
-0.03687924
0.00299810
-0.08147631
0.08738058
-0.04266861
-0.04157728
-0.06843674
-0.01489395
-0.01172042
-0.02771492
0.01290561
-0.00607362
0.02932264
-0.00249650
0.00518596
0.06653148
-0.03718069
-0.06883167
0.05005771
-0.00467336
-0.01900397
-0.01872643
-0.04196480
-0.04325682
0.01426682
-0.09247199
0.03110387
0.00721037
-0.02681235
-0.00442380
0.03093560
0.01518467
-0.06841568
-0.02234656
-0.02116903
0.03390724
-0.05797333
0.02030733
-0.04641163
0.02934422
0.00169227
0.00979940
0.04417639
-0.05685154
0.04006711
0.00631849
0.14344406
0.03731048
-0.06084363
0.04463826
-0.06078396
0.03380904
0.00559748
0.06581625
0.02653423
0.00293050
0.03817948
-0.04476421
0.04624526
0.04513433
-0.06932706
-0.00821545
0.00534161
-0.02550072
0.00644790
-0.00730244
-0.05645764
-0.00111044
0.03592772
0.00248917
0.12110230
-0.02876494
0.00454355
0.01397379
-0.00072114
0.03242816
-0.07019811
0.01955208
0.00206283
-0.01727013
0.02488801
-0.02243565
0.00305937
0.01714464
0.01201707
-0.12434909
-0.04421574
0.03880521
0.03530811
0.00303421
0.05724907
-0.01200067
-0.02653138
0.06388570
0.01801618
0.02862781
-0.00583660
0.00529428
-0.01022598
0.04813089
0.02778485
0.01411589
-0.00666357
0.01804749
0.01583989
0.01519557
0.04448045
-0.03130323
-0.03479432
0.01152301
-0.07894792
-0.00507008
0.02080015
-0.01386578
0.03813918
-0.01782264
-0.02671513
0.05704737
0.07208416
0.13529521
-0.01812175
0.03258537
0.00020850
0.00514937
-0.01525876
0.02544456
-0.02736495
-0.03373230
0.07873047
-0.02087458
0.00341049
0.00263036
0.05536191
-0.03898022
-0.03352530
-0.03514031
-0.09617369
0.02413501
-0.03107009
-0.07252645
-0.00530279
-0.06535077
-0.04483322
0.02907886
-0.00324706
-0.05016107
0.00057859
0.02271055
-0.00436124
-0.11903670
-0.00674798
-0.00671993
-0.01741754
0.01507639
0.03274357
-0.08650909
0.06334725
-0.03176022
0.03598038
0.04665526
0.08926244
0.03796269
0.02401029
0.10017249
0.02157380
-0.12395146
-0.03549939
-0.01951109
-0.06667906
-0.08208513
-0.02056293
0.02366533
0.04982708
-0.02254008
-0.02446558
0.01494402
0.03686732
0.02311792
-0.05508537
0.02970923
-0.04670528
0.00108311
0.01734006
0.05325519
0.01275707
-0.02149118
0.04564936
0.03059996
-0.08127986
-0.00973499
0.09759060
0.00561725
0.04247063
0.06587263
-0.07586222
-0.06216429
-0.02912434
-0.02495149
-0.00237868
0.01276090
0.05550824
-0.06286700
-0.03928948
-0.05265994
-0.04563842
0.00607478
-0.07152275
0.02498373
-0.11444303
0.03935881
0.00533114
0.05119086
0.02962669
-0.05917080
-0.01163802
0.01935042
0.07617605
-0.00378096
-0.02487840
0.04405022
-0.01940304
-0.01073220
0.00638998
0.04915126
0.04549696
0.02077004
0.05147097
0.06998228
0.04705224
-0.00825283
0.03148216
-0.00947567
0.02958482
-0.00669691
0.03067500
-0.03082571
-0.02218458
0.02243295
-0.00701002
-0.01394141
0.06643890
0.00045941
-0.10577336
-0.06505055
-0.00900692
0.00317321
-0.10171654
-0.00675989
-0.04216599
-0.02253545
-0.00416539
-0.04128875
0.03250381
-0.04798003
0.02660124
-0.05261871
-0.03115001
-0.00399827
0.04113275
-0.07122032
0.01825890
-0.01604673
0.05976643
0.01517348
0.00818399
-0.01584720
-0.04654598
-0.07214790
0.03671629
0.00375419
-0.05775271
0.02528954
0.00938552
-0.05882239
0.05138675
0.00240328
0.07786275
0.01172505
0.07616869
0.01637466
-0.03068292
-0.01458043
-0.06987782
-0.00474613
0.03037545
-0.06849170
0.06236707
-0.03986182
-0.01756094
0.00005978
-0.11367624
-0.01420347
0.06145107
0.00865420
0.00242721
-0.00079524
0.04086266
0.04276402
0.04913526
0.04164424
0.01097022
-0.01719086
0.01756033
0.05537136
0.06617126
-0.01623281
0.02205255
-0.06622029
-0.01009901
0.06336704
-0.00363475
-0.04195736
0.00209435
-0.07183330
-0.01336748
0.01796233
-0.00839427
-0.01993087
0.04104761
0.03669520
0.00934076
0.02407449
0.04978609
-0.05919569
0.02256518
-0.02779531
-0.13945900
0.03483723
-0.01309123
-0.06255011
-0.06587859
-0.13190411
0.00836701
-0.08426756
-0.04743402
0.08554827
-0.01682860
0.01938731
-0.06826311
-0.06149134
0.04630939
0.02973317
0.01122592
0.00026035
-0.01117929
0.00643550
-0.01671023
-0.00415744
0.01267395
-0.00923339
0.00280161
-0.06496827
0.05314170
0.02929558
-0.03807722
0.01347998
-0.03833725
