0.00642207
-0.02657477
-0.05344725
-0.03210585
-0.00021449
0.03541525
-0.01436492
-0.01793682
-0.02255703
0.01486791
0.00658803
-0.00267073
0.03062630
-0.06561255
-0.03947494
-0.01122380
0.01068249
0.00140527
0.07275898
0.00679081
0.00577482
0.01998349
-0.02199489
0.01159069
-0.02075533
0.00058823
0.00909552
0.02922958
-0.01926848
0.00539469
-0.01647962
-0.00421476
0.01398288
-0.02682777
-0.03929283
0.05120511
0.00577728
0.03453593
0.00867571
-0.03003613
-0.02979833
0.00569916
-0.04245501
-0.05015054
-0.02073375
0.00820493
-0.07355992
-0.00255725
0.00778033
0.02657782
0.00973905
-0.05380956
-0.00591910
0.02349190
-0.01014747
0.00360974
0.00353091
0.00534296
0.45621657
0.07176353
-0.01949010
0.02840725
0.00947477
-0.00823864
-0.00871761
0.02603934
0.02272474
-0.00605945
-0.00115887
0.03299079
0.01448172
-0.01359342
-0.04112093
0.01749782
-0.03019025
-0.00749167
-0.05358923
-0.02294646
0.00165546
-0.03903029
-0.02474920
0.00220593
0.00381098
0.03406311
0.07025754
0.01205148
-0.01141335
-0.01838781
0.03775392
-0.01038497
0.02197750
-0.01290662
0.00428936
0.00082040
-0.01717752
-0.01184910
0.01986380
-0.02121470
0.03621950
0.00479989
-0.02019375
-0.01921381
-0.01889852
0.02763680
0.01674666
0.00242698
0.02757377
0.01579101
0.01189522
-0.03795402
-0.00802051
0.02393037
0.02733023
-0.00358954
0.00654009
-0.01084651
0.06899980
-0.01913442
0.02193937
0.01725576
0.02105117
0.00493672
0.02627554
-0.00394913
0.00404074
0.00539795
-0.00745705
-0.00201861
0.00093057
0.05429824
0.03311683
0.00224404
-0.00965822
0.01375919
-0.02289263
0.00850480
-0.00345614
0.02144068
-0.12128730
0.03223818
-0.02835016
-0.02298071
-0.01553514
0.01239001
-0.02461931
0.06269943
-0.04399902
0.00414867
-0.00235679
-0.00650552
0.05261647
0.01313887
-0.01422955
0.02414567
-0.00741209
-0.02733797
0.02727857
-0.01444650
-0.04416606
0.02547940
-0.00102427
-0.01392530
-0.00473558
0.02374945
-0.02714215
0.05437980
0.00863537
-0.00611785
-0.01496460
0.02473612
0.01546783
-0.00453382
0.03361605
0.01239470
0.03757253
-0.00175230
0.04848489
-0.02681907
-0.05355962
-0.00397410
-0.03220584
-0.02959292
0.00282124
0.01595530
0.05695533
-0.07021558
0.09039022
-0.00698363
-0.00644014
0.05901261
0.01509823
0.03135798
-0.01080845
-0.00244895
-0.02829662
-0.00143099
0.03266273
0.02378144
-0.00965866
-0.03149548
0.03635672
0.00212348
0.13034715
-0.01936099
0.01411426
-0.02856381
-0.01452333
0.01137262
-0.00586490
-0.04374756
-0.03558447
0.02295659
0.01154168
0.00789040
0.00092438
-0.03838587
0.00400137
0.04807887
-0.02038078
0.04660979
-0.02952527
-0.75776678
0.03361563
-0.03941923
-0.02504792
-0.02134453
0.04736591
-0.03615325
0.01976267
0.00374154
-0.02367033
-0.02940792
0.00915863
0.01892941
-0.03279721
0.01214197
0.00112897
0.00626288
-0.00135034
-0.02070565
0.01169340
0.01384337
0.02029495
-0.03837191
0.00476268
0.00322082
0.05653314
0.01270625
-0.01220705
0.03039771
-0.00879985
0.01475632
0.01183120
0.01575211
0.00800349
-0.02102609
-0.10483373
0.10731566
-0.06921171
0.14167435
-0.02105797
0.01590129
-0.09480050
-0.08131960
-0.05722259
0.11777863
-0.11093522
0.14982399
0.07937204
0.04165969
0.06988069
0.02908393
-0.09538946
-0.01667539
-0.12798734
-0.02110404
0.06226027
0.16364098
-0.16861878
-0.08482969
0.03151422
0.03090888
-0.10071295
-0.01651294
-0.13104546
0.00741923
-0.10680246
-0.01721505
0.01189719
-0.03706886
-0.00677708
0.05345501
-0.09372436
-0.03187555
-0.03795474
0.11133821
-0.02243838
0.22793368
-0.04943245
0.00760105
-0.11895894
-0.10572819
0.71639693
-0.14549707
-0.00548333
-0.06389141
-0.03426667
-0.01713985
-0.00413685
0.06751909
-0.02039759
-0.12344811
-0.14562528
0.11757058
-0.01332870
0.16387278
-0.00222384
0.01251476
-0.05903728
0.05128596
-0.05070259
-0.03627110
-0.00018396
-0.02656823
0.00112379
0.01829765
-0.01028995
0.07722285
-0.03218358
0.01222753
0.00046657
0.02440368
0.01279474
0.02860926
0.00686143
0.02213007
-0.04035121
-0.03328975
0.04070133
-0.00324883
-0.02278364
0.01021318
-0.07277870
0.00735987
0.03200060
0.04488429
-0.04223178
-0.01026729
0.02615074
-0.06400762
-0.04131253
0.04537385
-0.01735875
-0.02868780
-0.03988217
0.09182367
-0.01656714
-0.03736057
0.00509407
0.01313432
-0.03239652
-0.00347148
0.07270230
-0.02723784
-0.02740873
-0.00162360
0.01605714
-0.05194313
-0.10507391
-0.00869893
-0.01314802
0.08443343
-0.03579563
0.00975413
0.07403415
-0.06284093
-0.03413114
-0.00885493
-0.01876907
-0.01868931
-0.02544028
-0.02229805
-0.07208731
0.05095614
0.01111897
0.01994518
-0.00329549
0.00310906
0.01131320
-0.00969454
-0.00223445
-0.05140267
-0.05517760
-0.00994836
0.06099873
-0.03565821
0.02606911
-0.06761852
0.02374788
-0.03868913
-0.00060282
0.02197763
0.05920883
-0.05428202
-0.02491347
0.02628653
0.02934702
-0.08248042
0.06808860
-0.00060040
-0.10331661
-0.06544118
0.02607328
-0.02126166
0.04003260
0.01279208
0.02046605
-0.05011267
-0.03220183
-0.01181184
-0.02128374
-0.04751841
-0.09592040
-0.04778313
-0.02828698
0.02046531
-0.04839374
0.02110862
0.04023529
-0.02616450
0.02501080
0.02910821
-0.04214147
0.02804016
-0.02007824
0.04408909
0.02818490
-0.07032339
-0.04360037
0.06940398
-0.00080459
-0.01560966
0.05414914
-0.03640141
-0.07479883
0.00061373
-0.01321780
-0.07220150
-0.02829843
-0.02235733
-0.01671940
0.01134528
0.05501277
-0.02177962
0.07740898
0.02260193
0.03354862
0.00164180
-0.00208785
0.04332155
0.00632924
0.05354998
-0.03025291
0.03704638
0.07746082
-0.03196005
-0.05323460
0.02771224
-0.01004684
-0.00396603
-0.00798260
-0.04318094
0.03143997
0.01429511
0.10799397
-0.03955114
0.00652187
-0.07917668
0.06696555
-0.05813270
-0.03232177
-0.05950481
-0.02722185
-0.01376664
-0.02426851
0.02155495
-0.00784373
0.02721210
0.00879214
-0.00813138
0.05980667
-0.03697239
-0.05692480
0.05733157
0.00380207
-0.03865686
-0.01997039
-0.03871740
-0.05624609
0.00240802
-0.08261068
0.03142567
0.01672210
-0.02381064
-0.02230081
0.01825901
0.01636189
-0.06051973
-0.02047097
-0.00310265
0.02900370
-0.02414457
0.01908568
-0.02818200
0.02629370
-0.00456489
0.00919245
0.05413972
-0.05371081
0.03336361
0.00065284
0.14532261
0.03810124
-0.06317209
0.05010377
-0.06806386
0.04465876
-0.00702987
0.08226366
0.02686902
0.00007322
0.03684231
-0.04913164
0.03570317
0.03358426
-0.05655380
-0.00343280
0.00183022
-0.02275570
-0.00018256
-0.00491900
-0.05119838
-0.00780731
0.03952472
0.00814934
0.12120833
-0.03329923
-0.00271137
0.02911759
0.02616792
0.03644013
-0.06965733
0.01896743
0.00286468
-0.01914545
0.01804496
-0.01657790
0.00576512
0.01174180
0.02940147
-0.12198213
-0.04032672
0.04409043
0.02501448
0.00466738
0.03163618
-0.01450269
-0.01973742
0.04526038
0.00732325
0.01862253
-0.01575093
0.01059010
-0.01894190
0.05457986
0.02566636
0.02064029
0.00113941
0.01774073
0.01161873
0.01939843
0.03755088
-0.03977131
-0.04306166
0.00793447
-0.08875818
-0.00575385
0.01604609
-0.01686326
0.03873782
-0.02291618
-0.01751946
0.04615897
0.07218517
0.15269002
-0.02914307
0.04335979
0.01125370
0.00820556
-0.01772220
0.02510617
-0.03760476
-0.03449212
0.08104830
-0.02657184
0.01378251
0.00791401
0.05104272
-0.02904603
-0.03298738
-0.02417112
-0.10253301
0.02834719
-0.02578256
-0.09852290
0.00408786
-0.05834355
-0.03834027
0.01136414
-0.00632396
-0.03847244
-0.00654622
0.01952382
-0.00419204
-0.10490963
-0.01278154
-0.01079264
-0.01482987
0.03234670
0.02294889
-0.07962228
0.07236496
-0.01859722
0.01946622
0.05612427
0.07207623
0.04218674
0.02727403
0.09940004
0.01810788
-0.12698318
-0.04266241
-0.03538589
-0.06757797
-0.07957099
-0.01852002
0.02545695
0.07097740
-0.01612220
-0.01870932
0.01505804
0.02112351
0.03195788
-0.05395712
0.03805599
-0.05622515
0.01015061
0.02294086
0.04536354
0.02824799
-0.00507268
0.06787664
0.04186957
-0.08127121
-0.02453347
0.09573301
0.01043383
0.02905700
0.06252666
-0.07590605
-0.05071546
-0.02982124
-0.01774449
-0.00667781
0.01506073
0.05519075
-0.05753356
-0.03573485
-0.06503786
-0.06153273
0.00210690
-0.05958124
0.02767097
-0.12779394
0.02882348
0.01117032
0.04629278
0.04613674
-0.06142264
-0.00937256
0.01118456
0.06752500
0.00163425
-0.01611871
0.05532563
-0.00888251
-0.00927040
-0.00239691
0.05358917
0.05353861
0.00835452
0.07114410
0.06148383
0.02754459
0.00323533
0.03217228
-0.00688911
0.01520596
-0.00522072
0.03218110
-0.02667025
-0.03352380
0.02392438
-0.01368214
-0.02253862
0.06955639
-0.01725034
-0.10374383
-0.05173524
-0.01179127
-0.00826818
-0.09340617
-0.01382719
-0.05587521
-0.01934348
0.00957868
-0.05526794
0.02326718
-0.04126928
0.01784147
-0.03915714
-0.03647386
-0.00047058
0.03538848
-0.07880780
0.00313204
-0.02346257
0.07448626
0.01983269
0.01133125
-0.01361643
-0.05233499
-0.05895863
0.04319634
0.00827517
-0.06328973
0.02611256
-0.00426146
-0.05323736
0.03596645
-0.00745261
0.09000669
0.01347830
0.09415767
0.02216342
-0.01730002
-0.00993685
-0.07186863
-0.00758146
0.04113445
-0.06835821
0.06052968
-0.05371885
-0.01525316
-0.00489747
-0.12281021
-0.02395380
0.05145195
0.00857105
-0.00990246
0.00226623
0.02380036
0.02442073
0.04976786
0.04594763
0.00312887
-0.01360652
0.02133583
0.06902844
0.05080722
-0.02263352
0.02773079
-0.05605830
0.00607478
0.04934274
-0.01223094
-0.02263463
0.01091371
-0.08299953
-0.01226810
0.02400087
-0.00142339
-0.01444351
0.04672800
0.04472831
0.02129417
0.02758594
0.04351633
-0.06481460
0.02065632
-0.02704929
-0.13566895
0.04162538
-0.00861430
-0.06673380
-0.06621776
-0.13132353
-0.00643365
-0.08160178
-0.05071936
0.09328262
-0.01852884
0.02381209
-0.07514047
-0.06396423
0.04468577
0.03294029
0.00109756
0.00259514
-0.01033603
-0.00275831
-0.02109594
-0.02257451
0.04049073
-0.01040399
0.02063671
-0.04064288
0.04842195
0.01633983
-0.05027748
0.00757767
-0.02793507
