-0.02757549
-0.01869229
-0.06505495
-0.05988239
-0.00116828
0.03375073
-0.01706706
-0.03483001
-0.01468660
0.01329099
-0.00867834
0.00127827
0.02179216
-0.07572712
-0.04176145
-0.02287648
0.00445524
-0.00373696
0.09266700
-0.00052127
0.00320128
0.00673359
-0.01099561
0.01090484
-0.01648271
0.01078763
-0.00024061
0.05350887
-0.00235368
0.01107828
0.00736422
-0.01153772
0.00195355
-0.03711262
-0.03867535
0.04967331
0.00310968
0.03352043
0.01922189
-0.02230762
-0.02274308
-0.00255185
-0.06180023
-0.05234313
-0.00896721
0.03045703
-0.08664539
-0.01515312
0.02063545
0.02502520
0.00471357
-0.03089817
-0.00449374
0.03943343
-0.01623534
0.01643281
0.01800819
-0.00111339
0.43674824
0.08596098
-0.02351209
0.03045301
0.00549407
-0.00071394
0.00680188
0.00063076
0.02818227
-0.00340034
0.03168517
0.04824637
0.00550722
-0.02301388
-0.02251086
0.01642148
-0.03892861
-0.03052516
-0.06835964
-0.04091722
0.01159185
-0.04181183
-0.00790284
0.00828786
0.01133404
0.06004667
0.03446139
0.00803990
-0.01239198
-0.01899450
0.03870159
0.01559054
0.03191997
-0.01490964
0.03708063
-0.00807600
-0.01903812
-0.00738288
0.02723907
-0.02726589
0.06531383
0.01179723
-0.02561732
-0.05442715
-0.01604063
0.02127784
0.01345007
0.00180362
0.03386353
0.03540938
0.00172893
-0.05652958
-0.00754499
0.01336935
0.02518831
-0.01966351
0.00156504
-0.01443262
0.07531255
-0.00879281
0.01064609
0.01526846
0.01961124
0.00195101
0.02745127
0.00606232
-0.00498927
-0.00753316
0.00712735
0.00445340
0.01066066
0.02076934
0.02522043
-0.01185543
-0.00050651
0.00770384
-0.03942030
0.01017268
0.00834361
0.03121903
-0.11657996
0.04597225
-0.00154089
-0.02931711
-0.00601444
0.03417504
-0.01062047
0.07778983
-0.03466126
0.01053855
0.00055922
-0.01430815
0.06842743
0.01719183
-0.01228059
0.01991413
0.00010003
-0.03097083
0.03029583
-0.01882349
-0.03731156
0.02357790
0.00789854
-0.02610883
0.01534099
0.01513271
-0.01919081
0.05818237
0.02308038
-0.00304778
-0.01275846
0.03479250
0.01059885
-0.00183983
0.02599438
0.01393317
0.03391255
0.00748813
0.04460910
-0.03499937
-0.02116369
-0.00984493
-0.05577055
-0.02442687
0.01022633
0.01579079
0.06736483
-0.06403773
0.12076302
-0.00041361
-0.00783950
0.04335232
-0.00136978
0.03254827
-0.00110243
-0.00323076
-0.03087602
0.00713141
0.00693412
0.03461113
0.01964808
-0.02431766
0.05803633
0.01178427
0.11531201
0.00172620
0.01359259
-0.05267857
0.00308563
-0.00463309
-0.01314195
-0.03770363
-0.03600375
0.02162362
0.00457332
0.01118063
-0.02354394
-0.04275189
0.00548498
0.03296983
-0.01237236
0.04247633
-0.00409193
-0.74195385
0.02055878
-0.05134672
-0.02101904
-0.00631355
0.05676627
-0.04195786
0.01843010
-0.01220841
-0.01216047
-0.01522671
-0.00914934
0.01261421
-0.03902509
0.01544502
-0.01012287
0.01577669
-0.00147577
-0.01750161
0.00744296
0.02490436
-0.00248618
-0.05038299
0.01708524
0.00655446
0.06430122
-0.00305301
0.00307998
0.03892452
-0.00474979
0.02702606
0.02791128
0.02127075
0.00081567
-0.00426476
-0.12425098
0.05957161
-0.15615895
0.15928797
-0.00334408
0.04690615
-0.08298022
-0.01809201
-0.03794658
0.10560976
-0.11686771
0.10677166
0.09002671
0.04908136
0.09883482
0.01488415
-0.05120839
-0.03946014
-0.14926593
-0.02234991
0.00557573
0.12849085
-0.09748489
-0.05331787
0.03089462
0.08143499
-0.09629896
-0.04965476
-0.10299712
0.01759055
-0.06954873
-0.05549705
0.02305338
-0.03758436
0.04196123
0.02328735
-0.14274731
0.01617286
-0.08062533
0.09489381
-0.04209433
0.22600663
-0.07344389
-0.01017666
-0.13402408
-0.12054229
0.73038900
-0.15984251
-0.04668974
-0.02611051
-0.09119974
-0.00915894
0.01518701
0.03989521
0.00391325
-0.04524224
-0.10057943
0.12936549
0.01155844
0.11257914
0.00869031
-0.00672313
-0.11596372
0.10508929
-0.05567379
-0.02695707
0.01853058
-0.01527323
0.00515758
0.02582393
-0.02208685
0.05753098
-0.02979334
0.01692466
-0.00930480
-0.00034877
0.00465581
0.03747033
0.02687891
0.04374982
-0.04963321
-0.01498398
0.04418916
-0.02773783
-0.03051619
0.00536770
-0.09172611
0.01893162
0.01724669
0.07707794
-0.03122174
-0.00939287
0.02080487
-0.06655520
-0.05499444
0.05131185
-0.01796317
-0.04820078
-0.03700465
0.06654797
-0.04699274
0.00774092
0.01022177
0.00403213
-0.02322907
-0.00686503
0.04752612
-0.03234603
-0.02367319
-0.00001084
0.02414370
-0.04704567
-0.11404972
-0.01753279
-0.02320686
0.04674972
-0.02280830
-0.00231122
0.05985983
-0.04146753
-0.02925375
-0.00778065
0.02322290
0.01581696
-0.00226562
-0.01361897
-0.05694112
0.04065896
0.01952272
-0.01771513
-0.00242378
-0.00112657
0.03792680
-0.00484950
-0.01225515
-0.03566695
-0.02262848
-0.03361518
0.03972104
-0.05837398
0.01184165
-0.09704740
0.02525797
-0.02585218
-0.01590030
0.01442375
0.09190746
-0.04831936
-0.05099935
0.00235844
0.01193452
-0.08531756
0.06395593
0.02323326
-0.10154748
-0.06984121
0.03205894
-0.05575783
0.02025332
0.02853402
0.00317956
-0.04266221
-0.02705933
-0.01267503
0.00289083
-0.03211393
-0.10403436
-0.00669589
-0.01541369
0.02358076
-0.01886437
0.00667065
0.02686187
-0.04401574
0.01350668
0.01103247
-0.02258676
0.03735253
0.00109777
0.04717435
0.01414993
-0.04630551
-0.03140758
0.03424071
-0.02691673
-0.02192859
0.07552936
-0.04233042
-0.04935243
-0.00626032
0.00320841
-0.05827336
-0.04737573
-0.03070264
-0.01699104
0.03142029
0.03418872
-0.01165907
0.08735377
-0.00122329
0.04967606
0.00308408
0.01836462
0.05069051
0.01253396
0.06290961
-0.04022443
0.05497694
0.07381787
-0.01105018
-0.03569722
0.02843861
-0.00508967
-0.01476042
-0.03907027
-0.03244307
0.02530631
0.02096878
0.08210939
-0.04005836
0.00950190
-0.06644413
0.06121661
-0.11086071
-0.04362567
-0.08535048
-0.02602805
-0.01421180
-0.02850918
0.03040358
-0.01631390
0.02764928
0.00881322
-0.01607738
0.05103015
-0.05722711
-0.06089718
0.04411482
0.00180939
-0.06082563
-0.03250027
-0.00469645
-0.06034149
0.00123847
-0.10118763
0.05218912
0.00885995
0.01314037
-0.03738005
0.02132786
0.02128975
-0.03981730
-0.02688223
0.03002673
0.03457028
0.00046781
0.04237584
-0.01514745
0.05108881
-0.00091195
0.00586624
0.06112298
-0.04874494
0.01700558
-0.00970127
0.14718796
0.07020064
-0.06782946
0.06186322
-0.07664031
0.06197469
-0.02448174
0.09466290
0.04544063
0.01101998
0.02898327
-0.02756373
0.01034938
0.00925816
-0.05251594
-0.02033932
-0.00425395
-0.01763935
0.01231903
0.01381536
-0.03583675
-0.01490994
0.03370953
0.02755795
0.09497224
-0.03664586
0.00204896
0.05900988
0.03932342
0.03453640
-0.05765845
0.02527688
-0.00585652
-0.00772471
-0.02105744
-0.05974859
0.00204086
0.00108435
0.00389851
-0.10255103
-0.02206816
0.02609996
0.02079068
-0.00898632
0.03979091
0.00208446
0.00208930
0.02974986
-0.02429621
0.00577101
-0.01283462
0.01675584
-0.02783207
0.07078099
-0.00653645
-0.00381811
-0.01062563
0.03167122
-0.00422927
0.00282461
0.03614760
-0.04766672
-0.05847856
0.02529908
-0.08074845
-0.00412435
0.00643806
-0.00735410
0.04251795
-0.02376649
0.01146064
0.04520398
0.06855323
0.13340119
-0.01184926
0.04937364
0.00710314
0.03187852
-0.01926511
0.03919541
-0.07473173
-0.02285097
0.07405800
-0.01039052
0.02893825
0.00653339
0.04795178
-0.02586687
-0.02887239
-0.02943448
-0.09890904
0.02072852
-0.01347493
-0.08519962
0.00271848
-0.04622655
-0.03047854
0.02343327
0.02038432
-0.01436664
-0.01892625
0.01875434
-0.01930267
-0.11241998
-0.03472403
0.02181164
-0.02085323
0.03097208
0.01358259
-0.07460521
0.08259809
0.01499146
0.01056985
0.06973462
0.05227150
0.04491967
0.04012333
0.03990332
0.02535599
-0.13142276
-0.02616359
-0.05264394
-0.05501099
-0.07230411
-0.00075711
0.01822190
0.08009787
0.01369665
0.00084850
0.00246938
-0.03188729
0.02845964
-0.07207532
0.00922274
-0.02859587
0.03167920
0.02741141
0.02590459
0.02954600
0.04135421
0.05529503
0.02753666
-0.08140470
-0.03718457
0.06795104
0.02198194
-0.00082407
0.04807484
-0.05549635
-0.05430204
-0.03735567
0.00801781
-0.00048668
0.03674324
0.04371355
-0.06879456
-0.03279220
-0.06232209
-0.03362374
-0.00247740
-0.05338017
0.03865632
-0.11001930
0.00359273
0.00175294
0.03149117
0.06861303
-0.03434263
-0.02980689
0.00065859
0.07468933
0.00925185
-0.02654709
0.04561670
-0.00317259
-0.00834218
-0.02162220
0.08380054
0.06773821
-0.00415385
0.05348222
0.03541482
-0.00262527
0.04321475
0.05244581
-0.00849265
-0.01336820
0.00535958
0.01833222
-0.01728188
-0.04512719
0.02303310
-0.00472770
0.00061206
0.06796490
-0.04315400
-0.12925351
-0.05347217
-0.00107641
-0.02372411
-0.09180290
-0.00747425
-0.03435634
-0.02799701
0.01052959
-0.07031539
0.00006947
-0.01865876
0.00737715
-0.04115035
-0.03478388
0.01210036
0.05654197
-0.07700075
-0.00641795
-0.03748876
0.07553786
0.00555237
-0.00812161
-0.01492405
-0.06184517
-0.06289668
0.04436640
0.00808521
-0.06563922
0.01998840
-0.01553042
-0.05768207
0.02521774
-0.00330543
0.08267243
0.00871691
0.07373241
0.01546046
0.00019735
-0.01594286
-0.06715481
-0.02525788
0.07361545
-0.05481024
0.08047902
-0.03281507
-0.00726575
-0.01339081
-0.10529674
-0.00817070
0.05878497
0.01866236
0.01476318
0.00983571
0.02390119
-0.00102412
0.06126897
0.05662383
-0.03149068
-0.00447698
-0.01183418
0.08319849
0.03432688
-0.01808420
0.06080261
-0.03420912
0.02256527
0.02167444
-0.00286649
-0.00272887
0.00658624
-0.08755238
-0.01590164
0.02439417
-0.00055505
-0.01671574
0.03770498
0.05930433
0.03347367
0.03236764
0.02985360
-0.05558378
0.01560247
-0.01592243
-0.14671338
0.02417517
-0.02352005
-0.03906377
-0.06762882
-0.12747754
-0.00665971
-0.07259732
-0.04956048
0.09226023
-0.02754826
0.05455340
-0.08872484
-0.10620815
0.02389202
0.02844912
0.02386874
0.00621451
-0.01699811
-0.00669045
-0.04861107
-0.04438315
0.05362935
0.01292719
0.03103545
-0.01043443
0.03829906
0.00786709
-0.06831750
-0.02091533
-0.01036794
