-0.01800455
0.00144254
-0.02651042
-0.03443766
0.00351353
-0.02255272
-0.02642685
-0.01671915
-0.03019086
-0.01093739
0.03266645
-0.02549225
0.00533254
-0.08797817
-0.06370934
-0.02492476
-0.01090824
-0.01686175
0.02775848
0.02643423
-0.01489101
0.02708660
-0.00567902
0.00588643
0.00563533
-0.00884097
0.02314900
0.03888253
-0.01669450
0.01991519
-0.04671814
0.00801441
0.01983148
-0.02949781
-0.02865869
0.04195580
0.05418882
0.01030099
0.00300003
-0.01630019
0.00904068
0.00519061
0.01389755
-0.01991281
0.01289120
0.02913572
-0.06566019
-0.00326031
0.03051078
0.02254373
0.04765642
0.03059252
-0.00501622
0.02374990
0.01083182
0.02231948
-0.00257892
0.01095234
0.42690504
0.03087017
-0.00847659
0.04469278
0.00166111
-0.01802908
0.01600156
-0.00071587
-0.01140130
0.01288346
0.00551097
0.05577804
0.00950810
-0.01795614
0.00705241
0.02987823
-0.03743678
-0.03290354
-0.05733079
-0.02949873
0.03537117
-0.11422965
-0.02033114
0.00483984
0.02523593
0.03045261
0.00074587
-0.02020960
-0.02493031
-0.01315879
0.04421098
-0.01548987
0.03007314
-0.00699605
0.04804991
0.00807925
-0.01867145
0.00151693
0.00759805
-0.04843734
0.04826436
0.02620491
-0.01572179
-0.06034989
-0.04548808
0.01494231
0.01500504
0.03185199
0.00993818
0.05202254
0.00649842
-0.04423742
0.03104464
0.04007581
0.02785655
-0.01671401
-0.00247228
0.00859131
0.03928792
-0.00683359
0.02035533
0.02264489
0.03416504
-0.00066704
0.03614637
-0.00834847
0.02864084
0.02965409
-0.01661964
0.00470646
0.01267366
0.02342547
0.04605521
0.00004130
0.01235352
0.02103423
-0.01194126
0.01436784
0.02211920
0.04072854
-0.04253330
0.02933188
0.01274902
0.00720806
-0.02049666
0.03966865
-0.00250860
-0.03091270
-0.03119363
0.01242323
-0.01214557
-0.01463201
0.07858008
0.03021316
-0.01317994
0.00469821
0.01623236
-0.02551716
0.01039589
0.00589870
0.00703923
0.01929402
-0.02919157
-0.01714763
0.00908770
-0.01131791
-0.02430437
0.06707732
0.03542527
-0.03670447
0.03722699
0.06734868
-0.00190295
-0.00714589
0.02846156
0.00322293
0.05817885
0.02459982
0.02943712
-0.01193050
0.00935302
0.01741585
-0.01679305
-0.01415083
0.01058484
0.00379384
0.05339156
-0.13180840
0.11156045
0.00807577
-0.02369465
0.03856273
-0.01105843
-0.00411212
-0.02834095
0.01489038
-0.04572143
0.02169278
0.04327662
0.04462883
0.00198629
-0.03375116
0.03410554
0.00756825
0.08239249
0.01789747
0.02315890
-0.07500023
-0.00189075
-0.02057593
-0.03365483
-0.00046739
-0.02417632
-0.00530717
0.00855992
0.02188134
0.01595944
-0.00267941
0.00969524
0.06966871
-0.01066110
0.05971877
0.00443826
-0.75002640
0.03337540
-0.01445942
0.01006722
0.00551550
0.06405710
-0.04404959
0.06021072
0.01039957
-0.02681559
0.00595488
0.00343803
0.00035004
-0.02883724
-0.00783813
0.01867796
-0.00337896
0.00116185
0.00487929
0.04913856
-0.00631130
0.01925499
-0.04772639
-0.00153076
-0.03256360
0.03770286
-0.01453618
0.03881507
0.02166672
-0.02507509
0.03001539
0.04434227
0.04711896
-0.00758447
-0.00004538
-0.01031974
-0.01122989
-0.15804061
0.12736106
0.01482577
0.10273472
-0.10224887
-0.04833597
-0.07780329
-0.03883426
0.00415186
0.04047850
0.06979545
-0.13321584
0.07059691
-0.06136095
0.00367984
-0.04827683
-0.12194063
0.04729597
0.01659290
0.08490252
-0.03456797
-0.09094381
-0.05827583
0.02321262
-0.06846850
-0.02351864
-0.05270996
-0.00367056
-0.03507360
-0.10373243
0.04479335
0.00261164
0.05464321
0.03869765
-0.11635746
0.14628340
-0.14244440
-0.05459220
-0.10521119
0.11959293
-0.08923866
0.06777600
-0.11191881
-0.11564257
0.78243995
-0.14036447
-0.05928427
-0.05897640
-0.00067565
0.03115821
0.09931681
-0.07294263
0.02080209
0.02888795
0.00222521
0.08649410
0.00673941
0.06232842
0.01271929
-0.04720982
-0.17705767
0.06357367
-0.06209624
-0.03882059
0.01366683
0.00721723
-0.02330722
0.02755612
-0.01677527
0.04995152
-0.00668422
-0.01012052
-0.01863381
-0.00971406
0.01322685
0.02777428
-0.00172519
0.01549712
-0.06141279
-0.02653798
0.04296136
-0.03754640
-0.05274470
-0.00217886
-0.08697484
0.01821726
-0.00344334
0.05977467
-0.02860608
-0.02978880
0.03173119
-0.05813456
-0.00542146
0.01387291
0.02327565
0.01110268
-0.07226565
0.08570056
-0.03904402
-0.00676309
-0.03923700
-0.00761600
-0.02691518
0.00232718
0.07871331
-0.00489560
-0.00598850
-0.00770699
-0.00482549
-0.00180393
-0.11452474
-0.00208809
-0.02090646
0.08395324
-0.01367599
0.00016194
0.06524835
-0.05515003
-0.03896707
-0.00530560
0.00344384
0.01746756
-0.04103558
-0.02353172
-0.06141644
-0.00229738
0.04755883
0.00816570
-0.02813840
-0.01191586
0.03086317
-0.02626909
0.02587817
-0.06242957
-0.06458043
-0.02125582
0.04416188
-0.05219081
0.05087511
-0.03661814
0.03359701
-0.02680593
0.02044390
0.02792206
0.05592837
-0.05437108
-0.03212152
0.03397135
0.00927329
-0.09420568
0.04824670
0.00764259
-0.11853872
-0.06204155
0.04501889
-0.03383684
0.02705159
0.00217087
-0.00335444
-0.04236978
-0.01426009
-0.03584741
-0.03946627
-0.04061251
-0.10912689
-0.04651512
0.00281233
-0.00074955
-0.04770136
0.00390246
0.03034154
-0.03428455
0.00865710
0.04514573
-0.02591085
0.00692512
-0.02758368
0.05040017
0.02357038
-0.09271377
-0.05636632
0.03641328
-0.01559376
0.00761756
0.05718770
-0.00638408
-0.06700768
0.00819109
-0.01392759
-0.10873009
-0.05254216
-0.04237599
-0.03153479
0.01241976
0.04835595
-0.00478298
0.05794345
0.00452514
0.02908213
-0.01115569
0.00858016
0.04708152
-0.00844866
0.06513575
-0.03925863
0.05019431
0.04322853
-0.03173658
-0.04324451
0.03093551
0.00441685
0.00003998
-0.02278453
-0.06811664
0.01288072
0.01872281
0.09622991
-0.02533114
0.00428042
-0.06159326
0.04315717
-0.09690113
-0.04374674
-0.05943247
-0.05254306
0.00114333
-0.01386993
0.02982942
-0.02666011
0.05506562
0.01422255
-0.01880682
0.03772400
-0.02326606
-0.08455621
0.03422259
0.00683485
-0.04066039
-0.01883647
0.00123481
-0.05555832
0.00885637
-0.07096583
0.04633988
0.00078398
-0.02454761
-0.02187313
-0.00735771
0.05436789
-0.05456984
-0.01079055
-0.01823923
0.02787018
-0.02636905
0.04581279
-0.02370714
0.00304648
0.01108581
0.01377786
0.09235802
-0.08082884
0.03051729
0.01884242
0.15481932
0.02183031
-0.05400427
0.08635587
-0.06601010
0.01611818
0.00261295
0.10375864
0.04153340
-0.02688803
0.03567811
-0.01265960
0.06006385
0.01327224
-0.06378260
-0.00184865
0.03304330
-0.02125114
0.00730707
0.01730230
-0.03221442
0.00571226
0.02885634
0.03379285
0.10100929
-0.03650889
-0.00733354
0.04707717
0.02155001
0.03901092
-0.06163160
0.00312780
-0.01495152
-0.00912477
0.00255263
-0.04861340
0.02204959
0.01279426
0.02187242
-0.08985240
-0.01327645
0.02487348
0.02157192
-0.02172319
0.03929646
-0.00218263
-0.05036926
0.02928124
-0.01227760
0.00199418
0.00023349
-0.00101021
-0.01738831
0.04126442
0.02447098
0.04100572
0.01998754
0.00869525
0.00652972
0.05842840
0.02817832
-0.03923808
-0.03701785
0.03016020
-0.07874179
0.02004764
0.00387855
0.00298636
0.04978690
-0.02117093
-0.02257873
0.01594634
0.06210358
0.16553983
-0.02049935
0.02010548
0.05369263
0.02153835
-0.03288430
0.01621814
-0.00456188
0.02240969
0.06323919
0.00334657
-0.00685616
0.04410740
0.07061746
0.00599128
-0.01386678
-0.02308313
-0.08246229
0.03617696
-0.01768170
-0.13081108
-0.00159728
-0.08355140
-0.04157542
-0.02116918
0.00977430
-0.02446325
-0.02748565
0.04140034
-0.00140187
-0.10653218
-0.01165995
-0.01779019
-0.03195146
0.00109981
-0.00368504
-0.08029138
0.04832890
0.00948465
0.01476720
0.08040238
0.05395597
0.01109916
0.03953740
0.10471287
0.03685079
-0.14675540
-0.04164219
-0.02566149
-0.03588236
-0.09545613
-0.01685655
0.01971002
0.03928813
-0.04913456
-0.03169419
0.03165453
-0.02320776
0.00645266
-0.05933524
0.00887352
-0.06475549
0.02045744
0.02439090
0.04786196
-0.00382923
-0.00751613
0.04160504
0.02852239
-0.05085443
-0.02145859
0.09086538
0.02283597
-0.01765567
0.04856398
-0.05580180
-0.05080906
-0.01964467
-0.02167760
0.00831423
0.00678866
0.03845771
-0.05090171
-0.04310414
-0.08359209
-0.05226779
0.00826573
-0.02636704
0.01811654
-0.11992201
0.02406622
0.02495476
0.03194800
0.04657156
-0.04730006
0.00557073
0.02548403
0.03589188
0.01223906
-0.03163933
0.00786389
-0.01722224
-0.00370183
-0.02222368
0.06776645
0.05387791
0.00336130
0.05780317
0.05325292
0.02150754
-0.00759956
0.03507287
0.00642827
-0.02167710
0.00712248
-0.00311934
-0.02845874
-0.01926933
0.01134615
0.00469394
-0.01193902
0.04994326
0.01630850
-0.08292337
-0.08072692
0.02274008
-0.00310506
-0.07551620
0.01618943
-0.02812843
-0.03426446
0.01943041
-0.07419904
0.04393783
-0.01830380
0.02163869
-0.01757635
0.00204601
-0.00180845
0.00724337
-0.06714374
-0.01199804
-0.02370287
0.05081819
-0.00216413
0.00564493
-0.02385811
-0.02394840
-0.06875822
0.02294832
-0.00478962
-0.08306161
-0.01990486
0.02339442
-0.04448012
0.04155254
-0.00092545
0.08595379
0.00926778
0.11588687
0.03626739
-0.06166209
-0.03213975
-0.09147998
-0.04529609
0.02620422
-0.09362241
0.04671731
-0.06662694
-0.04098485
-0.00174696
-0.15295731
-0.02569698
0.02754317
0.02138307
-0.00531995
0.00343535
0.01592725
0.00569925
0.03327257
0.04072718
0.00317165
-0.00897334
0.00474477
0.10885976
0.02759417
0.00612557
0.00176667
-0.03657732
0.00360918
0.05122685
-0.00261665
-0.02025662
0.01662599
-0.08457197
0.01360591
0.01037145
0.00144397
-0.03726875
0.03770960
0.05347510
0.02392527
0.03480718
0.01272138
-0.03490352
0.03764073
-0.01384048
-0.12456740
0.01445013
0.01575026
-0.05731352
-0.04106605
-0.12043943
-0.03159932
-0.05452016
-0.03029708
0.05999152
-0.02326140
0.05461542
-0.05058765
-0.06731055
0.01534002
0.01763181
0.00599132
0.00740859
-0.02119576
-0.02147950
-0.05094797
-0.02188976
0.08279454
-0.03581642
0.00283292
-0.00649325
0.00084034
0.00872509
-0.04323497
0.00070288
-0.02830951
