8.248007856309413910e-03
1.137929968535900116e-02
-3.004721924662590027e-02
9.975777007639408112e-03
9.090268053114414215e-03
4.136397689580917358e-02
1.948254369199275970e-02
-3.721055015921592712e-02
-5.300645250827074051e-03
1.393369305878877640e-02
-3.231934458017349243e-02
-4.712253343313932419e-03
1.005667378194630146e-03
3.191918134689331055e-02
-2.066820301115512848e-02
-2.266780287027359009e-02
-2.661943063139915466e-02
5.044678226113319397e-03
1.657454669475555420e-01
2.895803190767765045e-02
-7.234344724565744400e-03
4.543420858681201935e-03
1.182893291115760803e-02
9.482434019446372986e-03
1.706027425825595856e-02
-1.571808569133281708e-02
-2.328582666814327240e-02
-3.045677207410335541e-02
-1.136413961648941040e-02
3.368034213781356812e-02
1.075573936104774475e-01
-1.191190257668495178e-02
1.410358678549528122e-02
-1.886108657345175743e-03
1.149793341755867004e-02
-1.486216019839048386e-02
-1.004714053124189377e-02
1.906808093190193176e-02
1.896472298540174961e-03
2.470359019935131073e-02
-2.323430962860584259e-02
1.842167600989341736e-02
-1.191714033484458923e-01
-2.977835014462471008e-02
-1.340912934392690659e-02
-1.938358508050441742e-02
-2.156823873519897461e-03
-2.137164026498794556e-02
1.645803824067115784e-02
-9.148096665740013123e-03
2.649752981960773468e-02
-4.685068875551223755e-02
3.680835291743278503e-02
9.969583712518215179e-03
-1.450584642589092255e-02
3.534619230777025223e-03
-7.949163205921649933e-03
1.378698833286762238e-02
4.008096754550933838e-01
9.368047863245010376e-02
-5.701582413166761398e-03
-8.729081309866160154e-05
-2.959676831960678101e-02
-3.316601971164345741e-03
3.687919303774833679e-02
8.876125502865761518e-05
-9.550529532134532928e-03
-1.691998355090618134e-02
7.087592780590057373e-02
-1.867490634322166443e-02
1.770312711596488953e-02
2.834224607795476913e-03
-2.525819279253482819e-02
6.338410545140504837e-03
-1.937820389866828918e-02
-1.212538685649633408e-03
-7.895596325397491455e-03
-3.045968338847160339e-02
1.656695641577243805e-02
1.391209214925765991e-01
-1.747413538396358490e-02
4.061625897884368896e-02
1.562508009374141693e-02
8.988326787948608398e-02
-1.645974069833755493e-02
-1.014606468379497528e-02
7.490919902920722961e-03
6.097926758229732513e-03
3.267063200473785400e-02
-1.308487262576818466e-02
-1.283482462167739868e-02
-2.930141985416412354e-02
5.031254515051841736e-02
-2.276373095810413361e-03
-1.101053692400455475e-02
-8.075280115008354187e-03
2.658449299633502960e-02
-1.233436074107885361e-02
6.053107231855392456e-02
3.782809479162096977e-03
-2.587671857327222824e-03
1.628239080309867859e-02
-2.718695905059576035e-03
-6.558227818459272385e-03
-8.147794753313064575e-03
-2.166665159165859222e-02
4.006722941994667053e-02
9.566072374582290649e-03
2.554980665445327759e-02
-2.886091917753219604e-02
-2.839936316013336182e-02
2.100998722016811371e-02
1.405284367501735687e-02
-5.435284227132797241e-03
-7.587682921439409256e-03
6.863217800855636597e-03
-1.473599206656217575e-02
-1.764123141765594482e-02
-1.538701634854078293e-02
-1.161498483270406723e-02
-1.980769075453281403e-02
-1.411636825650930405e-02
-1.268199644982814789e-02
-1.417802064679563046e-03
-6.717994064092636108e-02
-3.589765168726444244e-03
6.967050023376941681e-03
7.258174009621143341e-03
3.440829738974571228e-02
-7.907138206064701080e-03
-6.302689015865325928e-02
3.589093219488859177e-03
-1.669449172914028168e-02
9.893435984849929810e-03
-4.038326069712638855e-02
-2.963577210903167725e-02
3.262542560696601868e-02
-9.993860498070716858e-03
-1.085526943206787109e-01
3.569167852401733398e-02
-2.545693889260292053e-02
7.888568565249443054e-03
-1.605656812898814678e-03
-4.538649227470159531e-03
6.087250076234340668e-03
1.997276544570922852e-01
1.683158986270427704e-02
-1.532314624637365341e-02
-6.814982276409864426e-03
-2.382126264274120331e-02
3.471669182181358337e-02
2.411609143018722534e-02
-3.199859056621789932e-03
4.493208602070808411e-03
6.706131622195243835e-03
-1.296701282262802124e-02
-2.139437943696975708e-02
2.190720988437533379e-03
-5.468874797224998474e-02
-7.642970420420169830e-03
-1.242664828896522522e-02
-4.901108890771865845e-02
7.069391012191772461e-02
1.313785184174776077e-02
-7.925523445010185242e-03
3.037397935986518860e-02
5.223116371780633926e-03
-1.330670993775129318e-02
7.008527871221303940e-03
-2.941464446485042572e-02
-1.060929521918296814e-02
-2.012957818806171417e-02
-6.781160831451416016e-03
1.204515993595123291e-02
2.998806536197662354e-02
1.788016781210899353e-02
9.651462547481060028e-03
1.804164494387805462e-03
-2.552592754364013672e-02
-1.163686718791723251e-02
2.053125202655792236e-02
-1.875777915120124817e-02
-5.768657196313142776e-03
2.527335844933986664e-02
2.842504531145095825e-02
1.008303910493850708e-01
-2.520672418177127838e-02
1.010278426110744476e-02
-7.514234166592359543e-03
-4.537440836429595947e-04
-1.284507475793361664e-02
3.600958734750747681e-02
2.376077137887477875e-02
-2.292425185441970825e-02
1.457648538053035736e-02
1.848826929926872253e-02
-3.554217144846916199e-02
1.923128589987754822e-02
7.881918549537658691e-02
6.137444870546460152e-05
5.398586019873619080e-02
2.732381597161293030e-02
6.007199175655841827e-03
-2.671301364898681641e-03
-1.099768280982971191e-02
-3.075620345771312714e-02
4.207452386617660522e-02
-1.747646182775497437e-02
1.550209149718284607e-02
-7.834885269403457642e-02
1.966048218309879303e-02
-2.632789686322212219e-02
2.556509338319301605e-02
6.789082661271095276e-03
-5.303327925503253937e-03
-1.030943356454372406e-03
1.487311237724497914e-04
2.989069744944572449e-02
1.834565959870815277e-02
-5.082327872514724731e-03
5.599905736744403839e-03
-7.383903264999389648e-01
-4.830566700547933578e-03
-2.151127904653549194e-02
1.456196140497922897e-02
7.629459723830223083e-03
-1.457851566374301910e-02
2.878717333078384399e-02
-5.200683139264583588e-03
-4.652847070246934891e-03
1.648864126764237881e-03
1.795121654868125916e-02
1.365197356790304184e-03
-1.869769953191280365e-02
-4.621663317084312439e-02
1.673370972275733948e-02
-1.519681420177221298e-03
2.237932756543159485e-03
-1.341920252889394760e-02
-7.853380404412746429e-03
2.633438445627689362e-02
-1.052246708422899246e-02
-9.996447712182998657e-02
-4.145921394228935242e-02
-1.599607802927494049e-02
2.152911946177482605e-02
-2.125275088474154472e-03
-1.808959431946277618e-02
1.809349283576011658e-02
6.890977965667843819e-04
7.597272284328937531e-03
1.397439837455749512e-02
6.862460076808929443e-02
1.144143243436701596e-04
-1.255743484944105148e-02
-4.062195308506488800e-03
1.033229827880859375e-01
8.083889633417129517e-02
-5.624045804142951965e-02
4.665849357843399048e-02
-3.029933013021945953e-02
-1.804856583476066589e-02
2.874232456088066101e-02
4.013775661587715149e-02
8.115880191326141357e-03
4.792368412017822266e-02
8.053964376449584961e-02
6.578910164535045624e-03
1.555277220904827118e-02
4.421055689454078674e-02
3.911650739610195160e-03
1.330846995115280151e-01
-1.336297835223376751e-03
6.648684293031692505e-02
-2.564383856952190399e-02
-3.347960487008094788e-02
-1.376951783895492554e-01
6.683694571256637573e-02
4.925672337412834167e-02
2.681227214634418488e-02
5.635926965624094009e-03
5.277726054191589355e-02
4.246743395924568176e-02
-7.511473726481199265e-03
-5.482888594269752502e-02
7.468093931674957275e-02
5.343186855316162109e-02
6.752158701419830322e-02
3.391599655151367188e-02
-1.371881812810897827e-01
4.389271512627601624e-02
-9.036231040954589844e-02
-8.552939444780349731e-02
1.094805449247360229e-02
3.935984149575233459e-02
9.895170480012893677e-02
-9.162288904190063477e-02
8.000688999891281128e-02
4.456082731485366821e-02
-9.427886456251144409e-02
5.358415096998214722e-02
-4.762391326949000359e-04
8.576841354370117188e-01
-4.468302056193351746e-02
-1.188576370477676392e-01
-8.830240368843078613e-02
-1.308744121342897415e-02
2.308799698948860168e-02
-8.689890801906585693e-02
1.252997070550918579e-01
-1.921535469591617584e-02
-6.368626654148101807e-02
3.835966065526008606e-02
4.669398441910743713e-02
-8.701537549495697021e-02
-8.552118390798568726e-02
-3.152408450841903687e-02
-7.827271521091461182e-02
-1.932757161557674408e-02
1.302274968475103378e-02
-5.123222619295120239e-02
-4.199257120490074158e-02
-2.533819992095232010e-03
-1.701913587749004364e-02
-1.506823766976594925e-02
2.918118983507156372e-02
-6.765141151845455170e-03
8.301527798175811768e-02
-3.274415433406829834e-02
1.203616731800138950e-03
1.170472986996173859e-02
1.718376204371452332e-02
1.799414120614528656e-02
4.413434490561485291e-02
-4.924499080516397953e-04
2.736125700175762177e-02
-3.619903326034545898e-02
-1.689075306057929993e-02
3.055570088326931000e-02
-1.991665549576282501e-02
-2.526897378265857697e-02
1.641612313687801361e-02
-8.209052681922912598e-02
3.258192911744117737e-02
1.890561729669570923e-02
2.389668300747871399e-02
-5.153852701187133789e-02
-1.608864404261112213e-02
2.997803129255771637e-02
-4.928376525640487671e-02
-7.364000193774700165e-03
1.364282611757516861e-02
-1.937256893143057823e-04
-2.177224494516849518e-02
-6.350659579038619995e-02
8.849921077489852905e-02
-2.435644529759883881e-02
-4.077446088194847107e-02
-1.504048332571983337e-02
2.452433574944734573e-03
-2.185862697660923004e-02
-1.226387103088200092e-03
8.651789277791976929e-02
-7.001503370702266693e-03
-2.474972791969776154e-02
-2.147636376321315765e-03
1.837723702192306519e-02
-3.197710961103439331e-02
-1.236638054251670837e-01
4.725528124254196882e-04
-2.520898729562759399e-02
9.185761958360671997e-02
-2.085002139210700989e-02
4.096735268831253052e-02
7.109033316373825073e-02
-6.102612614631652832e-02
-5.748137831687927246e-02
8.992569521069526672e-03
-1.488812547177076340e-02
-2.025385014712810516e-02
-5.684908851981163025e-02
-2.568780630826950073e-02
-5.266003310680389404e-02
4.111503064632415771e-02
1.648756675422191620e-02
3.413301706314086914e-02
-6.195323076099157333e-03
2.027670294046401978e-02
4.464275017380714417e-02
-2.890530042350292206e-02
6.893491372466087341e-03
-6.982038170099258423e-02
-6.581147015094757080e-02
1.543130259960889816e-02
5.560443177819252014e-02
-5.174967274069786072e-02
2.714433521032333374e-02
-6.333208829164505005e-02
3.452929481863975525e-02
-1.942084915935993195e-02
4.441861063241958618e-03
4.075335338711738586e-02
5.664604902267456055e-02
-4.441146552562713623e-02
-1.871646009385585785e-02
2.490194514393806458e-02
1.905716769397258759e-02
-9.460451453924179077e-02
6.423943489789962769e-02
-1.567193306982517242e-02
-9.442038834095001221e-02
-5.690360069274902344e-02
2.655114419758319855e-02
-2.306908741593360901e-02
4.664755240082740784e-02
-1.864083344116806984e-03
3.321255557239055634e-03
-4.114414379000663757e-02
-2.574847824871540070e-02
-2.929315902292728424e-02
-3.982471674680709839e-02
-4.662286490201950073e-02
-1.044195592403411865e-01
-8.093482255935668945e-02
1.066178269684314728e-02
9.867467917501926422e-03
-6.921674311161041260e-02
4.681528080254793167e-03
2.442401461303234100e-02
-4.152365401387214661e-02
1.466029323637485504e-02
3.459722921252250671e-02
-2.641265839338302612e-02
2.700215578079223633e-02
-2.301506325602531433e-02
5.325650051236152649e-02
3.565431013703346252e-02
-5.906220898032188416e-02
-3.111523576080799103e-02
6.606858968734741211e-02
-4.113591741770505905e-03
-8.202593773603439331e-03
3.137194365262985229e-02
-2.824743976816534996e-03
-6.186658889055252075e-02
-4.544900264590978622e-03
-3.209229931235313416e-02
-8.837351202964782715e-02
-2.291390113532543182e-02
-2.325567416846752167e-02
-2.728934213519096375e-02
1.461068820208311081e-02
4.699933528900146484e-02
-8.957974612712860107e-03
5.202035978436470032e-02
1.577715389430522919e-02
3.000075556337833405e-02
-1.958470977842807770e-02
-8.280534297227859497e-03
3.606898710131645203e-02
-5.376385059207677841e-03
5.898035690188407898e-02
-3.708135336637496948e-02
2.981274761259555817e-02
6.552055478096008301e-02
-4.361423850059509277e-02
-6.674924492835998535e-02
3.686638548970222473e-02
-4.168769810348749161e-03
-7.281025405973196030e-03
-1.218383759260177612e-02
-4.553350061178207397e-02
1.302262768149375916e-02
8.113292045891284943e-03
9.308674186468124390e-02
-2.650922909379005432e-02
-9.086179547011852264e-03
-7.218314707279205322e-02
7.532331347465515137e-02
-6.036558747291564941e-02
-4.470868781208992004e-02
-7.867623865604400635e-02
-2.444145642220973969e-02
-4.025876056402921677e-03
-2.927368693053722382e-02
1.593591645359992981e-02
-1.728513650596141815e-02
2.837323769927024841e-02
-6.465056445449590683e-03
8.426737040281295776e-03
5.431282892823219299e-02
-3.252329677343368530e-02
-9.216267615556716919e-02
3.899530321359634399e-02
4.837807733565568924e-03
-1.498379372060298920e-02
-1.311281044036149979e-02
-4.037165641784667969e-02
-5.228622630238533020e-02
1.786314323544502258e-02
-8.123549073934555054e-02
3.243624418973922729e-02
9.990251623094081879e-03
-3.140458464622497559e-02
6.154121831059455872e-03
2.762731909751892090e-02
2.349327132105827332e-02
-6.475245952606201172e-02
-1.579850725829601288e-02
-3.385628014802932739e-02
2.915266528725624084e-02
-6.072424352169036865e-02
3.653705120086669922e-02
-3.538415208458900452e-02
2.822156436741352081e-02
2.938593039289116859e-03
3.488516807556152344e-02
5.270967632532119751e-02
-7.090669125318527222e-02
3.949837386608123779e-02
2.587933093309402466e-02
1.436580121517181396e-01
3.520205989480018616e-02
-5.722937360405921936e-02
4.352722316980361938e-02
-7.028975337743759155e-02
2.415590174496173859e-02
2.071871235966682434e-02
5.750944092869758606e-02
3.324183449149131775e-02
1.730974414385855198e-03
3.203894197940826416e-02
-2.202508412301540375e-02
3.957029059529304504e-02
4.028029739856719971e-02
-7.773531228303909302e-02
-6.230966188013553619e-03
2.493572421371936798e-02
-2.308947034180164337e-02
1.272831298410892487e-02
8.015234954655170441e-03
-5.170733109116554260e-02
9.436221793293952942e-03
2.334373071789741516e-02
5.498334299772977829e-03
1.012904718518257141e-01
-3.773228451609611511e-02
1.107046194374561310e-02
2.598442323505878448e-02
-9.015041403472423553e-03
3.228439018130302429e-02
-6.905908882617950439e-02
2.669584751129150391e-02
-1.469434355385601521e-03
-3.166388347744941711e-02
1.629409193992614746e-02
-3.367002308368682861e-02
9.029787965118885040e-03
3.092936798930168152e-02
9.028642438352108002e-03
-1.119763553142547607e-01
-4.242859780788421631e-02
3.664938732981681824e-02
1.820834539830684662e-02
-9.617440402507781982e-03
5.419190227985382080e-02
-2.259664796292781830e-02
-2.593194507062435150e-02
6.420574337244033813e-02
1.169105619192123413e-02
2.965364791452884674e-02
9.635626338422298431e-03
6.852328777313232422e-03
-2.309643663465976715e-02
3.682512044906616211e-02
2.614310942590236664e-02
3.195495530962944031e-02
-5.044680088758468628e-03
1.073047053068876266e-02
1.681195199489593506e-02
2.761143818497657776e-02
3.683165460824966431e-02
-2.574276179075241089e-02
-2.712043374776840210e-02
9.857350960373878479e-03
-8.441984653472900391e-02
4.825887270271778107e-03
7.381916977465152740e-03
-1.345056761056184769e-02
5.847419798374176025e-02
-2.267522923648357391e-02
-3.970427438616752625e-02
5.017900839447975159e-02
4.840396344661712646e-02
1.457339972257614136e-01
-2.348860353231430054e-02
2.500292472541332245e-02
1.848564110696315765e-02
1.973057538270950317e-02
-2.655575238168239594e-02
2.822462469339370728e-02
-3.200136870145797729e-02
2.854105550795793533e-03
7.265704125165939331e-02
-1.740279421210289001e-02
-1.012454461306333542e-02
-5.347008816897869110e-03
5.587095767259597778e-02
-2.642237581312656403e-02
-2.632716670632362366e-02
-2.955453470349311829e-02
-7.992347329854965210e-02
1.946846768260002136e-02
-3.364064171910285950e-02
-1.054316386580467224e-01
-7.125336560420691967e-04
-7.726331800222396851e-02
-4.869211837649345398e-02
1.594937220215797424e-02
-4.913044627755880356e-03
-5.232595279812812805e-02
-2.671980066224932671e-03
2.821439132094383240e-02
-1.206959132105112076e-02
-1.233679577708244324e-01
-2.499912865459918976e-03
-1.635813899338245392e-02
-1.100250985473394394e-02
-8.288626559078693390e-03
2.603581175208091736e-02
-8.475600183010101318e-02
6.767071783542633057e-02
-2.329068258404731750e-02
4.893496632575988770e-02
5.648039281368255615e-02
8.823151886463165283e-02
1.339290756732225418e-02
2.296904660761356354e-02
1.009924933314323425e-01
2.820903062820434570e-02
-1.329749822616577148e-01
-4.142661765217781067e-02
-1.992299035191535950e-02
-5.553894862532615662e-02
-8.736865967512130737e-02
-1.735363341867923737e-02
2.767914906144142151e-02
3.674261271953582764e-02
-4.667021334171295166e-02
-1.709514111280441284e-02
1.610700041055679321e-02
2.867686934769153595e-02
2.464575506746768951e-02
-5.578664690256118774e-02
1.622145436704158783e-02
-3.622678294777870178e-02
-3.688165917992591858e-03
1.797679229639470577e-03
4.530033096671104431e-02
1.309987436980009079e-02
-2.377707138657569885e-02
3.744781389832496643e-02
3.236949816346168518e-02
-6.426692008972167969e-02
-4.234510008245706558e-03
1.101405620574951172e-01
-3.415824612602591515e-03
3.280886262655258179e-02
6.241637468338012695e-02
-7.225769013166427612e-02
-6.246038898825645447e-02
-2.841987274587154388e-02
-3.718215972185134888e-02
-4.353347234427928925e-03
1.623054593801498413e-02
4.990513622760772705e-02
-6.023956835269927979e-02
-3.796292096376419067e-02
-6.914295256137847900e-02
-4.319799318909645081e-02
4.718701820820569992e-03
-5.511546880006790161e-02
1.389608159661293030e-02
-1.232313215732574463e-01
4.118211939930915833e-02
1.814287342131137848e-02
5.548249557614326477e-02
3.030839934945106506e-02
-6.422822922468185425e-02
-3.911920823156833649e-03
2.210294269025325775e-02
7.505696266889572144e-02
-1.558094937354326248e-02
-3.207259997725486755e-02
3.246377408504486084e-02
-1.831637509167194366e-02
-4.321268759667873383e-03
-4.164170473814010620e-03
5.075749754905700684e-02
6.336407363414764404e-02
2.498594112694263458e-02
4.273791983723640442e-02
5.366614088416099548e-02
5.049999058246612549e-02
-1.286756992340087891e-02
3.176145628094673157e-02
-1.967555098235607147e-02
1.284893602132797241e-02
-2.547966782003641129e-03
6.957157514989376068e-03
-3.166677430272102356e-02
-1.758712343871593475e-02
3.014912828803062439e-02
-9.582995437085628510e-03
-5.865802522748708725e-03
5.024866759777069092e-02
2.334302850067615509e-02
-9.378158301115036011e-02
-6.522156298160552979e-02
4.468795843422412872e-03
1.014087814837694168e-02
-1.021275222301483154e-01
-3.460847074165940285e-03
-4.513315483927726746e-02
-1.897370629012584686e-02
2.041001059114933014e-02
-4.576057568192481995e-02
3.319493681192398071e-02
-4.287105798721313477e-02
2.809803187847137451e-02
-4.608232900500297546e-02
-1.102351304143667221e-02
3.739937965292483568e-04
3.597793355584144592e-02
-6.123305112123489380e-02
8.316907100379467010e-03
-1.321292854845523834e-02
5.488590151071548462e-02
5.957391578704118729e-03
2.722610905766487122e-02
-1.646866090595722198e-02
-4.863904416561126709e-02
-8.772659301757812500e-02
2.626562118530273438e-02
-1.141661498695611954e-02
-6.901559233665466309e-02
5.721747409552335739e-03
1.641051284968852997e-02
-5.801930651068687439e-02
4.749860242009162903e-02
7.906223647296428680e-03
5.516905710101127625e-02
9.147241711616516113e-03
7.941950112581253052e-02
1.129169669002294540e-02
-4.402294754981994629e-02
-2.870960161089897156e-02
-6.867703050374984741e-02
-2.060396037995815277e-02
2.249360084533691406e-02
-8.189743012189865112e-02
6.608484685420989990e-02
-4.863454774022102356e-02
-3.270953148603439331e-02
-3.585912927519530058e-04
-1.131499186158180237e-01
-1.312207803130149841e-02
5.620425939559936523e-02
1.643808558583259583e-02
-1.790156937204301357e-03
-1.112205348908901215e-02
3.946442902088165283e-02
4.903270676732063293e-02
4.807202145457267761e-02
4.740105569362640381e-02
2.507531642913818359e-02
-2.634151466190814972e-02
1.196219213306903839e-02
7.965450733900070190e-02
7.783182710409164429e-02
-1.411466766148805618e-02
4.326572641730308533e-03
-4.775469377636909485e-02
-1.744349859654903412e-02
7.947482168674468994e-02
-2.065154956653714180e-03
-4.754849150776863098e-02
-5.692690145224332809e-03
-7.149642705917358398e-02
-8.890531957149505615e-03
1.195373665541410446e-02
-1.409534737467765808e-02
-3.565083444118499756e-02
4.781969264149665833e-02
3.387444466352462769e-02
-1.051864493638277054e-02
1.268007326871156693e-02
4.090291261672973633e-02
-4.608022421598434448e-02
3.352837637066841125e-02
-3.662752360105514526e-02
-1.260567754507064819e-01
3.174507617950439453e-02
9.524281136691570282e-03
-6.910572201013565063e-02
-5.937669053673744202e-02
-1.255350708961486816e-01
1.021987199783325195e-02
-7.453694939613342285e-02
-4.784424230456352234e-02
8.552426844835281372e-02
-2.141801081597805023e-02
2.581565454602241516e-02
-7.697203755378723145e-02
-7.347425818443298340e-02
2.789557166397571564e-02
2.651087008416652679e-02
2.524928003549575806e-02
-2.083631232380867004e-03
-2.114951051771640778e-02
1.521773519925773144e-04
-2.877727523446083069e-02
-2.201277064159512520e-03
3.125416487455368042e-02
-2.051601558923721313e-02
5.964421667158603668e-03
-5.467069149017333984e-02
3.073913231492042542e-02
3.069274313747882843e-02
-3.238015249371528625e-02
-4.996972624212503433e-03
-2.589687705039978027e-02
