3.560191951692104340e-03
8.277647197246551514e-03
-2.937981113791465759e-02
-1.613407582044601440e-02
1.146093383431434631e-02
2.424048632383346558e-02
-5.890969187021255493e-03
-2.975890412926673889e-02
-5.572243593633174896e-03
4.253440536558628082e-03
-1.140242535620927811e-02
5.807671695947647095e-03
-2.257438376545906067e-03
-2.886525355279445648e-02
-2.628841809928417206e-02
-2.725545316934585571e-02
2.938577963504940271e-04
-2.413325570523738861e-02
1.277772486209869385e-01
3.685673326253890991e-02
-1.448503881692886353e-02
2.621097862720489502e-02
-5.904093995923176408e-05
-6.403127685189247131e-03
6.975253112614154816e-03
6.519006565213203430e-04
-9.429800556972622871e-04
9.090374223887920380e-03
-7.777201477438211441e-03
2.410554140806198120e-02
2.157417871057987213e-02
-2.362677454948425293e-02
6.714056711643934250e-03
-1.909092068672180176e-02
-9.402386844158172607e-03
1.026562042534351349e-02
-5.333210341632366180e-03
1.597396470606327057e-02
-4.216072149574756622e-03
-4.771107807755470276e-03
3.474946133792400360e-03
-1.044651507982052863e-04
-7.663712650537490845e-02
-4.290929436683654785e-02
-3.897148999385535717e-04
1.633376441895961761e-02
-4.038165882229804993e-02
-2.010278776288032532e-02
1.190563291311264038e-02
2.319074608385562897e-02
1.230163685977458954e-02
-2.189785987138748169e-02
-4.313489422202110291e-03
1.448227465152740479e-02
-2.192918956279754639e-02
1.999470591545104980e-02
1.247514970600605011e-02
5.967678967863321304e-03
4.607182741165161133e-01
8.694623410701751709e-02
-2.327551320195198059e-02
8.918527513742446899e-03
-1.894401200115680695e-02
-1.008768938481807709e-02
3.276843950152397156e-02
-2.826882759109139442e-03
4.753584507852792740e-03
-1.808651722967624664e-02
6.363033503293991089e-02
1.800316758453845978e-02
1.485050283372402191e-02
-5.219699814915657043e-03
-3.572379425168037415e-02
1.134976372122764587e-02
-7.133782375603914261e-03
-2.973228506743907928e-02
-2.887475863099098206e-02
-3.439769893884658813e-02
4.158777743577957153e-02
3.618248179554939270e-02
-7.954503409564495087e-03
2.107296884059906006e-02
2.258128672838211060e-02
8.029145002365112305e-02
-1.303770765662193298e-02
-8.818666450679302216e-03
-5.758889019489288330e-04
1.957685872912406921e-02
4.409160837531089783e-02
2.500328049063682556e-02
4.770388826727867126e-03
-2.731722779572010040e-02
7.741828262805938721e-02
9.349668398499488831e-03
-4.505003802478313446e-03
-5.599790718406438828e-03
1.000138092786073685e-02
-2.841832116246223450e-02
5.398595333099365234e-02
1.148471795022487640e-02
-9.126592427492141724e-03
-3.422027453780174255e-02
-1.183421816676855087e-03
4.791251383721828461e-03
5.386050324887037277e-04
-1.407486200332641602e-02
1.848245970904827118e-02
3.406665474176406860e-02
1.196323987096548080e-02
-5.451225116848945618e-02
5.772892109234817326e-05
2.823149785399436951e-02
1.104161888360977173e-02
-5.010074935853481293e-03
-6.333026103675365448e-03
8.713660645298659801e-04
1.626486144959926605e-02
-7.234872784465551376e-03
1.523593533784151077e-02
1.967414841055870056e-02
-4.462495446205139160e-03
-5.744789727032184601e-03
-1.242243568412959576e-03
-3.265237435698509216e-03
-3.320042788982391357e-02
-8.404242806136608124e-03
1.229618582874536514e-02
-1.881028339266777039e-02
2.337248064577579498e-02
3.129753842949867249e-02
-2.549519576132297516e-02
-1.717911288142204285e-02
-3.942350856959819794e-03
-1.879063248634338379e-02
-3.233217447996139526e-02
-1.557744666934013367e-02
1.787446998059749603e-02
2.350082248449325562e-02
-1.532749682664871216e-01
3.482586517930030823e-02
-5.756199359893798828e-03
-2.535824105143547058e-02
-1.190532650798559189e-02
-1.948660239577293396e-03
-2.069916576147079468e-02
1.271211653947830200e-01
-1.493437774479389191e-02
1.573240384459495544e-02
-2.466992707923054695e-03
-2.022922039031982422e-02
5.363868176937103271e-02
1.121529284864664078e-02
-1.314422395080327988e-02
-6.477982271462678909e-03
1.506193424575030804e-03
-2.475859224796295166e-02
-3.028084523975849152e-03
1.160512398928403854e-02
-2.845904789865016937e-02
1.364430412650108337e-02
-3.173996461555361748e-03
-4.171209409832954407e-02
5.426288396120071411e-02
7.319870870560407639e-03
-1.122747361660003662e-02
5.330419540405273438e-02
3.189391642808914185e-02
2.200381568400189281e-04
1.309822592884302139e-02
1.264879852533340454e-02
-1.783755957148969173e-03
-1.840613433159887791e-03
8.605692535638809204e-03
-3.679976565763354301e-03
4.234142974019050598e-02
3.069604188203811646e-02
1.575808413326740265e-02
-2.125907503068447113e-02
-2.732304297387599945e-02
-1.166504621505737305e-02
-1.890819147229194641e-02
-1.364994887262582779e-02
-8.262914605438709259e-03
2.429923228919506073e-02
4.066797718405723572e-02
-3.048830293118953705e-02
7.675562798976898193e-02
-2.451451029628515244e-03
-1.733057014644145966e-02
1.885117031633853912e-02
1.162444613873958588e-02
2.456863038241863251e-02
1.409075316041707993e-02
-1.698471233248710632e-02
1.954589504748582840e-03
1.340204011648893356e-02
-4.071500152349472046e-03
4.335891827940940857e-02
4.615348950028419495e-02
-5.127694457769393921e-03
7.632984966039657593e-02
3.240912407636642456e-02
8.237557113170623779e-02
-1.960465218871831894e-03
6.772275082767009735e-03
-7.292592525482177734e-02
1.962694525718688965e-02
-2.206710912287235260e-02
-1.563470251858234406e-02
-5.625286325812339783e-02
-3.578834934160113335e-03
-7.104354444891214371e-03
2.373893000185489655e-02
1.304227113723754883e-02
-9.511321783065795898e-03
6.645737681537866592e-03
-1.243632286787033081e-02
2.945148386061191559e-02
1.964010065421462059e-03
1.616999320685863495e-02
2.772794850170612335e-02
-7.537364363670349121e-01
9.359330870211124420e-03
-3.093655407428741455e-02
3.759467275813221931e-03
-4.854194819927215576e-03
1.077974401414394379e-02
-7.160204928368330002e-03
1.934220641851425171e-02
-2.539080195128917694e-02
1.105507556349039078e-02
4.892128519713878632e-03
4.557460546493530273e-03
-9.960977360606193542e-03
-5.043240636587142944e-02
-1.932369545102119446e-02
-1.562654273584485054e-03
1.321424264460802078e-02
-6.675490643829107285e-03
-2.145091304555535316e-03
4.494111984968185425e-03
5.319670774042606354e-03
-5.228515714406967163e-02
-6.122925132513046265e-02
4.432992078363895416e-03
1.756657147780060768e-03
1.898710429668426514e-02
-3.788406960666179657e-03
1.593627268448472023e-03
-9.288506582379341125e-03
-3.390518715605139732e-03
1.512484438717365265e-02
6.818617135286331177e-02
3.229043446481227875e-03
-1.253874972462654114e-02
-7.058877497911453247e-03
4.570486024022102356e-02
1.153420060873031616e-01
1.039915531873703003e-02
-6.633304059505462646e-02
3.083773190155625343e-04
-9.344841539859771729e-02
5.264424532651901245e-02
-8.893293328583240509e-03
4.857057938352227211e-04
-9.289999492466449738e-03
-5.114419013261795044e-02
-1.961974240839481354e-02
-8.928221464157104492e-02
-2.418278902769088745e-02
-3.783507039770483971e-03
4.375775903463363647e-02
-7.389156520366668701e-02
2.316682413220405579e-02
5.905824154615402222e-02
-1.467466261237859726e-02
-5.043927952647209167e-02
-3.100419230759143829e-02
1.394151942804455757e-03
-1.015764009207487106e-02
-7.416858337819576263e-03
5.423495545983314514e-02
7.185453921556472778e-02
-4.790103435516357422e-02
3.587272763252258301e-02
6.437533348798751831e-02
9.096214547753334045e-03
8.039100468158721924e-02
7.560127973556518555e-02
-7.271509617567062378e-02
-4.182566702365875244e-02
-3.712623193860054016e-02
6.518261507153511047e-03
-3.793785721063613892e-02
7.966393977403640747e-02
-3.815360134467482567e-03
-1.083301678299903870e-01
-4.624825716018676758e-02
1.155641302466392517e-01
4.707163572311401367e-02
3.293071314692497253e-02
1.805268786847591400e-02
9.152193665504455566e-01
5.554922297596931458e-02
-2.974074147641658783e-02
1.644007675349712372e-02
-4.173720255494117737e-02
8.633452653884887695e-02
2.594421990215778351e-02
6.843870133161544800e-02
-6.217245385050773621e-02
-2.716487040743231773e-03
8.954147808253765106e-03
-3.584139049053192139e-02
-1.455596275627613068e-02
3.204739186912775040e-03
-2.612389437854290009e-02
3.095317259430885315e-02
-3.657374531030654907e-02
-3.893762454390525818e-02
-3.779034316539764404e-02
-3.851789981126785278e-02
-8.264888077974319458e-03
-9.496750310063362122e-03
-1.196727808564901352e-02
2.238261140882968903e-02
1.301557640545070171e-03
7.508122920989990234e-02
-3.264577314257621765e-02
3.923040814697742462e-03
1.577962562441825867e-02
1.836429908871650696e-02
1.221577543765306473e-02
4.704429581761360168e-02
1.651128754019737244e-02
1.825676672160625458e-02
-3.701816871762275696e-02
-1.131429336965084076e-02
3.882529214024543762e-02
-2.575286105275154114e-02
-1.743467897176742554e-02
1.535924058407545090e-02
-7.095117121934890747e-02
3.866097331047058105e-02
1.455135084688663483e-02
1.900762133300304413e-02
-5.652063339948654175e-02
-1.074262708425521851e-02
4.624835774302482605e-02
-4.458156228065490723e-02
-8.733334019780158997e-03
7.071911823004484177e-03
-3.195255994796752930e-03
-3.273142129182815552e-02
-5.262082442641258240e-02
9.266517311334609985e-02
-4.304503649473190308e-02
-2.660133503377437592e-02
-1.516763027757406235e-02
1.390334591269493103e-02
-3.832487016916275024e-02
2.596972743049263954e-03
7.230729609727859497e-02
-1.770372502505779266e-02
-1.985418051481246948e-02
-8.393559604883193970e-03
2.309015765786170959e-02
-2.413756027817726135e-02
-1.179460734128952026e-01
4.447022452950477600e-03
-1.859850995242595673e-02
9.706360846757888794e-02
-2.687442116439342499e-02
3.724862262606620789e-02
6.147953495383262634e-02
-5.538669973611831665e-02
-4.846727475523948669e-02
1.177672483026981354e-02
-5.327904131263494492e-03
-2.436347678303718567e-02
-6.008817255496978760e-02
-2.306178770959377289e-02
-5.412758141756057739e-02
5.017747730016708374e-02
2.281362190842628479e-02
2.234685979783535004e-02
-3.015177557244896889e-03
2.070899493992328644e-02
3.665904700756072998e-02
-2.095730230212211609e-02
-1.235427916981279850e-03
-7.962585240602493286e-02
-8.674249798059463501e-02
1.820747181773185730e-02
5.077649280428886414e-02
-5.524199455976486206e-02
2.935306169092655182e-02
-6.960158050060272217e-02
3.918408975005149841e-02
-1.791683398187160492e-02
-8.912985213100910187e-03
4.044019058346748352e-02
5.826221406459808350e-02
-4.236957803368568420e-02
-2.800064720213413239e-02
1.547805126756429672e-02
1.152904611080884933e-02
-1.004747524857521057e-01
6.688928604125976562e-02
-2.701185084879398346e-02
-9.144082665443420410e-02
-6.661994010210037231e-02
3.408673405647277832e-02
-2.421121113002300262e-02
4.931833222508430481e-02
-1.900210743770003319e-03
-6.748137529939413071e-04
-2.992854639887809753e-02
-3.188764676451683044e-02
-3.852297365665435791e-02
-3.409430012106895447e-02
-4.695174843072891235e-02
-1.066451668739318848e-01
-7.145517319440841675e-02
2.298489771783351898e-02
1.526249223388731480e-03
-5.976966768503189087e-02
4.204106517136096954e-03
2.153920941054821014e-02
-4.962550848722457886e-02
1.404676400125026703e-02
4.190777614712715149e-02
-3.990146890282630920e-02
2.106878720223903656e-02
-1.961553283035755157e-02
3.886759653687477112e-02
2.807353809475898743e-02
-5.785121396183967590e-02
-3.557461872696876526e-02
6.213374435901641846e-02
-3.981781192123889923e-03
-1.870701462030410767e-02
3.578653931617736816e-02
8.647836744785308838e-03
-5.954848229885101318e-02
-1.593970693647861481e-02
-2.506032399833202362e-02
-9.461971372365951538e-02
-1.344105694442987442e-02
-3.332102298736572266e-02
-3.229549527168273926e-02
1.158879138529300690e-02
5.867478251457214355e-02
-1.530155632644891739e-02
4.591004550457000732e-02
1.264462526887655258e-02
2.030636183917522430e-02
-1.068176515400409698e-02
-7.843785919249057770e-03
2.918673865497112274e-02
-2.594134211540222168e-02
5.521562322974205017e-02
-4.081339761614799500e-02
3.673585131764411926e-02
5.720122903585433960e-02
-4.331808537244796753e-02
-6.999378651380538940e-02
2.834332361817359924e-02
-1.746203936636447906e-02
-4.323673434555530548e-03
-9.190062060952186584e-03
-4.329067841172218323e-02
-1.546379877254366875e-03
1.084482111036777496e-02
1.039680093526840210e-01
-3.368996083736419678e-02
-7.344807032495737076e-03
-7.626282423734664917e-02
7.454763352870941162e-02
-6.905456632375717163e-02
-3.705238923430442810e-02
-7.892132550477981567e-02
-3.360519185662269592e-02
-1.895221509039402008e-02
-1.953726448118686676e-02
1.349442824721336365e-02
-1.602072501555085182e-03
1.935106329619884491e-02
-8.023506030440330505e-03
1.309815142303705215e-02
4.435463622212409973e-02
-2.222368307411670685e-02
-8.751575648784637451e-02
2.744289487600326538e-02
2.730966079980134964e-03
-1.460963208228349686e-02
2.493844134733080864e-03
-3.783394768834114075e-02
-4.788942262530326843e-02
1.062757708132266998e-02
-8.985383063554763794e-02
3.762522712349891663e-02
5.585356615483760834e-03
-3.165466710925102234e-02
3.456994891166687012e-03
1.838037371635437012e-02
1.920457370579242706e-02
-5.984499305486679077e-02
-1.458769477903842926e-02
-3.868963569402694702e-02
1.514166034758090973e-02
-6.801591813564300537e-02
3.531423211097717285e-02
-3.642506897449493408e-02
3.033113479614257812e-02
1.920019160024821758e-03
3.286391124129295349e-02
5.472759902477264404e-02
-7.039009034633636475e-02
3.223917260766029358e-02
3.921663388609886169e-02
1.506418883800506592e-01
2.885212190449237823e-02
-6.070281192660331726e-02
5.861598625779151917e-02
-7.469270378351211548e-02
2.021640911698341370e-02
2.874110639095306396e-02
7.427325099706649780e-02
3.415067493915557861e-02
-2.714752918109297752e-03
4.903477802872657776e-02
-1.932868361473083496e-02
3.440567478537559509e-02
3.769866004586219788e-02
-7.136039435863494873e-02
-7.070753723382949829e-03
2.918970212340354919e-02
-1.761068031191825867e-02
2.484447695314884186e-02
1.307925116270780563e-02
-5.634021386504173279e-02
6.438973359763622284e-03
1.413590833544731140e-02
-5.580437369644641876e-03
1.072638258337974548e-01
-3.227964788675308228e-02
1.903726533055305481e-02
2.170004509389400482e-02
-7.560647092759609222e-03
2.185074053704738617e-02
-6.655645370483398438e-02
3.220811486244201660e-02
1.804401865229010582e-03
-2.700036391615867615e-02
2.514903433620929718e-02
-3.882534801959991455e-02
1.516495645046234131e-02
2.117220126092433929e-02
2.469274215400218964e-03
-1.095319092273712158e-01
-3.119060210883617401e-02
3.282658383250236511e-02
-6.855257088318467140e-04
-1.541466638445854187e-02
5.149828270077705383e-02
-1.165216788649559021e-02
-3.192646056413650513e-02
6.863892823457717896e-02
1.207818277180194855e-02
3.726813942193984985e-02
1.299883890897035599e-02
3.718811785802245140e-03
-2.374628931283950806e-02
3.927236795425415039e-02
2.491115964949131012e-02
4.761147871613502502e-02
-1.100324094295501709e-02
1.008457317948341370e-02
1.701111323200166225e-03
3.383965417742729187e-02
3.366562724113464355e-02
-2.130793407559394836e-02
-2.968003042042255402e-02
1.385097671300172806e-02
-6.046729162335395813e-02
5.382378119975328445e-03
3.282692050561308861e-03
-1.149719581007957458e-02
4.353098943829536438e-02
-1.171662472188472748e-02
-3.499926626682281494e-02
4.358795657753944397e-02
5.130754038691520691e-02
1.584337204694747925e-01
-2.283511310815811157e-02
2.308637090027332306e-02
1.595909707248210907e-02
1.893982291221618652e-02
-2.469272911548614502e-02
3.490668535232543945e-02
-2.823520451784133911e-02
1.348514575511217117e-03
7.549882680177688599e-02
-1.103890687227249146e-02
-4.992621950805187225e-03
-2.330621471628546715e-03
4.489791020750999451e-02
-2.247018180787563324e-02
-2.048772387206554413e-02
-4.364792630076408386e-02
-7.945614308118820190e-02
3.113227337598800659e-02
-2.549475058913230896e-02
-1.117906793951988220e-01
-1.364824082702398300e-02
-6.502983719110488892e-02
-4.899559170007705688e-02
2.134286984801292419e-02
-1.341438014060258865e-02
-5.395412817597389221e-02
1.959028420969843864e-03
2.729632705450057983e-02
-1.933437422849237919e-03
-1.256393790245056152e-01
-1.081960275769233704e-02
-1.306011993438005447e-02
-1.515491120517253876e-02
-1.616088300943374634e-02
2.665125019848346710e-02
-7.530487328767776489e-02
6.671822816133499146e-02
-3.229561448097229004e-02
4.793879017233848572e-02
4.488304257392883301e-02
9.507921338081359863e-02
-9.972379775717854500e-04
1.922243274748325348e-02
1.083448603749275208e-01
2.008270844817161560e-02
-1.314243525266647339e-01
-2.858140133321285248e-02
-3.045115433633327484e-02
-5.363845080137252808e-02
-8.335614204406738281e-02
-9.621757082641124725e-03
1.917170919477939606e-02
3.426514938473701477e-02
-4.062148928642272949e-02
-1.803435385227203369e-02
1.421320624649524689e-02
4.351832717657089233e-02
2.950586006045341492e-02
-5.394413694739341736e-02
1.376779563724994659e-02
-3.384036198258399963e-02
-1.430211588740348816e-02
-2.419357624603435397e-04
6.266959011554718018e-02
1.622548140585422516e-02
-4.003289714455604553e-02
2.809882909059524536e-02
3.985117748379707336e-02
-6.719712167978286743e-02
-2.271903678774833679e-03
1.228328719735145569e-01
-1.124720089137554169e-02
3.662013262510299683e-02
6.073000654578208923e-02
-8.509906381368637085e-02
-6.457994878292083740e-02
-3.887179493904113770e-02
-3.069961443543434143e-02
-1.700163818895816803e-02
5.872730165719985962e-03
5.112714692950248718e-02
-5.687005445361137390e-02
-3.096516616642475128e-02
-6.403364241123199463e-02
-3.480997309088706970e-02
-1.616621017456054688e-02
-5.459557101130485535e-02
2.017660997807979584e-02
-1.183198243379592896e-01
4.054815322160720825e-02
2.765197306871414185e-02
4.932863265275955200e-02
3.389677777886390686e-02
-6.251858174800872803e-02
-1.588976569473743439e-02
1.564949937164783478e-02
6.192349269986152649e-02
-2.658201754093170166e-02
-3.473351523280143738e-02
4.063038527965545654e-02
-4.836744163185358047e-03
-1.157072465866804123e-02
-5.538235418498516083e-03
4.885569214820861816e-02
5.127067491412162781e-02
3.000157326459884644e-02
4.242822527885437012e-02
5.226647108793258667e-02
4.999304935336112976e-02
-1.625151745975017548e-02
2.503785304725170135e-02
-1.878402568399906158e-02
6.974508985877037048e-03
-8.158790878951549530e-03
1.421234477311372757e-02
-2.507951296865940094e-02
-2.884500287473201752e-02
3.526481986045837402e-02
-1.700463704764842987e-02
-1.152033102698624134e-03
4.760190099477767944e-02
3.686997666954994202e-02
-8.805055171251296997e-02
-6.082540377974510193e-02
7.113422732800245285e-03
2.071692235767841339e-02
-9.937465190887451172e-02
6.793809123337268829e-03
-4.098738729953765869e-02
-2.149138599634170532e-02
1.178940571844577789e-02
-3.095026686787605286e-02
2.452805265784263611e-02
-4.565732553601264954e-02
2.662507630884647369e-02
-4.239276796579360962e-02
3.193426178768277168e-03
-1.012414135038852692e-02
2.922943234443664551e-02
-6.026276946067810059e-02
1.884112320840358734e-02
-4.687395412474870682e-03
4.923306405544281006e-02
4.740639589726924896e-03
2.485498227179050446e-02
-1.942367106676101685e-02
-5.020983517169952393e-02
-8.144276589155197144e-02
2.621904946863651276e-02
-7.588551379740238190e-03
-6.133487448096275330e-02
1.167485769838094711e-02
2.676918916404247284e-02
-5.702580139040946960e-02
4.528577625751495361e-02
3.159118443727493286e-02
5.533562228083610535e-02
-5.021482706069946289e-03
7.766055315732955933e-02
-9.416070766746997833e-03
-5.827687680721282959e-02
-2.070134319365024567e-02
-6.385342776775360107e-02
-2.643260173499584198e-02
2.756765298545360565e-02
-8.162716776132583618e-02
6.766664981842041016e-02
-3.398948162794113159e-02
-1.849090494215488434e-02
1.784173538908362389e-03
-1.254263520240783691e-01
-3.895718837156891823e-03
4.788755625486373901e-02
2.506185695528984070e-02
-4.946098662912845612e-03
-2.606612164527177811e-03
3.719881176948547363e-02
5.747499689459800720e-02
5.228148400783538818e-02
5.429431051015853882e-02
2.029659040272235870e-02
-2.097431756556034088e-02
1.582575030624866486e-02
8.220972865819931030e-02
8.027542382478713989e-02
1.973086502403020859e-03
-9.842557832598686218e-03
-4.184649884700775146e-02
-2.079962752759456635e-02
9.479057788848876953e-02
-1.325002592056989670e-02
-4.683097079396247864e-02
-1.652625738643109798e-03
-6.823016703128814697e-02
-1.926829293370246887e-02
1.712840795516967773e-02
-1.928615197539329529e-02
-2.619532123208045959e-02
3.918495401740074158e-02
3.460735827684402466e-02
-2.053298056125640869e-02
3.862817306071519852e-03
4.253825172781944275e-02
-5.144690722227096558e-02
2.901263907551765442e-02
-2.027662843465805054e-02
-1.240446567535400391e-01
2.983098477125167847e-02
7.956095039844512939e-03
-6.117533519864082336e-02
-5.221492424607276917e-02
-1.130930930376052856e-01
1.377718336880207062e-02
-7.138493657112121582e-02
-4.635911434888839722e-02
7.867792248725891113e-02
-1.974269561469554901e-02
1.708827540278434753e-02
-7.370863109827041626e-02
-7.038493454456329346e-02
2.784373797476291656e-02
3.223540633916854858e-02
2.649010345339775085e-02
7.064404431730508804e-03
-1.781587861478328705e-02
1.136263925582170486e-02
-2.812582068145275116e-02
4.689616151154041290e-03
3.662378713488578796e-02
-1.285770442336797714e-02
1.477434299886226654e-02
-5.717027559876441956e-02
3.257828578352928162e-02
3.605434298515319824e-02
-3.707334399223327637e-02
-3.262182464823126793e-03
-2.498992532491683960e-02
