1.559373340569436550e-03
5.788722191937267780e-04
-2.489880472421646118e-02
-3.224489092826843262e-02
8.387308567762374878e-03
2.431314997375011444e-02
-6.398610770702362061e-03
-1.943244971334934235e-02
-5.899742245674133301e-03
2.439372008666396141e-03
-1.093999389559030533e-02
2.254678169265389442e-03
4.451249260455369949e-04
-3.653149679303169250e-02
-2.926782332360744476e-02
-2.948378585278987885e-02
6.565894465893507004e-03
-2.367056533694267273e-02
1.039964631199836731e-01
4.055438563227653503e-02
-1.058099325746297836e-02
4.219624400138854980e-02
-2.013326063752174377e-02
-1.041452959179878235e-02
2.746229292824864388e-03
1.223273668438196182e-02
6.368821486830711365e-03
1.229952555149793625e-02
-1.393661554902791977e-02
2.076013572514057159e-02
-1.376011874526739120e-02
-1.735669188201427460e-02
1.196138933300971985e-02
-2.261452563107013702e-02
-4.668006673455238342e-03
3.074113093316555023e-02
-8.898731321096420288e-03
2.085643075406551361e-02
1.992087345570325851e-03
-3.288522735238075256e-02
2.653191040735691786e-04
-6.654135417193174362e-03
-7.745376974344253540e-02
-4.838034510612487793e-02
-3.805022221058607101e-03
2.415750734508037567e-02
-4.361548274755477905e-02
-1.697617210447788239e-02
2.333145402371883392e-02
1.944303512573242188e-02
1.801072433590888977e-02
-4.127485305070877075e-02
-1.950685307383537292e-02
2.046071738004684448e-02
-2.775900065898895264e-02
1.036633644253015518e-02
1.364054437726736069e-02
2.489462727680802345e-03
4.481880068778991699e-01
6.978955864906311035e-02
-2.315728366374969482e-02
1.937622949481010437e-02
-7.766038179397583008e-03
-1.981529407203197479e-02
2.791027911007404327e-02
1.223442493937909603e-03
-5.441867979243397713e-04
-1.564776152372360229e-02
6.449406594038009644e-02
3.037909418344497681e-02
1.376186031848192215e-02
-7.499714381992816925e-03
-3.194630146026611328e-02
1.506773196160793304e-02
-5.290702451020479202e-03
-3.026489913463592529e-02
-4.033647105097770691e-02
-2.551333233714103699e-02
3.678191453218460083e-02
4.219473898410797119e-02
-1.715515553951263428e-02
2.207394316792488098e-02
1.938969641923904419e-02
7.695596665143966675e-02
3.674800973385572433e-03
-2.517074113711714745e-03
6.862481590360403061e-03
1.282026246190071106e-02
4.508362710475921631e-02
2.692717127501964569e-02
1.645984128117561340e-02
-1.440217159688472748e-02
6.564324349164962769e-02
9.506251662969589233e-03
-7.427574135363101959e-03
-9.944806806743144989e-03
9.285963140428066254e-03
-2.767316251993179321e-02
4.545959457755088806e-02
5.153592675924301147e-03
-1.060178223997354507e-02
-3.319664299488067627e-02
-1.844438840635120869e-03
8.543634787201881409e-03
4.143272060900926590e-03
-1.502942852675914764e-02
1.138105522841215134e-02
3.352048620581626892e-02
1.554209459573030472e-02
-5.563468486070632935e-02
-3.124444279819726944e-03
2.894029952585697174e-02
5.855484399944543839e-03
-9.367932565510272980e-03
-1.252919249236583710e-02
1.037787063978612423e-03
2.042514644563198090e-02
-8.531145751476287842e-03
1.746996305882930756e-02
1.140875834971666336e-02
-1.755072618834674358e-03
-3.248531138524413109e-03
-9.836985263973474503e-04
-8.989145979285240173e-03
-2.387602254748344421e-02
-1.950561068952083588e-03
8.695488795638084412e-03
-9.075657464563846588e-03
2.891837246716022491e-02
5.058728531002998352e-02
-2.304850518703460693e-02
-1.899128034710884094e-02
-6.747907027602195740e-03
-1.300728414207696915e-02
-1.752334646880626678e-02
-1.573485508561134338e-02
-3.231591777876019478e-03
3.572972491383552551e-02
-1.556411236524581909e-01
3.344302251935005188e-02
-1.741367205977439880e-02
-2.655439637601375580e-02
-1.288349088281393051e-02
-3.509175730869174004e-03
-2.242765761911869049e-02
1.168946847319602966e-01
-2.139607444405555725e-02
1.593133620917797089e-02
-6.101507693529129028e-03
-2.690792456269264221e-02
4.867783561348915100e-02
8.324379101395606995e-03
-2.362124435603618622e-02
-1.207426004111766815e-02
1.093713100999593735e-03
-2.687663026154041290e-02
2.556841820478439331e-03
1.302452571690082550e-02
-4.227688908576965332e-02
1.599947921931743622e-02
1.500552869401872158e-03
-5.649120360612869263e-02
5.633579194545745850e-02
9.043189696967601776e-03
-4.149452317506074905e-03
5.830736830830574036e-02
2.367156744003295898e-02
-1.445726375095546246e-03
9.965389035642147064e-03
2.566287852823734283e-02
2.380286576226353645e-03
-4.035644698888063431e-03
1.381704676896333694e-02
-4.017893690615892410e-03
4.825156927108764648e-02
2.941781282424926758e-02
2.170327305793762207e-02
-2.399184182286262512e-02
-3.801546990871429443e-02
-8.091052994132041931e-03
-3.013793565332889557e-02
-2.606131136417388916e-02
-1.060992828570306301e-03
3.255653753876686096e-02
3.855329751968383789e-02
-3.852654621005058289e-02
3.507094457745552063e-02
-5.583596415817737579e-03
-1.559535693377256393e-02
3.714547678828239441e-02
3.849636018276214600e-02
3.302934020757675171e-02
1.448225416243076324e-02
-2.157177031040191650e-02
1.844477490521967411e-03
1.825263164937496185e-02
7.478010375052690506e-03
4.261093214154243469e-02
1.957883872091770172e-02
-1.452616695314645767e-02
8.610045164823532104e-02
3.136465698480606079e-02
8.091564476490020752e-02
-7.948018610477447510e-03
7.204471621662378311e-03
-7.228282094001770020e-02
1.161164976656436920e-02
-1.583873480558395386e-02
-8.940689265727996826e-03
-6.929406523704528809e-02
-1.922675594687461853e-02
-2.983687911182641983e-03
2.650794014334678650e-02
1.890080980956554413e-02
-1.570851774886250496e-03
8.236052468419075012e-03
-8.058501407504081726e-03
3.660588711500167847e-02
-4.356248304247856140e-03
2.497513778507709503e-02
1.748711802065372467e-02
-7.596201300621032715e-01
1.440902892500162125e-02
-3.772122412919998169e-02
-1.356377266347408295e-03
-1.388874487020075321e-03
7.880530320107936859e-03
-1.724418997764587402e-02
2.461334131658077240e-02
-1.683574542403221130e-02
4.376716446131467819e-03
-1.626680418848991394e-02
6.906041875481605530e-03
-6.830819882452487946e-03
-4.135659709572792053e-02
-1.733384095132350922e-02
-1.173082552850246429e-02
1.614560931921005249e-02
-4.941644612699747086e-03
-6.583883892744779587e-03
3.013959852978587151e-03
1.287450734525918961e-02
-3.840760514140129089e-02
-6.229102239012718201e-02
6.575346924364566803e-03
1.097819488495588303e-02
2.785361930727958679e-02
1.343455165624618530e-02
8.556951652280986309e-04
-1.336580328643321991e-02
1.841420191340148449e-03
1.024474482983350754e-02
6.238283216953277588e-02
4.871204961091279984e-03
-1.589021831750869751e-02
-1.306995656341314316e-02
6.234241649508476257e-02
-5.049413815140724182e-02
-8.936877548694610596e-02
-3.724832460284233093e-02
1.331712957471609116e-02
-3.195602446794509888e-02
-3.685022890567779541e-02
-3.606865182518959045e-02
-6.723249703645706177e-02
4.995058849453926086e-02
1.022971495985984802e-01
-9.878646582365036011e-02
-1.305347215384244919e-02
-6.910802423954010010e-02
1.080656982958316803e-02
9.782423824071884155e-02
1.129541695117950439e-01
2.095210924744606018e-02
-1.262280344963073730e-02
5.582538992166519165e-02
-1.842396706342697144e-01
-9.558349847793579102e-02
8.796264976263046265e-02
-5.684714019298553467e-02
-5.616835504770278931e-02
1.780433021485805511e-02
3.121433779597282410e-02
-9.246349334716796875e-03
-6.180255860090255737e-02
-2.741387486457824707e-02
1.269056349992752075e-01
4.199782758951187134e-02
-8.851851522922515869e-02
-5.212306603789329529e-02
1.491945236921310425e-01
-1.356403902173042297e-02
-2.769719250500202179e-02
4.246364161372184753e-02
2.454056963324546814e-02
-5.889758095145225525e-02
-1.749946475028991699e-01
8.360341191291809082e-03
5.974824726581573486e-02
-7.411030121147632599e-03
1.365868002176284790e-01
1.970052486285567284e-03
8.088597059249877930e-01
-3.402305021882057190e-02
-1.298323273658752441e-01
-3.967313840985298157e-02
-5.479866266250610352e-02
5.880452319979667664e-02
-8.183310925960540771e-02
4.010606929659843445e-02
6.079719215631484985e-02
6.927324831485748291e-02
1.351872980594635010e-01
5.463724583387374878e-02
6.001368630677461624e-03
-1.055208891630172729e-01
9.574913978576660156e-02
-8.580517768859863281e-02
-6.436245166696608067e-04
4.781486466526985168e-02
-3.518043085932731628e-02
-4.067853093147277832e-02
-8.840084075927734375e-03
-1.286886446177959442e-02
-1.399570982903242111e-02
2.381928823888301849e-02
-9.685631841421127319e-03
8.113659173250198364e-02
-2.622591145336627960e-02
-1.005268888548016548e-03
1.372458226978778839e-02
9.536603465676307678e-03
7.834941148757934570e-03
5.107533931732177734e-02
3.566607832908630371e-03
3.068319894373416901e-02
-4.876555129885673523e-02
-1.154897082597017288e-02
3.999998420476913452e-02
-2.382229641079902649e-02
-1.789071410894393921e-02
2.118915691971778870e-02
-8.468268811702728271e-02
4.601030424237251282e-02
8.941118139773607254e-04
1.519868057221174240e-02
-5.756360292434692383e-02
-1.144604012370109558e-02
2.920491993427276611e-02
-4.613123834133148193e-02
7.013425696641206741e-03
-3.810686524957418442e-03
-1.516829477623105049e-03
-3.530666232109069824e-02
-6.348914653062820435e-02
7.576092332601547241e-02
-4.029557481408119202e-02
-3.461734205484390259e-02
-2.889424189925193787e-02
1.585395634174346924e-02
-2.440076135098934174e-02
4.748021252453327179e-03
7.315197587013244629e-02
-1.320673432201147079e-02
-1.920795440673828125e-02
-1.379114482551813126e-02
9.202705696225166321e-03
-2.881769835948944092e-02
-1.226623803377151489e-01
7.869299501180648804e-03
-2.705369330942630768e-02
9.861657023429870605e-02
-1.060910429805517197e-02
4.791384935379028320e-02
6.539200246334075928e-02
-5.186520516872406006e-02
-6.539168953895568848e-02
1.882053166627883911e-02
-9.431700222194194794e-03
-2.455810829997062683e-02
-6.204419955611228943e-02
-2.126373909413814545e-02
-4.713122174143791199e-02
3.624160215258598328e-02
1.586161181330680847e-02
2.875997126102447510e-02
-4.510119557380676270e-03
2.809790335595607758e-02
5.005440488457679749e-02
-3.334730491042137146e-02
6.821726914495229721e-03
-8.433635532855987549e-02
-7.351836562156677246e-02
2.104497514665126801e-02
4.595050215721130371e-02
-6.464000791311264038e-02
2.711473964154720306e-02
-5.991860851645469666e-02
2.737132832407951355e-02
-1.471039094030857086e-02
5.671369843184947968e-03
5.473013594746589661e-02
4.609113186597824097e-02
-3.623329102993011475e-02
-2.424647659063339233e-02
6.411922164261341095e-03
1.443407591432332993e-02
-9.485313296318054199e-02
6.062375754117965698e-02
-1.962026581168174744e-02
-8.212266117334365845e-02
-6.154910475015640259e-02
2.575584687292575836e-02
-1.416363101452589035e-02
4.567468911409378052e-02
4.523994866758584976e-03
5.454007536172866821e-03
-3.445152938365936279e-02
-2.567524835467338562e-02
-3.081703558564186096e-02
-3.676358237862586975e-02
-4.938028752803802490e-02
-1.076236218214035034e-01
-8.362024277448654175e-02
2.180229313671588898e-02
-2.189306309446692467e-03
-6.771051138639450073e-02
-3.205350134521722794e-03
2.178973518311977386e-02
-4.209263622760772705e-02
1.721297577023506165e-02
3.241524472832679749e-02
-2.503435313701629639e-02
2.326640859246253967e-02
-2.531515993177890778e-02
5.600826069712638855e-02
3.899622336030006409e-02
-5.250129476189613342e-02
-3.423068672418594360e-02
5.551765859127044678e-02
-8.444391191005706787e-03
-2.150895819067955017e-02
3.985708579421043396e-02
1.725660823285579681e-02
-3.702132031321525574e-02
-2.477008383721113205e-03
-2.840739674866199493e-02
-9.835859388113021851e-02
-2.879905700683593750e-02
-3.452381491661071777e-02
-1.909961737692356110e-02
1.366235408931970596e-02
3.218712285161018372e-02
-1.816942170262336731e-02
4.999173432588577271e-02
8.627657778561115265e-03
2.966541051864624023e-02
-1.801284402608871460e-02
-7.381587289273738861e-03
3.477191925048828125e-02
3.393090562894940376e-03
4.956202208995819092e-02
-3.258795663714408875e-02
3.380203992128372192e-02
5.732079222798347473e-02
-4.364784806966781616e-02
-6.453340500593185425e-02
3.817282244563102722e-02
-9.364344179630279541e-03
-4.555490333586931229e-03
-8.920845575630664825e-03
-4.772177338600158691e-02
7.918111979961395264e-03
8.016050793230533600e-03
8.377885073423385620e-02
-1.918955706059932709e-02
-6.635921541601419449e-03
-7.725568115711212158e-02
8.221502602100372314e-02
-6.836228817701339722e-02
-4.415349662303924561e-02
-7.960565388202667236e-02
-3.022881038486957550e-02
-1.536321267485618591e-02
-2.298814058303833008e-02
1.403302606195211411e-02
-1.245290599763393402e-02
2.689527720212936401e-02
-2.097360603511333466e-02
1.840776763856410980e-02
4.128397628664970398e-02
-2.233120799064636230e-02
-1.023061424493789673e-01
2.184123545885086060e-02
1.242629438638687134e-02
-1.185929682105779648e-02
2.556864405050873756e-03
-3.227283060550689697e-02
-5.350271612405776978e-02
8.667323738336563110e-03
-9.006948769092559814e-02
3.926356136798858643e-02
1.385677885264158249e-02
-2.492140978574752808e-02
7.617926690727472305e-03
2.372433431446552277e-02
1.776402816176414490e-02
-6.354371458292007446e-02
-2.114743180572986603e-02
-4.544274508953094482e-02
2.832212857902050018e-02
-6.307194381952285767e-02
4.499659314751625061e-02
-3.373677283525466919e-02
3.186583146452903748e-02
3.104786621406674385e-03
4.303646832704544067e-02
5.053705349564552307e-02
-6.924126297235488892e-02
3.680636733770370483e-02
4.129358753561973572e-02
1.413703858852386475e-01
3.443075716495513916e-02
-5.858857929706573486e-02
4.721008986234664917e-02
-8.536936342716217041e-02
1.579427905380725861e-02
3.838369622826576233e-02
6.147500127553939819e-02
3.328796103596687317e-02
-8.711393922567367554e-03
2.680040523409843445e-02
-3.559025237336754799e-03
3.874202072620391846e-02
3.823579102754592896e-02
-7.715226709842681885e-02
-1.070819422602653503e-02
3.510771691799163818e-02
-2.257842570543289185e-02
1.976368948817253113e-02
1.662068814039230347e-02
-4.799228161573410034e-02
5.482343025505542755e-03
1.783610321581363678e-02
-2.468672115355730057e-03
8.298967778682708740e-02
-4.102641716599464417e-02
1.548628043383359909e-02
3.442206606268882751e-02
-1.319815684109926224e-02
2.540600672364234924e-02
-6.262996792793273926e-02
2.318086847662925720e-02
2.271749777719378471e-03
-3.435337170958518982e-02
2.569968439638614655e-02
-4.242170229554176331e-02
1.475442573428153992e-02
3.424471616744995117e-02
5.373470485210418701e-03
-1.115104779601097107e-01
-3.734500333666801453e-02
3.988659754395484924e-02
3.658779663965106010e-03
-1.578136906027793884e-02
5.820524692535400391e-02
-2.672719396650791168e-02
-2.931141667068004608e-02
7.436921447515487671e-02
8.826985955238342285e-03
2.777065895497798920e-02
2.288921549916267395e-02
1.349776983261108398e-02
-3.446169942617416382e-02
3.492536023259162903e-02
1.690839603543281555e-02
4.925050958991050720e-02
-4.606036935001611710e-03
4.609503783285617828e-03
8.946352638304233551e-03
3.293767198920249939e-02
3.494486212730407715e-02
-2.715617604553699493e-02
-2.972922474145889282e-02
1.743788458406925201e-02
-7.465753704309463501e-02
3.590799635276198387e-03
3.978157881647348404e-03
-1.293529476970434189e-02
5.754968523979187012e-02
-1.218210905790328979e-02
-4.400629550218582153e-02
4.501176252961158752e-02
3.926248103380203247e-02
1.569960415363311768e-01
-2.296879887580871582e-02
1.913319341838359833e-02
2.634716965258121490e-02
1.974155381321907043e-02
-3.057340346276760101e-02
3.059137985110282898e-02
-2.086297608911991119e-02
6.086690351366996765e-03
7.936163246631622314e-02
-1.015772297978401184e-02
-9.304723702371120453e-03
-5.243812687695026398e-03
5.048616230487823486e-02
-9.788187220692634583e-03
-1.615733839571475983e-02
-3.477934747934341431e-02
-6.252871453762054443e-02
2.220271714031696320e-02
-2.809144183993339539e-02
-1.262581795454025269e-01
-2.165681216865777969e-03
-8.571966737508773804e-02
-4.745721071958541870e-02
1.621945947408676147e-02
-2.450483443681150675e-04
-4.627758264541625977e-02
9.592708665877580643e-04
2.723317593336105347e-02
-5.691284779459238052e-03
-1.260651350021362305e-01
6.111831404268741608e-03
-8.133054710924625397e-03
-1.650554873049259186e-02
-2.983983606100082397e-02
2.978954091668128967e-02
-8.832830190658569336e-02
5.372008681297302246e-02
-1.528498623520135880e-02
5.874633789062500000e-02
5.886278674006462097e-02
8.909462392330169678e-02
7.223238702863454819e-03
1.046597119420766830e-02
9.384593367576599121e-02
2.902676165103912354e-02
-1.415587216615676880e-01
-3.331719338893890381e-02
-2.747356332838535309e-02
-5.830202251672744751e-02
-8.158567547798156738e-02
-1.177134457975625992e-02
2.796040102839469910e-02
2.767343819141387939e-02
-3.745732828974723816e-02
-1.548522431403398514e-02
1.310048159211874008e-02
2.514896355569362640e-02
2.643951028585433960e-02
-5.189512670040130615e-02
1.103936135768890381e-02
-2.974262088537216187e-02
-8.644432760775089264e-03
-8.417564444243907928e-03
4.466628655791282654e-02
8.262777701020240784e-03
-2.752217464148998260e-02
2.202417515218257904e-02
2.961950749158859253e-02
-5.479369685053825378e-02
-7.894375361502170563e-03
1.145043820142745972e-01
-8.364255540072917938e-03
2.819617651402950287e-02
5.589954927563667297e-02
-7.423514127731323242e-02
-5.679246038198471069e-02
-4.003183543682098389e-02
-4.620125144720077515e-02
-1.036885660141706467e-02
2.409420907497406006e-02
4.050582647323608398e-02
-5.608476325869560242e-02
-3.473870828747749329e-02
-7.515716552734375000e-02
-3.943678736686706543e-02
-5.565410479903221130e-03
-4.586012288928031921e-02
1.336430665105581284e-02
-1.161701008677482605e-01
3.716929629445075989e-02
1.744025386869907379e-02
5.873047932982444763e-02
3.314051032066345215e-02
-6.376333534717559814e-02
-6.700463127344846725e-04
2.227030321955680847e-02
6.751449406147003174e-02
-4.141112416982650757e-02
-3.342821449041366577e-02
2.402188815176486969e-02
-7.072772830724716187e-03
-4.661721177399158478e-03
-4.452256951481103897e-03
5.337801575660705566e-02
7.662193477153778076e-02
2.604037337005138397e-02
3.960601240396499634e-02
4.340358078479766846e-02
4.416964948177337646e-02
-2.777449227869510651e-02
2.910498157143592834e-02
-1.635819301009178162e-02
-7.185809314250946045e-03
-2.310794545337557793e-03
3.584054298698902130e-03
-3.589284792542457581e-02
-1.778591610491275787e-02
2.952024526894092560e-02
-6.938226055353879929e-03
-3.829556517302989960e-04
3.580116853117942810e-02
3.862995654344558716e-02
-7.948723435401916504e-02
-7.305315881967544556e-02
2.494052285328507423e-03
2.452431432902812958e-02
-9.226104617118835449e-02
1.278818817809224129e-03
-4.136549308896064758e-02
-1.773987337946891785e-02
3.752116113901138306e-02
-3.317778557538986206e-02
3.338273242115974426e-02
-4.093179479241371155e-02
3.704410791397094727e-02
-3.495760262012481689e-02
-6.086069159209728241e-03
-8.796412497758865356e-03
3.762850910425186157e-02
-4.755584895610809326e-02
2.363674901425838470e-02
-3.653438179753720760e-04
5.286604538559913635e-02
9.934312663972377777e-03
2.902532927691936493e-02
-2.424333989620208740e-02
-4.595470055937767029e-02
-8.730574697256088257e-02
2.010360918939113617e-02
-1.397095061838626862e-02
-6.814525276422500610e-02
-1.031518564559519291e-03
1.588710397481918335e-02
-6.563573330640792847e-02
5.015966668725013733e-02
1.921323314309120178e-02
4.002346843481063843e-02
-2.871099626645445824e-03
7.579553127288818359e-02
1.585070160217583179e-03
-5.520635470747947693e-02
-2.700230292975902557e-02
-7.303820550441741943e-02
-3.222353383898735046e-02
2.588713727891445160e-02
-9.365908801555633545e-02
6.773615628480911255e-02
-3.895826265215873718e-02
-2.504464425146579742e-02
1.252782158553600311e-02
-1.088326051831245422e-01
-1.110600959509611130e-02
5.322294682264328003e-02
1.855348236858844757e-02
2.204673551023006439e-02
-1.399292610585689545e-02
3.033852390944957733e-02
6.029219925403594971e-02
4.990286380052566528e-02
4.537660628557205200e-02
2.569184266030788422e-02
-2.511207573115825653e-02
9.137026965618133545e-03
8.940248936414718628e-02
9.105332195758819580e-02
-9.188573807477951050e-03
-1.027899701148271561e-02
-5.037062242627143860e-02
-1.188812218606472015e-02
8.743555098772048950e-02
-8.420950733125209808e-03
-4.604622349143028259e-02
-1.140304096043109894e-02
-6.548920273780822754e-02
-1.488381065428256989e-02
1.675468869507312775e-02
-1.827024482190608978e-02
-2.878141961991786957e-02
4.375943914055824280e-02
2.737347036600112915e-02
-1.985014975070953369e-02
1.617085654288530350e-03
3.882660716772079468e-02
-4.059220850467681885e-02
3.028479404747486115e-02
-3.768863156437873840e-02
-1.214944720268249512e-01
3.003954142332077026e-02
2.360571734607219696e-02
-6.319489330053329468e-02
-5.190761759877204895e-02
-1.131355017423629761e-01
1.591321825981140137e-02
-7.371452450752258301e-02
-4.588434472680091858e-02
8.448924124240875244e-02
-2.357089333236217499e-02
3.562776744365692139e-02
-9.016643464565277100e-02
-7.359470427036285400e-02
2.558465674519538879e-02
3.001715801656246185e-02
2.779084071516990662e-02
3.689041594043374062e-03
-2.804665826261043549e-02
9.350325912237167358e-03
-3.916699811816215515e-02
1.161019783467054367e-02
3.479640185832977295e-02
-1.526820100843906403e-02
1.036717835813760757e-02
-5.537666752934455872e-02
1.784004457294940948e-02
2.921452932059764862e-02
-2.606861293315887451e-02
-9.282341226935386658e-03
-2.653574384748935699e-02
