-2.881519503716845065e-05
1.174095179885625839e-02
-3.340996801853179932e-02
-3.295066952705383301e-02
5.618592258542776108e-03
2.212696336209774017e-02
-1.246686652302742004e-02
-8.906627073884010315e-03
7.873854599893093109e-03
-2.867058850824832916e-03
-2.883011708036065102e-03
-3.769443137571215630e-03
-1.674008672125637531e-03
-5.550318583846092224e-02
-3.909397870302200317e-02
-3.093843907117843628e-02
7.357141003012657166e-03
-3.419333696365356445e-02
8.158308267593383789e-02
4.394253715872764587e-02
-1.118210982531309128e-02
2.825991995632648468e-02
-1.350307743996381760e-02
-3.794794436544179916e-03
6.064320914447307587e-03
9.203869849443435669e-04
8.991809561848640442e-03
2.621576935052871704e-02
-1.436704676598310471e-02
3.060044907033443451e-02
-3.515283018350601196e-02
-1.374244596809148788e-02
1.325862109661102295e-02
-1.463110186159610748e-02
-1.730772480368614197e-02
3.599857911467552185e-02
-3.210564143955707550e-03
1.819595880806446075e-02
-6.857080850750207901e-03
-3.151908516883850098e-02
3.712002653628587723e-03
-2.848891308531165123e-04
-5.421682074666023254e-02
-4.838917031884193420e-02
-3.190027317032217979e-03
3.141815587878227234e-02
-4.469066485762596130e-02
-1.204856578260660172e-02
2.147717960178852081e-02
2.449336647987365723e-02
2.675247937440872192e-02
-2.345172315835952759e-02
-3.118509799242019653e-02
2.133384533226490021e-02
-1.552652567625045776e-02
1.901836879551410675e-02
1.075857691466808319e-02
9.021947043947875500e-04
4.459054768085479736e-01
7.579901069402694702e-02
-2.129103988409042358e-02
1.780353300273418427e-02
-1.962674409151077271e-02
-3.176572034135460854e-03
2.904925122857093811e-02
-1.330785453319549561e-02
6.331530748866498470e-04
-4.792402498424053192e-03
5.985098704695701599e-02
2.869799919426441193e-02
2.155870757997035980e-02
-1.963591901585459709e-03
-3.451690450310707092e-02
2.525286749005317688e-02
-1.546826213598251343e-02
-4.193343222141265869e-02
-4.407300427556037903e-02
-2.422407455742359161e-02
3.739866614341735840e-02
-1.171134877949953079e-02
-1.507712807506322861e-02
1.966990344226360321e-02
2.479657717049121857e-02
5.834802240133285522e-02
4.334361758083105087e-03
-1.044071745127439499e-02
2.630784874781966209e-03
1.156199816614389420e-02
4.983908683061599731e-02
1.920741610229015350e-02
1.768925786018371582e-02
-2.858194895088672638e-02
6.932190805673599243e-02
6.230979692190885544e-03
-1.255277078598737717e-02
-2.402027137577533722e-03
3.226822882425040007e-04
-3.245317563414573669e-02
4.363710805773735046e-02
7.781858090311288834e-03
-2.400323748588562012e-03
-4.627248272299766541e-02
-9.164512157440185547e-03
9.400803595781326294e-03
5.226357840001583099e-03
-3.475381294265389442e-03
5.414481274783611298e-03
4.675137251615524292e-02
9.523775428533554077e-03
-5.823633074760437012e-02
1.139960624277591705e-02
3.699746727943420410e-02
1.011562254279851913e-02
-6.785649748053401709e-05
-6.213337648659944534e-03
6.059558130800724030e-03
3.371461853384971619e-02
-2.414830960333347321e-03
2.515366114675998688e-02
1.963823661208152771e-02
3.892422828357666731e-04
-2.848841715604066849e-03
9.714950807392597198e-03
-1.167569030076265335e-02
-2.362337522208690643e-02
3.301447955891489983e-03
1.576879248023033142e-02
-1.532887015491724014e-02
2.637892402708530426e-02
4.257921501994132996e-02
-1.209168508648872375e-02
-1.383969467133283615e-02
-3.096946282312273979e-03
-1.568126678466796875e-02
-1.099977176636457443e-02
-1.670195348560810089e-02
-6.066441070288419724e-03
3.677595034241676331e-02
-1.435358524322509766e-01
3.590103238821029663e-02
-1.582315750420093536e-02
-2.673954516649246216e-02
-1.441210042685270309e-02
-1.944029354490339756e-04
-1.498302817344665527e-02
8.215758204460144043e-02
-2.418647892773151398e-02
1.679233647882938385e-02
-1.026899553835391998e-02
-2.298757620155811310e-02
4.789435863494873047e-02
1.207890827208757401e-02
-2.328036725521087646e-02
-1.513968780636787415e-02
6.988143082708120346e-03
-2.163741178810596466e-02
-8.599729277193546295e-03
1.449613738805055618e-02
-3.278445824980735779e-02
1.656920462846755981e-02
-6.345305126160383224e-03
-4.575556144118309021e-02
5.622284114360809326e-02
4.092706833034753799e-03
-1.631584577262401581e-02
4.830170795321464539e-02
3.774006292223930359e-02
-5.090636201202869415e-03
1.205193530768156052e-02
2.286972105503082275e-02
-7.377330213785171509e-03
4.822867456823587418e-03
2.118943445384502411e-02
-1.041288115084171295e-02
4.905435070395469666e-02
3.223333507776260376e-02
2.938934788107872009e-02
-2.971624210476875305e-02
-2.111321687698364258e-02
-3.179393941536545753e-03
-3.576619923114776611e-02
-1.755692996084690094e-02
-2.627926180139183998e-03
2.327779307961463928e-02
4.358408600091934204e-02
-7.197055965662002563e-02
6.779414415359497070e-02
-4.144824575632810593e-03
-2.050915360450744629e-02
3.820941224694252014e-02
2.170217968523502350e-02
2.569291926920413971e-02
7.217231206595897675e-03
-9.752548299729824066e-03
-4.974677227437496185e-03
1.116834022104740143e-02
-4.955249372869729996e-03
4.001674801111221313e-02
-1.437222212553024292e-02
-2.104819007217884064e-02
9.636619687080383301e-02
2.876727655529975891e-02
1.002174094319343567e-01
-4.015119280666112900e-03
7.791629992425441742e-03
-8.006837218999862671e-02
9.362673386931419373e-03
-2.464638464152812958e-02
-2.616328373551368713e-02
-3.497769311070442200e-02
-2.225270494818687439e-02
3.300526645034551620e-03
2.641307190060615540e-02
1.383262779563665390e-02
4.605981986969709396e-03
9.129965677857398987e-03
-1.261889655143022537e-02
4.743466898798942566e-02
2.713989233598113060e-04
3.809176012873649597e-02
7.140174973756074905e-03
-7.624041438102722168e-01
2.439786493778228760e-02
-2.780379168689250946e-02
-3.640797454863786697e-03
-3.266805317252874374e-03
1.158122066408395767e-02
-1.648700982332229614e-02
2.187612839043140411e-02
-1.982196792960166931e-02
-9.417118504643440247e-03
-4.958386416547000408e-04
-1.037070993334054947e-03
-1.311342231929302216e-02
-4.166966676712036133e-02
-1.533763483166694641e-02
5.164451431483030319e-04
1.043256372213363647e-02
-9.506796486675739288e-03
-5.038767121732234955e-03
1.486783940345048904e-02
9.594695642590522766e-03
-2.470592595636844635e-02
-7.834985107183456421e-02
9.415997192263603210e-03
-7.920235395431518555e-03
3.232162818312644958e-02
1.323084905743598938e-02
5.122484639286994934e-03
2.616552868857979774e-03
-2.798435743898153305e-03
1.460883766412734985e-02
5.865367874503135681e-02
1.286094635725021362e-02
-6.573748309165239334e-03
-1.065299380570650101e-02
9.236658364534378052e-02
-1.076770126819610596e-01
4.785379767417907715e-02
-8.040072023868560791e-02
4.581836983561515808e-02
2.349172718822956085e-02
8.029000833630561829e-03
-4.383942112326622009e-02
2.088231965899467468e-02
3.450864180922508240e-02
1.100125610828399658e-01
-2.042081654071807861e-01
-7.726248353719711304e-02
-1.567533984780311584e-02
1.523094438016414642e-02
8.542373031377792358e-02
1.395627409219741821e-01
9.719542413949966431e-02
-4.630484059453010559e-02
3.608289361000061035e-02
-1.415907144546508789e-01
-9.786064922809600830e-02
1.201527714729309082e-01
-2.462340332567691803e-02
-1.135711371898651123e-01
-1.863428764045238495e-02
4.260106012225151062e-02
4.765170812606811523e-02
1.922986283898353577e-02
5.407398939132690430e-02
7.053548097610473633e-02
6.366923451423645020e-02
-7.803490757942199707e-02
-2.215170674026012421e-02
1.917349547147750854e-01
-3.969473391771316528e-02
9.212842211127281189e-03
4.918912425637245178e-02
1.016759425401687622e-01
-6.561376899480819702e-02
-1.836567372083663940e-01
-1.686742454767227173e-01
6.777074933052062988e-02
1.225462183356285095e-02
1.702012568712234497e-01
8.540268242359161377e-02
7.241701483726501465e-01
5.856205150485038757e-02
-7.488223165273666382e-02
-3.086883015930652618e-02
1.349754445254802704e-02
9.732677042484283447e-02
-4.607980325818061829e-02
-3.212855383753776550e-02
5.608566477894783020e-02
7.421040534973144531e-02
2.212819457054138184e-01
6.450257450342178345e-02
3.507666662335395813e-02
-9.055196493864059448e-02
3.271386027336120605e-02
-5.138906091451644897e-02
5.524193868041038513e-02
-1.298497617244720459e-02
-4.790233075618743896e-02
-2.829603105783462524e-02
5.536105600185692310e-04
-1.962736062705516815e-02
-2.422689460217952728e-03
2.511178143322467804e-02
-3.723048372194170952e-03
6.457827240228652954e-02
-3.342244774103164673e-02
1.864802464842796326e-02
1.355956681072711945e-02
8.102617226541042328e-03
2.479159273207187653e-02
4.085544869303703308e-02
3.172698244452476501e-02
3.493993729352951050e-02
-3.399589657783508301e-02
-1.438813935965299606e-02
3.837488591670989990e-02
-4.022329300642013550e-02
-1.314116921275854111e-02
2.786600776016712189e-02
-7.054758071899414062e-02
2.832407504320144653e-02
1.939756982028484344e-02
4.527302458882331848e-02
-5.406476557254791260e-02
-1.534194103442132473e-03
5.637899413704872131e-02
-7.089619338512420654e-02
-3.347946330904960632e-02
4.056423436850309372e-03
-2.070382051169872284e-02
-4.261797666549682617e-02
-1.549755316227674484e-02
5.789161100983619690e-02
-6.106140464544296265e-02
-1.423742063343524933e-02
7.451073732227087021e-03
4.153331276029348373e-03
-4.086377471685409546e-02
-3.712475067004561424e-03
5.591993406414985657e-02
-4.260487481951713562e-02
-3.010389022529125214e-02
-1.155717950314283371e-02
1.884002797305583954e-02
-3.989826142787933350e-02
-1.138389185070991516e-01
-8.121830411255359650e-03
-8.315709419548511505e-03
6.678259372711181641e-02
-4.461699724197387695e-02
2.397229522466659546e-02
7.778096199035644531e-02
-5.621221661567687988e-02
-5.317055433988571167e-02
-3.176176687702536583e-03
1.252064108848571777e-02
2.026674570515751839e-03
-4.155859723687171936e-02
-3.048809058964252472e-02
-7.127586752176284790e-02
5.254474282264709473e-02
3.004806861281394958e-02
1.585982739925384521e-02
1.925861462950706482e-02
8.358790539205074310e-03
4.375236108899116516e-02
-2.283258736133575439e-02
-2.590509317815303802e-02
-6.907957792282104492e-02
-8.162386715412139893e-02
-6.039533764123916626e-03
3.253416344523429871e-02
-4.138116911053657532e-02
1.072198618203401566e-02
-8.793292194604873657e-02
3.057461418211460114e-02
-3.970339149236679077e-02
-9.509896859526634216e-03
3.720967099070549011e-02
8.729656785726547241e-02
-3.778016194701194763e-02
-3.759018704295158386e-02
2.301244623959064484e-02
-4.778960719704627991e-03
-9.407982975244522095e-02
5.027447268366813660e-02
-5.835760384798049927e-03
-9.058912843465805054e-02
-6.236616894602775574e-02
3.370735421776771545e-02
-3.872321173548698425e-02
3.922823071479797363e-02
1.023763231933116913e-02
-1.347197126597166061e-02
-3.336111828684806824e-02
-2.615450695157051086e-02
-1.182691752910614014e-02
2.652606926858425140e-03
-2.519338205456733704e-02
-1.400983035564422607e-01
-3.844419494271278381e-02
1.710573956370353699e-02
1.756601966917514801e-02
-5.089638754725456238e-02
-3.389927744865417480e-02
3.536371886730194092e-02
-5.723754316568374634e-02
3.436793759465217590e-02
7.588450796902179718e-03
-2.601381950080394745e-02
1.718904264271259308e-02
-1.873175986111164093e-02
2.299248799681663513e-02
-6.291501224040985107e-03
-4.930046200752258301e-02
-4.885187745094299316e-02
4.034248739480972290e-02
-2.269897982478141785e-02
-2.116116322576999664e-02
4.910670593380928040e-02
6.124432664364576340e-03
-6.342542916536331177e-02
-4.166350699961185455e-03
-7.711194455623626709e-03
-1.137922853231430054e-01
-1.253927778452634811e-02
-3.737823665142059326e-02
-3.586784377694129944e-02
4.416470881551504135e-03
8.281208574771881104e-02
-1.293869037181138992e-02
6.529562175273895264e-02
-8.893788792192935944e-03
4.578955844044685364e-02
9.190989658236503601e-03
5.571604706346988678e-03
1.678359135985374451e-02
-5.657019838690757751e-02
3.195128962397575378e-02
-4.172425344586372375e-02
3.425630554556846619e-02
6.110839173197746277e-02
-2.359850704669952393e-02
-3.544219955801963806e-02
2.489482983946800232e-02
-1.277527026832103729e-02
-1.954051293432712555e-02
-5.170953227207064629e-04
-3.810308128595352173e-02
1.259775925427675247e-02
-5.561041645705699921e-03
9.619701653718948364e-02
-3.123239614069461823e-02
1.082278694957494736e-02
-7.463052868843078613e-02
7.745710760354995728e-02
-9.328001737594604492e-02
-4.071493819355964661e-02
-8.731707185506820679e-02
-2.290993928909301758e-02
-3.059307858347892761e-02
-1.340511627495288849e-02
8.774735964834690094e-03
-6.982898339629173279e-03
2.350610867142677307e-02
4.788484366144984961e-04
-1.875261426903307438e-03
5.969120934605598450e-02
-2.892707474529743195e-02
-5.752389878034591675e-02
1.170005928725004196e-02
-5.297827068716287613e-03
-3.344951570034027100e-02
8.544059470295906067e-03
-1.494931429624557495e-02
-6.650997698307037354e-02
6.069994997233152390e-03
-9.024753421545028687e-02
2.192451991140842438e-02
7.804893422871828079e-03
-2.568546216934919357e-03
-1.309064216911792755e-02
2.529882267117500305e-02
3.005461068823933601e-03
-6.801138818264007568e-02
-4.495022818446159363e-02
1.963377743959426880e-02
3.413819149136543274e-02
-2.915934287011623383e-02
3.932227939367294312e-02
-5.780157446861267090e-02
5.585246533155441284e-02
-5.907958373427391052e-03
1.678460091352462769e-02
4.225355386734008789e-02
-4.043488577008247375e-02
2.697340026497840881e-02
2.155382744967937469e-02
1.627190560102462769e-01
2.352122217416763306e-02
-6.163899973034858704e-02
6.388892233371734619e-02
-7.974069565534591675e-02
4.434316232800483704e-02
-1.514042913913726807e-02
1.066315099596977234e-01
2.819009311497211456e-02
-1.179484999738633633e-03
2.780428901314735413e-02
-3.618180379271507263e-02
7.913606241345405579e-03
2.646763622760772705e-02
-5.639190971851348877e-02
-5.630590021610260010e-03
9.345658123493194580e-03
-2.649770863354206085e-02
2.348541840910911560e-02
2.216078899800777435e-02
-6.966054439544677734e-02
3.468909068033099174e-03
1.505531184375286102e-02
8.809171617031097412e-03
1.149047240614891052e-01
-3.571903705596923828e-02
3.591976687312126160e-02
3.007238544523715973e-02
1.527106855064630508e-02
1.505972631275653839e-02
-4.060900211334228516e-02
2.703323215246200562e-02
4.555315710604190826e-03
-3.184847533702850342e-02
-9.701115079224109650e-03
-6.931008398532867432e-02
5.871180910617113113e-04
2.921120962128043175e-03
3.002291545271873474e-03
-9.064599126577377319e-02
-1.332367677241563797e-02
5.044303089380264282e-02
1.686395518481731415e-02
-6.851072423160076141e-03
4.944581538438796997e-02
-1.966510526835918427e-02
-1.553828362375497818e-02
4.990742355585098267e-02
5.120536778122186661e-03
2.485080808401107788e-02
-7.211711723357439041e-03
1.717601716518402100e-02
-1.997845992445945740e-02
5.890785530209541321e-02
2.107895165681838989e-02
1.169081684201955795e-02
-3.370908647775650024e-02
2.418438345193862915e-02
-1.830033585429191589e-02
3.126499708741903305e-03
4.606277868151664734e-02
-1.777468249201774597e-02
-3.388328850269317627e-02
6.037647835910320282e-03
-5.159707367420196533e-02
-6.525577511638402939e-03
3.633111249655485153e-03
-1.045035105198621750e-02
5.451443418860435486e-02
-1.695360802114009857e-02
-1.545057818293571472e-02
4.523916170001029968e-02
6.563609093427658081e-02
1.440483182668685913e-01
-1.249882951378822327e-02
2.743244729936122894e-02
-1.060734782367944717e-02
1.483245100826025009e-02
-2.964358218014240265e-02
4.712718352675437927e-02
-3.399050608277320862e-02
-4.145575687289237976e-02
6.166546419262886047e-02
-5.365246441215276718e-03
4.113220050930976868e-02
-1.229670643806457520e-02
4.907109215855598450e-02
-3.416918963193893433e-02
-1.245442125946283340e-02
-2.936104871332645416e-02
-1.018272861838340759e-01
1.243624649941921234e-02
-2.176947332918643951e-02
-1.302019506692886353e-01
-1.792984828352928162e-02
-5.114853009581565857e-02
-3.735448792576789856e-02
3.277163952589035034e-02
9.075630805455148220e-04
-3.410377353429794312e-02
2.068525739014148712e-02
8.273735642433166504e-03
-1.636041328310966492e-02
-1.113212779164314270e-01
-2.543921582400798798e-02
1.883805170655250549e-02
-3.615205734968185425e-02
-3.658591536805033684e-03
1.003201678395271301e-02
-7.222363352775573730e-02
7.123965770006179810e-02
-2.324948087334632874e-02
4.349534213542938232e-02
4.556931555271148682e-02
7.534255832433700562e-02
2.152941562235355377e-02
2.223858796060085297e-02
7.800272852182388306e-02
1.673106476664543152e-02
-1.079962477087974548e-01
-3.221067413687705994e-02
-2.686437033116817474e-02
-3.679528087377548218e-02
-8.725899457931518555e-02
-9.914162568747997284e-03
2.085992693901062012e-02
5.920429527759552002e-02
-1.585229858756065369e-02
6.161001976579427719e-03
-2.035869052633643150e-03
9.257603436708450317e-03
4.201283678412437439e-02
-8.652242273092269897e-02
6.772904656827449799e-03
-1.375768892467021942e-02
8.434724062681198120e-03
1.861004158854484558e-02
6.912501156330108643e-02
-1.220901729539036751e-03
-1.176615059375762939e-02
4.357299208641052246e-02
3.903847932815551758e-02
-8.768097311258316040e-02
-1.370090059936046600e-02
9.662619978189468384e-02
2.367166988551616669e-02
2.509194239974021912e-02
7.172802835702896118e-02
-7.342556118965148926e-02
-5.682305246591567993e-02
-4.187566787004470825e-02
-8.626816794276237488e-03
-1.533035933971405029e-02
1.692179404199123383e-02
4.736893996596336365e-02
-7.527715712785720825e-02
-2.997707575559616089e-02
-6.161377578973770142e-02
-9.422747418284416199e-03
-1.603032276034355164e-02
-6.339954584836959839e-02
4.982209205627441406e-02
-1.234410107135772705e-01
2.225560136139392853e-02
3.095689462497830391e-03
4.622312635183334351e-02
5.115229263901710510e-02
-4.478370770812034607e-02
-1.183005701750516891e-02
1.037942711263895035e-02
5.124117806553840637e-02
-7.721290457993745804e-03
-4.646317660808563232e-02
6.207668408751487732e-02
9.134208783507347107e-03
-2.076202258467674255e-02
-1.199553813785314560e-02
2.597469650208950043e-02
5.483036115765571594e-02
2.615897543728351593e-02
2.534688450396060944e-02
5.145454779267311096e-02
2.678858302533626556e-02
1.515204086899757385e-02
3.954014182090759277e-02
2.836969681084156036e-03
-1.482936833053827286e-02
1.094886008650064468e-02
3.224446997046470642e-02
1.676740311086177826e-02
-3.212120756506919861e-02
3.850194066762924194e-02
7.887852261774241924e-04
-1.386391557753086090e-02
5.160822346806526184e-02
6.574899423867464066e-03
-1.222592070698738098e-01
-6.951052695512771606e-02
8.876987732946872711e-03
-2.954076509922742844e-03
-7.586674392223358154e-02
2.118664048612117767e-02
-3.352704644203186035e-02
-3.056740574538707733e-02
3.613186534494161606e-03
-3.954731673002243042e-02
-6.663160398602485657e-03
-4.500492662191390991e-02
3.057425655424594879e-02
-5.994430556893348694e-02
-1.276841759681701660e-02
3.180282888934016228e-03
5.566950514912605286e-02
-7.897911965847015381e-02
2.844826318323612213e-02
-8.549991995096206665e-03
6.666566431522369385e-02
-1.547636371105909348e-02
1.957168104127049446e-03
-1.184127852320671082e-02
-7.518371194601058960e-02
-6.610319763422012329e-02
2.170349657535552979e-02
2.179669588804244995e-02
-7.015186548233032227e-02
2.459157630801200867e-02
7.808450609445571899e-03
-3.865538910031318665e-02
4.214140772819519043e-02
2.461459487676620483e-02
6.572748720645904541e-02
2.494879765436053276e-03
5.208440497517585754e-02
7.229580078274011612e-03
-4.969954490661621094e-02
-4.905583336949348450e-03
-4.775543883442878723e-02
-1.862056553363800049e-02
5.471194535493850708e-02
-4.309143126010894775e-02
7.348048686981201172e-02
-2.468340843915939331e-02
1.699558459222316742e-03
8.288671262562274933e-03
-1.253196597099304199e-01
1.579562015831470490e-02
5.521462112665176392e-02
2.234961651265621185e-02
-3.876005485653877258e-02
1.251653581857681274e-02
3.881517425179481506e-02
3.224064409732818604e-02
5.204205960035324097e-02
5.139837041497230530e-02
-1.116585265845060349e-02
-2.130584418773651123e-02
6.443779449909925461e-03
4.473492503166198730e-02
5.574104562401771545e-02
-2.534096129238605499e-02
1.285520754754543304e-02
-3.484726697206497192e-02
1.032176055014133453e-02
7.590314745903015137e-02
8.126514963805675507e-03
-2.255691960453987122e-02
-2.063260180875658989e-03
-8.497962355613708496e-02
-2.044103480875492096e-02
1.389628648757934570e-02
-9.016281110234558582e-04
-1.868909224867820740e-02
3.541281819343566895e-02
5.017277598381042480e-02
-2.205107128247618675e-03
4.654874559491872787e-03
5.479213595390319824e-02
-5.443460121750831604e-02
1.955454610288143158e-02
-1.274017337709665298e-02
-1.290061175823211670e-01
4.560467973351478577e-02
-1.099039148539304733e-02
-6.117701530456542969e-02
-6.786921620368957520e-02
-1.004066392779350281e-01
2.583300322294235229e-02
-7.303472608327865601e-02
-4.528976231813430786e-02
8.044621348381042480e-02
-2.913831733167171478e-02
1.188059244304895401e-02
-7.653853297233581543e-02
-8.567007631063461304e-02
5.465352907776832581e-02
1.948165521025657654e-02
3.854162991046905518e-02
1.168054156005382538e-02
-2.610522508621215820e-02
2.987734787166118622e-02
-3.508475795388221741e-02
-1.382601680234074593e-03
6.396583467721939087e-02
1.593170315027236938e-02
2.112600952386856079e-02
-5.657201260328292847e-02
5.145978555083274841e-02
2.077684365212917328e-02
-6.208941340446472168e-02
-1.157520525157451630e-02
-1.739394851028919220e-02
