0.02603419
0.01472429
0.04061563
-0.03393402
0.02187552
0.01134443
0.01165415
0.03610879
-0.03165819
-0.02094622
-0.01266926
-0.00925213
-0.03301442
0.01863346
-0.00820133
-0.02776753
0.00490347
-0.01526530
-0.16853566
0.01028937
0.02436217
0.07039912
-0.04164647
-0.02934556
0.00633898
0.02536977
0.05220127
-0.02743433
-0.02427561
0.00473155
-0.19955269
-0.00326776
0.01368312
-0.00127685
0.01228307
0.01711255
-0.00547412
-0.00630554
-0.02348892
-0.05257154
-0.00758639
-0.00735436
0.08212188
-0.00754567
-0.00276572
0.00182148
0.04109806
-0.00107895
0.00094382
0.01324887
0.01796813
-0.02656387
-0.07120178
-0.01936000
0.02159987
-0.04512429
0.00267243
-0.00659832
0.43912306
-0.07955626
0.01426879
-0.02358434
0.01072555
-0.04516280
-0.00614795
0.03324893
-0.03709707
0.00933675
-0.06979377
0.00537380
-0.01126261
-0.00248713
-0.03945436
0.00671368
0.01779272
-0.00775529
-0.00966222
0.02753717
0.00558060
-0.08950406
-0.01775931
-0.02115806
0.01420661
-0.05714776
0.00497056
-0.00671072
0.00230367
0.00137693
0.00786871
-0.00998106
-0.01802998
0.00273266
-0.00603056
0.01897762
-0.01585467
0.00263337
-0.02005542
0.00521301
-0.07818536
-0.01607048
0.04077244
0.04284858
-0.00731350
-0.01297119
-0.02026771
-0.01415119
-0.04660099
0.00352607
0.00302221
0.00024673
0.00289506
0.00737122
-0.02768804
0.00392998
-0.01120997
-0.00231728
-0.04022197
-0.00642784
0.00207726
0.00859207
-0.00835321
-0.00187348
-0.01028852
-0.03172863
0.06128471
0.00953578
0.00143322
-0.00182193
0.00914985
0.12017062
0.02373952
0.03257807
0.00780499
0.01661376
0.05726235
-0.03378055
-0.05384636
0.02524972
-0.07561771
0.00052402
0.02711989
0.01622121
-0.00895987
-0.00206738
-0.00416841
-0.17855598
0.00640379
-0.00394962
-0.01725025
-0.00916403
-0.03055421
0.03314388
-0.05367509
-0.03318433
0.00726967
0.01373953
-0.01433984
0.01633577
0.01582853
0.04545318
-0.00193038
0.04987442
-0.03898688
0.01765951
0.00317825
-0.00664326
-0.01920954
-0.00181195
0.01632559
0.01551592
-0.02762625
0.00500412
-0.01529592
-0.03094439
0.01688192
-0.00294560
-0.00609079
0.00566029
-0.09022070
0.00269713
-0.02207655
0.00635918
0.00397590
0.00051660
-0.01050307
-0.19773383
-0.01861945
0.00741469
0.00473794
0.06920182
0.05910323
0.00307645
-0.01254255
0.00035768
0.01672652
-0.00177039
0.10207526
0.01027855
-0.07467005
-0.02668606
-0.00226841
0.00793605
0.03484197
-0.01519429
-0.03078619
-0.00022148
-0.00125290
-0.00169155
0.02239484
0.01631703
-0.00747029
-0.01867709
0.02995885
0.00792654
0.01664310
0.06495912
-0.02118053
0.02711494
-0.00955319
-0.00794587
-0.00803255
-0.66456538
0.02347921
0.03343121
-0.00025497
-0.00222622
-0.03096666
-0.02208117
0.01644377
0.00650575
-0.01057690
-0.05461062
0.04637533
-0.01134239
-0.00269058
-0.03051289
-0.00870571
0.01618886
-0.01368088
0.00470623
-0.01244813
0.02315472
0.13680033
-0.01082733
-0.00676619
0.01370316
-0.01260666
0.02450673
-0.00633512
-0.05074994
0.00404962
0.00990068
0.00423587
-0.00265203
0.00457679
-0.00106363
0.15012918
-0.00941178
-0.12035900
0.06690637
-0.00257953
-0.01507099
-0.06089736
-0.05706599
-0.06767720
-0.11234710
0.11816397
0.11857220
0.05252958
-0.14154315
-0.04999569
-0.09181720
0.01440705
-0.05921523
0.02159018
0.05062324
0.07145508
0.04074753
-0.09095781
0.02000681
0.02109420
-0.07820701
-0.03477987
-0.10955489
-0.07545856
-0.10242207
0.12392066
-0.05784776
-0.01007972
0.02990041
-0.04483329
0.05207138
0.04792922
0.12073047
-0.15496753
-0.04992072
-0.00808244
0.11091821
-0.05583236
-0.02149939
-0.08940807
-0.04880398
0.81047094
-0.13729505
0.04662426
-0.04192210
0.00661258
0.06037403
0.07394778
-0.02968861
0.00476337
-0.04188562
0.03074148
-0.02157604
-0.07190951
-0.03261046
-0.03116213
-0.06440755
-0.09579019
0.08123884
-0.01368075
0.00693873
-0.01669186
-0.05706916
0.03397805
-0.02940193
0.00349900
0.02754158
0.01098624
0.02756694
-0.02907091
-0.00684391
0.02046097
0.02164203
0.06160080
0.01307636
-0.04043750
-0.00778041
0.06565082
-0.00571377
0.03411627
0.00059976
0.03043076
-0.02984202
0.02666087
-0.00912318
-0.00231939
0.02794939
-0.00266371
-0.06711309
-0.03504290
0.03502853
-0.04043930
-0.04165763
0.04117415
0.03946305
-0.01588089
-0.01612774
0.13060887
0.04383825
-0.07437101
-0.01439730
-0.02449192
-0.01527992
0.04337324
-0.02360041
-0.02937794
-0.02809629
0.00465506
-0.01922965
0.01481119
0.01009227
0.02092872
-0.03739021
0.05612091
-0.04702955
-0.01685554
-0.00574387
0.04134381
-0.02130885
-0.02482410
0.04283747
0.06135878
0.00851631
0.03865300
0.01379421
0.09643606
-0.03063105
-0.00646327
0.04167975
-0.06325067
0.01495784
-0.01213337
0.01626936
-0.03155210
-0.01986760
-0.05376440
-0.04357082
0.00118959
-0.00101251
-0.02898559
-0.06890015
-0.00585756
0.00335246
-0.02112315
0.01202413
0.00113237
-0.03634274
0.01451532
0.01199388
-0.11738309
0.06674107
-0.02868409
-0.05554038
0.00990487
0.02569870
-0.00504619
-0.03056394
0.00535353
0.01457361
0.03365129
0.00644742
-0.10000969
-0.05048890
-0.01447057
0.02973715
-0.00038491
-0.04074169
0.06145172
-0.03330896
-0.00360548
-0.02733114
0.03385677
0.02402590
0.03280161
0.00037760
-0.02249562
0.01643115
0.00560088
-0.01223586
0.00064337
-0.02749732
0.01292635
0.00303261
-0.11576570
0.05680526
0.01034118
-0.16699940
0.03111841
-0.03249092
0.02428714
-0.02010593
0.08524073
-0.03679171
0.00224005
-0.06584388
-0.00686881
0.00754944
0.00472374
-0.01949927
0.00165240
0.00164488
-0.01815533
-0.02383452
0.02885139
0.01383093
0.00287739
-0.00881337
0.00402405
0.02177778
0.01930380
-0.01361469
0.04735295
-0.01614969
-0.02817144
-0.02916474
0.00208623
0.01696566
0.04758162
-0.02667474
-0.00883474
-0.04488897
-0.01171623
-0.01220419
-0.02028068
-0.06984813
-0.00138744
-0.05868397
-0.05719459
-0.02567432
0.03188536
-0.09799115
0.05859787
0.03633498
-0.06122641
-0.03450614
-0.08543769
-0.02020638
0.12795518
-0.04941787
-0.00808038
0.01005677
0.00566680
0.04260547
-0.02237489
-0.00858557
-0.06160862
-0.09412117
-0.01793912
-0.01067175
-0.00064006
0.06812114
0.00723594
0.03043543
-0.00722565
-0.06936155
-0.09326457
0.01564619
0.01186862
0.02335672
0.00604736
-0.03061576
-0.04864626
-0.01114253
0.00909527
-0.11098186
0.05772712
-0.04547602
0.06201451
0.01142168
0.07186230
0.03073368
-0.06868826
-0.03476919
0.14936742
-0.02276936
0.00375157
-0.03144575
-0.00739629
-0.02970101
-0.02273778
-0.04689477
-0.05700031
0.02516659
-0.03645769
0.09764957
-0.01359824
-0.01373705
-0.02668131
0.02559122
-0.02408657
0.03719736
-0.00385608
-0.03664953
-0.04853013
-0.06808636
-0.01289164
0.02510888
-0.03330067
-0.02583056
-0.03868745
0.02525024
0.04971162
-0.01911409
-0.04129116
-0.04049528
0.03186057
0.03607041
-0.02898262
-0.00719880
0.02015916
-0.00107700
0.04346202
-0.02266149
0.04276509
-0.04587976
-0.05296680
-0.02523019
-0.01873051
0.02844207
-0.08639388
0.03381313
-0.03313386
0.01416183
-0.03059558
-0.01086626
0.00332297
-0.02177424
-0.04008598
-0.00156190
-0.00535842
0.01902421
-0.03052175
0.03518106
-0.06304128
0.04069290
0.00828733
-0.05191767
-0.02437423
-0.03166426
-0.03860003
0.00125431
-0.05692774
0.05741327
-0.00794557
0.06279551
-0.08584310
-0.00347616
-0.04177175
-0.00799648
0.03007450
-0.01955665
-0.06062833
-0.00510661
-0.13878714
0.00634587
0.12540232
-0.00209083
0.04675681
-0.00796543
0.02177052
0.05911116
0.00154772
0.00483912
0.02043612
-0.04431999
0.03713304
-0.01193018
0.08208549
0.07981484
-0.00524518
-0.03723610
-0.01707952
-0.05655159
-0.11442161
0.05984989
-0.03683224
0.05147450
-0.09720525
-0.04047240
-0.08625445
-0.02764571
-0.02339172
-0.01948459
-0.03861033
-0.00908925
-0.02434806
0.06437428
0.14527418
0.04962813
-0.02440440
0.02271104
0.06849115
-0.07301024
0.03157419
0.03307569
0.07745579
0.00482502
0.06049531
-0.04311527
0.05339447
0.03182244
-0.03514023
-0.06775518
0.01829086
-0.04028788
0.03384423
0.04948796
0.04901875
0.01188807
0.00008397
0.04794021
-0.04332945
0.01646970
0.02917415
0.02530137
0.02906789
-0.01900854
-0.00707685
0.04372201
-0.03716223
-0.04955621
0.06162830
0.03943737
0.02116708
-0.01135348
-0.03780961
0.07058705
0.00170015
0.02066279
0.01249139
0.00522470
0.01908362
0.01334300
0.10593467
0.03242967
-0.05428890
0.00218642
-0.02773942
-0.00065468
0.00833639
-0.02169318
0.04147422
0.00177303
-0.01781306
0.05569408
0.01500069
-0.11408056
-0.14741062
0.05617712
0.00205291
-0.01050357
0.03965503
0.03174844
0.01144282
0.04007712
-0.02534141
-0.14511110
0.11406737
-0.00332922
-0.04663971
-0.05522926
0.07614664
0.01918552
-0.02907618
-0.03360957
-0.00563322
-0.02432868
0.00220128
0.02328288
-0.02874978
0.00553454
-0.04633468
-0.00438297
-0.01543423
0.04262397
-0.01238207
0.04476130
-0.01752841
0.01867836
-0.00372562
-0.01841381
0.00224026
-0.01766048
0.02667339
0.10404377
0.03021799
-0.00094484
-0.07327086
-0.04210789
-0.01563950
0.02118605
-0.04277439
-0.07943398
0.02455881
0.00236960
0.00545847
0.03044974
0.02032576
0.06824883
0.05250894
-0.06081761
-0.02642889
0.00659597
-0.01681161
-0.07838533
-0.00602960
0.01726501
-0.02077122
0.00148936
0.00915440
-0.01596889
0.03925329
0.07215445
0.03286387
-0.04277315
-0.00441774
-0.02709095
-0.06672048
-0.01770086
-0.07074816
0.03893987
-0.01135211
0.04172377
-0.07033111
0.03950955
-0.02806751
-0.01792751
-0.03423452
-0.00539250
-0.01623762
-0.00910329
-0.01701951
-0.03603132
0.01870680
-0.00302185
0.02093516
-0.00535525
-0.05603304
0.02888912
-0.00813319
-0.14033267
0.03102753
-0.10128202
0.01804328
-0.00181761
0.00918556
0.06434799
0.02642254
-0.03431329
-0.02583784
0.02779845
-0.05002945
-0.03328991
-0.03269473
0.03106194
-0.01700674
-0.02779077
0.02512392
0.01009954
0.07087815
-0.00861261
-0.03102704
0.11400957
0.01286397
0.04868439
0.01886713
0.06737111
0.01996080
-0.05627601
0.01938949
0.06106857
