0.02515232
0.01028179
0.05198847
-0.02588603
0.01988230
0.00252460
0.01398873
0.04607265
-0.02282354
-0.01922630
-0.01077601
-0.00743353
-0.02937311
0.02189102
-0.00944569
-0.02354558
0.00657487
-0.01594877
-0.17404538
0.01506437
0.02220231
0.07103702
-0.04725727
-0.02810656
0.00354475
0.02077103
0.05022385
-0.02952638
-0.02348371
0.00706140
-0.20240071
-0.00020047
0.01646565
0.00000543
0.01533779
0.01561827
-0.01070908
-0.00381099
-0.02519255
-0.05505262
-0.00833739
-0.00710219
0.09386106
-0.00530153
0.00142560
0.00408556
0.05113903
0.00287272
0.00358402
0.00912843
0.02461286
-0.02898845
-0.06925154
-0.02531752
0.01952278
-0.04378025
0.00171118
-0.00476249
0.42922282
-0.08976745
0.01227692
-0.02240291
0.00790397
-0.04177621
-0.00424051
0.03403410
-0.03679612
0.00495832
-0.07157046
0.00160835
-0.00098802
-0.00142030
-0.03132794
0.00152411
0.02225059
-0.00036607
0.00051368
0.03441789
0.00645502
-0.07926983
-0.01839953
-0.02246796
0.01150955
-0.06337987
0.00621614
-0.00599130
0.00677644
0.00794933
0.00821550
-0.01630513
-0.01512247
0.01127186
-0.01767031
0.01687780
-0.01161247
0.00751306
-0.02179554
0.00513709
-0.08688690
-0.01841798
0.04098108
0.04644321
-0.00622744
-0.00928364
-0.01724466
-0.00910639
-0.05529643
0.00037633
0.00476881
0.00565380
0.00762998
0.01351151
-0.02932790
0.00516470
-0.00969016
-0.00037431
-0.04727687
-0.01176068
0.00425766
0.00248535
-0.01272598
-0.00491527
-0.01165977
-0.02961612
0.06082423
0.01548260
-0.00030365
-0.00028563
0.01199043
0.11828739
0.02175785
0.03396442
0.00533157
0.01532349
0.06429718
-0.03082297
-0.05651572
0.02481884
-0.05985082
-0.00106129
0.01711029
0.01464368
-0.00665463
-0.00653903
0.00370439
-0.18051924
0.01323256
-0.00447330
-0.02036561
-0.01572999
-0.04002114
0.03161730
-0.05334253
-0.03683868
0.01162522
0.01707110
-0.02079625
0.01697677
0.01737283
0.04335930
-0.00410816
0.04101383
-0.04297901
0.01687164
0.00644710
-0.00983449
-0.02183085
-0.00371754
0.02025046
0.01231937
-0.02300528
0.00324826
-0.01296458
-0.03257004
0.02416085
-0.00231451
-0.00515860
0.00560395
-0.08644532
-0.00046845
-0.01924973
0.00017629
-0.00522332
-0.00034584
-0.02058254
-0.17854969
-0.05165246
0.00718118
0.00745567
0.06029715
0.06318651
0.00064736
-0.01220539
0.00417484
0.01506294
0.00167743
0.10590573
0.01101950
-0.08562980
-0.02752234
-0.01153378
0.00649035
0.02040300
-0.01491369
-0.02778275
0.00572566
-0.00352251
0.00106660
0.02171551
0.01400290
-0.00905306
-0.02028271
0.02624945
0.00768128
0.02230997
0.06941046
-0.02018701
0.03404898
-0.00568177
-0.01051791
-0.00848006
-0.66385186
0.02427752
0.03896490
0.00309093
0.00174223
-0.03892665
-0.02028675
0.01545623
0.00989225
-0.00834247
-0.05430729
0.04831680
-0.00986643
0.00787126
-0.03650027
-0.00627409
0.01327852
-0.00811443
0.00621003
-0.00186763
0.01402319
0.13586295
-0.00678532
-0.00675427
0.00749356
-0.02437365
0.03335474
-0.00171465
-0.05581905
0.00313366
0.00982522
-0.00132566
-0.00621921
0.00402897
-0.00077097
0.17755151
-0.00547313
-0.13269550
0.10098904
0.03109274
0.01271642
-0.02530367
-0.08506396
0.00953820
-0.01157942
0.09905256
0.22211276
0.03598940
-0.04409157
-0.06725831
-0.05203739
-0.00010566
-0.01270643
0.00101278
-0.02115302
0.04483522
0.04865457
-0.09875907
0.16418687
0.05023352
0.00050242
-0.04516888
-0.07343289
-0.07684285
-0.06932236
0.15650097
-0.02778262
-0.08084769
-0.05443092
-0.07695940
-0.02126732
0.07136335
0.11187416
-0.14948153
-0.02676910
-0.04615898
0.14549679
-0.06670740
-0.04615380
-0.07404095
-0.03017476
0.77732992
-0.14110571
0.05405571
-0.09563014
0.01206355
0.03957623
0.09627080
0.04528307
0.02098683
-0.14621870
-0.01973648
0.00496837
-0.03284713
0.01169916
-0.03351502
-0.04351468
-0.02644792
0.07021408
0.00023819
0.00259467
-0.03751504
-0.03689484
0.03799219
-0.04335980
-0.00614186
0.01549779
0.01228511
0.03191323
-0.02976273
-0.01330249
0.00262089
0.01706795
0.05524480
0.00250722
-0.05213390
-0.02235110
0.06569821
-0.00437808
0.01562003
0.00387778
0.04205708
-0.02047246
0.01522738
-0.02425841
-0.01327365
0.02415047
-0.00526574
-0.05810595
-0.04261383
0.04200267
-0.01943888
-0.02686363
0.03176250
0.08636695
-0.01162944
-0.01088375
0.12538081
0.04446765
-0.07907385
-0.02452852
-0.01848818
0.00138335
0.05279113
-0.02137285
-0.04156911
-0.03251800
0.00527260
-0.04966525
0.02111088
0.02643930
0.01585639
-0.02936364
0.05328043
-0.06290911
-0.06499937
-0.00406500
0.02096546
-0.01427182
-0.04200691
0.02938758
0.06370383
0.01811191
0.05752615
-0.00324449
0.10618824
-0.02873950
0.01699832
0.06432968
-0.06796543
0.03047894
0.02877404
0.00988223
-0.01930300
-0.03198101
-0.03027521
-0.04454575
-0.00231094
0.00665577
-0.01716532
-0.08492764
-0.05064172
-0.00218298
-0.01909151
0.01544104
-0.01248133
-0.04317325
0.04080687
0.02446288
-0.09462783
0.06024270
-0.04290846
-0.03909062
0.00121538
0.01577363
-0.01836742
-0.03115178
0.00973080
0.01385663
0.03751828
0.00108602
-0.06268602
-0.06245711
-0.01977960
0.03728071
-0.00522837
-0.04495894
0.07693568
-0.02501652
0.02075331
-0.02302647
0.02370921
-0.00916359
0.05014867
0.00974310
-0.02752820
0.00489734
0.03958147
0.01172340
0.00426306
-0.03051981
0.04062659
0.00197351
-0.10600768
0.06233875
-0.00680654
-0.15170327
0.00949393
-0.02250826
0.03308439
-0.01204049
0.10698177
-0.05553438
0.01773281
-0.04617194
-0.00071611
0.00697968
0.01627908
-0.01428076
0.01041091
0.00861741
-0.04089733
-0.02866697
0.05278661
0.01037190
0.02019222
-0.00779559
-0.02307832
0.03275772
0.02235878
0.00326542
0.05503387
-0.01491052
-0.01366351
-0.02689542
0.01078721
0.01081249
0.06021092
-0.01799170
-0.00188331
-0.02287535
-0.03764439
-0.02435086
-0.01505789
-0.06915511
0.01099015
-0.06855077
-0.04586050
-0.01232593
0.05217717
-0.08511615
0.06108462
0.04190635
-0.06152353
-0.05639449
-0.07826588
-0.01769907
0.12854703
-0.04119683
0.01360947
0.02089977
0.02279815
0.03607569
-0.03062809
-0.02324574
-0.05210885
-0.13222373
-0.02147116
-0.00972563
0.00207988
0.06943953
-0.01541928
0.00160708
-0.02682271
-0.06433597
-0.08530428
0.01430691
0.02060396
0.02962989
0.00923643
-0.02256837
-0.02325729
0.03264706
-0.01624871
-0.08706543
0.02103277
-0.02072456
0.06826683
0.00291110
0.06059290
0.04940362
-0.06329649
-0.00927115
0.13468111
-0.01063606
-0.01035046
-0.02455212
0.00299924
-0.01700698
-0.05032533
-0.06397676
-0.06317315
0.02808888
-0.04769997
0.11196040
0.04020027
-0.00456742
-0.02844084
0.03898155
-0.02084032
0.04060412
-0.00067141
-0.02372941
-0.03697901
-0.06450286
-0.00243766
0.01505667
-0.02468679
-0.01862905
-0.02575617
-0.00927677
0.05660500
-0.03117665
-0.04574161
-0.04872442
0.04083867
0.04192990
-0.03017542
-0.00646345
0.01027118
-0.00289350
0.02910289
-0.01189414
0.04304761
-0.05376309
-0.06091802
0.00729609
-0.03445876
0.01889526
-0.06430590
0.02477799
-0.02324001
0.04009372
-0.00312949
-0.00438459
0.00040808
-0.00501819
-0.02977173
-0.02759427
0.00289135
0.04335212
-0.02335448
0.05073082
-0.05793686
0.03611604
-0.00531619
-0.03154317
-0.03099221
-0.04884866
-0.04958731
-0.00932183
-0.04351428
0.07863528
0.00658424
0.05792705
-0.05671702
-0.00183186
-0.04017137
-0.02987409
0.02301305
-0.02350244
-0.05910743
-0.00899756
-0.12111697
0.01002176
0.12225753
0.01425277
0.06696539
-0.01479958
0.02182752
0.02477861
0.02165886
0.01809048
0.03826205
-0.06115920
0.03574409
-0.01570639
0.07618083
0.08456527
0.01461532
-0.05271503
-0.00566800
-0.07079999
-0.09632065
0.06107710
-0.03673704
0.03792812
-0.06582351
-0.04541874
-0.06253271
-0.02377699
-0.04506292
-0.02528208
-0.02978540
-0.00766539
-0.01873056
0.06424998
0.11768499
0.03539855
-0.03651113
0.04073766
0.07874248
-0.06685226
0.04317524
0.01403525
0.06372592
0.00749870
0.04589956
-0.06053856
0.06630691
0.03917943
-0.05629391
-0.06844563
0.03002261
-0.02460920
0.06779201
0.06348723
0.03757044
0.01458874
0.00896550
0.05223641
-0.02358361
0.00046328
0.01233723
0.02199994
0.05006445
-0.02035549
0.00050365
0.04013680
-0.06032229
-0.05309634
0.06466675
0.02629593
0.01492443
-0.00889635
-0.03779095
0.07117634
0.00381761
0.02819448
-0.00325395
0.00034698
0.02311174
0.03504186
0.11326726
0.06202575
-0.06465977
-0.00928676
-0.01894294
-0.01087343
-0.02410144
-0.00992315
0.05727497
0.00026595
-0.06864034
0.04833532
0.01629614
-0.09783122
-0.15604179
0.04123906
-0.01537851
-0.00374756
0.02062528
0.03477684
0.01362500
0.03709506
-0.03248531
-0.10442612
0.04841718
-0.01844006
-0.02529693
-0.06301112
0.07210505
0.02418888
-0.02200887
-0.03407359
0.00442351
-0.00807575
0.00238792
0.03213103
-0.01076363
0.00383902
-0.06986345
-0.00255848
-0.02284422
0.04182062
-0.01110788
0.02571527
-0.01137375
0.00953581
-0.02850859
-0.01481708
0.01640420
0.00111624
0.02464660
0.09686124
0.01961661
0.01491341
-0.05498422
-0.02002817
-0.01656479
0.02223144
-0.05063098
-0.09303068
0.02804053
-0.01192233
0.01513454
0.06752858
0.01052412
0.05828352
0.04582191
-0.07422898
-0.03638431
0.00390236
-0.01347513
-0.05312963
-0.00242325
0.00537757
-0.03791099
0.04757842
0.00920860
-0.02743581
0.04495581
0.08910988
-0.02125311
-0.05033801
0.00210845
-0.02973366
-0.06463953
-0.03453936
-0.03537028
0.06803247
-0.01091717
0.03887809
-0.08795958
0.02672494
-0.03092073
-0.01358938
-0.04531004
-0.00071402
-0.01913554
-0.01773518
-0.02381528
-0.04391086
0.01575344
0.01348215
0.03329887
-0.01600651
-0.05114060
0.03633314
-0.00348480
-0.13542169
0.02739084
-0.09861878
0.01684576
0.00963770
0.01410802
0.05321113
0.00562212
-0.03430188
-0.04148747
0.04911453
-0.01326414
-0.00535100
-0.04088349
0.03151597
-0.02233220
-0.02447385
0.03415949
0.01129774
0.04032380
-0.01678653
0.00025252
0.12536584
0.03580171
0.00269734
0.00407017
0.07693215
-0.00518933
-0.05236451
0.02918207
0.05717609
