0.02604691
0.01152634
0.04834751
-0.02833239
0.02151316
0.00905386
0.01366963
0.04569904
-0.01939937
-0.01859470
-0.01427662
-0.00510779
-0.03350819
0.02433913
-0.01192839
-0.02706346
0.00322530
-0.01670025
-0.18085536
0.01829260
0.02384051
0.06813485
-0.04298718
-0.03247539
0.00481985
0.02303892
0.04906641
-0.02950700
-0.02577114
0.01085399
-0.21202172
-0.00343266
0.01584176
0.00040133
0.01527619
0.01833456
-0.01007843
-0.00366750
-0.02914289
-0.05954120
-0.00995271
-0.00947515
0.08891535
-0.00832797
0.00227785
0.00142875
0.05245389
0.00093556
0.00619604
0.00894590
0.02879587
-0.02416954
-0.08114973
-0.02948078
0.02081201
-0.04571535
0.00231942
-0.00986745
0.42065096
-0.08552144
0.01409426
-0.02701021
0.00417661
-0.03756458
-0.00100135
0.02696417
-0.03649697
0.00495287
-0.06706772
-0.00157653
-0.00118653
-0.00066993
-0.03631635
0.00472625
0.02215832
-0.00467076
-0.00233828
0.03354644
0.00786912
-0.08235756
-0.01851906
-0.02173236
0.01473202
-0.06774511
0.00006259
-0.00724339
0.00678279
0.00579138
0.01206987
-0.01325523
-0.01625182
-0.00004817
-0.00661616
0.01631670
-0.01497628
0.00956613
-0.02376776
0.00572704
-0.08968241
-0.01892635
0.04286220
0.04545294
-0.00820386
-0.00822127
-0.01453782
-0.01182950
-0.05969030
0.00215500
0.00624556
0.00467165
0.00911493
0.01218026
-0.03141254
0.00750660
-0.00921258
-0.00189308
-0.04533643
-0.01278151
0.00360842
0.00347562
-0.01339336
-0.00346981
-0.01227841
-0.03039994
0.05802517
0.01545309
0.00545601
-0.00337553
0.01526062
0.11847609
0.01639210
0.03552722
0.00659212
0.01446570
0.06580110
-0.03313453
-0.06558914
0.02382011
-0.06977232
-0.00062612
0.02227637
0.02096593
-0.00982784
-0.00405484
0.00157410
-0.18815038
0.01201228
-0.00551335
-0.02070916
-0.01574492
-0.03841380
0.03686129
-0.05388454
-0.04299239
0.01539746
0.01750402
-0.02332213
0.01829596
0.01641550
0.04560957
-0.00210814
0.05001317
-0.03748339
0.01824366
0.00477134
-0.01757878
-0.01520880
-0.00280185
0.01947702
0.01334110
-0.02574028
0.00346415
-0.01491565
-0.03391782
0.02801377
-0.00036741
-0.00137447
0.00595510
-0.08399118
-0.00173331
-0.01727084
0.00249435
-0.00751038
-0.00094379
-0.01795852
-0.19176741
-0.04528007
0.00828080
0.00829230
0.06357136
0.06345088
0.00295948
-0.01700949
0.00385245
0.01613029
-0.00378485
0.09565579
0.01042599
-0.09461153
-0.02896565
0.00050374
0.00841326
0.02396781
-0.01538619
-0.03096947
0.00052984
-0.00435204
-0.00041592
0.02174694
0.02207173
-0.00993745
-0.01712436
0.02836977
0.00636411
0.02367351
0.07037941
-0.02661116
0.03986654
-0.00652330
-0.01318525
-0.01056047
-0.65236986
0.01987594
0.03763201
0.00282400
-0.00286544
-0.04478887
-0.01994728
0.01556509
0.00642365
-0.00947843
-0.04984348
0.04604240
-0.00837006
0.00228659
-0.03610822
-0.00788331
0.01503941
-0.00895409
0.00968144
-0.00159988
0.01703957
0.13593170
-0.01710574
-0.00562001
0.00987887
-0.02127521
0.03303233
0.00071700
-0.05446564
0.00185762
0.01136969
0.00177312
-0.00593806
0.00390712
0.00254718
0.20874597
-0.01100118
-0.12318625
0.07941740
-0.01407746
-0.08353163
-0.06581455
-0.05707544
-0.07783939
-0.09436727
0.13851181
0.13020566
0.03691272
-0.08793931
-0.06097225
-0.05315528
0.00327495
-0.00152626
-0.01352134
0.03280551
0.01850248
0.06421972
-0.13592428
-0.01883514
0.02606820
-0.08813062
-0.07511333
-0.09524131
-0.08945622
-0.14069797
0.13866368
-0.03132594
-0.06505775
0.02668581
-0.06947624
0.08209276
0.02840794
0.10397821
-0.14260890
-0.03665996
0.02001447
0.13229911
-0.08539265
-0.02058040
-0.05459495
-0.01736349
0.78372252
-0.15688720
0.03736087
-0.02497287
0.00099413
0.01287468
0.04335759
-0.00266710
-0.02037423
-0.06501948
-0.03125538
0.01562552
-0.10232642
-0.05228251
-0.02740586
-0.03484215
-0.06292408
0.10472684
-0.00404151
-0.00667560
-0.01850508
-0.05500532
0.02932999
-0.02415908
0.00843646
0.02753451
0.00195085
0.03081349
-0.02119417
0.01777868
0.01604852
0.01959956
0.06084865
0.00889115
-0.04800526
-0.00243619
0.06065438
-0.00509905
0.02137213
0.01038947
0.00951485
-0.03707045
0.05589284
-0.00451259
-0.00736405
0.02161580
-0.00598060
-0.04248620
-0.04255056
0.04504487
-0.01586242
-0.02903017
0.03122968
0.04727970
-0.01000363
-0.02208421
0.13694280
0.03771324
-0.05917776
-0.00740980
-0.02227111
-0.00370015
0.04842363
-0.03241876
-0.01632488
-0.02078645
-0.00756983
-0.02232979
0.00890916
0.01381250
0.02835103
-0.03220530
0.06194415
-0.04336961
-0.03270878
0.00188434
0.04055719
-0.00592005
-0.03102079
0.05700829
0.05728157
-0.00006842
0.04441575
-0.00069268
0.09431013
-0.01117321
0.00981208
0.05338057
-0.05517077
0.02210024
0.00962945
0.04086376
-0.00930563
-0.02677649
-0.05059283
-0.05638931
0.02286087
0.01489186
-0.02765942
-0.08971218
-0.02416834
0.00238222
-0.03841036
0.00545616
-0.00951097
-0.04556134
0.02812870
0.01989899
-0.09800112
0.05100943
-0.03071525
-0.05414597
0.02680453
0.00832424
-0.01572669
-0.02266997
-0.00568025
0.00895827
0.03931675
-0.00111715
-0.10375801
-0.05683096
-0.02122051
0.01395717
-0.01107121
-0.04820183
0.06973547
-0.03292987
0.01181352
-0.01176244
0.02839336
0.00846966
0.02679179
0.01290524
-0.01053414
-0.00151425
0.03226523
-0.00845092
0.00187054
-0.03589450
0.01771357
-0.00556617
-0.10082559
0.08842851
0.01404415
-0.15074949
0.05333830
-0.02158696
0.02790213
-0.00985623
0.10402249
-0.04406976
-0.00588951
-0.06834771
-0.01067307
0.00700183
0.01306928
-0.02028294
0.00874047
-0.00095999
-0.02077409
-0.03464348
0.03570398
0.00735989
-0.00698103
-0.00363049
0.00773420
0.04254557
0.00414096
-0.00222253
0.04634614
-0.01788947
-0.01603002
-0.02569775
-0.00603099
0.01651666
0.05873404
-0.03293583
-0.00395806
-0.05358018
-0.02324147
-0.00934015
-0.03178895
-0.07704596
0.00587154
-0.09037835
-0.05607626
-0.00043984
0.03528459
-0.11100508
0.05148876
0.04112994
-0.04675923
-0.04923113
-0.09677840
-0.02243390
0.10854377
-0.04001311
-0.01198130
0.01926378
0.00621826
0.03159218
-0.01323554
-0.00123593
-0.05283418
-0.09502946
-0.01217037
-0.00150236
-0.00607028
0.06620646
0.00574193
0.02691740
-0.02145256
-0.06029044
-0.08561047
0.02116027
-0.00040225
0.02407200
0.02448245
-0.05510166
-0.05433841
0.00600422
-0.00664305
-0.12669960
0.06403472
-0.03954305
0.01834529
0.01182082
0.08138850
0.02157264
-0.07152155
-0.01739817
0.14891537
-0.02785214
-0.00301450
-0.02722505
-0.01008523
-0.02553094
-0.02610972
-0.04813961
-0.06049180
0.03302815
-0.06301209
0.08770157
0.00555906
-0.00738605
-0.01949071
0.02742702
-0.01170394
0.04049519
-0.00535741
-0.02623017
-0.04027976
-0.06301168
-0.01445126
0.01660949
-0.01829734
-0.03355430
-0.03607547
0.00669491
0.03963776
-0.02212810
-0.03201183
-0.04081770
0.02373797
0.04119787
-0.00728621
-0.00544986
0.02132514
0.00698903
0.03787261
-0.01475226
0.03870341
-0.03243666
-0.06172649
-0.02764785
-0.02177393
0.03198057
-0.07851394
0.03382063
-0.02575492
-0.00522079
-0.02634275
-0.02272028
0.00672477
-0.02782525
-0.04500651
-0.02218923
0.00613401
0.02973311
-0.02975357
0.01914778
-0.08919277
0.03616749
0.00727424
-0.05842540
-0.01511485
-0.02476788
-0.04598891
-0.01870119
-0.03323195
0.05417325
-0.01367338
0.05469332
-0.08107425
-0.00598440
-0.04460862
-0.02704474
0.02026311
-0.00555519
-0.05550118
-0.01255928
-0.10442568
0.00490207
0.15946342
0.00576974
0.04499936
-0.02592123
0.01306909
0.04239340
0.00795472
-0.01007078
0.02618378
-0.02880247
0.02699842
-0.01042635
0.08394998
0.09204672
-0.02481796
-0.01690581
-0.03365456
-0.03709163
-0.11765999
0.06526945
-0.02872454
0.04074183
-0.09522390
-0.02563947
-0.07725307
-0.03035866
-0.02163639
-0.03231566
-0.04372239
-0.01669345
-0.03079389
0.07025664
0.15107556
0.05651030
-0.02209920
0.01758303
0.06544645
-0.06523471
0.03495315
0.03383441
0.05464171
-0.01153864
0.04648360
-0.03834720
0.05058130
0.03241515
-0.03483731
-0.05803725
0.02117481
-0.04721950
0.05274868
0.06501027
0.04947611
-0.00005971
0.01439103
0.04413180
-0.04881182
-0.00230009
0.04729737
0.03450480
0.03949084
-0.02080305
-0.01849461
0.04447850
-0.00622478
-0.03971548
0.05770653
0.04537581
0.02352685
-0.01154201
-0.01097299
0.07853387
-0.01059138
0.03173493
0.00594198
0.02293768
0.03722891
0.02056451
0.11348675
0.05302329
-0.05197517
0.00251314
-0.01990967
-0.00576652
0.03348640
-0.02084039
0.03078867
0.00417648
-0.02813153
0.04157002
-0.00021109
-0.07360101
-0.17668153
0.05963078
-0.00557777
-0.01162237
0.03534096
0.01724634
0.00834374
0.03716621
-0.02934902
-0.14149323
0.12739529
-0.00930163
-0.04027109
-0.06857951
0.07023015
0.00770202
-0.02128633
-0.01865422
0.00488923
-0.01212740
-0.00707423
0.02588265
-0.01655577
0.00786688
-0.04284637
-0.00286295
-0.01935379
0.02256243
-0.02702825
0.05621581
-0.00267205
0.02364892
0.00167795
-0.01555475
-0.00644601
-0.01120399
0.01059026
0.11146184
0.03548820
-0.00457922
-0.08063962
-0.03649979
-0.00965476
-0.00206496
-0.06348109
-0.08222024
0.00939665
0.01296607
0.01613723
0.05947588
0.02062766
0.08505480
0.05069532
-0.07296699
-0.02096008
0.00374465
-0.02647739
-0.06472360
0.00182880
0.01788367
-0.02487160
-0.00250277
0.00057083
-0.01005961
0.04478609
0.07199225
0.01799487
-0.03272760
-0.00649380
-0.01943329
-0.06439932
0.00886873
-0.06197750
0.05239576
-0.02752595
0.02498207
-0.07180911
0.03041027
-0.01718387
-0.02636220
-0.03651306
-0.01701019
-0.02703878
-0.01043018
-0.02479791
-0.01412547
0.00999478
-0.02800529
0.02048938
0.00057559
-0.04048309
0.03248831
-0.01512829
-0.12466636
0.04101082
-0.09446090
0.00612706
0.00062567
-0.00648074
0.05374507
0.02458597
-0.03176179
-0.02382722
0.04045001
-0.06349929
-0.02278154
-0.04306915
0.03772449
-0.01888597
-0.02654580
0.03035226
0.00512068
0.04535925
-0.00276612
-0.04344882
0.08381385
0.01193681
0.04577595
0.01365136
0.06793505
0.01712162
-0.04313276
0.01837358
0.04441562
