0.02167406
0.01290953
0.04967735
-0.03276565
0.02217818
0.00595243
0.01587466
0.04784884
-0.01270905
-0.02040708
-0.01700362
-0.00732639
-0.03083370
0.01979344
-0.00956416
-0.02726592
0.00567895
-0.01883825
-0.17743537
0.01542276
0.02341663
0.07205797
-0.04972496
-0.03106614
0.00597170
0.02652203
0.05194537
-0.02822999
-0.02402339
0.00990601
-0.21203135
-0.00568592
0.01348351
-0.00053644
0.01606908
0.01990685
-0.01683168
-0.00501683
-0.02646567
-0.06571019
-0.00606589
-0.00820808
0.08683487
-0.00998268
0.00013075
0.00704085
0.05305606
-0.00110730
0.00685083
0.00956621
0.02464896
-0.03328096
-0.08090243
-0.01974250
0.01874106
-0.04257119
0.00428259
-0.00779042
0.41652095
-0.08948170
0.01438604
-0.02173995
0.00343836
-0.04112265
-0.00016231
0.02614527
-0.03491469
0.00291028
-0.06014018
-0.00014227
-0.00341889
-0.00247278
-0.03489207
0.00298311
0.02523626
-0.00730668
-0.00314913
0.03821675
0.00752777
-0.06698134
-0.01898189
-0.02057904
0.01715838
-0.06422321
0.00392645
-0.00592844
0.00765468
0.00898034
0.00990812
-0.00976834
-0.01443486
0.00603926
-0.01444351
0.01618226
-0.01052514
0.00709793
-0.02214806
0.00588607
-0.08899578
-0.01787612
0.04227074
0.04467319
-0.00399394
-0.01160218
-0.01796612
-0.01075916
-0.05789053
0.00244905
0.00381349
0.00338620
0.00453600
0.01204017
-0.03480658
0.00296239
-0.01128518
-0.00109851
-0.04622860
-0.00953139
0.00331163
0.00490445
-0.01297696
-0.00628756
-0.01754635
-0.03000630
0.05715119
0.01258678
0.00706672
0.00129232
0.01592236
0.12007931
0.01251184
0.03338380
0.00630898
0.01341094
0.06884956
-0.03570953
-0.06711488
0.02417907
-0.06884073
0.00025244
0.01282114
0.01221218
-0.00446017
-0.00484315
0.00278961
-0.17556171
0.01418484
-0.00064088
-0.01881642
-0.01619611
-0.04246236
0.03154500
-0.05857126
-0.04414060
0.01038198
0.02074536
-0.02572587
0.01777812
0.01142194
0.04553875
-0.00097549
0.03508079
-0.03245839
0.01604919
0.00580683
-0.01277968
-0.01846432
-0.00057640
0.02097310
0.01263676
-0.02512513
0.00442794
-0.01498997
-0.03305450
0.02535569
-0.00131797
-0.00508856
0.00414325
-0.08476331
-0.00275828
-0.02399777
-0.00019968
-0.00500285
0.00355757
-0.02084417
-0.17318176
-0.07020506
0.00799232
0.00757269
0.06289083
0.07214843
0.00313403
-0.00986667
0.00113190
0.02120478
-0.00288020
0.09558146
0.01131197
-0.09800316
-0.02813172
0.00399870
0.00786389
0.01626074
-0.01655931
-0.03262226
0.00286684
-0.00342920
-0.00289133
0.02363254
0.01189257
-0.01414238
-0.01855395
0.02947988
0.00738772
0.01922866
0.07370309
-0.02058620
0.03224281
-0.00334628
-0.00652980
-0.00898630
-0.66249621
0.02275560
0.03555864
0.00019149
0.00185236
-0.04731721
-0.02065308
0.01370066
0.00368216
-0.00652984
-0.05508345
0.04688011
-0.01131798
0.01015562
-0.03805456
-0.01203599
0.01857053
-0.00871930
0.00624509
-0.00635592
0.01987025
0.13325913
-0.01685879
-0.00227839
0.01019482
-0.02176888
0.03882058
-0.00171312
-0.05942849
0.00520366
0.01286132
0.00087738
-0.00738397
0.00121399
-0.00151705
0.03832766
0.05262084
-0.08809951
0.05356836
-0.06585065
0.05202219
-0.08969925
0.03850438
-0.02318932
-0.07813466
0.08049318
0.08788376
0.00641568
-0.07275269
0.05767551
0.02229317
-0.01398708
0.02038191
-0.05053983
0.04747872
-0.01524945
0.02955509
0.02671890
0.02897219
0.01046485
0.00586856
-0.08125933
-0.07921360
-0.01855967
0.02511638
0.03507927
-0.00358378
0.05578803
-0.06940447
0.01680402
-0.01831610
0.00409359
0.09940626
-0.10416126
-0.01387591
0.00474644
0.15873714
0.05706288
-0.01710524
-0.07179537
0.01285161
0.88711149
-0.08223412
-0.02396081
0.00615725
-0.00071046
0.04517438
-0.05325527
-0.01642336
0.01173228
-0.12641875
-0.05626295
-0.00994315
-0.05919366
-0.01930298
0.01782372
-0.12814406
-0.01991351
0.10852287
-0.01158533
0.01929616
0.01148198
-0.02222835
0.04430092
-0.01944249
0.00028078
0.03932123
-0.02797336
0.01949662
0.00212637
0.00679766
0.00613302
-0.00716178
0.07041349
-0.00160829
-0.03684394
-0.01598185
0.04868740
0.01568926
0.04633855
-0.00275663
0.01731494
-0.02478452
0.04078631
-0.02577528
-0.01652549
-0.00300141
-0.00524869
-0.06726042
-0.01882965
0.02935826
-0.03384311
-0.05559633
0.01573232
0.05626579
-0.02701188
0.02416495
0.08405695
0.02852232
-0.05608512
-0.05242361
-0.02899988
-0.03980558
0.04784118
-0.02972377
-0.02177759
-0.02412811
0.03328958
-0.03035167
-0.00071331
0.06499780
0.02221452
-0.04846107
0.04894502
-0.05802948
-0.04873710
-0.00252760
0.02751171
0.00253003
-0.04960066
0.04843049
0.06222175
0.01447512
0.03314523
0.02629446
0.07939168
-0.01172991
0.02602923
0.03484219
-0.05121412
0.01283853
-0.03173869
0.03379169
-0.01601745
-0.01020230
-0.03386092
-0.01374615
0.00480416
-0.00031168
-0.04625589
-0.07866683
-0.02946701
0.01736121
0.00351905
-0.01492762
-0.01799973
-0.04510568
0.01649125
0.00869995
-0.11026185
0.03266269
-0.00548194
-0.05840050
0.01004099
0.03792680
0.00700635
-0.03695237
0.02002831
0.01310329
0.03081767
0.01488044
-0.07690862
-0.04645636
0.00955286
0.02217070
0.00098164
-0.01676985
0.07932194
-0.00839396
-0.01799771
0.02066180
0.05601019
0.02818115
0.04387012
-0.01789988
-0.03667674
-0.00648601
0.03236417
0.00359391
0.01178079
-0.03176885
0.02520030
-0.00025431
-0.13998266
0.03047128
-0.00046695
-0.16358554
0.06139796
-0.03389550
0.04500050
-0.01414976
0.06111814
-0.03619533
0.01454772
-0.05139628
0.00125882
0.02755079
-0.00855175
-0.01787390
0.00780930
0.04121324
-0.03007334
-0.03366293
0.03017939
0.01405490
-0.00410604
-0.01378134
0.00681381
0.02154084
0.02671658
0.01424704
0.01448149
0.00741435
-0.05120137
-0.03026526
0.01119379
0.00405977
0.08225212
-0.02128089
-0.00576802
-0.00638591
-0.02253037
-0.03920595
0.00437312
-0.06748626
0.01563347
-0.04460068
-0.06243169
0.01190965
0.02748219
-0.07446856
0.08097669
0.01755228
-0.05403331
-0.01416450
-0.03165874
-0.01268876
0.14558880
-0.02389102
-0.02443505
-0.00196054
0.01811955
0.03291022
-0.02954745
-0.04585698
-0.04603937
-0.10462266
-0.01855922
-0.03660528
0.01082121
0.02595902
0.00131420
0.03098990
-0.01407451
-0.02704947
-0.10115471
0.00814486
0.01044798
0.04115481
0.02971801
-0.01453565
-0.07733511
0.01312412
-0.02284954
-0.09281024
0.05192018
-0.00774110
0.05447648
-0.00905412
0.03629746
0.06102135
-0.02422171
-0.00482748
0.14158377
-0.00461310
0.02397246
-0.01905823
-0.00478231
-0.02831614
-0.03783768
-0.04225857
-0.03732338
0.02049366
-0.04326999
0.10457314
0.00437431
0.00498356
-0.01249779
0.02394683
0.00044262
0.00565107
-0.00778476
-0.07251253
-0.04810254
-0.05721608
-0.02982990
0.00618803
-0.02895300
0.02066423
-0.05146929
0.03026085
0.03184389
-0.03790939
-0.05850872
-0.03994976
0.06616291
-0.00231642
-0.02784653
0.04266962
0.04251895
-0.00922082
0.02182704
-0.01225028
0.04907275
-0.06353980
-0.05285607
-0.03345900
0.01744661
0.04543202
-0.07180273
0.02905328
-0.03070312
0.01134221
-0.03981276
0.00787039
-0.00173006
-0.00895334
-0.03628969
-0.01315021
0.01199461
0.02800428
-0.03726484
0.04626144
-0.13039260
0.02180814
-0.00523955
-0.04894970
-0.05003328
-0.02565796
-0.03008989
0.04806481
-0.05510243
0.06059175
0.00756438
0.04391908
-0.07276952
0.00761248
0.01659651
-0.00331401
0.00361245
-0.00744708
-0.03985689
-0.00670561
-0.15537415
-0.00723950
0.13133337
0.01052997
0.02885615
-0.02328223
0.05441265
0.04290022
0.02734805
-0.01871989
0.02572230
-0.02077328
0.03749138
-0.03782758
0.06234800
0.08777810
-0.02198698
-0.07756390
-0.05034338
-0.06038145
-0.14420934
0.06234061
-0.03561889
0.03492165
-0.07100844
-0.02455484
-0.06518489
-0.02594861
-0.03852197
-0.02517735
-0.02700407
-0.00291608
-0.01550483
0.06587179
0.15196906
0.03262066
-0.02708876
0.03835133
0.02400815
-0.04167709
0.03348783
0.01311042
0.07524857
-0.00381536
0.08006704
-0.04174975
0.02077199
0.02765947
-0.08643506
-0.04262164
0.04132839
-0.02104498
0.02359118
0.06025248
0.04215084
-0.00554841
0.00591307
0.02454747
-0.04527155
0.02050158
0.01716644
0.01324317
0.02601835
0.00867524
0.01888790
0.05611597
-0.03894575
-0.05198703
0.04888194
0.06817503
0.01382372
0.00813553
-0.03942566
0.04419930
-0.01229401
0.00529659
0.01743217
-0.00964622
-0.03635897
0.01782992
0.08018748
0.03002246
-0.06962498
-0.01254145
-0.00793826
-0.02044621
0.04545498
-0.03210948
0.05553557
-0.00527582
-0.05566677
0.04651986
0.02932235
-0.09751895
-0.17758231
0.03219669
0.01751703
0.01554334
0.02299975
0.03103879
-0.00474095
0.02346791
0.01218094
-0.11638578
0.12607178
0.00652710
-0.04571855
-0.02778798
0.06597921
0.05036721
0.00745760
-0.06220070
0.01682926
-0.02728423
0.04324403
0.03997836
-0.01692729
0.00781940
-0.04886097
0.01982726
0.00735483
0.07001352
0.00816115
0.04258875
-0.01576266
0.00219190
-0.00119645
-0.03221615
0.00572211
-0.02158335
0.00742150
0.09019287
0.05114374
0.02852578
-0.05903002
-0.02518200
0.03765211
0.04155911
-0.07189586
-0.12546456
0.01074245
-0.00302975
-0.00113645
0.05967491
0.01963106
0.04744649
0.04795679
-0.06828926
-0.03147892
0.00187529
0.00756718
-0.02880492
0.00037889
-0.00390453
-0.02106823
-0.00843655
0.05253980
-0.04091747
0.03630587
0.04439903
0.01020961
-0.04819100
-0.00217756
0.00746888
-0.05080502
-0.00599061
-0.03400140
0.00006889
-0.02902050
-0.01181935
-0.03386416
0.05269697
-0.04403636
-0.04074714
-0.02463326
-0.02650006
-0.01780861
-0.00389851
0.01497991
-0.05128584
0.01632016
-0.01442791
0.02223369
0.03238574
-0.04785181
0.01987725
-0.00375131
-0.13234688
0.01412541
-0.05922122
0.01844602
0.00986171
-0.00865518
0.04390106
0.00326341
-0.04507419
-0.03752727
0.03676907
-0.06942505
-0.01113173
-0.04329938
0.03179847
-0.06504408
-0.03613886
0.02667210
0.03106814
0.08056684
0.01410583
-0.02391430
0.09408727
-0.00021284
0.05164368
0.02042741
0.08281627
0.03811796
-0.04735365
0.00461732
0.02262323
