0.02468666
0.01159033
0.04432012
-0.03368759
0.02148010
0.00121228
0.01365919
0.03942965
-0.02545136
-0.01665723
-0.01425362
-0.00756046
-0.03006015
0.01358711
-0.01057292
-0.02608266
0.00710475
-0.01754148
-0.16494934
0.00894170
0.02461123
0.07208703
-0.04801005
-0.02829634
0.00152899
0.02579287
0.05368600
-0.02459835
-0.02631679
0.00253489
-0.19281872
-0.00383571
0.01438812
-0.00359197
0.01051278
0.01763866
-0.01333169
-0.00272449
-0.02434777
-0.05398322
-0.00819131
-0.00600226
0.08500032
-0.00925394
-0.00511709
0.00573837
0.04423537
0.00106700
0.00430977
0.01348117
0.01758270
-0.03183794
-0.06789301
-0.01310273
0.01956120
-0.04379210
0.00141739
-0.00376398
0.43306002
-0.08579742
0.01350990
-0.02348396
0.01042228
-0.04261461
-0.00657092
0.03121927
-0.03176971
0.00310566
-0.06655958
0.00525453
-0.00484441
-0.00553267
-0.03334701
0.00142488
0.02306250
-0.00416444
-0.00612219
0.03164011
0.00564972
-0.07199640
-0.01791073
-0.02475636
0.01344025
-0.05834193
0.00694642
-0.00354254
0.00306285
0.00762483
0.00834733
-0.01028974
-0.01314034
0.01014833
-0.01834606
0.01777705
-0.01269035
0.00082135
-0.01759060
0.00470374
-0.08124398
-0.01780106
0.04000683
0.04319352
-0.00702831
-0.01004412
-0.01950953
-0.01111961
-0.04894516
-0.00045875
0.00229735
-0.00056594
0.00118433
0.01067065
-0.03303382
-0.00004369
-0.01104491
-0.00583928
-0.04399815
-0.01047657
0.00423720
0.00778915
-0.00884966
-0.00433416
-0.01166475
-0.03083753
0.06454623
0.01237720
0.00574444
0.00083421
0.00862648
0.11500116
0.02256142
0.03290626
0.00539909
0.01735628
0.05846002
-0.02889898
-0.05641891
0.02418924
-0.06401052
0.00206345
0.01647518
0.00942634
-0.00493244
-0.00468381
0.00032418
-0.16933902
0.01082323
-0.00289657
-0.01836940
-0.01411038
-0.03773874
0.03354199
-0.05660143
-0.03252680
0.00666294
0.01997511
-0.02208934
0.01494390
0.01268939
0.04177959
-0.00140476
0.03688880
-0.03986052
0.01753025
0.00348386
-0.00527008
-0.02066555
-0.00230176
0.01778683
0.01097004
-0.02236998
0.00453830
-0.01123739
-0.03091136
0.01943097
-0.00608263
-0.00676034
0.00439423
-0.08653276
-0.00124200
-0.02795090
0.00289490
-0.00155668
-0.00071514
-0.01875026
-0.16748519
-0.05263983
0.00751363
0.00566183
0.06314323
0.06239332
0.00476560
-0.01175983
0.00183086
0.01647880
0.00063784
0.10331064
0.01288153
-0.07953341
-0.02942387
-0.00649637
0.00960639
0.01653833
-0.01882889
-0.03191173
0.00857972
-0.00308859
-0.00058327
0.02043014
0.00779851
-0.01037163
-0.01769159
0.02649733
0.00611686
0.01428194
0.06508078
-0.01678434
0.02635189
-0.00619051
-0.00449125
-0.00944815
-0.68303400
0.02345004
0.03251827
-0.00204679
0.00007454
-0.03549552
-0.02537454
0.01414667
0.00535161
-0.00834900
-0.05618566
0.04734905
-0.00901063
0.01052577
-0.03220638
-0.01064104
0.01914645
-0.01001122
0.00518395
-0.00874415
0.02173636
0.13284136
-0.00831929
-0.00489447
0.01150395
-0.01797592
0.03465048
-0.00786309
-0.05623786
0.00082134
0.01384773
-0.00306468
-0.00500648
0.00366304
-0.00182084
0.15287702
0.02225194
-0.11734369
0.05767644
0.01504795
0.00959494
-0.03448367
-0.09203119
-0.07719121
-0.06877353
0.08808910
0.12893236
0.02746306
-0.14348616
-0.05057302
-0.09304992
0.00047130
-0.08387151
0.02214824
0.01201135
0.06240688
0.03569569
-0.06671821
0.08000143
0.00881195
-0.05291753
-0.02581624
-0.08248265
-0.06787067
-0.05938470
0.09924121
-0.06428903
-0.01717804
-0.02599562
-0.04345093
0.02226908
0.05745445
0.11036623
-0.15491128
-0.04158326
-0.08730970
0.11699721
-0.05278973
-0.01118966
-0.09902693
-0.07193489
0.82336348
-0.13928036
0.02843147
-0.09000145
0.00391528
0.03808811
0.08203338
-0.01217376
0.03686624
-0.05999845
-0.01385492
-0.02310223
-0.06917346
-0.00129554
-0.01815138
-0.06706324
-0.08509521
0.06627207
-0.01309722
0.01354120
-0.00338490
-0.03851788
0.05003396
-0.02288757
-0.00912893
0.03926124
-0.01635290
0.02674345
-0.00944344
0.00410963
0.02264308
0.03317000
0.05645191
-0.00821698
-0.04333093
-0.01268568
0.05480782
0.01441012
0.03677203
0.00024727
0.01952885
-0.02433817
0.03658353
-0.02671276
-0.02131129
0.02042134
-0.01553763
-0.06217059
-0.02475845
0.03217585
-0.04677540
-0.04317299
0.03009884
0.06800394
-0.00781084
-0.00497121
0.10796137
0.05182257
-0.07141210
-0.02922811
-0.02403113
-0.01031091
0.04112709
-0.01493102
-0.02624364
-0.04960566
0.00757464
-0.02949193
0.01787468
0.03975383
0.02148050
-0.01900159
0.05309673
-0.06325435
-0.04424179
0.00646683
0.02276724
-0.02813216
-0.04236487
0.04233982
0.07640575
0.00668817
0.03570018
0.01307346
0.11133864
-0.01868667
0.00624094
0.05996588
-0.06632035
0.02013854
0.00600307
0.02892378
0.00182670
-0.01947688
-0.01383139
-0.03824809
-0.02852839
-0.00128221
-0.03747740
-0.07054587
-0.03839555
0.02117976
-0.01024072
-0.00140569
-0.00340275
-0.04469127
0.04592724
0.02569306
-0.09455762
0.06011456
-0.02182236
-0.04163943
0.00340377
0.03190320
0.01101130
-0.02753255
0.00395271
0.02551673
0.02064287
0.02653071
-0.06391878
-0.06466489
-0.00440241
0.03487336
-0.00284359
-0.01779207
0.06399450
-0.02490095
0.00213829
0.01888913
0.03530118
0.01526304
0.04832274
0.00819509
-0.01054403
0.01368058
0.04417150
0.00193349
0.01373003
-0.03274246
0.02645055
-0.00370317
-0.11396700
0.06098365
-0.01317167
-0.17396434
0.03968315
-0.02890200
0.06080797
0.00847406
0.07567596
-0.04070178
0.00231753
-0.04193000
-0.00531247
0.00605420
0.01949995
0.00066760
0.03922438
0.01538396
-0.02232218
-0.04114930
0.04971976
0.01595993
-0.00691519
-0.01857788
-0.00611035
0.03153112
0.01593455
0.01715752
0.04095150
-0.01264725
-0.02729678
-0.03545849
0.01663809
0.01508587
0.06901138
-0.01374137
-0.00985748
-0.03064272
-0.03105151
-0.02121780
-0.00885048
-0.07336795
0.01465226
-0.04465170
-0.06025571
-0.00364744
0.03811250
-0.10640382
0.05239515
0.05122224
-0.05948685
-0.03132518
-0.07643663
-0.04214987
0.13520496
-0.05229544
-0.00654344
0.00887728
0.00699663
0.02191839
-0.02472232
-0.02744919
-0.04823038
-0.11850517
-0.01838442
-0.03659703
0.00704214
0.05181475
-0.01550657
0.03384521
-0.01783575
-0.06531380
-0.07993610
0.00379933
0.00700907
0.03907461
0.01538817
-0.02025694
-0.03059611
0.01575453
-0.02968456
-0.10717187
0.04193202
-0.01275872
0.04098685
-0.00293886
0.07008164
0.03251955
-0.05127905
-0.01849612
0.14856312
-0.02497059
0.01194098
-0.01427036
-0.00775273
-0.02424171
-0.03934402
-0.05057203
-0.04946535
0.03006520
-0.02849896
0.10963318
0.02378833
-0.00325510
-0.02773255
0.01968549
-0.01500884
0.00551331
-0.00373295
-0.04384366
-0.04930874
-0.04182817
-0.00341588
0.00128062
-0.01061340
-0.00374801
-0.04683112
-0.01894316
0.04853600
-0.01698365
-0.05320454
-0.04086379
0.04116108
0.03059265
-0.02316814
0.00242847
0.01572273
-0.00451892
0.02618853
-0.01325831
0.05066937
-0.06271085
-0.05874906
-0.02286252
-0.00570556
0.03769941
-0.07938377
0.02999175
-0.02320937
0.02571866
-0.05598874
-0.01945817
-0.00330109
-0.01100997
-0.03990681
-0.00106173
-0.00176807
0.03600132
-0.01656911
0.04098278
-0.07454540
0.03692864
0.00370270
-0.04515222
-0.03764064
-0.03495407
-0.02738710
-0.00801832
-0.05129951
0.06550636
-0.00646172
0.04426219
-0.07789291
0.00826978
-0.02842893
-0.00171093
0.02251217
-0.00911014
-0.06486591
-0.00731875
-0.17054631
0.00383741
0.11022948
-0.00258378
0.03673713
-0.00025236
0.02728743
0.03372951
0.01962208
0.00381113
0.02253116
-0.02243462
0.05246619
-0.02529990
0.07448021
0.09414423
-0.01180835
-0.05164659
-0.02728916
-0.06632788
-0.10935979
0.07326590
-0.01429473
0.04771990
-0.08306315
-0.03245649
-0.08016407
-0.01762373
-0.04836863
-0.03104344
-0.02710252
-0.00987398
-0.01642421
0.06698262
0.14007668
0.04788253
-0.02109523
0.05076595
0.05296636
-0.03839113
0.04923729
0.02436342
0.07804663
0.00096848
0.04923698
-0.03357286
0.07896204
0.03701234
-0.06194571
-0.05431620
0.02534725
-0.02872189
0.03963914
0.06163671
0.05869050
0.01515861
-0.00173678
0.04652161
-0.04010992
0.01527698
0.02978777
0.01921562
0.03592001
-0.01601676
0.00734768
0.03920031
-0.02824054
-0.05023142
0.05128211
0.04952784
0.02347826
0.00347934
-0.03625918
0.05877594
-0.01969410
0.02540267
0.00038839
0.02766393
-0.00906900
0.02767782
0.10053203
0.03229089
-0.06689797
-0.00557204
-0.01543952
-0.00254205
0.02241882
-0.01735008
0.04900776
-0.00157724
-0.06182595
0.04990635
0.00140077
-0.12063427
-0.16898361
0.03803236
-0.01949873
-0.00519492
0.03804938
0.02910977
0.02078096
0.02226231
-0.01681995
-0.10088004
0.09545408
-0.02286801
-0.03633187
-0.04861875
0.05197591
0.02505018
-0.00535908
-0.03369639
-0.00007850
-0.00200760
0.02009005
0.03781047
-0.01309175
0.00242789
-0.05433979
0.01444664
-0.01807285
0.04946758
-0.02104904
0.05220433
0.02376272
0.02957993
-0.00252870
-0.03265114
-0.00540740
-0.00393213
0.01135948
0.10029390
0.02598369
0.00669441
-0.07796036
-0.02397563
-0.00341860
0.02694578
-0.05304971
-0.09352475
0.02499450
0.00198836
-0.00322088
0.04760801
0.03613492
0.05727891
0.03755891
-0.06130651
-0.03317180
-0.00425992
-0.00362102
-0.04409337
-0.00650939
0.01308502
-0.04019326
0.05305526
0.03653650
-0.03468797
0.03942599
0.10505252
0.00600857
-0.04849650
-0.00583396
-0.01873247
-0.06488154
-0.01990641
-0.04991242
0.04597500
-0.04460426
0.01219013
-0.08223034
0.04109241
-0.04186472
-0.02130138
-0.04529540
-0.00643487
-0.02146093
-0.01631772
-0.02505926
-0.03934185
0.01253226
0.00913742
0.03791735
0.00710500
-0.05557078
0.03115642
-0.01765286
-0.12747785
0.04283538
-0.07428138
0.02561518
0.00061009
-0.00053125
0.05599254
-0.00178012
-0.03600115
-0.03788631
0.04756831
-0.03377195
-0.01803373
-0.04997225
0.02215027
-0.03538451
-0.03233767
0.03144910
0.00836391
0.06255776
-0.00139287
-0.01846408
0.11430582
0.01445095
0.02730784
0.00858395
0.08238219
0.01760735
-0.04446808
-0.00543428
0.05106592
