0.01990761
0.00735211
0.04697685
-0.01861098
0.01165583
0.00444154
0.01092918
0.05731182
0.00584062
-0.01715746
-0.00944089
-0.01615374
-0.02937301
0.01816560
-0.00670664
-0.01711152
0.00849946
-0.02064201
-0.17306684
0.02383455
0.02190405
0.06965528
-0.05988157
-0.03194201
-0.00266856
0.02800961
0.04706420
-0.03215659
-0.01234491
0.01426841
-0.22934988
0.00930160
0.02454317
0.01147886
0.01927461
0.03593652
-0.01501436
-0.00049107
-0.02845488
-0.08486266
-0.00349229
-0.00229225
0.08869758
-0.01031485
0.00590030
0.01453063
0.05327688
0.00934538
0.01318260
0.00759632
0.04086134
-0.04182933
-0.08371762
-0.02748783
0.02207605
-0.03931132
0.00012957
-0.00476145
0.39891642
-0.08277817
0.01135478
-0.02299788
0.00039832
-0.04013932
0.00218901
0.03293383
-0.03913682
0.00998841
-0.05127326
0.00049747
0.00579777
0.00636454
-0.03095509
0.00654063
0.02475458
-0.00738291
0.00114673
0.05574986
0.00074851
-0.06943908
-0.01947926
-0.01296346
0.00825260
-0.07097475
0.02446413
-0.00867678
0.01467938
0.00372280
0.00434597
-0.01886248
-0.00393301
0.01005090
-0.02372247
0.01304830
-0.01059175
0.00578950
-0.02843612
0.00686526
-0.08912265
-0.01602576
0.03613660
0.04712301
-0.00763296
-0.00082719
-0.01363086
-0.00732568
-0.05892938
0.00776556
0.00326938
0.00628593
0.01492905
0.01770514
-0.03456532
0.00482846
-0.01720596
0.00525319
-0.03744324
-0.01123081
0.00811896
-0.00285414
-0.01165821
0.00152957
-0.01133464
-0.02590217
0.04032815
0.01678812
-0.00153802
0.00194881
0.01653636
0.12443268
0.00247392
0.03989489
0.00765877
0.01647304
0.08179423
-0.03835795
-0.08016000
0.02764016
-0.06902622
-0.00474097
-0.02114346
0.02029744
-0.00071859
-0.01333926
0.01794709
-0.16883247
0.01166075
-0.00882310
-0.02312280
-0.01217532
-0.04144212
0.02567556
-0.05537440
-0.05221681
0.01073804
0.01759007
-0.02992772
0.01336730
-0.00310303
0.03423687
-0.00685452
0.01690455
-0.01627751
0.00405172
0.00968312
-0.00976125
-0.01388126
-0.00169434
0.01610320
0.01660153
-0.03030211
0.00551930
-0.00603182
-0.03266693
0.02659014
-0.00378891
-0.00323076
0.00956194
-0.08278430
0.00287919
-0.01375034
-0.00300671
0.00066119
0.00405698
-0.02005766
-0.16794221
-0.09803008
0.00834647
0.00192808
0.06650546
0.08929649
0.00012757
-0.01409126
0.00726013
0.02371917
0.00071298
0.08085100
0.00170661
-0.13151871
-0.03627576
0.01357545
0.00097423
0.03132613
-0.01845402
-0.01961463
-0.00046976
-0.00856421
0.00112354
0.01210676
0.01508441
-0.02670767
-0.01802178
0.03686100
0.00460353
0.03776826
0.07654843
-0.02655103
0.03635598
-0.00125698
-0.01378598
-0.02908211
-0.65372014
0.02017753
0.03533810
0.00747232
0.00840853
-0.05208927
-0.01479994
0.01391312
0.00844139
-0.01749601
-0.05381265
0.04074872
-0.00912302
0.01458897
-0.03552514
-0.01547892
0.00529705
-0.00535145
0.00236958
0.01738620
0.01676336
0.11898398
-0.02420302
-0.00212213
0.00131349
-0.02191177
0.05530115
0.00980236
-0.05328683
0.00049723
0.00656990
-0.00214297
-0.00511973
0.00986928
-0.00209594
0.22618368
-0.02300892
-0.11827380
0.06248713
0.03045939
-0.05142524
-0.04888391
-0.06794218
-0.09089834
-0.08801479
0.14117856
0.12541497
0.02754743
-0.10502866
-0.05384765
-0.05698747
0.00847010
-0.02186695
-0.01254726
0.02209041
0.02199319
0.05092100
-0.13112590
-0.00283280
-0.00215792
-0.07773297
-0.05164767
-0.11397523
-0.06237391
-0.10345276
0.14330843
-0.02947255
-0.04621115
0.01050641
-0.05556987
0.07256564
0.03843251
0.12793510
-0.13069132
-0.02946200
-0.01864045
0.08936659
-0.09384374
-0.01942535
-0.06436342
-0.04190480
0.79418778
-0.14604263
0.05370788
-0.05757246
0.01870847
0.01832263
0.06933354
-0.02325114
0.00014799
-0.06593815
-0.02213478
0.01036519
-0.11622981
-0.05258297
-0.04712310
-0.02521996
-0.06767339
0.09108071
-0.00026737
0.00599942
-0.02805788
-0.04004934
0.02495397
-0.02262861
-0.00333910
0.01829693
0.02998988
0.03641209
-0.04447779
0.00563292
0.01960849
0.02369744
0.04640188
0.02332203
-0.05476209
-0.03125715
0.04975040
0.00054193
0.01648705
0.00411426
0.03564459
-0.02658425
0.01303979
-0.04457738
0.01629867
0.00988054
0.00342103
-0.02490421
-0.04118238
0.04592149
-0.00662629
-0.04391770
-0.00789162
0.04842009
-0.00616804
-0.00802608
0.13096021
0.04449227
-0.02656855
-0.01503859
-0.04373603
0.00663615
0.05164711
-0.01693889
-0.03976941
-0.01061092
-0.02163921
-0.01853100
0.01321641
0.02975549
0.04007214
-0.03641607
0.04645430
-0.06979187
-0.04578807
-0.00621234
0.02932516
-0.01129561
-0.05374137
0.04352633
0.09493741
0.02189927
0.04820403
-0.01357539
0.07326441
-0.01068392
0.01174552
0.05553209
-0.02234497
0.02618670
0.01349043
0.01767956
-0.02353887
-0.05008980
-0.05071381
-0.06558895
0.02506374
0.03305277
-0.03163456
-0.07909498
-0.06287075
-0.02286550
-0.01562156
-0.00778024
-0.01201922
-0.05930010
0.03999867
0.01081857
-0.11649098
0.04999502
-0.04433025
-0.05974105
0.00446853
-0.01273793
-0.00509544
-0.03928606
-0.00134472
0.00027491
0.01256422
-0.01260488
-0.06015183
-0.03910947
-0.00449189
0.01871599
-0.01509431
-0.05668185
0.07632919
-0.00617269
0.00273498
-0.03040265
0.02770449
-0.00437000
0.04420217
0.01660994
-0.01714362
0.03087789
0.01814688
-0.00888461
0.00258566
-0.03449014
0.01715443
-0.00426490
-0.09755719
0.05305974
-0.01125634
-0.10735442
0.01257887
-0.03877402
0.00993050
-0.01267331
0.07016557
-0.03498577
0.02122980
-0.04826794
0.01018279
-0.00380041
0.04394545
-0.02571212
0.01014719
0.00411006
-0.02323779
-0.03041515
0.04293900
0.00062875
0.01427815
0.01254548
-0.02874211
0.03132097
0.00779452
0.00201219
0.04306533
0.01450768
-0.03040035
-0.01668403
-0.00330809
0.00865966
0.06312310
0.00314384
-0.01627431
-0.06556676
-0.01807481
-0.01844499
-0.04996411
-0.07678989
0.00130412
-0.08461499
-0.05365406
0.00720228
0.02355317
-0.12363373
0.03819828
0.06081836
-0.04563530
-0.04810380
-0.10439733
-0.02759266
0.12100520
-0.03466577
-0.01779022
0.04423379
0.00318494
0.04073301
-0.03407309
-0.00284853
-0.05811827
-0.12265472
-0.01462959
-0.01579679
-0.00715821
0.04177634
0.01037988
0.02254588
-0.01449470
-0.06192668
-0.08413650
0.03617582
0.01427587
0.03259945
0.00241692
-0.03880960
0.02011206
0.00913728
-0.00931424
-0.12332836
0.04227249
-0.02806650
0.00552568
0.01441217
0.07033202
0.04345387
-0.04211169
-0.02743081
0.15111454
-0.01189283
-0.01495780
-0.04725105
-0.00374102
-0.01809584
-0.05989382
-0.07567057
-0.07024097
0.05294589
-0.04464290
0.08618817
0.01300112
-0.02210377
-0.01059420
0.02701200
-0.01091474
0.05124122
0.00872481
-0.02293332
-0.01797505
-0.08983863
0.00061968
0.01999806
-0.01638864
-0.03093378
-0.03055505
0.00403293
0.02125426
-0.05233568
-0.03230809
-0.04490169
0.02311581
0.04308457
-0.00606772
-0.02205041
0.02280381
0.00794164
0.02730480
-0.03056648
0.04665866
-0.06388241
-0.02599521
-0.00339194
-0.01545343
0.01899805
-0.06916279
0.02417548
-0.05007903
-0.00695435
-0.01464156
0.03026825
0.00630946
-0.01496964
-0.03584274
-0.02792586
0.01217360
0.00849288
-0.02642804
0.02705974
-0.03737699
0.03562331
-0.01045509
-0.05153748
-0.01159930
-0.04039754
-0.06695159
-0.04977722
-0.02625712
0.05708688
-0.03153047
0.05640423
-0.06842259
0.00027264
-0.03138968
-0.03101754
0.01902186
0.01202566
-0.02747736
0.00052942
-0.07604761
0.00212632
0.13978776
-0.00854173
0.06980115
-0.02296683
0.02508691
0.03697405
0.00286301
-0.02265585
0.01923660
-0.04375939
0.00894635
0.01709403
0.08436960
0.08713571
-0.01031564
-0.02903523
-0.01596580
-0.03061679
-0.11071135
0.06963140
-0.03683145
0.04182207
-0.09718405
-0.03555191
-0.11612879
-0.03095983
-0.01911298
-0.02877985
-0.03655662
-0.00663277
-0.01772518
0.05745941
0.16134743
0.03794343
-0.02846800
0.02824831
0.07993660
-0.08845349
0.02489710
0.02006690
0.05699740
-0.00411149
0.07022250
-0.04006814
0.06719383
0.01160447
-0.04803658
-0.06378519
0.02782658
-0.04388891
0.03399192
0.07750574
0.03494439
0.01557116
0.00477619
0.02210626
-0.01727668
0.00396430
0.04245530
0.03591093
0.06527367
-0.00879600
-0.00158917
0.05527785
-0.03743937
-0.04933278
0.04718858
0.05554438
0.00484000
-0.01061951
-0.01845672
0.07945036
0.01815657
0.02768629
0.00053996
0.03449070
0.02584987
0.01559400
0.10220896
0.04381816
-0.04424507
0.00076380
-0.00971859
0.00389087
-0.01244520
-0.01211401
0.07090543
0.01856359
-0.04401525
0.03988815
-0.00873442
-0.07365465
-0.18781896
0.04370988
-0.02936595
0.02181622
0.02106415
0.02085226
0.01671783
0.05882293
-0.05403192
-0.11551189
0.07319544
0.00697373
-0.02219006
-0.07486398
0.06169590
0.01890350
-0.03980784
-0.03939945
-0.00229047
-0.03800549
0.00079844
0.02434367
-0.00382855
-0.00383186
-0.03937529
-0.00016435
-0.01306023
0.03252604
-0.02910569
0.02660683
0.02672914
0.00420248
-0.01747048
0.01612523
-0.00617345
-0.01031914
0.01003915
0.10425267
0.02336994
0.02254703
-0.06727622
-0.03581572
-0.00944134
-0.01919233
-0.05870817
-0.11061374
0.01559432
-0.02263673
0.01530258
0.05790562
-0.00721299
0.07602728
0.03239910
-0.08357175
-0.01989684
-0.00491960
-0.02080512
-0.05593260
-0.00772629
0.02906710
-0.03590772
0.06888750
-0.01980227
0.00446462
0.04248758
0.09342545
0.00699342
-0.03633207
0.00541659
-0.01469818
-0.04787897
0.01535735
-0.03643461
0.09754470
-0.04356132
0.03347220
-0.08785676
0.02776179
-0.02040537
-0.01756758
-0.01542852
-0.03355313
-0.03633524
0.00331902
-0.01896140
-0.01912705
-0.00251025
-0.02631369
0.00924507
-0.00198681
-0.04355671
0.04080566
0.00048261
-0.13307279
0.03673371
-0.10527181
0.00852108
0.02622343
-0.01210728
0.05089030
0.00014143
-0.03403150
-0.02656547
0.05312349
-0.02189204
-0.04311148
-0.02193085
0.01323451
-0.00732060
-0.03152050
0.01799004
0.01022621
0.03519801
-0.00875094
-0.01155860
0.07464718
0.02333093
0.03034530
0.02986101
0.07338791
0.02410360
-0.05219074
0.00845524
0.03360619
