4.303032532334327698e-03
1.511538308113813400e-02
-9.042048826813697815e-03
-6.718019023537635803e-03
1.198885776102542877e-02
2.792939916253089905e-02
1.554917078465223312e-02
3.731286153197288513e-02
1.849769987165927887e-02
-1.478166971355676651e-02
-3.009945712983608246e-02
-1.664240658283233643e-02
9.038487332873046398e-04
3.021169221028685570e-03
9.480431675910949707e-03
-6.988540757447481155e-03
-7.818771526217460632e-03
1.505787950009107590e-02
-1.327281147241592407e-01
2.777365781366825104e-02
7.386558223515748978e-03
-7.248897454701364040e-04
2.044608443975448608e-02
-2.245435491204261780e-02
1.304531749337911606e-02
2.258210629224777222e-02
1.086415164172649384e-02
-2.951809018850326538e-02
1.041510701179504395e-02
2.721384540200233459e-02
-1.664152592420578003e-01
-3.042169380933046341e-03
6.684687919914722443e-03
5.823550745844841003e-03
2.451630122959613800e-02
7.041026372462511063e-03
7.011113688349723816e-03
-1.912127016112208366e-03
-4.978755488991737366e-03
-3.962033241987228394e-02
5.607789498753845692e-04
-1.647169329226016998e-02
2.900384739041328430e-02
5.577569827437400818e-03
1.458039972931146622e-02
3.090699762105941772e-02
3.305797278881072998e-02
-7.363467477262020111e-03
2.161863818764686584e-02
-5.401983391493558884e-03
4.672190919518470764e-02
2.436790801584720612e-02
-9.673727303743362427e-02
-1.405753381550312042e-02
1.816372387111186981e-02
-9.130924008786678314e-03
4.622505046427249908e-03
-9.396119974553585052e-03
4.328081607818603516e-01
-1.178020611405372620e-02
2.433261647820472717e-02
-1.067427918314933777e-02
-8.931910619139671326e-03
-9.037273004651069641e-03
2.361326105892658234e-02
-9.447756223380565643e-03
-4.183227941393852234e-02
1.874788897112011909e-03
-2.813424356281757355e-02
-1.435928139835596085e-02
-5.117055028676986694e-03
1.327694393694400787e-02
-2.634155191481113434e-02
1.796657219529151917e-02
-3.795859962701797485e-02
-3.015721403062343597e-02
1.353657618165016174e-02
1.208815909922122955e-02
2.221310976892709732e-03
-9.591078758239746094e-02
-1.480481680482625961e-02
1.176624000072479248e-02
3.357371315360069275e-02
-5.154956132173538208e-02
-3.283430635929107666e-02
-2.735534124076366425e-02
4.984823317499831319e-05
-2.727055177092552185e-02
1.025130040943622589e-02
3.001122269779443741e-03
-6.942901760339736938e-03
-4.355243593454360962e-02
7.419912517070770264e-02
-1.738545857369899750e-02
2.440785174258053303e-04
-1.305397599935531616e-03
-3.409495949745178223e-02
-2.474996726959943771e-04
-3.443283960223197937e-02
-3.994787111878395081e-03
1.198557298630475998e-02
8.476817980408668518e-03
4.385289736092090607e-03
-5.987504031509160995e-03
1.117718219757080078e-02
-3.409351222217082977e-03
-2.257017791271209717e-02
1.600460521876811981e-02
-2.199874492362141609e-03
9.601036086678504944e-03
-2.444735728204250336e-03
-6.834056694060564041e-03
3.423178102821111679e-03
-6.173152476549148560e-03
-5.722714588046073914e-03
1.052397210150957108e-02
1.186653506010770798e-02
-1.547360676340758801e-03
-8.702279999852180481e-03
1.057811826467514038e-02
7.795498240739107132e-03
5.258798133581876755e-03
-2.649532072246074677e-02
-3.201559884473681450e-03
-1.262559834867715836e-02
-1.248228922486305237e-02
-2.766966121271252632e-03
-5.322834476828575134e-03
3.798008710145950317e-02
3.831969946622848511e-02
-1.143596228212118149e-02
2.334543317556381226e-02
2.406416833400726318e-02
-1.256581302732229233e-02
4.183688387274742126e-02
-5.777458846569061279e-02
-4.547032341361045837e-02
-6.303127855062484741e-03
-9.312760829925537109e-02
-5.688874516636133194e-03
6.114179641008377075e-02
2.734725922346115112e-02
1.918937824666500092e-02
-1.401669718325138092e-02
2.628537453711032867e-02
-1.533041000366210938e-01
9.668231941759586334e-03
1.426264271140098572e-02
-8.848393335938453674e-03
1.882990938611328602e-03
1.334143336862325668e-03
1.823105290532112122e-02
-3.901387332007288933e-03
-5.088466033339500427e-02
1.770076714456081390e-02
-2.229418605566024780e-02
-1.149136666208505630e-02
5.831807386130094528e-03
1.592876762151718140e-02
3.105611912906169891e-02
-9.277306497097015381e-03
9.016463905572891235e-02
-6.373301148414611816e-04
-1.553248800337314606e-02
2.026975527405738831e-02
-4.430370777845382690e-02
3.109124861657619476e-02
1.021287776529788971e-02
6.815480533987283707e-03
2.544543892145156860e-02
-3.037028014659881592e-02
9.614894166588783264e-03
-1.887339726090431213e-02
3.089499892666935921e-03
3.649277612566947937e-02
2.285059727728366852e-02
5.353264044970273972e-03
1.031675375998020172e-02
-1.600961200892925262e-02
-8.197249844670295715e-03
1.427872013300657272e-02
-3.392097307369112968e-03
1.131828408688306808e-02
-2.120177028700709343e-03
1.389959920197725296e-02
-1.823090314865112305e-01
2.479709312319755554e-02
2.932811528444290161e-02
5.073617678135633469e-03
3.839429467916488647e-02
1.315863709896802902e-02
-2.354028448462486267e-02
-1.591041311621665955e-02
-6.056911777704954147e-03
3.907437622547149658e-02
-2.689053304493427277e-02
-1.517161820083856583e-02
-1.191143412142992020e-02
-8.910466730594635010e-02
-1.195661071687936783e-02
5.607291311025619507e-02
-8.227771148085594177e-03
2.641236037015914917e-02
7.182042580097913742e-03
-1.948440633714199066e-02
-2.992989309132099152e-02
-4.141799639910459518e-03
1.568739674985408783e-02
1.039512082934379578e-02
7.458667457103729248e-02
-2.113839425146579742e-02
-3.745386376976966858e-03
2.124575525522232056e-02
-3.426941344514489174e-03
3.463738597929477692e-03
3.572665527462959290e-02
-3.163157403469085693e-02
3.450392559170722961e-02
1.421698462218046188e-02
-2.964067971333861351e-03
-1.154341362416744232e-02
-7.394016385078430176e-01
-5.619721952825784683e-03
3.181410580873489380e-02
1.428165379911661148e-02
1.532011316157877445e-03
-3.427644819021224976e-02
3.632879815995693207e-03
1.546914316713809967e-02
-9.200730361044406891e-03
6.401945371180772781e-03
3.749283961951732635e-03
1.176954829134047031e-03
-1.924894284456968307e-03
-3.927128016948699951e-02
-1.691777259111404419e-02
-1.558596175163984299e-02
1.708460785448551178e-02
-1.054225582629442215e-02
-3.436772851273417473e-03
4.103058483451604843e-03
1.210113894194364548e-02
7.983767986297607422e-02
-6.475535035133361816e-02
-5.980135872960090637e-03
1.124813407659530640e-02
2.774320077151060104e-03
2.981296507641673088e-03
2.793354727327823639e-02
1.981544680893421173e-02
3.746867878362536430e-03
1.140996254980564117e-02
3.276374191045761108e-02
2.761420561000704765e-03
1.115897856652736664e-02
1.492535416036844254e-02
-1.858891695737838745e-01
-9.599816054105758667e-02
-4.653435200452804565e-02
-5.922618508338928223e-02
7.273641973733901978e-02
9.435718506574630737e-02
-1.024558953940868378e-02
-2.922463975846767426e-02
5.447062477469444275e-02
5.606041476130485535e-02
-3.424603492021560669e-02
1.768667250871658325e-02
1.197279021143913269e-01
-4.306913539767265320e-02
9.156671911478042603e-02
-4.013920202851295471e-02
7.208291441202163696e-02
-2.469897642731666565e-02
6.492163240909576416e-02
-5.781690403819084167e-02
-3.264676779508590698e-02
-1.107681691646575928e-01
1.292678713798522949e-02
4.468779265880584717e-02
3.687086980789899826e-03
1.234106123447418213e-01
3.786675259470939636e-02
-2.914532786235213280e-03
-4.213912785053253174e-02
3.418601676821708679e-02
9.661199897527694702e-02
-7.412590086460113525e-02
-4.285129159688949585e-02
1.384215801954269409e-02
2.017003148794174194e-01
-1.072619631886482239e-01
2.292463369667530060e-02
1.913318410515785217e-02
3.118809871375560760e-02
-3.524817898869514465e-02
-4.700257629156112671e-02
-1.162502076476812363e-02
-8.547841012477874756e-02
1.141990348696708679e-01
5.276886001229286194e-02
-8.946696668863296509e-02
7.967922687530517578e-01
6.835155072622001171e-04
-6.129777804017066956e-02
-4.008920863270759583e-03
-6.287023425102233887e-02
9.672746807336807251e-02
3.656807169318199158e-02
3.028747625648975372e-02
1.253693401813507080e-01
1.174665391445159912e-01
1.332643479108810425e-01
5.381570383906364441e-02
4.651986435055732727e-02
-1.943170465528964996e-02
1.692513078451156616e-01
5.250158905982971191e-02
5.431818589568138123e-02
7.883691042661666870e-02
-1.375818438827991486e-02
4.457800649106502533e-03
1.507430616766214371e-02
-2.160461619496345520e-02
4.114962369203567505e-02
2.697526104748249054e-02
-1.037554349750280380e-02
1.847215183079242706e-02
1.134339906275272369e-02
3.643784672021865845e-02
-3.862665593624114990e-02
-7.378106936812400818e-03
1.286963373422622681e-02
2.103862725198268890e-02
1.847400888800621033e-02
2.342741750180721283e-02
-1.033942494541406631e-02
7.393060252070426941e-03
9.264884516596794128e-03
-2.189366333186626434e-02
4.918886348605155945e-03
-2.254500053822994232e-02
-2.857352606952190399e-02
1.728468947112560272e-02
4.769896157085895538e-03
-3.984653577208518982e-02
2.768616564571857452e-02
-1.525195315480232239e-02
-2.782380953431129456e-02
-6.361056119203567505e-03
2.130223810672760010e-02
2.459929324686527252e-02
-3.475514426827430725e-02
-3.822186961770057678e-02
-2.614981867372989655e-02
2.761976234614849091e-02
-1.638438180088996887e-02
3.930686414241790771e-02
1.053438484668731689e-01
2.544431760907173157e-02
-2.992301015183329582e-03
-9.831444360315799713e-03
-3.781946003437042236e-02
1.307339500635862350e-02
-7.544672116637229919e-03
1.030714903026819229e-02
2.568546624388545752e-04
-2.740793675184249878e-02
-1.130591053515672684e-02
7.035407703369855881e-03
-1.371970679610967636e-02
4.442609846591949463e-02
5.125512927770614624e-02
-3.038709517568349838e-03
1.361196022480726242e-02
-3.418406099081039429e-02
2.924398332834243774e-02
-2.803688868880271912e-03
5.313957482576370239e-02
-1.035017985850572586e-02
-2.681232802569866180e-02
2.222028933465480804e-02
9.109786152839660645e-02
2.797781198751181364e-04
5.433882027864456177e-02
-3.780742734670639038e-02
1.734041236340999603e-02
-1.000729296356439590e-02
-3.261401131749153137e-02
3.851370140910148621e-02
-2.587094495538622141e-04
3.163900598883628845e-02
2.902702614665031433e-02
8.647339418530464172e-03
-3.255806863307952881e-02
-2.830345183610916138e-02
-5.585195124149322510e-02
-2.615557797253131866e-02
-1.159545779228210449e-02
7.265081256628036499e-02
-3.916349261999130249e-02
-2.901625074446201324e-02
-7.897748798131942749e-02
-2.593085728585720062e-02
2.442557178437709808e-02
-3.884668648242950439e-02
1.941455714404582977e-02
-1.981895603239536285e-02
6.326355785131454468e-02
2.282059751451015472e-02
-1.177082806825637817e-01
3.248446434736251831e-02
-6.967058870941400528e-04
-4.701632261276245117e-02
-1.060440670698881149e-02
4.123108461499214172e-02
1.879707165062427521e-02
-3.088652156293392181e-02
3.731811791658401489e-02
-4.790719598531723022e-03
-2.063618227839469910e-02
-8.927852031774818897e-04
-2.658573910593986511e-02
-5.101886112242937088e-03
6.880737841129302979e-03
5.620300304144620895e-03
3.627929091453552246e-02
3.265201114118099213e-03
8.704187721014022827e-02
2.645347267389297485e-02
-5.673034489154815674e-02
-3.544462379068136215e-03
1.642639003694057465e-02
3.133597224950790405e-02
3.194969519972801208e-02
2.155729942023754120e-02
2.156092599034309387e-02
7.798868417739868164e-02
6.395372562110424042e-03
-4.140532016754150391e-02
-2.326590381562709808e-02
-8.838974870741367340e-03
3.241528524085879326e-03
-1.107425428926944733e-02
-6.380284577608108521e-02
-1.857174909673631191e-03
-1.314951758831739426e-02
-1.892966181039810181e-01
-2.065519057214260101e-02
-3.463685140013694763e-02
3.681630268692970276e-02
1.825245656073093414e-02
-4.961367230862379074e-03
-8.319991640746593475e-03
4.824735596776008606e-02
2.624068874865770340e-03
1.698213070631027222e-02
-2.040586434304714203e-02
1.591845415532588959e-02
-2.106553438352420926e-04
2.285333536565303802e-02
3.355798497796058655e-02
8.677125908434391022e-03
1.070422586053609848e-02
4.596884921193122864e-02
2.574391290545463562e-02
7.821776904165744781e-03
1.287585403770208359e-02
-4.841320961713790894e-02
-1.559639628976583481e-02
-3.667947277426719666e-02
-3.572779707610607147e-03
3.250928595662117004e-02
5.670732818543910980e-03
-8.672548830509185791e-02
-3.389730677008628845e-02
-9.492356330156326294e-03
2.285883575677871704e-02
2.569884061813354492e-02
-2.053080126643180847e-02
-4.723915085196495056e-02
-6.357868760824203491e-02
-1.983884349465370178e-02
-1.510077342391014099e-02
-2.527229115366935730e-02
-2.706161141395568848e-02
-5.470795091241598129e-03
-3.022924251854419708e-02
-7.271471899002790451e-03
-6.030342075973749161e-03
2.423188090324401855e-02
-1.052150204777717590e-01
-1.113368384540081024e-02
4.198130220174789429e-02
-2.398965135216712952e-02
-4.040727019309997559e-02
-7.946407049894332886e-02
-7.481996435672044754e-04
8.010146021842956543e-02
-1.962402462959289551e-02
-8.864282816648483276e-02
4.270130023360252380e-02
-2.185298688709735870e-02
5.762140825390815735e-02
-2.603066526353359222e-02
-3.809831105172634125e-03
-3.138369694352149963e-02
-4.947901144623756409e-02
2.025876753032207489e-02
-5.624757707118988037e-02
7.963030948303639889e-04
-1.668596640229225159e-02
5.179013591259717941e-03
9.146976470947265625e-02
-4.281412810087203979e-03
-4.306244477629661560e-02
-5.259153246879577637e-02
5.625258013606071472e-02
1.116985827684402466e-02
2.451559901237487793e-02
-2.813347801566123962e-02
-2.193554770201444626e-03
6.255155056715011597e-02
1.490763947367668152e-02
4.826118797063827515e-02
-1.603993922472000122e-01
6.089107692241668701e-02
-8.101606369018554688e-02
2.693508751690387726e-02
7.537892088294029236e-03
3.949488326907157898e-02
-3.918820060789585114e-03
1.537992339581251144e-02
-4.731542989611625671e-02
1.320826113224029541e-01
-2.766028605401515961e-02
-3.250863403081893921e-02
-1.613445207476615906e-02
1.599322818219661713e-02
-7.323965430259704590e-03
-2.091235667467117310e-02
-8.116147480905056000e-03
-3.152638301253318787e-02
4.731845483183860779e-02
4.095576331019401550e-02
4.976381361484527588e-02
8.765608072280883789e-03
-5.328672751784324646e-02
2.123950608074665070e-02
-1.049606688320636749e-02
6.411781534552574158e-03
1.356144715100526810e-02
3.571812435984611511e-02
-4.276555031538009644e-02
-4.984557628631591797e-03
-6.292816251516342163e-02
1.237820554524660110e-02
-1.853358815424144268e-03
-3.430065698921680450e-03
-3.889076784253120422e-02
-6.804753839969635010e-02
-4.827308934181928635e-03
-2.038880437612533569e-02
-9.280089288949966431e-03
-2.213362045586109161e-02
3.982938453555107117e-02
2.989297173917293549e-02
6.135177239775657654e-02
1.769721321761608124e-02
-4.300684481859207153e-02
1.562621258199214935e-02
-3.176986798644065857e-02
1.052644848823547363e-02
-3.058016486465930939e-02
7.961551845073699951e-02
-7.448518276214599609e-02
5.759516265243291855e-03
-3.967006225138902664e-03
1.220963988453149796e-02
2.325892820954322815e-02
-7.854960113763809204e-02
2.149177715182304382e-02
-2.536371722817420959e-02
-3.353686258196830750e-02
3.671299666166305542e-03
1.330458465963602066e-02
8.763045072555541992e-03
-3.822518279775977135e-03
-1.271120365709066391e-02
-1.592497527599334717e-02
1.875327713787555695e-02
1.907251216471195221e-02
1.249464228749275208e-02
1.249826326966285706e-02
-3.119183471426367760e-03
7.004083693027496338e-02
1.444162894040346146e-02
-3.158881515264511108e-02
-3.054650034755468369e-03
-1.427522394806146622e-02
-3.167979046702384949e-02
-7.191807776689529419e-02
1.305418834090232849e-02
3.467680141329765320e-02
1.574408262968063354e-03
2.044397033751010895e-02
-5.798868089914321899e-02
3.992924001067876816e-03
-2.231890708208084106e-02
1.186705660074949265e-02
-2.352193230763077736e-03
2.721145562827587128e-02
-8.913662284612655640e-03
-9.089412633329629898e-04
-2.723267674446105957e-01
1.859441213309764862e-02
6.534674018621444702e-02
-3.133101016283035278e-02
2.374318614602088928e-02
5.167908221483230591e-02
1.598143018782138824e-02
1.930359564721584320e-02
4.357362538576126099e-02
-4.976805299520492554e-02
-3.637117147445678711e-02
1.499773096293210983e-02
2.696977928280830383e-02
2.457125671207904816e-02
8.196125924587249756e-02
3.193206340074539185e-02
-5.633569881319999695e-02
1.981648243963718414e-02
9.313208982348442078e-03
-2.032827027142047882e-02
-8.696516603231430054e-02
5.804757401347160339e-02
3.568197041749954224e-02
5.874693021178245544e-02
-9.340514242649078369e-02
-1.265703141689300537e-02
-1.360774040222167969e-01
8.924377616494894028e-04
-2.958284877240657806e-02
-3.903152421116828918e-02
-3.453030437231063843e-02
1.241689734160900116e-02
-4.290939867496490479e-02
2.088795229792594910e-02
1.892003864049911499e-01
-3.029137616977095604e-03
-1.945489458739757538e-02
-5.349999759346246719e-03
7.054650038480758667e-02
-4.122157394886016846e-02
2.888988470658659935e-03
3.524995222687721252e-02
6.088860332965850830e-02
2.783480286598205566e-02
8.160264790058135986e-02
2.439874410629272461e-02
6.393340975046157837e-02
-2.174553461372852325e-02
-6.504968740046024323e-03
-5.215431749820709229e-02
3.381910501047968864e-04
-4.343933239579200745e-02
1.247229520231485367e-02
-4.003135836683213711e-04
2.044869028031826019e-02
5.018732696771621704e-02
-1.916262693703174591e-02
1.580167934298515320e-02
-7.751681841909885406e-03
2.227205969393253326e-02
6.291241943836212158e-02
1.536768954247236252e-02
3.537218645215034485e-02
-3.657855093479156494e-02
1.450747996568679810e-02
6.406410038471221924e-02
4.468215163797140121e-03
-1.396575476974248886e-02
2.125482633709907532e-02
7.370345294475555420e-02
-2.875825390219688416e-02
-3.048410825431346893e-02
-4.117344319820404053e-02
4.925262555480003357e-02
3.122168779373168945e-02
1.487217284739017487e-02
-1.272081956267356873e-02
6.755738705396652222e-02
4.657337814569473267e-02
8.845861069858074188e-03
3.520119562745094299e-02
1.050685159862041473e-02
-4.732175264507532120e-03
3.065380826592445374e-02
1.521592866629362106e-02
3.015528246760368347e-02
-9.897361509501934052e-03
1.355585455894470215e-02
5.551477521657943726e-02
-7.376222405582666397e-03
-5.164898931980133057e-03
3.814271837472915649e-02
-1.906172558665275574e-02
-2.033413648605346680e-01
-1.468781530857086182e-01
2.334302291274070740e-02
-1.188311260193586349e-02
4.886582959443330765e-03
9.684912860393524170e-03
3.749028965830802917e-02
5.688148736953735352e-02
5.228808522224426270e-02
-4.084715619683265686e-02
-1.199112832546234131e-02
9.957928210496902466e-02
4.151512868702411652e-03
4.157467279583215714e-03
-9.719558060169219971e-03
3.898298740386962891e-02
3.087618574500083923e-02
-5.821346770972013474e-03
-5.483536422252655029e-02
-5.763699486851692200e-02
9.272235329262912273e-04
-6.050963886082172394e-03
3.345064586028456688e-03
2.379222540184855461e-03
-8.985493914224207401e-04
4.337722063064575195e-02
1.599216647446155548e-02
-2.788440696895122528e-02
-1.601181179285049438e-02
-2.383905462920665741e-02
1.337791886180639267e-02
1.673463135957717896e-01
-1.341944839805364609e-02
2.709896361920982599e-04
-1.193297339341370389e-05
-4.144896566867828369e-02
2.965375036001205444e-02
-5.226389318704605103e-02
5.484129488468170166e-02
4.983980208635330200e-02
1.595546491444110870e-02
-4.995014891028404236e-02
-2.390048652887344360e-02
-1.413783431053161621e-02
2.335401996970176697e-02
-1.828986220061779022e-02
-7.998313754796981812e-02
-7.152691949158906937e-03
-2.769853733479976654e-02
-4.505648277699947357e-03
1.513286214321851730e-02
-2.809103205800056458e-02
5.516820773482322693e-02
1.307745091617107391e-02
-8.260891586542129517e-02
8.315386367030441761e-05
-1.040149759501218796e-02
-4.487866163253784180e-02
-6.857091188430786133e-02
-1.603001728653907776e-02
3.538368642330169678e-02
-6.484406068921089172e-03
1.485099345445632935e-01
-1.827887608669698238e-03
-1.375108608044683933e-03
-3.445383161306381226e-02
1.105444729328155518e-01
4.378270357847213745e-02
-5.020289868116378784e-02
2.914536453317850828e-04
-2.479916252195835114e-02
-1.903341896831989288e-02
2.893685176968574524e-02
-1.719778403639793396e-02
8.966023474931716919e-02
-1.640385091304779053e-01
2.834855765104293823e-02
-1.107449904084205627e-01
4.682416096329689026e-02
-1.897225156426429749e-02
8.780542993918061256e-04
2.168617211282253265e-02
-3.910258039832115173e-02
2.858036896213889122e-04
-2.854877337813377380e-02
-2.535376697778701782e-02
-9.607410058379173279e-03
6.623706780374050140e-03
1.867287675850093365e-03
5.015170201659202576e-02
-1.724365539848804474e-02
-2.755938842892646790e-02
1.025187876075506210e-02
4.403727652970701456e-04
-5.054650455713272095e-02
-1.810327917337417603e-02
-5.154542997479438782e-02
4.296539723873138428e-02
1.247527357190847397e-02
-6.118926033377647400e-02
1.221666298806667328e-02
-1.897653215564787388e-03
-1.653621532022953033e-02
-1.963087171316146851e-02
3.640807466581463814e-03
2.217714302241802216e-02
-6.373440474271774292e-02
-2.887790463864803314e-02
-4.074457287788391113e-02
8.524023927748203278e-03
-2.482217550277709961e-02
3.066682815551757812e-02
5.585772451013326645e-03
6.471553817391395569e-03
-1.886940747499465942e-02
-1.725036092102527618e-02
1.196637898683547974e-01
-1.296222116798162460e-02
3.237282112240791321e-02
3.594006225466728210e-02
1.643609069287776947e-02
4.965145513415336609e-02
-4.387978836894035339e-02
-1.436911057680845261e-02
1.771043799817562103e-02
