0.00595414
-0.01010288
-0.02067514
0.01400722
-0.00991951
0.05085137
0.01370831
0.01993516
-0.00964205
0.00443882
-0.02262815
-0.01520217
0.00024505
0.01442026
-0.01394568
-0.01042384
-0.01110336
0.03776640
-0.10171369
0.00588374
0.00348768
0.00279134
0.04969423
-0.01720697
0.00051528
0.00597783
-0.00626082
-0.02852049
-0.01159726
0.00168235
-0.11839078
-0.00194223
0.02409158
-0.02609538
0.00747465
0.01068274
0.02498677
0.01301632
-0.00506916
-0.01623919
-0.02265368
-0.01088574
0.04848672
-0.00861802
0.01249295
-0.01331880
0.00182342
-0.02873476
0.00274963
0.01280136
0.03682422
0.06610630
-0.06464667
-0.01840590
0.02078509
-0.02206944
-0.00327428
-0.00280910
0.44339550
0.01836529
0.02489740
-0.02333707
-0.00872582
-0.00533603
0.01428629
0.00598289
-0.01729817
0.00152039
-0.05760363
-0.02149929
-0.00148303
0.00322261
-0.03355436
0.00816690
-0.04138796
-0.00161339
0.01732441
-0.00969986
-0.00029919
-0.16469236
-0.01911972
-0.00854016
0.00733187
-0.04736372
-0.02542972
-0.01569166
-0.01688632
-0.01855191
0.01792212
-0.01982844
-0.02274275
-0.05810144
0.08089449
-0.00249058
-0.02918253
-0.00096026
-0.01632673
-0.00370025
-0.02291863
0.00449105
0.00103132
0.01858360
-0.02687313
-0.00404131
-0.00616083
-0.01095118
-0.02244289
0.01035338
0.01476425
-0.00070144
-0.01647807
0.00139146
0.01232937
-0.00805070
0.01712297
-0.00674805
0.03800183
-0.01033832
-0.02726611
0.00712961
0.01583406
-0.00008548
-0.00396121
-0.00170835
0.00698259
0.00954801
-0.01886736
-0.00603639
0.02622004
0.04789528
0.01440380
0.01540901
0.01138928
0.00450351
0.01136369
-0.03061840
-0.02115230
-0.02158852
-0.07288196
0.00705466
0.07892945
0.02269336
-0.00548566
-0.01270438
0.00496549
-0.17632830
-0.00112826
-0.00869547
-0.00863454
-0.00323392
0.03598008
0.00921698
0.01003112
-0.01897237
0.00838978
-0.02451769
-0.00393030
0.00122841
0.03575559
0.02700952
-0.01239026
0.12589823
-0.03025325
0.00098710
0.00618269
-0.03156711
0.04727820
-0.03284757
0.00749652
0.02595674
-0.00147677
-0.02382313
0.00083718
0.02050084
0.03277278
0.02081994
0.00477927
0.00489396
-0.01164962
0.00029602
0.03539011
0.00068993
0.00678988
-0.00370726
0.03512673
-0.22928673
0.14614201
0.01603617
-0.00559793
0.04163906
-0.01922560
-0.00899114
-0.02651545
0.00255003
-0.00757697
-0.02996409
0.01333140
0.01984776
-0.03803975
-0.01129159
0.00795749
-0.00088592
0.06249859
-0.01113014
-0.01025217
-0.02594247
-0.00044609
0.02967180
0.00790221
0.08442936
-0.01818749
-0.01435085
0.02018816
0.00908622
-0.00497053
-0.00543869
-0.01263019
0.04744677
-0.02503962
0.00771717
-0.01206149
-0.69899279
0.00951914
0.02188614
0.01329041
-0.00743347
-0.00681994
-0.00630479
0.03735377
0.01717689
-0.00819447
0.02227915
0.01340897
0.01101714
-0.06719031
-0.01094173
-0.00382309
0.02069580
-0.00058238
0.01770701
-0.00130623
0.00383689
0.08571395
-0.05065688
-0.02671194
0.00938182
0.01362021
-0.01258705
0.03159706
0.02090870
-0.00107731
0.02292879
0.02327964
0.02977230
0.00002332
0.01945487
0.25135407
-0.07969035
-0.10365862
0.03915949
0.06952097
-0.05315895
-0.04184241
-0.10528865
-0.01242068
-0.06558419
0.11942619
0.05927016
-0.00154653
-0.10438982
-0.08748387
-0.06401928
0.07862603
0.07193620
0.00714998
0.06442775
0.02587119
-0.01764427
-0.06436805
0.05159181
-0.01198935
-0.07574302
0.01082462
0.01146857
-0.03916820
-0.13321066
0.11753822
-0.03793482
-0.11988152
0.08549519
-0.01790487
0.08451631
0.04123523
0.13665549
-0.12212400
-0.19127485
-0.14017074
-0.01935640
-0.09240097
0.08909506
0.00427780
0.01748133
0.77590460
-0.03046493
-0.00910723
-0.00077509
0.02828902
0.07985298
0.12480412
-0.09930791
-0.00709928
-0.00480470
0.03295920
0.07110309
0.02753416
0.01207711
0.01605428
0.01710585
-0.08644226
0.01294135
0.00112569
0.00926738
0.00168751
-0.02205905
0.02639083
0.02940975
0.02810007
0.04011020
-0.01039720
0.02214113
-0.02884674
-0.00407821
-0.01806270
-0.03023640
0.06077765
0.01499266
-0.00257657
0.01891896
0.02487165
-0.01000496
0.02993407
-0.03967651
-0.03195132
-0.00061013
0.03002284
-0.03482453
0.02029573
-0.03864070
-0.02302890
0.01343347
0.01011921
0.06840187
0.01331154
-0.04197599
-0.02758235
0.01159893
-0.02647442
0.01268246
0.13239136
-0.01027596
0.00934112
0.00054454
-0.05838747
0.00964657
0.00691174
-0.01038886
0.01362344
-0.00318732
0.00225264
0.02884523
-0.03722861
0.04549286
0.05053654
-0.02042465
0.01598934
-0.02280336
0.04576393
-0.02400889
0.04891799
0.01783475
-0.03896767
0.05869728
0.06885572
0.00674625
0.04845330
0.00019875
-0.02239515
0.00438836
-0.01775085
0.02176785
-0.00030497
0.04925022
0.01753329
0.06823549
-0.02832585
-0.02170136
-0.09009677
-0.05018241
0.06249067
0.05587030
-0.05924601
-0.08777435
-0.05638294
-0.01600552
0.03886104
-0.02753797
-0.00790707
-0.01896704
0.04507000
0.01411910
-0.11233050
0.03420272
0.00800436
-0.04922664
0.03906522
0.02076705
-0.02324923
-0.02817021
0.04198482
-0.01169202
-0.00755069
-0.02377862
-0.03964868
-0.00290136
0.01940599
0.00184142
0.03587172
-0.01025059
0.05875725
0.00206998
-0.06905357
-0.00858723
0.06250248
0.04114593
0.01608475
0.00585211
-0.00251942
0.01440908
0.00267412
-0.05034314
0.00835293
-0.02319698
0.00562995
-0.02765131
-0.08580668
-0.00371076
0.03956517
-0.12871961
0.05439408
-0.04153283
-0.01738819
-0.04237499
-0.00690316
-0.01441974
0.00647835
-0.01308346
-0.02426277
-0.01130604
-0.00303345
-0.00078840
-0.02352791
0.04407133
0.00195093
0.00255500
0.03602248
0.00884041
-0.01424955
0.02781864
-0.00287180
-0.01299382
-0.02760291
-0.01148169
0.04348992
0.03253867
-0.08099642
-0.05040242
-0.03826110
0.02299344
0.02745969
-0.03302326
-0.03536008
-0.05485873
-0.01937019
-0.01853603
-0.02202541
-0.03726001
0.01561521
-0.08223210
-0.00962932
0.01300574
0.02490180
-0.09760158
0.02249988
0.04104675
-0.02565853
-0.02732720
-0.10008810
0.02801965
0.08149666
0.02570116
-0.07869083
0.01807643
0.00586334
0.05723614
0.00446172
0.00548789
-0.04783665
-0.02337840
0.03050646
-0.06079770
-0.01288741
-0.02228962
0.03004007
0.08980220
-0.02834598
-0.00938765
-0.08543700
0.05969171
0.01437467
0.00962047
0.01659114
-0.04072429
-0.01126481
0.00401262
0.01682693
-0.15816110
0.08589789
-0.07959785
0.00283496
0.00726433
0.04635314
0.00998138
-0.00123050
-0.01796184
0.13743293
-0.01346911
-0.02228304
-0.04358056
0.03050537
-0.05093006
-0.00524525
0.02044408
-0.04281807
0.05890537
-0.02699082
0.04029936
-0.01982012
-0.03826058
0.01740932
-0.01281149
0.00349886
0.05890589
0.03123985
-0.05763238
-0.00696903
-0.07264493
0.00779432
0.02190270
0.01280207
-0.03912976
-0.03172712
0.04688327
-0.03407468
-0.04839711
-0.01648613
0.01960187
0.02911184
0.03246013
0.01957222
0.01587244
0.05140377
-0.01444822
0.02655123
-0.02100803
0.05761706
-0.05948144
-0.01716308
-0.05646215
0.02489774
0.03217060
-0.08013058
0.04543419
-0.02000047
-0.02566704
0.03811923
0.01145419
0.01155061
0.01666652
-0.02958142
-0.01739577
0.01772845
0.00308829
-0.01500497
-0.02866732
-0.10328948
0.06845304
0.01936566
-0.05970009
-0.00197492
0.02269196
-0.02740904
-0.04202751
0.03162878
0.02065030
-0.00693955
0.02662573
-0.08584695
0.00988527
-0.00120402
0.00620697
-0.02604496
0.03856030
-0.01994654
0.00505561
-0.15508516
-0.01087691
0.13530105
0.00879185
0.00331231
0.00001651
0.03862346
0.05920520
0.05859938
-0.05359458
-0.03424659
-0.00565163
-0.03801996
0.00779532
0.07917554
0.05111661
-0.07383782
0.01509159
-0.03832117
-0.00001419
-0.14877990
0.05949747
0.01931352
0.05804276
-0.10573037
0.01467481
-0.10367295
-0.02456447
0.00384326
-0.03098240
-0.05258352
0.00530792
-0.05190824
0.01118494
0.21337847
-0.01284814
-0.02099350
0.00510414
0.03222676
-0.01808654
-0.01087618
0.04108670
0.04302049
0.01356639
0.08648523
0.00182534
-0.00157537
-0.02017838
-0.04057943
-0.03171467
0.00493741
-0.03631385
-0.01636087
0.03735648
0.01966175
-0.00014443
0.00138840
0.00602895
-0.04644264
0.03726131
0.05112785
0.04846375
-0.00264290
-0.01421085
0.00280841
0.06326877
0.02787314
-0.00292686
0.04254964
0.10324381
-0.00343288
-0.02694731
-0.01662940
0.02925709
0.02476167
0.00304447
0.01100906
0.05001708
0.03690209
0.01114988
0.02411562
-0.01649211
-0.02084245
0.05061268
0.02642917
-0.02144731
0.06164984
-0.03532865
0.02963134
0.00968835
0.01619900
0.01155919
0.00629320
-0.11926971
-0.19375674
0.03341753
0.00316709
0.03565316
-0.00474438
0.02111720
0.06222979
0.03793118
-0.01404444
-0.07158339
0.16891655
0.00270103
-0.02863511
-0.02784495
0.07665592
0.02841101
0.01563949
-0.08439489
-0.02466479
-0.01090011
-0.01008826
-0.02339421
-0.00224972
0.00270942
0.05515864
-0.00389933
-0.00410772
-0.04368860
-0.00651761
0.02816008
0.11169048
-0.01400450
0.03238507
0.04603805
-0.02463773
0.00576617
-0.04234450
0.08675037
0.07709834
0.01327766
-0.04403752
-0.02279401
0.03217142
0.01022634
-0.07363033
-0.09090574
-0.01677370
0.01409537
-0.01800519
0.05184379
-0.00867455
0.04875438
0.02152743
-0.08566489
0.00951933
0.00170240
-0.06958202
-0.04423884
-0.01874206
0.00539037
0.00192542
0.03906315
-0.00130779
0.02106288
-0.01713731
0.04923383
0.05776669
-0.04651902
-0.00778300
0.01424417
-0.01689453
0.05584184
-0.01928380
0.05401802
-0.10978868
-0.00258509
-0.06534220
0.06475785
-0.03687666
-0.03729564
0.03018554
-0.04862608
-0.00688624
-0.03712156
0.00658323
0.01609025
0.01314690
-0.06609689
0.03280247
0.02761102
-0.01095031
-0.00246069
-0.02235978
-0.05804690
-0.02285442
-0.05013159
0.02552394
0.01390836
-0.05058372
0.01382373
0.03828438
-0.00392384
-0.02922032
-0.02993953
-0.04861247
-0.03316393
0.00192019
0.00707684
-0.03974472
-0.04259010
0.03383560
0.00938844
0.02921310
0.00794462
-0.06535748
0.04190369
-0.05266864
0.05651003
0.04331263
0.01714224
0.07696823
-0.02585164
0.01844551
-0.01272055
