-0.00867928
-0.00261834
-0.02168671
0.00651629
-0.02067167
0.04078146
0.01855644
0.06339981
0.09523188
0.01258551
-0.02302004
-0.04923674
0.01688571
-0.02916826
-0.02119970
0.00468136
-0.00614485
0.01019501
-0.07141356
0.01244618
-0.00014807
0.02266124
-0.02724723
-0.01890062
-0.01341830
0.03198851
0.00305072
-0.02069069
0.00104809
-0.00274137
-0.19138098
0.00588281
0.03942454
-0.01025971
0.00552249
0.07895915
-0.02548804
0.02702170
-0.02340458
-0.12290860
-0.01050032
0.00609179
0.03617124
-0.04276972
0.00923837
0.03217773
0.01194680
-0.02166623
0.03886051
0.00807537
0.04784881
-0.02504859
-0.09945238
0.03707422
0.02294556
0.00167230
-0.01917944
0.02515944
0.34916249
0.02238426
0.01346379
-0.00943762
-0.02695806
-0.00452448
0.02563303
-0.00392252
-0.00764696
-0.00156823
0.01431358
-0.02133088
0.01604198
-0.00206879
-0.04201138
0.01183833
-0.01012219
-0.02614354
0.01300982
0.07132424
-0.01153571
-0.07133904
-0.02585466
0.01534684
0.01931906
-0.07209086
0.05704750
-0.00588295
-0.00389417
0.00926423
0.01368201
-0.03057589
0.02661335
-0.02765574
0.00882629
-0.02053683
-0.00111616
-0.02561224
-0.00553987
0.00021294
-0.03402535
0.00589548
-0.00282750
0.03066521
-0.01949588
0.01537973
-0.00179015
-0.00219991
-0.03407980
0.02465175
0.01282421
-0.01164662
-0.02782083
0.01065683
-0.03290853
-0.03876164
-0.00430312
0.00447021
0.06100365
-0.02188957
-0.00574332
-0.00677102
0.01697372
0.00026048
-0.01481824
0.00004912
-0.04393559
0.01734022
0.00005765
0.01067393
0.02451590
0.08895828
-0.05377563
0.02432561
0.01622558
0.01699838
0.07448509
-0.05211878
-0.10883486
-0.01422940
-0.10315357
0.00795530
-0.09400140
0.00921970
0.02005369
-0.03012844
0.04338135
-0.07062192
0.00887945
-0.01379064
-0.01345551
-0.00439349
0.00541915
-0.00206638
-0.02378429
-0.06342442
-0.00328691
0.00716577
-0.05764012
-0.01500232
-0.04045350
0.00161798
-0.01886033
-0.01937467
0.05428408
-0.02732548
-0.00101764
-0.00526049
0.05228913
-0.02230990
0.00441342
0.01757691
-0.01191183
-0.01053028
0.02080253
0.01578832
0.03783089
0.00218418
0.00581118
0.00121860
-0.02200696
-0.00962383
0.00130498
-0.01058637
0.01318400
0.01837235
0.01859314
-0.12483067
-0.07009445
0.02560377
-0.02014590
0.05859557
0.08674898
-0.00087432
-0.01147296
0.00937954
0.02054501
-0.03474128
-0.03774010
0.00206487
-0.19810982
-0.03277259
0.08899368
-0.00760097
0.09472629
-0.05050828
-0.01964834
-0.01538117
-0.00585677
0.01921311
-0.01088037
0.04011582
-0.09243759
-0.01512521
0.04896728
0.00740801
0.01614666
0.02131322
0.00526797
0.03043639
0.00130549
0.03275121
-0.07146090
-0.69750112
0.00707971
0.00861638
0.00970796
0.01715565
-0.06317880
-0.01486998
0.01477501
-0.00198609
-0.03134511
0.00564961
0.00435708
0.01515670
-0.00452553
-0.01818283
-0.05003922
0.01804757
0.00213560
-0.00247086
0.04732055
0.01282177
0.03497329
-0.09582210
0.01025101
-0.00194069
0.00370142
0.08345959
0.03293975
-0.00636317
-0.01094279
0.03447088
-0.00095717
0.01349420
0.01825504
0.00395837
-0.01060779
-0.05634963
-0.12754373
0.09154148
-0.03925310
0.00779682
-0.07976221
-0.00926578
0.03101805
-0.04666864
0.09826524
0.05555210
0.13920389
-0.05580863
0.03414780
-0.01111586
0.00636216
0.06226509
-0.05413702
0.06750881
0.05966539
0.04601609
-0.03289208
0.00270258
0.04205096
-0.05662533
-0.04929785
-0.05481090
-0.08112288
-0.07461896
0.10090498
-0.01324234
0.01996383
-0.01622215
0.04589868
0.03982064
-0.00665078
0.07839542
-0.08656345
0.00343781
0.05481611
0.14284720
-0.01401373
-0.04691528
0.05377928
0.00213611
0.87752777
-0.06704087
0.06716765
-0.07645953
0.10193649
0.07393885
-0.04201764
0.04876290
0.03270802
-0.07944790
0.06605864
-0.01466594
-0.00106475
-0.01147565
-0.03582031
-0.07317761
-0.02958140
0.04466891
0.00088267
0.00908856
-0.03575543
-0.01498631
-0.00387332
-0.00904473
-0.01347355
0.00834091
0.03724562
0.04189526
-0.05931628
-0.02942539
-0.00251995
0.00438612
0.04089358
0.05510862
-0.00902863
0.01807812
0.02449983
-0.05605969
-0.00701229
-0.00183646
0.00940441
-0.00232009
-0.02651842
-0.06641333
0.01154045
0.00247389
0.01673213
-0.01322752
-0.03652683
-0.00674397
0.01167030
-0.02992586
-0.02539672
-0.00575615
-0.05386207
-0.00276288
0.14171684
0.03982329
0.00065142
0.00370236
-0.05309532
-0.00030414
0.00133277
-0.02118537
-0.02498026
0.05279566
-0.02594783
0.01677612
-0.00458464
-0.00949237
0.03787606
-0.03113753
0.02681191
-0.01636884
0.01200487
-0.02357396
0.09548567
0.00153629
-0.01850635
0.02468489
0.07598327
0.01992489
0.07839662
-0.04935043
0.00454206
0.01474987
-0.02122021
0.01361551
-0.02079918
0.02662688
-0.00879548
0.00770475
-0.06462407
-0.03414361
-0.07831152
-0.04382213
0.06456558
0.04160895
-0.03535434
-0.01275570
-0.03603208
-0.03775541
-0.01908085
-0.05252740
-0.04354976
-0.05319261
0.03458653
-0.01811481
-0.09937602
0.03215175
-0.04105509
-0.05757296
0.00767946
-0.00965524
-0.01675016
-0.03487517
0.01261545
-0.01896854
0.01319770
-0.02946961
-0.06414624
0.02358879
0.00445045
-0.02380665
0.01123444
-0.10550930
0.07769755
-0.01543150
-0.00073480
-0.06720813
0.00221588
0.00855486
0.01718670
0.01143550
-0.02953998
0.08877560
-0.01445760
-0.01912695
-0.03458749
-0.03704593
0.04921660
0.03528602
-0.05821358
0.02346876
-0.00546781
-0.11665738
-0.00975162
-0.06933472
-0.02359336
-0.04545828
0.06859057
-0.02032468
0.05047290
-0.03516334
0.02962192
0.00981077
0.02963474
-0.06156947
-0.12797484
0.00230282
-0.02148430
0.03058883
0.03201071
-0.01680139
0.00555276
0.02646814
-0.05636135
-0.02147909
-0.00131227
-0.01267749
0.01792309
0.01460963
-0.02584714
-0.02229138
-0.01766708
0.03633287
0.00746148
-0.04678922
-0.03776203
-0.09667523
-0.02252858
-0.04711007
-0.01544072
-0.05096276
0.01622355
-0.08297784
-0.01993119
0.01184512
0.02380398
-0.09153806
0.03021426
0.00522839
-0.02543452
-0.08069973
-0.07464734
0.02366547
0.08251097
0.01313883
-0.04695988
0.00678631
0.02924554
0.05553294
-0.02006871
-0.01366648
-0.04688041
-0.06285610
-0.01900210
-0.01680075
0.00092975
0.03988710
0.04916802
-0.02684514
0.01172313
-0.03981009
-0.03842146
0.07248523
0.01564213
0.00447802
0.00492575
-0.03579091
0.03520643
-0.00555933
0.06945357
-0.13931563
0.04218252
-0.09548231
0.02845309
0.02354333
0.01235884
0.03151716
0.00233839
-0.06069680
0.15632510
0.00078175
-0.04373793
-0.02395248
0.01388813
-0.01484777
0.01201373
-0.02942067
-0.06680127
0.03902078
-0.01693119
0.03434039
-0.01115470
0.01316214
0.03452899
0.00311753
-0.01259904
0.10658395
0.05885659
-0.00548159
0.01330073
-0.12931016
-0.05917289
0.02928849
-0.01789278
-0.04921434
-0.01814389
0.05198178
-0.01970295
-0.07131463
-0.02601807
-0.01997217
0.01634661
0.07714109
-0.00064084
-0.03823232
0.03360433
0.00967472
0.04211609
-0.05797415
0.07242770
-0.03319600
0.02354347
-0.03666376
-0.03578741
-0.01788688
-0.04973910
0.03050251
-0.02821908
0.00278091
0.04151959
0.07769754
0.01378065
0.00316343
-0.01575935
-0.03092790
0.01429846
0.00739088
-0.02986852
0.01457348
0.05269502
0.04420583
0.01001377
-0.02273575
0.00030193
-0.01626945
-0.07775406
-0.06097456
0.02604295
0.00337042
-0.00128091
0.08561743
-0.07407980
0.00492227
-0.04025814
0.00185309
-0.02466692
-0.00485373
0.01414660
0.01086885
-0.08170297
-0.01042370
0.11422901
-0.01803171
0.05287857
0.00592322
0.04368183
0.04919475
0.00399721
-0.04432188
0.00368913
-0.05096189
-0.00926219
0.01449475
0.06017803
0.02910174
-0.02083848
0.04418476
-0.00640925
-0.00168635
-0.07851925
0.02891018
-0.06190957
0.02113481
-0.12446537
-0.02086680
-0.08834838
-0.03472472
-0.01765608
0.00241448
-0.04918310
0.02285147
-0.03297118
0.03202562
0.16541132
0.03900521
-0.03575225
-0.01910070
0.11166451
-0.13469382
-0.02194820
0.06112489
0.06580649
-0.00072590
0.10241661
-0.01773433
0.06159821
-0.00612270
0.03813823
-0.06365489
-0.02860250
-0.00922216
0.03706039
0.02347016
0.00031901
0.01136835
0.01782348
-0.02030747
-0.02239000
0.00544260
0.04418857
0.01746726
0.00036970
-0.02545919
-0.01822560
0.11182767
-0.04115835
0.01064518
0.06657859
-0.00182439
-0.01879833
-0.01376470
-0.01812855
0.07000060
0.04265097
-0.01039369
-0.02746362
0.02033732
0.07975660
-0.02456282
0.09695619
0.03685376
-0.01058822
-0.00058948
-0.00545873
0.03939030
-0.05071859
-0.01927033
0.04355921
0.01144922
0.02378170
-0.00895797
0.02626659
-0.10794623
-0.11888997
0.04016341
0.03085672
0.02368477
0.02329579
0.00462283
0.04595133
0.06880211
-0.02453751
-0.08254598
0.00179273
0.01154063
-0.00676092
-0.02151441
0.07774290
0.00704963
-0.03791364
-0.04072654
0.00028311
-0.10048012
-0.03815714
0.03570179
0.00611497
0.02728138
0.04044446
-0.00301010
-0.04009415
-0.01039256
-0.00601494
-0.00587203
0.01209604
-0.03474410
-0.00373279
0.02041524
-0.02737249
-0.00058797
-0.01311679
0.07104123
0.01847160
0.02704188
-0.01529452
-0.03034936
0.02068418
-0.02501225
-0.03096490
-0.08356436
-0.00062021
-0.08156845
0.04779233
0.04793702
-0.05268312
0.07849029
0.04924387
-0.08092645
0.01007838
0.04110797
-0.03887362
-0.07967817
0.02866332
-0.01133466
0.01346937
0.04216513
-0.01869784
0.03525817
-0.00803016
0.09861799
0.05598622
-0.03805656
0.01220554
0.00069572
-0.02099795
0.02308759
-0.01173605
0.10082216
-0.01335911
0.06384528
-0.10604106
0.03542757
0.00256264
-0.01127743
-0.01258624
-0.04001337
-0.03845011
0.00880424
-0.00837647
-0.01842257
0.02000472
-0.06962996
-0.00265537
-0.01127059
-0.04715526
0.04079601
0.00724040
-0.07079376
0.01600475
-0.10789907
0.00323565
0.00882155
-0.00350242
0.02901499
0.01936422
-0.02909493
-0.00191918
0.00874451
0.00739942
-0.05809562
-0.02918458
-0.00345266
0.01757953
0.00384628
0.02767487
-0.00733298
0.01749228
-0.03212698
-0.00576766
0.09516266
0.02786410
0.03657719
0.02738939
0.02990797
0.04019991
-0.05844853
-0.01493607
0.00899921
