0.01712487
-0.00137484
-0.00764148
0.01242007
-0.01507526
0.04330362
0.02068483
0.05147531
0.05183824
0.00586956
-0.03221492
-0.02666022
-0.00221128
0.00913802
-0.01507999
-0.00488657
-0.00640750
0.00392153
-0.12158214
0.02048005
0.01278255
0.03212582
-0.01892647
-0.03306020
-0.01007528
0.02715870
0.01544891
-0.04346504
-0.01152854
0.00153967
-0.20544533
-0.00251907
0.03126990
0.00028507
0.01957905
0.05423545
-0.02097953
0.01989319
-0.03409971
-0.09300628
-0.02238011
-0.00115639
0.05302903
-0.03499097
0.00023096
0.01120897
0.03351763
-0.01528973
0.02940659
0.00994040
0.03945128
-0.00463910
-0.10532779
0.00409573
0.01769755
-0.02437529
-0.00721669
0.00123613
0.39006472
-0.00375127
0.01830497
-0.02884743
-0.01845304
-0.00950270
0.01955611
0.00267563
-0.01552165
-0.00217733
-0.01906821
-0.02842000
0.01702791
0.00392535
-0.05568825
0.00635610
0.00430238
-0.01485259
0.01364833
0.05417447
-0.00406588
-0.09160713
-0.02397412
-0.00093793
0.01196636
-0.07669847
0.02614914
0.00937593
0.00208860
0.00594550
0.01381791
-0.02895857
0.00392406
-0.03816267
0.02414340
-0.00109932
-0.01821592
-0.01482435
-0.01670340
0.01501759
-0.05717871
-0.00630382
0.01544192
0.04556004
-0.02782054
0.00805732
-0.00910815
-0.02469354
-0.04934737
0.00656165
0.01392372
-0.00702404
-0.01999510
0.00605240
-0.03591960
-0.02593369
-0.00250502
0.00172076
0.02037919
-0.01807418
-0.02118726
-0.00643227
0.00189533
-0.00640801
-0.01377939
-0.01137353
-0.00788990
0.01662339
0.00649557
0.00259016
0.03016785
0.10278782
-0.04022711
0.01864330
0.00444401
0.01486744
0.06570243
-0.04618103
-0.10156913
-0.01511558
-0.10587043
0.00294178
-0.03746505
0.02042662
0.00164174
-0.05016433
0.02348027
-0.13828564
0.01132618
-0.02170920
-0.01312242
-0.01455575
-0.00986654
-0.00336888
-0.02821110
-0.05962786
0.00824328
0.01312537
-0.05347767
0.00359464
-0.01392346
0.01462057
-0.01150391
0.03723677
0.01897510
-0.01279258
0.00393627
-0.02577331
0.04125771
-0.02192683
0.00447190
0.00842304
-0.01834129
-0.01583497
0.00686362
-0.00129514
0.03379811
0.01529920
0.00019184
0.01009278
-0.04495645
-0.00552396
0.00397346
-0.00789953
0.00606799
0.01620562
0.00530897
-0.17721590
-0.03474027
0.01690358
-0.01510032
0.06350880
0.07225993
0.01315762
-0.00829212
0.00088811
0.02781080
-0.02694067
-0.00164892
0.00308809
-0.16098578
-0.02920836
0.06562684
-0.00392292
0.07041936
-0.05081848
-0.02871468
-0.01389761
0.00067035
0.01624479
0.00507386
0.04853959
-0.05379224
-0.02312740
0.04830681
0.00800959
0.01128004
0.03181013
-0.01287083
0.04256308
-0.00434770
0.00472912
-0.05037226
-0.69417202
0.00626052
0.01830081
0.01055807
0.00337333
-0.07242671
-0.00803653
0.01192218
-0.00056902
-0.02636222
-0.00565972
0.02466634
0.00375353
-0.01568596
-0.02593765
-0.04177412
0.01789369
-0.00467220
0.00581947
0.02204432
0.02187648
0.07632631
-0.07831809
-0.00445826
0.00984368
-0.00159414
0.06735522
0.02382597
-0.02510308
-0.00100578
0.02303470
0.00438528
0.00546016
0.00956166
0.00547112
0.05879886
-0.05814030
-0.06877485
0.05792185
0.05215768
0.03494746
-0.02733199
-0.04823501
0.10769372
-0.00791203
0.06909365
0.22626680
0.10464418
0.00080224
-0.01836108
-0.06024107
0.04376760
0.05688215
0.06486334
-0.02518221
0.08227140
0.00953837
-0.05695152
0.19068439
0.10321778
0.01916927
-0.00177487
-0.00516327
-0.06828502
-0.07712469
0.12395084
-0.04886960
-0.09764040
0.02607151
-0.01265295
-0.07252348
0.09970971
0.09180456
-0.11491463
-0.06969230
0.00444266
0.09589943
-0.10098351
0.01635496
-0.03569439
-0.00013192
0.82298082
-0.03704556
0.04430249
-0.03686117
0.02707400
0.10182148
0.08269609
0.02306479
0.03454716
-0.12092054
0.01645020
0.02020976
0.03087081
0.02126260
0.05466948
-0.01180236
0.03339659
0.06337804
0.01466893
0.00006703
0.00315140
-0.01520482
0.05325894
0.04370103
0.02428162
0.04412836
-0.03037307
0.02370279
-0.02364748
-0.00970819
-0.01247120
-0.00517617
0.05818637
-0.00401841
-0.01558009
0.01871689
0.01644477
-0.01205880
0.00425154
-0.04826897
-0.04971340
0.01513759
0.01589948
-0.04191604
-0.00519977
-0.04981124
-0.03264158
0.00912776
0.01581014
0.05097193
-0.00723558
-0.02035457
-0.02849229
0.04212732
-0.05124719
0.02064176
0.13489266
0.00778767
-0.00490697
0.00244089
-0.06897200
0.01201270
-0.00251829
0.01259718
0.01650343
-0.01967968
-0.01504492
0.00868953
-0.04009635
0.04512682
0.04054516
0.00235660
0.01921964
-0.03613337
0.06668112
-0.01901916
0.04769973
-0.00099640
-0.03962268
0.04864273
0.05803108
0.01234034
0.07286663
-0.00059696
-0.00767883
0.00806555
-0.04766900
0.04281921
-0.01457534
0.04349904
0.05263804
0.07285102
-0.01653613
-0.00888212
-0.06216269
-0.06298540
0.03580346
0.06188340
-0.05092788
-0.07954177
-0.05613960
-0.00174045
0.05215208
-0.04387361
-0.00326767
-0.02034079
0.08301980
0.01474312
-0.08715747
0.02809723
0.02430164
-0.02485303
0.03408908
0.03480456
-0.02601288
-0.00815849
0.03542210
-0.00652099
-0.00854195
-0.00127563
-0.03055741
0.00449216
0.03104457
0.01547109
0.04167477
-0.01597350
0.05231842
-0.00604220
-0.04970547
-0.00088443
0.04026214
0.01661967
0.01785295
0.00315849
0.00122371
0.00904205
0.00085046
-0.06078665
-0.01433330
-0.02181702
0.02982807
-0.01219855
-0.06527373
-0.01694042
0.01452018
-0.13457352
0.03729571
-0.06743205
0.00281863
-0.04338868
0.01228611
-0.01792848
0.01833840
0.02909159
-0.01779890
-0.03381193
0.02777780
0.02742376
-0.03027102
0.02513399
-0.00261555
0.00053911
0.06473545
0.01371280
0.00470099
0.04135724
-0.03971829
-0.02163655
-0.04324110
-0.01208855
0.05089288
0.01766657
-0.04315042
-0.06672110
-0.00668719
0.01561633
0.02296947
-0.04253509
-0.03363114
-0.07090338
-0.05721379
-0.03994137
-0.01398681
-0.02410452
0.03370336
-0.08968106
0.01969847
0.02566521
0.04748072
-0.09989970
-0.00712046
0.04743328
-0.01898314
-0.03526341
-0.10403397
0.03122224
0.04596987
0.02024003
-0.09615435
0.02173251
0.00584395
0.06497988
-0.00455214
-0.00198816
-0.02948467
-0.05639550
0.02257904
-0.05580302
-0.00340291
-0.02591691
0.00247140
0.06935080
-0.02215122
-0.02829915
-0.05276786
0.05543155
-0.00531566
0.01076468
0.02515531
0.00858734
0.03244103
0.03206773
0.00702228
-0.16951810
0.06843803
-0.08944998
-0.01253133
0.00533093
0.03172886
-0.01054104
-0.02453277
-0.02413544
0.13505901
-0.03814690
-0.02567893
-0.01570169
0.03429243
-0.04435895
0.00302780
0.02798494
-0.03826661
0.05999778
-0.00073263
0.03883922
0.02548898
-0.03640436
0.01790325
-0.00558754
0.01253066
0.06463868
0.03612916
-0.05318963
-0.01283953
-0.05876701
0.02314697
-0.00068472
0.02299851
-0.04453255
-0.01845097
0.00276839
-0.01829543
-0.05595470
-0.02357564
0.05993576
0.02764764
0.05086708
0.02703303
0.01468890
0.04090426
-0.02730667
0.03350117
-0.01429028
0.07207958
-0.05640009
-0.02697830
-0.04854933
0.03072291
0.03391825
-0.06703274
0.04656141
0.00228190
-0.02538743
0.04488206
0.01092529
0.00590009
0.01787691
-0.04256169
0.00051609
0.01319822
-0.00119423
0.00391986
-0.02965408
-0.04711952
0.07880039
0.03112289
-0.05663076
-0.00495859
0.00768918
0.00488294
-0.08892077
0.02784477
0.01761572
-0.00210817
0.04069853
-0.06776303
0.02252359
0.00177257
0.02311447
-0.02617495
0.03103134
-0.02774472
0.02352447
-0.16968833
-0.01626713
0.09335205
0.00015030
-0.00184190
0.01596197
0.03062332
0.06458281
0.07853510
-0.05316608
-0.06717818
0.00684431
-0.03372635
-0.00990759
0.05819514
0.04059836
-0.08506423
0.05903909
-0.03644819
0.01026418
-0.11886490
0.07915059
0.05244018
0.05192967
-0.09592151
0.02812777
-0.08816800
-0.00857596
-0.00569609
-0.03102111
-0.04870711
0.00657274
-0.04968625
0.01272964
0.20310459
-0.03886132
-0.01519104
0.02594458
0.06570534
-0.00322604
0.00214467
0.02873684
0.03154836
0.02450816
0.08667637
0.01794127
0.03147577
-0.03439735
-0.01989342
-0.04075927
-0.01262950
-0.01441677
0.01799570
0.03890911
0.02516660
-0.00188210
-0.01723120
-0.00838856
-0.04003113
0.04011879
0.06864786
0.05286435
-0.00715563
-0.03380939
0.00651184
0.04189472
0.03563469
-0.00954342
0.07189801
0.08571090
0.00093627
-0.01644546
0.00182904
0.01963240
0.01515705
0.00493767
-0.00060137
0.06764853
0.04883703
0.00556562
0.03613489
-0.01351248
-0.03280524
0.06621142
0.04885782
-0.01743783
0.06608505
-0.00782558
0.01566604
-0.00367676
0.01154219
0.00903126
-0.00175488
-0.12131102
-0.16321351
0.01676056
0.00646742
0.03239720
0.00689639
0.04517205
0.07377740
0.01570204
-0.01102320
-0.01487044
0.09721342
-0.00481997
-0.00540141
-0.00491626
0.06208186
0.04059429
0.03429746
-0.08531240
-0.02858542
-0.00693537
-0.03489141
-0.02588468
-0.00399748
-0.00839844
0.07062597
0.02351253
-0.03401452
-0.07435701
-0.00746832
0.03663061
0.15299830
-0.01224552
0.02553497
0.04729524
-0.02741420
0.02394657
-0.04097236
0.06773697
0.05979874
0.00973026
-0.02640157
0.00810610
0.02633771
0.00960004
-0.06416679
-0.06300724
-0.00154343
0.01712709
-0.03693088
0.04012025
-0.01633256
0.06395848
0.00299152
-0.07255421
0.01209438
0.00629646
-0.10791415
-0.06256039
-0.02943019
0.01794325
-0.01244024
0.07828761
0.01270153
0.01534207
-0.04351462
0.09597970
0.04455951
-0.06446264
-0.01307137
0.00810503
-0.02462635
0.06176043
-0.00008416
0.06190198
-0.13448127
0.01370453
-0.08681131
0.07657245
-0.04859842
-0.03658867
0.00644152
-0.05245614
-0.00889273
-0.03779653
0.00720713
0.02909655
-0.00534220
-0.05429700
0.03301361
0.04369265
-0.01158261
-0.02150079
-0.02784863
-0.01280536
-0.01002930
-0.02803698
0.02537735
0.00566766
-0.05134014
0.01872776
0.01889878
-0.00124269
-0.03060793
-0.04138052
-0.00791130
-0.02479793
-0.00926841
0.01061892
-0.03425479
-0.05434704
0.05231266
-0.01059723
0.01070500
-0.00303080
-0.05463420
0.03687932
-0.04743424
0.01680081
0.02011558
0.01885573
0.06063251
-0.00959563
0.01154749
-0.00691998
