0.01792248
0.00825173
-0.00708896
0.00601807
-0.01559246
0.03807463
0.01621410
0.04365684
0.01653177
-0.00037495
-0.03131566
-0.03354102
-0.00531259
0.01556918
-0.01035474
-0.00596388
-0.00953698
0.01192634
-0.12760825
0.01907045
0.00858432
0.02268205
-0.00439073
-0.02533381
-0.00571645
0.02228713
0.01981998
-0.03809188
-0.00341290
0.00804730
-0.18248758
0.00673521
0.03031147
0.00428629
0.01853946
0.03305298
-0.00327417
0.02046883
-0.02792238
-0.06076143
-0.02669939
0.00194930
0.05220035
-0.01824582
0.00709492
0.01062788
0.02981265
-0.01153291
0.02518272
0.00502664
0.04601211
0.01000118
-0.08639926
-0.00974918
0.03016449
-0.02337128
-0.01114442
-0.00197700
0.42697442
-0.01275193
0.02379135
-0.03323068
-0.01315976
-0.01287256
0.01912354
0.00863772
-0.02835029
0.00846668
-0.03825334
-0.01773476
0.01009164
0.00801807
-0.03901028
0.01326756
-0.01979534
-0.01429437
0.01345502
0.03423192
-0.00889558
-0.10834411
-0.02552795
-0.00251957
0.00982366
-0.06249144
0.00759649
-0.00330784
0.00315986
-0.00746189
0.01048086
-0.03534080
0.00235477
-0.03548504
0.03361786
-0.00652767
-0.02232783
-0.01481010
-0.02550935
0.02443315
-0.04165903
-0.01132458
0.01491563
0.03314070
-0.02675750
0.00375530
-0.00766463
-0.01965189
-0.03884384
0.01582293
0.00610193
-0.00235788
-0.01616117
0.00638108
-0.01024421
-0.02262449
0.00031368
0.01135048
0.01078057
-0.00874666
-0.02550068
-0.00480663
0.00260290
-0.00145528
-0.00216986
-0.00930615
0.00567889
0.01202232
-0.01116724
-0.00632214
0.03507562
0.08195575
-0.01280721
0.02718456
0.01335116
0.01565123
0.05166937
-0.04333507
-0.06678368
-0.00736259
-0.09000333
0.00319118
0.00982302
0.03274633
0.00642010
-0.04304497
0.03002926
-0.14723322
0.00854771
-0.02089648
-0.00281953
-0.00724214
-0.00262484
0.00172477
-0.01454221
-0.04614241
0.01299887
-0.00574976
-0.03451869
0.00510193
0.00067104
0.01892357
-0.01462719
0.06076939
0.00120726
-0.01339432
0.00406497
-0.02725063
0.03007833
-0.02134025
0.00192750
0.01689838
-0.03144635
-0.00581701
-0.00046754
0.00705469
0.03357616
0.01472492
0.00384245
0.01070579
-0.04025983
-0.00323202
0.00603354
-0.00338640
0.01179363
0.00270909
0.00942399
-0.19032855
0.01023261
0.01843082
-0.01685380
0.05782410
0.03644275
0.00147750
-0.01320272
0.00621044
0.02219597
-0.01889351
0.01119927
-0.00335844
-0.11538829
-0.02665510
0.04448788
-0.01370322
0.05641351
-0.02825793
-0.02242686
-0.01950247
0.00065279
0.02056301
0.00458284
0.05885714
-0.03742348
-0.01971720
0.04259256
0.00501256
0.01505595
0.03225162
-0.02153525
0.04843805
-0.00340294
-0.00457864
-0.03809494
-0.72534645
0.01053480
0.02819313
0.01319650
0.00321611
-0.04758927
-0.00955356
0.01806910
0.00387259
-0.02193061
-0.00470109
0.01849480
0.00131867
-0.02424050
-0.01530768
-0.02809912
0.01406119
-0.01048298
0.00017482
0.02658742
0.01646324
0.08436400
-0.06305935
-0.01254176
0.00760843
0.00008370
0.03237073
0.02751865
-0.00573731
0.00351681
0.01222225
0.00961078
0.01075688
0.02120878
0.00789183
0.06338627
0.01422536
-0.13388976
0.11369783
-0.01128854
0.10622765
-0.12628210
-0.01973770
-0.04678235
-0.05299357
0.03659828
0.05404554
0.11195406
-0.12454289
0.01617721
-0.03355785
0.01901739
-0.03752923
-0.06733733
0.05634840
0.06533629
0.11027429
-0.02761663
-0.04167120
-0.01731696
-0.06029089
-0.04393268
-0.04609048
-0.06058751
-0.00509790
-0.03318689
-0.05801782
0.07045792
0.00627458
0.02914760
0.03644558
-0.04243419
0.13749716
-0.14902686
-0.02854758
-0.05460469
0.14388406
-0.09117295
0.00227206
-0.11240727
-0.08812420
0.82342601
-0.07113181
0.01444044
-0.07523381
0.06064656
0.08728263
0.02234765
-0.09261590
0.03796981
-0.03897630
0.03898486
0.06297920
-0.03421031
0.03195146
-0.00882519
-0.05978702
-0.16306804
0.01993748
0.00852953
0.02156482
0.00308201
-0.00200761
0.03800935
0.04660018
0.02574472
0.02338358
-0.01908411
0.02845043
-0.04154023
-0.00567512
-0.01866625
-0.02638338
0.04270440
-0.00949283
-0.01567799
0.02164141
0.00584577
-0.01685538
-0.03691731
-0.04153606
-0.06127983
-0.00908720
0.02325026
-0.05562110
0.02086843
-0.05202129
-0.04445083
0.01956193
-0.00256978
0.04298198
0.00706762
0.01456242
-0.04533403
0.06061125
-0.02585311
0.00431709
0.10864781
-0.00289159
-0.00036884
-0.01850573
-0.05760906
0.03686709
0.00654666
0.00388499
0.01498667
0.00935797
-0.01951837
0.01074907
-0.04774402
0.08307441
0.05568144
-0.01695896
0.02704400
-0.02480404
0.00855095
-0.01981939
0.03354269
0.01579507
-0.02755714
0.06204621
0.05969016
0.00565077
0.08870187
-0.02210567
-0.01514927
0.00280508
-0.03791812
0.05059408
0.00226662
0.04991033
0.03792352
0.05922991
-0.03142625
-0.00132542
-0.06318508
-0.01551720
0.05525703
0.06926449
-0.05718740
-0.06572932
-0.09551981
-0.01862202
0.02842690
-0.00272707
-0.00614863
-0.04019012
0.05381066
0.00658202
-0.11180898
0.03983804
0.00151468
-0.05285171
0.02680572
0.02679015
-0.01507779
-0.01896005
0.03658688
-0.02216170
-0.01001162
-0.01028227
-0.03714274
-0.00932109
0.00648098
-0.02652900
0.03246847
-0.00122302
0.10288408
-0.00274450
-0.04371784
0.00611670
0.02765150
0.02648040
0.02693194
0.00903102
0.01274489
0.00036326
0.02491527
-0.02475909
-0.01981340
-0.01002063
0.02264763
-0.02494499
-0.08436935
-0.00927782
-0.01250896
-0.19728684
0.03429985
-0.04841616
0.00708147
-0.02946969
0.03029237
-0.01738100
0.03080324
-0.00818495
-0.01717728
-0.01730298
0.00659847
0.00046117
-0.02593904
0.04687427
-0.01329789
0.01879225
0.03576681
-0.00307110
-0.01347707
0.04258276
-0.03332390
-0.00753565
-0.05462192
-0.01656417
0.04571414
0.02425989
-0.04126899
-0.06366764
-0.02904432
0.03531230
0.00344919
-0.05736293
-0.04364166
-0.06838197
-0.05263147
-0.01152195
-0.00737248
-0.02801073
0.03566724
-0.08007514
0.02132904
0.00930572
0.04206287
-0.08973841
0.01359622
0.03656549
-0.03661645
-0.05185647
-0.10701000
0.00471446
0.05018063
0.02768628
-0.06165142
0.01073212
0.00215311
0.06196633
-0.00794534
-0.02870236
-0.04662382
-0.08843979
0.03242804
-0.05760949
-0.01384954
-0.00706999
-0.00378238
0.03898019
-0.03967391
-0.03687996
-0.05295816
0.07351956
-0.01416623
0.00526941
0.02746876
-0.00842105
-0.00747723
0.06283553
0.01543856
-0.17514694
0.06586161
-0.07923940
-0.02499512
0.00051622
0.01471017
0.02557923
-0.00209330
0.01085450
0.12799077
-0.02755130
-0.01604840
-0.01176629
0.03914258
-0.05187108
-0.00987443
0.01245598
-0.04143963
0.05362132
0.00316365
0.05537217
0.02287517
-0.04648433
0.03417938
0.00826278
0.00622183
0.05489402
0.02270545
-0.06488220
-0.01278646
-0.06804681
0.01562745
-0.00303181
0.01008665
-0.02714899
-0.03143317
-0.00713504
-0.04206564
-0.05091817
-0.03182177
0.02485293
0.02190249
0.02135419
-0.00340992
0.01059471
0.03969054
-0.03273284
0.02536135
-0.00849138
0.05776093
-0.04308750
-0.03646141
-0.02589800
0.01094402
0.04262158
-0.04821683
0.05273187
-0.01067908
-0.02624724
0.03185221
0.01358835
0.01438821
0.02095716
-0.02901879
-0.04341134
0.02072626
0.01764089
-0.03145937
-0.03039763
-0.05082046
0.07071592
0.02514395
-0.02920887
-0.00357543
0.01380417
-0.05535629
-0.04158318
0.05820444
0.03285128
0.00365078
0.02048716
-0.05774347
0.00044714
-0.02519864
0.00628227
-0.02009093
0.02673908
-0.01559643
0.01175558
-0.20709217
0.00609383
0.10901307
-0.00478432
0.00328226
0.00412324
0.04163887
0.02130572
0.07575320
-0.05183426
-0.02115864
0.02217656
-0.03849747
-0.00969022
0.07373405
0.04919192
-0.09803318
0.03607445
-0.04731131
-0.01286262
-0.09789337
0.07931804
0.02793359
0.05120708
-0.07232808
0.02051814
-0.09962592
-0.03557690
-0.02064430
-0.03557048
-0.07704210
0.01388117
-0.05225787
0.02039274
0.17844723
-0.01893201
-0.02521824
0.01392060
0.05390123
-0.01214586
0.00019242
0.02092807
0.02310009
0.01908473
0.08699891
-0.01241744
0.02794358
-0.00895279
-0.02561693
-0.03696589
0.00703845
-0.02800532
0.04224510
0.01643582
0.02814328
0.00618509
0.00887894
0.01695325
-0.03111237
0.04518012
0.08316626
0.05577507
0.01489023
-0.04411904
0.00207793
0.04324688
0.05054357
-0.01582547
0.04739331
0.04697122
-0.01492835
-0.00924834
-0.02371491
0.05193829
0.00856694
0.00094743
-0.00008083
0.04903146
0.07091387
0.00676093
0.04066017
0.00245723
-0.01385623
0.03338345
0.04279117
-0.00846996
0.03925252
-0.00215405
0.04368885
-0.00811186
-0.03574373
0.00756902
0.01484550
-0.12610574
-0.17109251
0.02180116
0.00653966
0.03595144
-0.00140917
0.03518343
0.06548874
0.02096335
0.01148082
-0.00230945
0.05883249
0.01956625
-0.00168647
0.01361935
0.06673100
0.04165604
0.02891491
-0.06429680
-0.05038181
0.01231868
-0.01140096
-0.00385085
0.02037321
0.00883063
0.05256362
0.00164045
-0.03793257
-0.04795472
-0.01139974
0.02243118
0.14046438
0.00537744
0.02797594
0.04713788
-0.03131929
0.02248976
-0.05001352
0.07030171
0.04022243
0.02341199
-0.03648984
-0.03860659
0.01830925
0.02313472
-0.06426933
-0.04489542
0.00878039
-0.04577667
-0.01923506
0.03896412
-0.02510745
0.04730530
0.00800824
-0.12060476
-0.01521792
-0.01196284
-0.08472823
-0.08475026
-0.03253578
-0.01490595
0.00338712
0.06235177
0.01164330
0.02161581
-0.05541285
0.08838431
0.00735410
-0.05036867
-0.00519251
-0.01183450
-0.02352128
0.03062860
0.01870156
0.05765808
-0.14847495
0.01635579
-0.11117802
0.06664076
-0.03354306
-0.03672882
-0.00479621
-0.06406357
-0.00956032
-0.03056457
0.00355132
0.03013284
0.01499122
-0.05290598
0.03667294
0.01558733
-0.01826913
-0.00470434
-0.02692315
-0.02248288
-0.02232042
-0.01617383
0.01521740
0.01733681
-0.06477091
0.00365564
0.02864507
-0.00809549
-0.03794322
-0.03328054
-0.02454308
-0.00580026
-0.02198194
-0.02070218
-0.03639876
-0.04664804
0.04306459
0.01159594
-0.00505409
0.00741698
-0.03952119
0.10930721
-0.03508393
-0.01444355
0.04171734
-0.00199078
0.04984677
-0.02145239
0.01057145
0.01676305
