0.01941067
0.00115434
-0.03331137
0.02394845
-0.02261984
0.05248531
0.02105542
0.04819574
0.08762659
0.01324029
-0.03623508
-0.03527266
0.00597908
-0.00781505
-0.02229408
0.00550987
-0.01199834
0.00599334
-0.08307492
0.02321010
0.00610638
0.01673192
-0.00436533
-0.02419270
-0.00921641
0.01923396
0.00100675
-0.04670142
-0.01578927
-0.00367312
-0.18328589
-0.01043448
0.03394800
-0.00095733
0.01673689
0.06288976
-0.03185204
0.02982146
-0.03798318
-0.09673448
-0.01970337
0.00494849
0.03558237
-0.04970632
-0.00800260
0.01513713
0.02266284
-0.03051965
0.04076936
0.01175058
0.03527435
0.00435021
-0.10994883
0.03300605
0.01889567
-0.00839167
-0.01308242
0.00865184
0.35050845
0.03499976
0.01670337
-0.02949733
-0.03490684
0.00988017
0.02799530
-0.01827240
-0.00021227
-0.00761194
0.01244561
-0.04256615
0.02500628
0.00204871
-0.06735560
0.00741706
-0.00175679
-0.02252052
0.02048976
0.05395825
-0.00158458
-0.07778569
-0.02442130
0.00801610
0.02124662
-0.07951868
0.02985187
0.01583990
-0.00005199
0.01115972
0.02010931
-0.02928745
0.01351103
-0.06003232
0.03708262
-0.01330765
-0.01296598
-0.02428678
-0.01047768
0.01472030
-0.03696408
0.00043766
0.01371043
0.03862779
-0.03392284
0.01421810
-0.00145551
-0.02737191
-0.04118552
0.00977644
0.01325782
-0.02179332
-0.03296923
0.00971471
-0.04252597
-0.04088465
-0.00215841
0.00522561
0.04671702
-0.01707047
-0.02275975
-0.00055046
0.00841698
-0.00711422
-0.01478377
-0.01071545
-0.03271943
0.01160887
0.02011088
-0.00264087
0.03232170
0.08806272
-0.06599620
0.01080079
0.00549884
0.01192552
0.05694489
-0.05333539
-0.10910942
-0.03269664
-0.11750171
0.01041750
-0.06746532
0.01224348
0.00945676
-0.06313676
0.03054249
-0.10175071
0.01462472
-0.01754392
-0.00476039
-0.01682570
0.00281439
-0.01180882
-0.02126618
-0.06215682
-0.00026325
0.01809712
-0.07954167
0.00283803
-0.02474978
0.00044605
-0.01361947
0.02297675
0.04837942
-0.02483358
-0.00234014
-0.02597968
0.06783901
-0.02709110
-0.00141103
-0.00559827
-0.01748319
-0.01984034
0.01950399
0.01164576
0.03951059
0.02136000
0.00049674
0.00435321
-0.02300343
-0.01444497
0.00348307
-0.00713150
0.00454365
0.01778478
0.01351982
-0.14359885
-0.04132796
0.02329014
-0.02555627
0.05506457
0.06472803
0.01662772
-0.00290475
0.00232113
0.03203902
-0.04039982
-0.04699924
0.00222889
-0.18338968
-0.02842242
0.09979964
-0.00178096
0.08052529
-0.06763360
-0.03762711
-0.02218894
0.00510902
0.01504054
-0.01038112
0.05768647
-0.06839270
-0.02304767
0.05147875
0.00581449
-0.00139835
0.01646284
-0.00718092
0.04166108
0.00669527
0.02759636
-0.06067463
-0.68970811
0.00542713
0.01148488
0.00481652
0.00396568
-0.08195310
0.00029376
0.00563623
-0.01173319
-0.03094173
0.02234713
0.01421201
0.00473291
-0.01957554
-0.01987063
-0.04762840
0.02408818
-0.00770640
-0.00061604
0.02743399
0.01963078
0.04382483
-0.11071572
-0.00319975
0.00260225
0.00513866
0.07807926
0.01914649
-0.01642421
-0.00800113
0.03156571
0.00803840
0.00595675
0.00886074
0.00755193
0.13554505
-0.04461440
-0.00370372
0.01717728
0.09604736
0.07696685
-0.00232568
-0.08529728
0.03231252
-0.01606265
0.11722861
0.07187063
-0.00921228
-0.09083734
0.00313808
0.01124652
0.06973449
0.07369938
0.01938299
-0.02929616
0.02214805
-0.02987703
0.00970017
0.08042574
-0.02508270
0.01068082
0.07308200
-0.01053007
-0.02455440
0.05266311
0.07128961
-0.00391499
-0.01637570
-0.03316456
0.09079067
-0.08192404
0.03165776
0.11825422
-0.04658157
-0.07813226
-0.15082817
-0.03685332
-0.04938469
0.06269496
0.03672526
-0.00994349
0.87439108
0.02724360
-0.02234040
-0.09055370
0.06412631
0.15468794
0.07100111
-0.01337495
0.02299381
-0.05697033
0.08188656
0.05056656
-0.00865599
0.00368744
0.02853256
-0.03258064
0.00513766
-0.01661551
0.02081147
0.00364875
-0.01124690
-0.02636411
0.01750440
0.02460139
0.03247714
0.03901755
-0.01467744
0.02657945
-0.01897241
-0.00739788
-0.01853155
-0.01436964
0.04230730
0.01977319
-0.00509677
0.01975176
0.01563906
-0.01056673
-0.00010603
-0.03941927
-0.03814021
-0.01380885
0.00985205
-0.04164965
0.00042476
-0.05176664
-0.03248909
0.00930853
0.00759564
0.03624085
0.01245646
-0.03258515
-0.01457696
-0.01839828
-0.04245516
-0.00928891
0.15184130
0.02433738
0.01527820
0.02313329
-0.06778784
0.01714726
-0.02343102
-0.01621215
0.01131863
0.01321755
0.01073120
0.02099475
-0.03921180
0.02649018
0.04354072
-0.00605971
0.02480517
-0.01199086
0.08601958
-0.02598452
0.06085443
-0.01713366
-0.02328651
0.05543418
0.07329122
0.01051855
0.04608516
0.00953653
-0.01458689
0.02374070
-0.04260385
0.02624911
-0.00530492
0.04204209
0.02601298
0.06397878
-0.02812881
0.00418298
-0.10097535
-0.02739093
0.07584384
0.08198944
-0.03525056
-0.06340843
-0.04882548
-0.01190133
0.03548896
-0.05473765
-0.01914899
-0.01725232
0.03784464
-0.01565755
-0.08629078
0.02218332
0.00532947
-0.02722005
0.03880719
0.01154894
-0.01072175
-0.01013973
0.02755947
-0.00320716
-0.00854293
-0.02630345
-0.06180566
0.00930600
0.00877446
-0.00138883
0.02973653
-0.03847355
0.05076630
-0.00810388
-0.04584948
-0.03962612
0.02567465
0.01614656
0.00433938
0.00630095
0.00106292
0.03745257
-0.00631246
-0.05505128
-0.00722912
-0.01190493
0.01443587
0.01952664
-0.05353801
-0.00886698
0.03501617
-0.14706758
0.03426784
-0.05630710
-0.00024008
-0.05215407
-0.00431527
-0.01000094
-0.00664518
0.00972670
-0.02234845
-0.01043304
0.00240262
-0.00912965
-0.04193450
0.01296503
0.01054387
0.00676034
0.04611405
-0.00434636
-0.00760193
0.04766381
-0.02683141
0.00252440
-0.01999810
-0.02289822
0.03448453
0.00895733
-0.04366830
-0.05382840
-0.03015914
0.04433664
-0.00070835
-0.03401920
-0.03108022
-0.07268482
-0.01729018
-0.04410320
-0.00941729
-0.03215353
0.02288559
-0.10634675
0.00027437
0.03176111
0.02643673
-0.09061615
0.01245559
0.03315956
-0.00723863
-0.04163568
-0.09190085
0.03717494
0.05640896
0.03167472
-0.09646159
0.00958662
0.02893021
0.04502909
-0.00421336
-0.00237287
-0.04140699
-0.01725046
0.02098996
-0.04621154
-0.02021631
-0.02422986
0.01877904
0.08563925
-0.01066795
-0.00699297
-0.04934096
0.04685910
-0.00298314
-0.00967119
0.01816369
-0.02825245
0.00853870
0.00478177
0.02013557
-0.18080288
0.08576006
-0.10266538
-0.00490478
-0.01101768
0.01884678
-0.01802941
-0.02294650
-0.05012498
0.14906746
-0.02100336
-0.02402820
0.00428412
0.02665369
-0.04406333
0.01261749
0.03004949
-0.02978354
0.05180207
-0.01494600
0.01305027
-0.02553939
-0.03480134
0.02164829
-0.01272724
-0.00116499
0.08444854
0.04433005
-0.04319558
-0.02222348
-0.07065700
0.02191266
0.02492587
0.01481484
-0.05300196
-0.01837717
0.03856107
-0.02662736
-0.08269107
0.00087293
0.04387568
0.00909930
0.06169075
0.02895208
0.00347371
0.06563274
-0.01000029
0.04770276
-0.04133853
0.05216444
-0.04424154
0.00017575
-0.05697889
0.00450320
0.00940338
-0.07393860
0.04464348
0.01314124
-0.01757127
0.05232303
0.00746374
0.01239596
0.00288147
-0.03429066
-0.00177485
0.02800749
-0.01391538
-0.00888699
-0.04274860
-0.04276865
0.05373456
0.02582150
-0.05833786
0.01629169
0.00835172
-0.02457651
-0.06732452
0.02205432
-0.00487707
0.01707219
0.03849880
-0.08398291
-0.00115055
0.00038307
0.01497590
-0.01932124
0.03701242
-0.00739353
0.01360235
-0.17573884
-0.02257612
0.10614057
-0.01366415
-0.01703109
-0.01345015
0.02691152
0.06640266
0.06281585
-0.06212052
-0.04901290
0.00880434
-0.05590013
0.01514453
0.06883702
0.02754184
-0.07993260
0.05759813
-0.03682039
0.01631499
-0.13337442
0.06993368
0.01507097
0.04096865
-0.11759222
0.01240834
-0.09268218
-0.03219182
0.02538623
-0.02456861
-0.05684382
0.01346083
-0.04557461
0.00923426
0.21984102
-0.02454207
-0.02933590
0.00937350
0.07717713
-0.02648194
-0.02035207
0.04713390
0.02722952
0.01084517
0.08894805
0.02526301
0.01925173
-0.03368691
0.00810369
-0.03290227
-0.00017539
-0.01311389
-0.01546146
0.02665624
0.01570586
-0.01054847
0.00479208
-0.00207194
-0.05564328
0.00770727
0.06484351
0.04344454
-0.00883552
-0.02648316
-0.00478834
0.05819054
0.03444011
0.00707114
0.05540077
0.06590129
-0.01062361
-0.03542187
0.01451104
0.02382437
0.01787965
0.01235630
-0.00541758
0.03514750
0.05263975
0.00615430
0.04643770
-0.01846062
-0.02437013
0.07815795
0.01239018
0.00267478
0.05623668
-0.01920388
0.01496061
0.00253031
0.03333742
-0.00533774
0.01301446
-0.15145297
-0.16014402
0.02906707
0.02259405
0.02371637
-0.00156327
0.02428954
0.04079242
0.02661935
-0.00623046
-0.04349560
0.12554294
0.00550041
-0.01145441
-0.00289090
0.07030737
0.03060886
0.01444181
-0.07324863
-0.03046987
-0.03683816
-0.03318359
-0.01222436
0.00364109
0.00387580
0.07364530
0.00040074
-0.02323490
-0.07625794
0.00813875
0.02497499
0.11912829
-0.00382608
0.02196856
0.03982393
-0.03352202
0.00755735
-0.04559335
0.07518115
0.06279442
-0.00318446
-0.02452215
-0.02184970
0.02733691
-0.01105839
-0.05055033
-0.06538559
-0.01329846
0.02635829
-0.01631419
0.03487762
-0.02439559
0.07425121
0.02927305
-0.08156345
0.01299983
0.01281715
-0.10253740
-0.06295301
-0.02358491
-0.01021905
0.02352240
0.04975347
-0.02061995
0.01829800
-0.03355753
0.08191459
0.07346393
-0.04580040
-0.02188377
0.03794506
-0.02867598
0.06464297
-0.03935565
0.04850408
-0.10893657
0.01247247
-0.08922105
0.04943794
-0.03510608
-0.03941959
0.03376854
-0.04732324
-0.02676341
-0.02961331
0.00323659
0.02848972
-0.00540509
-0.08412191
0.00959153
0.02314763
-0.00715597
-0.01008168
-0.02917364
-0.02272382
-0.02526369
-0.04103813
0.00382540
0.01310293
-0.03966855
0.01142866
0.03543358
0.01272271
-0.00671863
-0.04746101
-0.03763383
-0.06052703
0.01055809
0.02495935
-0.01238426
-0.03112282
0.03991521
-0.01099803
0.02892116
0.00871477
-0.04703761
0.04505327
-0.05862157
0.05202769
0.03219003
0.00397913
0.07191296
-0.01248750
0.02981311
-0.00603242
