5.206974688917398453e-03
7.078259252011775970e-03
-4.963712766766548157e-03
5.227280780673027039e-03
1.481540966778993607e-03
3.053477779030799866e-02
1.077199820429086685e-02
2.647147327661514282e-02
5.416237283498048782e-03
-1.252086553722620010e-02
-2.310646884143352509e-02
-1.351868268102407455e-02
-6.220145151019096375e-03
2.280997112393379211e-02
9.853964671492576599e-03
-9.771754965186119080e-03
-8.271179161965847015e-03
9.608819149434566498e-03
-1.250512450933456421e-01
3.119237907230854034e-02
1.136884186416864395e-02
1.103978604078292847e-02
1.234666910022497177e-02
-3.813224285840988159e-02
8.095616474747657776e-03
2.619059570133686066e-02
9.986924938857555389e-03
-3.689021617174148560e-02
1.733077503740787506e-02
2.370351366698741913e-02
-1.726502776145935059e-01
5.559773184359073639e-03
9.222627617418766022e-03
1.218328718096017838e-02
3.147141262888908386e-02
1.367206498980522156e-02
1.561219245195388794e-02
-7.219894789159297943e-03
-1.130690053105354309e-02
-4.511531069874763489e-02
-2.434693276882171631e-03
-1.813367567956447601e-02
3.460773453116416931e-02
4.447001498192548752e-03
1.764881983399391174e-02
2.473768778145313263e-02
3.209128230810165405e-02
-1.323186879744753242e-04
2.283410355448722839e-02
-3.437121864408254623e-03
4.573699831962585449e-02
3.423301130533218384e-02
-8.962923288345336914e-02
-2.915905416011810303e-02
1.029060129076242447e-02
-2.001574821770191193e-02
7.827118039131164551e-03
-1.473222766071557999e-02
4.348234236240386963e-01
-7.535587530583143234e-03
1.832116208970546722e-02
-9.396981447935104370e-03
-2.549485769122838974e-03
-1.961304619908332825e-02
2.298625186085700989e-02
4.261061083525419235e-03
-4.717110469937324524e-02
1.249315869063138962e-02
-2.776263467967510223e-02
-9.525241330265998840e-03
-2.469307044520974159e-03
1.594871282577514648e-02
-2.895215712487697601e-02
1.776267588138580322e-02
-2.126940339803695679e-02
-2.767341583967208862e-02
7.695138920098543167e-03
1.613032259047031403e-02
1.033619511872529984e-02
-1.181993633508682251e-01
-8.033568039536476135e-03
1.116621401160955429e-02
1.957353204488754272e-02
-4.652824252843856812e-02
-2.986692823469638824e-02
-1.968002133071422577e-02
-4.048943228553980589e-04
-2.501256391406059265e-02
2.375539479544386268e-04
-4.147178959101438522e-03
-8.213779889047145844e-03
-3.870850056409835815e-02
8.423212170600891113e-02
-6.215813918970525265e-04
-1.140815392136573792e-02
2.639018930494785309e-03
-2.946964278817176819e-02
-1.126406714320182800e-03
-3.327867761254310608e-02
-2.132855588570237160e-03
8.002468384802341461e-03
1.766743697226047516e-02
-6.991550792008638382e-03
-5.053681321442127228e-03
2.736431546509265900e-03
-1.878933794796466827e-02
-2.895396389067173004e-02
1.316425949335098267e-02
4.505679942667484283e-03
3.741862718015909195e-03
6.217627320438623428e-03
-1.235058624297380447e-02
-5.035079549998044968e-03
-6.855894345790147781e-03
-9.398412890732288361e-03
7.106552366167306900e-03
3.292061621323227882e-03
-1.669399905949831009e-03
-1.982134580612182617e-02
2.488665748387575150e-03
5.197153426706790924e-03
5.873353686183691025e-03
-1.691447012126445770e-02
-1.984629314392805099e-03
-1.117378659546375275e-02
-6.524794269353151321e-03
-5.644112825393676758e-03
-3.976766311097890139e-04
3.000275976955890656e-02
5.704369768500328064e-02
-1.880624517798423767e-02
1.394373830407857895e-02
1.544352620840072632e-02
-4.055416677147150040e-03
4.538151249289512634e-02
-5.160652846097946167e-02
-5.135967954993247986e-02
-2.052177675068378448e-03
-9.231457859277725220e-02
-1.051171496510505676e-02
4.975198581814765930e-02
3.727054223418235779e-02
3.809143556281924248e-03
-2.131247334182262421e-02
2.373780682682991028e-02
-1.656918227672576904e-01
7.746667601168155670e-03
-1.775539014488458633e-03
-1.440805941820144653e-02
-3.497112775221467018e-03
1.061892788857221603e-02
1.199561357498168945e-02
-3.224015468731522560e-03
-5.550805106759071350e-02
2.303846552968025208e-02
-1.860155351459980011e-02
-1.091479230672121048e-02
8.264938369393348694e-03
1.917744800448417664e-02
2.258306555449962616e-02
-1.167356595396995544e-02
8.631447702646255493e-02
3.978552296757698059e-03
-1.704196445643901825e-02
2.495733276009559631e-02
-3.382396697998046875e-02
3.685924410820007324e-02
4.413235466927289963e-03
1.283897273242473602e-02
3.181325644254684448e-02
-2.998604625463485718e-02
-4.273639991879463196e-03
-1.654244028031826019e-02
-1.113214716315269470e-02
2.187504619359970093e-02
2.922136336565017700e-02
-3.598534269258379936e-03
2.140987664461135864e-02
-2.985217981040477753e-02
8.354074321687221527e-03
2.649536356329917908e-02
-2.042983192950487137e-03
2.091114223003387451e-02
-5.016981958760879934e-05
1.749394088983535767e-02
-2.154126465320587158e-01
5.210719257593154907e-02
2.491704933345317841e-02
-1.351938000880181789e-03
4.630056768655776978e-02
2.766315080225467682e-02
-1.494271215051412582e-02
-1.460711937397718430e-02
-1.092603988945484161e-02
3.718828037381172180e-02
-1.264334283769130707e-02
-2.153918845579028130e-03
-9.490751661360263824e-03
-7.931211590766906738e-02
-1.684630475938320160e-02
5.407790094614028931e-02
-9.764942340552806854e-03
4.846260324120521545e-02
4.017319064587354660e-03
-1.085176225751638412e-02
-4.338278621435165405e-02
2.632685238495469093e-03
8.154717274010181427e-03
1.200690213590860367e-02
7.329826802015304565e-02
-1.349247712641954422e-02
-1.761850714683532715e-02
2.922244183719158173e-02
1.346783392364159226e-04
6.915521807968616486e-03
3.778064996004104614e-02
-3.446715325117111206e-02
3.394365683197975159e-02
1.710762386210262775e-03
-2.596248686313629150e-02
-9.863354265689849854e-03
-7.187937498092651367e-01
-9.601011872291564941e-03
2.952331490814685822e-02
2.593339607119560242e-02
4.705094732344150543e-03
-3.849495947360992432e-02
3.952766768634319305e-03
2.042993530631065369e-02
-1.183797023259103298e-03
-4.995300900191068649e-03
-5.284007056616246700e-05
1.357921306043863297e-02
-6.796293426305055618e-03
-5.080421641469001770e-02
-2.316075749695301056e-02
-2.275912649929523468e-02
4.959544166922569275e-03
-1.387636642903089523e-02
7.909218780696392059e-03
1.658151298761367798e-02
1.944075711071491241e-02
7.230220735073089600e-02
-5.931570380926132202e-02
-1.032899599522352219e-02
1.449887175112962723e-02
1.985110109671950340e-03
2.635452197864651680e-03
3.816992416977882385e-02
3.955744672566652298e-03
4.282737150788307190e-03
6.050097756087779999e-03
4.083851724863052368e-02
7.953389547765254974e-03
5.693361628800630569e-03
1.671733893454074860e-02
6.995504349470138550e-02
-3.916543349623680115e-02
2.629946358501911163e-02
-2.182419784367084503e-02
2.208536490797996521e-02
3.442650660872459412e-02
6.049527972936630249e-02
-3.250650689005851746e-02
7.106098812073469162e-03
-6.928014755249023438e-02
1.808839887380599976e-01
3.766534477472305298e-02
-1.253604609519243240e-02
-1.400181055068969727e-01
-2.068598009645938873e-02
8.076049387454986572e-02
1.156852021813392639e-01
4.564337059855461121e-02
7.875270396471023560e-02
4.421491548418998718e-02
-2.605738863348960876e-02
-6.127717718482017517e-02
1.179949566721916199e-02
5.884106084704399109e-02
2.929531782865524292e-02
-1.630793907679617405e-03
1.734082847833633423e-01
-5.301721021533012390e-02
7.398896850645542145e-03
4.233128204941749573e-02
1.245408654212951660e-01
3.500982746481895447e-02
4.909963533282279968e-02
-4.085057973861694336e-02
1.386827528476715088e-01
-1.058182790875434875e-01
7.475268840789794922e-02
7.762468606233596802e-02
4.202376585453748703e-03
-1.894868537783622742e-02
-1.261143237352371216e-01
-5.886442959308624268e-02
-3.229391947388648987e-02
9.240927174687385559e-03
1.057412028312683105e-01
-1.191779505461454391e-02
8.001313209533691406e-01
-5.386969132814556360e-05
-3.269363567233085632e-02
-9.153984487056732178e-02
8.437708020210266113e-02
1.880212128162384033e-01
-9.487641975283622742e-03
3.742684796452522278e-02
-2.625301666557788849e-02
4.126172047108411789e-03
2.016586810350418091e-01
-5.724040791392326355e-02
-5.684399232268333435e-02
-8.197804540395736694e-02
2.892173361033201218e-03
-5.925885960459709167e-02
-1.228049118071794510e-02
-7.821444422006607056e-02
1.250574551522731781e-02
1.224868698045611382e-03
1.473317667841911316e-02
-3.658171370625495911e-02
4.213592037558555603e-02
2.326133847236633301e-02
1.660469546914100647e-02
2.895286493003368378e-02
3.245904808863997459e-03
2.309093996882438660e-02
-1.186596509069204330e-02
1.225519366562366486e-02
1.546571613289415836e-03
1.762803643941879272e-02
2.991728298366069794e-02
1.429174281656742096e-02
-1.489760726690292358e-02
5.046701524406671524e-03
9.893372654914855957e-03
-1.396435499191284180e-02
1.712155994027853012e-03
-1.967450045049190521e-02
-4.427210986614227295e-02
9.445056319236755371e-03
-1.247894112020730972e-02
-3.312947601079940796e-02
2.494958043098449707e-02
-2.950730174779891968e-02
-3.885718435049057007e-02
-1.270545180886983871e-02
3.029610961675643921e-02
3.348661959171295166e-02
-2.792400494217872620e-02
-5.374526977539062500e-02
-1.322737708687782288e-02
-2.220176532864570618e-02
-1.725125499069690704e-02
2.511809952557086945e-02
1.096603348851203918e-01
1.640386413782835007e-03
5.000118166208267212e-03
-1.444413326680660248e-02
-4.321466013789176941e-02
3.782003419473767281e-03
-1.216597668826580048e-02
2.469953615218400955e-03
1.720551028847694397e-02
-3.469029814004898071e-02
-1.376202143728733063e-02
1.224390324205160141e-02
-3.002830594778060913e-02
5.224967375397682190e-02
5.843534693121910095e-02
-1.817654818296432495e-03
2.108196541666984558e-02
-2.326215244829654694e-02
3.201662749052047729e-02
-1.676347665488719940e-02
4.278871044516563416e-02
3.951312508434057236e-03
-1.923056691884994507e-02
4.059869796037673950e-02
6.208304688334465027e-02
1.358698960393667221e-02
3.737364336848258972e-02
7.032992783933877945e-03
8.259127847850322723e-03
1.349508576095104218e-02
-2.872183918952941895e-02
3.013947606086730957e-02
2.509294776245951653e-03
2.574189100414514542e-03
9.776063263416290283e-03
2.322762645781040192e-02
-3.094204887747764587e-02
-3.832426667213439941e-02
-8.871895819902420044e-02
-4.991371929645538330e-02
3.108752146363258362e-02
8.040213584899902344e-02
-4.780920222401618958e-02
-3.940305486321449280e-02
-3.972977399826049805e-02
-1.561491470783948898e-02
3.131951764225959778e-02
-4.409195482730865479e-02
1.117512490600347519e-02
-1.134379860013723373e-02
1.472601573914289474e-02
7.050225976854562759e-03
-1.329759806394577026e-01
1.973429508507251740e-02
-1.915510045364499092e-03
-5.395599454641342163e-02
1.741687953472137451e-02
2.709774300456047058e-02
2.092487551271915436e-02
-2.152536995708942413e-02
4.005378484725952148e-02
-3.139272565022110939e-03
-1.725905947387218475e-02
9.364206343889236450e-03
-7.051378488540649414e-02
3.624027827754616737e-03
2.668618783354759216e-02
-3.626697231084108353e-03
2.224009297788143158e-02
-1.538422890007495880e-02
7.459592819213867188e-02
3.034388273954391479e-02
-6.067360192537307739e-02
-1.389221940189599991e-02
2.852346375584602356e-02
4.032520577311515808e-02
1.209083106368780136e-02
6.820396520197391510e-03
2.523371763527393341e-02
4.210613295435905457e-02
-2.569984272122383118e-02
-4.105229675769805908e-02
-2.834343910217285156e-02
-1.252865139394998550e-02
-1.459185685962438583e-02
6.422867532819509506e-03
-6.285958737134933472e-02
-1.440385263413190842e-02
1.063312962651252747e-02
-1.637246459722518921e-01
4.570018965750932693e-03
-4.167978465557098389e-02
2.129379101097583771e-02
4.024080466479063034e-03
-2.610301785171031952e-02
-6.466933060437440872e-03
1.725769415497779846e-02
-1.946008764207363129e-02
-5.859600496478378773e-04
-1.253832876682281494e-02
6.452433764934539795e-03
-1.760405860841274261e-02
2.101651392877101898e-02
1.110699027776718140e-02
2.349796518683433533e-02
-7.469640695489943027e-04
4.160589352250099182e-02
2.419880358502268791e-03
-1.260355953127145767e-02
4.867714270949363708e-02
-2.867847494781017303e-02
-1.970215886831283569e-02
-3.163439035415649414e-02
-2.532935701310634613e-02
2.816765196621417999e-02
-8.994967676699161530e-03
-8.450937271118164062e-02
-3.780826553702354431e-02
-2.234263159334659576e-02
9.547088295221328735e-03
1.890376955270767212e-02
-1.236724760383367538e-02
-5.550380423665046692e-02
-8.153395354747772217e-02
8.284073323011398315e-03
-1.893934793770313263e-02
-2.616447396576404572e-02
-7.527492009103298187e-03
6.814341992139816284e-03
-6.244390085339546204e-02
-4.800817463546991348e-03
2.825370803475379944e-02
2.364208549261093140e-02
-1.027023047208786011e-01
-8.147613145411014557e-03
3.738660365343093872e-02
-2.143737860023975372e-02
-2.748325839638710022e-02
-7.640247046947479248e-02
1.059863809496164322e-02
6.363874673843383789e-02
-5.377814173698425293e-03
-1.096764281392097473e-01
5.472581461071968079e-02
-7.124154362827539444e-03
5.211103335022926331e-02
-6.582149770110845566e-03
2.947645075619220734e-02
-3.621087595820426941e-02
-3.427598997950553894e-02
3.176545724272727966e-03
-3.317882493138313293e-02
-1.041190326213836670e-02
-3.467551246285438538e-02
1.183740980923175812e-02
1.000721901655197144e-01
1.122524123638868332e-02
-2.908228524029254913e-02
-5.761528015136718750e-02
4.369211941957473755e-02
3.952615428715944290e-03
1.519593503326177597e-02
-1.550235785543918610e-02
6.915652658790349960e-03
4.143336787819862366e-02
-1.930140517652034760e-02
4.990480095148086548e-02
-1.742055267095565796e-01
1.012184470891952515e-01
-9.484168142080307007e-02
1.955117471516132355e-02
-1.844661310315132141e-02
2.297730371356010437e-02
-5.548877175897359848e-03
-1.419356185942888260e-02
-3.934989869594573975e-02
1.470718532800674438e-01
-4.201555252075195312e-02
-1.822009868919849396e-02
-1.906374283134937286e-02
1.265871245414018631e-02
-2.040982805192470551e-02
-4.695038311183452606e-03
5.589653737843036652e-03
-1.801586709916591644e-02
3.888482227921485901e-02
2.275073900818824768e-02
3.416218236088752747e-02
-3.150525316596031189e-02
-5.731697753071784973e-02
2.379129454493522644e-02
-8.720078505575656891e-03
4.444293677806854248e-03
3.642620891332626343e-02
1.586087979376316071e-02
-5.337211489677429199e-02
-1.096202339977025986e-02
-6.524840742349624634e-02
2.877446636557579041e-02
3.992594778537750244e-03
1.035673543810844421e-02
-4.276329651474952698e-02
-6.486960500478744507e-02
1.611913740634918213e-02
-5.223287269473075867e-03
-3.373480960726737976e-02
9.593248250894248486e-04
5.998828262090682983e-02
2.821433125063776970e-03
4.235794022679328918e-02
4.752415418624877930e-02
-5.033343564718961716e-03
3.781377524137496948e-02
-1.425621658563613892e-02
2.520525828003883362e-02
-2.093643695116043091e-02
5.745699256658554077e-02
-6.150475516915321350e-02
-8.233476430177688599e-03
-3.438657894730567932e-02
3.270003572106361389e-02
2.580741234123706818e-02
-9.031372517347335815e-02
4.514848068356513977e-02
-4.036001395434141159e-03
-4.462358728051185608e-02
1.476643513888120651e-02
8.946486748754978180e-03
9.674112312495708466e-03
-4.380158148705959320e-03
-3.363917022943496704e-02
-1.846093917265534401e-03
3.945326805114746094e-02
-1.452238392084836960e-02
7.811395917087793350e-03
-1.030753087252378464e-02
-2.249767072498798370e-02
5.229063332080841064e-02
2.668666839599609375e-02
-7.975321263074874878e-02
5.848764340043999255e-05
-8.401154540479183197e-03
-1.950404979288578033e-02
-6.226467341184616089e-02
1.031606458127498627e-02
3.631670400500297546e-02
-3.253528615459799767e-03
2.943668328225612640e-02
-6.813243776559829712e-02
-1.132106687873601913e-02
-1.107583637349307537e-03
3.714045276865363121e-03
-1.235028379596769810e-03
2.749801240861415863e-02
-1.236678101122379303e-02
1.201935950666666031e-02
-2.263534814119338989e-01
1.663362607359886169e-02
6.310302764177322388e-02
-4.919998347759246826e-02
5.854538641870021820e-03
2.174089476466178894e-02
1.112539228051900864e-02
4.646513238549232483e-02
3.003990091383457184e-02
-6.259818375110626221e-02
-7.259321212768554688e-02
2.939581125974655151e-02
-1.833552308380603790e-02
2.923869527876377106e-02
7.124182581901550293e-02
3.396347537636756897e-02
-7.932297140359878540e-02
2.601053006947040558e-02
-1.235464494675397873e-02
1.323318574577569962e-02
-1.094826385378837585e-01
7.231415063142776489e-02
2.958941273391246796e-02
2.090298756957054138e-02
-1.089003831148147583e-01
8.737595635466277599e-04
-1.507090181112289429e-01
-3.615941386669874191e-03
8.267248049378395081e-03
-4.262851178646087646e-02
-5.683396756649017334e-02
7.630888838320970535e-03
-4.056253656744956970e-02
2.599128894507884979e-02
2.300405800342559814e-01
-8.813284337520599365e-03
-4.521497525274753571e-03
-1.818736456334590912e-02
7.034591585397720337e-02
-5.496480688452720642e-02
-1.490060705691576004e-02
4.357137903571128845e-02
3.112009167671203613e-02
2.221774868667125702e-02
9.043221175670623779e-02
1.481329090893268585e-02
2.310484275221824646e-02
-4.420811310410499573e-02
-2.352616051211953163e-03
-5.290722474455833435e-02
2.609208039939403534e-02
-5.186181887984275818e-02
2.308981725946068764e-03
1.165601238608360291e-02
1.873812265694141388e-02
2.383858710527420044e-02
-1.538790389895439148e-02
1.000737119466066360e-02
-2.024278603494167328e-02
2.953773736953735352e-02
7.466284185647964478e-02
2.595937252044677734e-02
1.821906864643096924e-02
-1.830456964671611786e-02
9.608580730855464935e-03
5.754760280251502991e-02
1.412986777722835541e-02
-3.129198029637336731e-02
2.569155953824520111e-02
7.703873515129089355e-02
-2.628988027572631836e-02
-3.696930781006813049e-02
1.530988235026597977e-02
3.797627240419387817e-02
8.660240098834037781e-03
1.136434078216552734e-02
1.274330541491508484e-02
5.853803083300590515e-02
2.396651171147823334e-02
2.024824498221278191e-04
4.011146724224090576e-02
7.917207665741443634e-03
-1.124312449246644974e-02
5.976152792572975159e-02
5.713892169296741486e-03
2.346171438694000244e-02
4.249883070588111877e-02
-2.590644173324108124e-03
5.228916928172111511e-02
-7.746892515569925308e-03
3.067267499864101410e-02
2.091144770383834839e-02
5.368951708078384399e-03
-1.748014390468597412e-01
-1.327901929616928101e-01
4.273036122322082520e-02
9.036079049110412598e-03
2.474027685821056366e-02
3.819892881438136101e-03
3.766442835330963135e-02
4.269024729728698730e-02
4.012576118111610413e-02
-2.090176194906234741e-02
-7.498484104871749878e-02
1.154831647872924805e-01
6.018048152327537537e-03
1.109210681170225143e-02
-2.599805407226085663e-02
3.968549147248268127e-02
5.168428644537925720e-02
-6.366854999214410782e-03
-6.781312078237533569e-02
-5.201267078518867493e-02
1.239615259692072868e-03
-2.007693611085414886e-02
-2.922443673014640808e-03
-1.587393879890441895e-02
-2.237633243203163147e-02
5.629888176918029785e-02
4.053338989615440369e-02
-5.981834605336189270e-03
-1.749109290540218353e-02
9.306381456553936005e-03
1.237092446535825729e-02
1.312902569770812988e-01
3.030852414667606354e-03
-5.899136420339345932e-03
3.195744007825851440e-02
-3.718094155192375183e-02
1.616371423006057739e-02
-4.651933163404464722e-02
4.178298264741897583e-02
7.943148165941238403e-02
6.158954929560422897e-03
-5.171551182866096497e-02
-3.244616091251373291e-02
3.605942707508802414e-03
1.047566160559654236e-02
-3.713654354214668274e-02
-7.840041816234588623e-02
-2.329232916235923767e-02
5.402150563895702362e-03
-1.463504880666732788e-02
-4.449779167771339417e-03
-3.163474798202514648e-02
7.610058039426803589e-02
1.634158752858638763e-02
-5.040131881833076477e-02
1.605385914444923401e-02
-1.563940895721316338e-03
-7.433000952005386353e-02
-8.558542281389236450e-02
-1.768416911363601685e-02
5.020038411021232605e-02
2.251276746392250061e-02
1.095954403281211853e-01
-1.752427592873573303e-02
8.557109162211418152e-03
-2.050168626010417938e-02
8.873912692070007324e-02
6.024895608425140381e-02
-4.137945175170898438e-02
-2.290315367281436920e-02
5.719411652535200119e-03
-3.519879654049873352e-02
7.384218275547027588e-02
-3.425477445125579834e-02
6.298849731683731079e-02
-1.546477377414703369e-01
1.690295711159706116e-02
-7.072763144969940186e-02
5.054564028978347778e-02
-3.355909511446952820e-02
-3.864367306232452393e-02
2.721910364925861359e-02
-6.386248022317886353e-02
-6.450958549976348877e-03
-3.623968735337257385e-02
-1.679765991866588593e-02
1.763836294412612915e-02
4.970592912286520004e-03
-3.219912946224212646e-02
2.294659055769443512e-02
2.278509922325611115e-02
-2.504140324890613556e-02
9.900974109768867493e-04
-1.777602173388004303e-02
-7.468816637992858887e-02
-2.264031954109668732e-02
-4.081955924630165100e-02
1.835976727306842804e-02
1.846314221620559692e-02
-7.077337801456451416e-02
2.038554288446903229e-02
2.272680588066577911e-02
2.380865626037120819e-03
-6.253436673432588577e-03
-1.999438926577568054e-02
-3.368084877729415894e-02
-9.719269722700119019e-02
1.049817190505564213e-03
2.436799404677003622e-04
1.152851432561874390e-02
-3.600150719285011292e-02
2.877830713987350464e-02
9.933159686625003815e-03
3.725961968302726746e-02
1.035989494994282722e-03
-2.107235416769981384e-02
6.879581511020660400e-02
-3.458375111222267151e-02
5.444898456335067749e-02
2.300572022795677185e-02
1.889084838330745697e-02
6.100272759795188904e-02
-4.896311089396476746e-02
2.977715572342276573e-03
9.800036204978823662e-04
