9.121828712522983551e-03
-1.894156821072101593e-02
-4.244254156947135925e-02
-1.484512537717819214e-02
-5.608227569609880447e-03
3.215508535504341125e-02
1.437707059085369110e-02
-5.477095255628228188e-04
9.705840796232223511e-02
3.506160527467727661e-02
-2.008686959743499756e-02
3.019605064764618874e-03
1.828454062342643738e-02
-3.841122239828109741e-02
-4.056897759437561035e-02
-1.064042653888463974e-02
-1.888608001172542572e-02
-2.181128226220607758e-02
-1.281013130210340023e-03
3.136808052659034729e-02
1.635518856346607208e-02
3.576746210455894470e-02
-2.731842175126075745e-02
-1.160490978509187698e-02
-6.323386332951486111e-04
7.163925562053918839e-03
8.418457582592964172e-03
7.002170197665691376e-03
-2.605280466377735138e-02
-8.839661604724824429e-04
-1.432391256093978882e-01
-2.295916154980659485e-02
1.905610226094722748e-02
-2.122616861015558243e-03
-1.297898869961500168e-02
1.007733270525932312e-01
-3.082890436053276062e-02
1.646837219595909119e-02
-3.089418262243270874e-02
-1.304484456777572632e-01
-1.127663534134626389e-02
6.561927963048219681e-03
1.578640379011631012e-02
-6.660280376672744751e-02
-1.666226238012313843e-02
-8.488653227686882019e-03
-5.008236691355705261e-02
7.841119077056646347e-04
3.093060851097106934e-02
1.998222246766090393e-02
1.342139579355716705e-02
-3.376924619078636169e-02
-8.565281331539154053e-02
4.594808444380760193e-02
-1.598175987601280212e-02
6.772818975150585175e-03
-1.228042226284742355e-02
1.537288539111614227e-02
3.144829869270324707e-01
5.318157002329826355e-02
-1.125426124781370163e-02
1.224029436707496643e-02
-3.322816640138626099e-02
-6.400213111191987991e-03
1.117289159446954727e-02
-2.259294316172599792e-02
4.746979847550392151e-02
-1.417271513491868973e-02
4.427259042859077454e-02
-1.838214136660099030e-02
1.013651769608259201e-02
-1.369876228272914886e-02
-7.038618624210357666e-02
8.370551280677318573e-03
4.148770123720169067e-02
-3.898502141237258911e-02
-4.582290723919868469e-02
4.505698755383491516e-02
2.008203975856304169e-02
-5.368403345346450806e-02
-5.093697458505630493e-03
5.159389227628707886e-03
2.389859594404697418e-02
-6.895583122968673706e-02
7.602918148040771484e-02
1.212918292731046677e-02
-6.302824709564447403e-03
2.193017862737178802e-02
2.800634130835533142e-02
7.118047680705785751e-03
9.763098321855068207e-03
-6.448183953762054443e-02
6.763241253793239594e-03
1.828246191143989563e-02
-2.508499193936586380e-03
-2.008956298232078552e-02
3.737453743815422058e-02
-3.605145588517189026e-02
-1.493434328585863113e-02
3.160637244582176208e-02
-1.506697665899991989e-02
1.642336882650852203e-02
-1.976793631911277771e-02
8.844929747283458710e-03
8.196949027478694916e-03
-1.021718513220548630e-02
-1.348714530467987061e-02
6.958669051527976990e-03
3.241249173879623413e-02
-3.748124092817306519e-02
-2.363552898168563843e-02
-1.524546300061047077e-03
-5.769792571663856506e-02
-1.331690233200788498e-02
-7.601059507578611374e-03
-2.848003758117556572e-03
6.958482414484024048e-02
-3.290168195962905884e-02
1.199246197938919067e-02
-2.322541316971182823e-03
9.968077763915061951e-03
-1.077645923942327499e-02
-1.473876275122165680e-02
-1.024569850414991379e-02
-2.216176874935626984e-02
1.028617098927497864e-02
4.389943927526473999e-02
3.967897035181522369e-03
-1.058048568665981293e-02
9.041395783424377441e-02
-6.228373199701309204e-02
-4.775193985551595688e-03
-2.423709444701671600e-02
-5.701305344700813293e-03
3.999706730246543884e-02
-2.851359080523252487e-03
-1.208407729864120483e-01
-3.298632800579071045e-02
-1.271892935037612915e-01
-1.950089121237397194e-03
-1.480649709701538086e-01
-1.414642436429858208e-03
-2.859034948050975800e-02
9.322458063252270222e-04
-2.843008004128932953e-02
-3.484557196497917175e-02
-7.141320500522851944e-03
-2.857510931789875031e-02
-1.820896752178668976e-02
6.916680838912725449e-03
1.353803556412458420e-02
2.485684119164943695e-02
-4.354835301637649536e-02
-3.049113787710666656e-02
7.543055340647697449e-03
4.577576741576194763e-02
-6.335926800966262817e-02
-2.748211473226547241e-02
-6.176203489303588867e-02
1.508635655045509338e-02
-1.416924130171537399e-02
-3.016968071460723877e-02
6.025341898202896118e-02
6.850637495517730713e-03
-1.850909367203712463e-02
2.455247193574905396e-02
7.511468231678009033e-02
-1.918411999940872192e-02
-4.157055169343948364e-03
3.375038970261812210e-03
1.578077487647533417e-02
2.021700376644730568e-03
1.818403787910938263e-02
-1.454806327819824219e-02
2.939887158572673798e-02
2.374601364135742188e-02
1.515243854373693466e-02
1.617694622837007046e-03
-3.718711435794830322e-02
2.513463841751217842e-03
5.059554241597652435e-03
-5.109481979161500931e-03
4.941346123814582825e-03
4.077164456248283386e-02
2.082320861518383026e-02
-8.227245509624481201e-02
-6.810538470745086670e-02
1.208255067467689514e-02
-1.297281216830015182e-02
6.218826770782470703e-02
1.107971519231796265e-01
4.261862859129905701e-02
-1.114301849156618118e-02
-1.414716523140668869e-02
3.749971510842442513e-03
-5.458327010273933411e-02
-4.215145111083984375e-02
9.760895743966102600e-03
-1.893587410449981689e-01
-2.712746709585189819e-02
1.142412051558494568e-01
2.855831198394298553e-02
1.096919476985931396e-01
-6.679464876651763916e-02
-3.121956065297126770e-02
-3.027124516665935516e-02
2.321090921759605408e-02
-2.259557694196701050e-02
-1.686754077672958374e-02
3.487732727080583572e-03
-8.637066930532455444e-02
-1.888420432806015015e-02
3.118244558572769165e-02
3.157326020300388336e-03
-4.561326932162046432e-03
-1.510149985551834106e-02
8.541383780539035797e-03
2.464008517563343048e-02
-4.482657648622989655e-03
3.141891956329345703e-02
-7.875866442918777466e-02
-6.910507082939147949e-01
-1.550281979143619537e-02
-4.301625490188598633e-02
1.306805573403835297e-02
-2.101968973875045776e-02
-4.941366612911224365e-02
-2.606173232197761536e-02
-3.375821514055132866e-03
-3.105847723782062531e-02
-5.412288382649421692e-02
3.773941425606608391e-03
3.085166215896606445e-02
2.310550771653652191e-03
1.200091280043125153e-02
-1.949224807322025299e-02
-4.044824466109275818e-02
-4.103882703930139542e-03
3.549008630216121674e-03
-1.217690203338861465e-02
1.311965659260749817e-02
2.481327950954437256e-02
2.283750660717487335e-02
-1.104286611080169678e-01
3.705897554755210876e-02
2.164478227496147156e-02
2.585354447364807129e-02
7.564632594585418701e-02
-2.319726627320051193e-03
-3.653705120086669922e-02
-1.680909655988216400e-02
2.997990511357784271e-02
-5.968729034066200256e-03
1.173718832433223724e-03
-6.469769403338432312e-03
-1.528492476791143417e-02
8.657047897577285767e-02
9.361147135496139526e-02
3.917434811592102051e-02
-1.617543026804924011e-02
4.073500167578458786e-03
-6.088019907474517822e-02
4.136504605412483215e-02
-3.685313090682029724e-02
2.538897283375263214e-02
1.001688931137323380e-02
-2.539318427443504333e-02
-1.753034442663192749e-02
-6.100866943597793579e-02
-6.510429549962282181e-03
-1.140925586223602295e-01
2.533020265400409698e-02
6.594485603272914886e-03
3.778176754713058472e-02
1.314775794744491577e-01
-6.195321306586265564e-02
4.935336858034133911e-02
3.956727311015129089e-02
-5.844759196043014526e-02
2.412228845059871674e-02
-7.725138682872056961e-03
4.691410809755325317e-03
9.883408993482589722e-02
4.761469084769487381e-03
-2.485275082290172577e-02
2.755018882453441620e-02
-4.380284342914819717e-03
5.798293277621269226e-02
1.889994740486145020e-02
-4.125551506876945496e-02
-3.365267440676689148e-02
-8.988091349601745605e-02
4.470435529947280884e-02
-9.865946322679519653e-02
7.155307382345199585e-02
6.194981187582015991e-02
2.408295869827270508e-03
-3.823641315102577209e-02
5.352202802896499634e-02
-5.508554168045520782e-03
2.720155287533998489e-03
-2.020760439336299896e-02
9.127244949340820312e-01
7.751325517892837524e-02
2.245020866394042969e-02
-1.535111293196678162e-02
-3.565826267004013062e-02
4.871830344200134277e-02
-1.332760439254343510e-03
6.043275818228721619e-02
-3.373329713940620422e-02
-2.744700014591217041e-02
8.256517350673675537e-02
-1.821327395737171173e-02
-8.795219659805297852e-02
5.431527271866798401e-03
-3.298037126660346985e-02
5.197361111640930176e-02
-8.713055402040481567e-03
-7.929120957851409912e-02
3.438026178628206253e-03
3.415338695049285889e-03
-3.613714361563324928e-03
3.518783673644065857e-02
6.562486290931701660e-02
-2.316083572804927826e-02
-7.610418833792209625e-03
-1.624944247305393219e-02
-1.073457859456539154e-02
-6.162536330521106720e-03
2.992180176079273224e-02
9.843147359788417816e-03
-1.839959993958473206e-03
7.067666947841644287e-02
7.904355227947235107e-02
-5.278461799025535583e-02
3.997832164168357849e-02
1.695163920521736145e-02
5.004616454243659973e-02
1.206792797893285751e-02
6.890652328729629517e-02
-3.922321647405624390e-02
9.904116392135620117e-02
6.007235869765281677e-02
-1.101021766662597656e-01
-1.288993060588836670e-01
-2.669465541839599609e-02
-5.382088944315910339e-03
-4.332604259252548218e-02
2.672118321061134338e-02
1.136284228414297104e-02
-2.483661472797393799e-02
-4.440569132566452026e-02
-4.756701737642288208e-02
-1.796965114772319794e-02
-1.495421864092350006e-03
3.346090670675039291e-03
6.422476470470428467e-02
6.877279281616210938e-02
-1.771441102027893066e-02
1.532123889774084091e-02
-2.458208799362182617e-02
-2.333411946892738342e-02
1.527607068419456482e-02
1.083909533917903900e-02
2.267918922007083893e-02
-2.921239240095019341e-03
-2.569396793842315674e-02
4.869748651981353760e-02
-5.081879720091819763e-02
4.653802886605262756e-02
2.396844513714313507e-02
-3.749127313494682312e-02
6.883764266967773438e-02
-3.751676157116889954e-02
-4.624256491661071777e-02
-3.841380029916763306e-02
-2.397198416292667389e-02
1.176893152296543121e-02
2.201507426798343658e-02
-3.295678645372390747e-02
-4.487285017967224121e-02
2.142452262341976166e-02
-2.142655476927757263e-02
1.153037883341312408e-02
5.303243547677993774e-02
3.789486736059188843e-02
3.913399204611778259e-02
2.971712127327919006e-02
7.704393565654754639e-02
-5.081078782677650452e-02
-1.752282306551933289e-02
6.901700049638748169e-03
3.510922426357865334e-03
1.228994317352771759e-02
-2.274258993566036224e-02
4.572746157646179199e-02
5.527836270630359650e-03
-4.048725590109825134e-02
9.867088869214057922e-03
-5.186380818486213684e-02
-7.899390906095504761e-02
4.880728572607040405e-02
8.390931179746985435e-05
1.064139381051063538e-01
-4.321508482098579407e-02
-3.013356775045394897e-02
2.117020450532436371e-02
8.574258536100387573e-03
2.206541784107685089e-02
-9.782652556896209717e-02
4.268926382064819336e-02
2.217965573072433472e-02
-3.153053671121597290e-02
2.600013650953769684e-02
2.481383830308914185e-02
5.127803888171911240e-03
-6.607492454349994659e-03
-5.825108289718627930e-02
8.972859941422939301e-03
-2.631652355194091797e-02
7.624416798353195190e-02
-1.135034020990133286e-02
4.486539587378501892e-02
3.502868488430976868e-02
3.781711310148239136e-02
2.459971234202384949e-02
-7.081991434097290039e-02
-5.057721212506294250e-02
6.941055506467819214e-02
-3.531464561820030212e-02
-1.807454973459243774e-02
6.111019104719161987e-02
5.663429386913776398e-03
3.203074261546134949e-02
-7.383056730031967163e-02
2.200971357524394989e-02
6.157791614532470703e-02
9.156491141766309738e-04
-7.476803660392761230e-02
-2.372479066252708435e-02
2.915075980126857758e-03
-8.318529464304447174e-03
1.568148285150527954e-02
-5.661338195204734802e-02
3.156161634251475334e-03
2.834276854991912842e-02
-4.233783110976219177e-02
2.634493634104728699e-03
-2.162346802651882172e-02
3.580340743064880371e-02
1.697839051485061646e-02
-3.676902502775192261e-02
3.812176361680030823e-02
-1.616781949996948242e-02
1.681489311158657074e-02
3.704373911023139954e-02
-3.450058167800307274e-03
9.309975057840347290e-02
-1.056262552738189697e-01
-3.313263878226280212e-03
-5.407661199569702148e-02
3.591674566268920898e-02
-4.415282979607582092e-02
4.245901480317115784e-02
3.002829104661941528e-02
1.557944528758525848e-02
2.068935707211494446e-02
-2.825159206986427307e-02
-9.551979601383209229e-02
3.354070335626602173e-02
8.499780297279357910e-02
-3.851704066619277000e-03
-4.179078154265880585e-03
-6.032973900437355042e-02
-2.798714116215705872e-02
1.103093195706605911e-02
-1.448263786733150482e-02
7.663930207490921021e-02
7.002171128988265991e-02
-3.580972924828529358e-02
1.572997868061065674e-02
1.018746383488178253e-02
-3.784685581922531128e-02
6.699536606902256608e-05
8.279343135654926300e-03
4.838310554623603821e-02
3.118856810033321381e-02
2.854653168469667435e-03
7.129033654928207397e-02
4.863308276981115341e-03
-3.240113332867622375e-02
7.099425047636032104e-02
2.199204638600349426e-02
-7.780493795871734619e-02
1.685534790158271790e-02
-1.888443343341350555e-02
1.720324531197547913e-02
6.843427568674087524e-02
1.472061779350042343e-02
1.721958443522453308e-02
-2.527022967115044594e-03
-3.694481030106544495e-02
-2.535066939890384674e-02
-7.878628559410572052e-03
-1.119175646454095840e-02
1.591236330568790436e-02
-8.372954279184341431e-02
-3.664923086762428284e-02
2.105831168591976166e-02
-2.820734493434429169e-02
-3.534682467579841614e-02
-1.300078071653842926e-02
2.513809129595756531e-02
-2.102073095738887787e-02
-2.342682518064975739e-02
-8.147305995225906372e-02
-6.788197439163923264e-03
6.186775118112564087e-02
2.964887581765651703e-02
-1.168288290500640869e-02
-2.753460220992565155e-02
6.847549974918365479e-02
-6.074253842234611511e-02
-4.891961067914962769e-02
-6.603347719646990299e-04
3.895942494273185730e-02
-2.640130557119846344e-02
-6.503079086542129517e-02
-7.525246590375900269e-02
-5.109483376145362854e-02
-5.523921921849250793e-02
-7.908298075199127197e-02
2.445434452965855598e-03
3.502772003412246704e-02
7.020931690931320190e-02
1.921536750160157681e-03
9.623270481824874878e-03
4.755569994449615479e-02
2.619116753339767456e-02
-4.672233760356903076e-02
1.162132713943719864e-02
3.029811754822731018e-02
-2.279441244900226593e-02
-9.560327045619487762e-03
-2.243825048208236694e-02
6.953600049018859863e-02
-3.227517753839492798e-02
-4.778235778212547302e-02
7.726053707301616669e-03
-5.243251100182533264e-03
3.394896339159458876e-04
-1.829289458692073822e-02
-4.419833421707153320e-03
5.760679766535758972e-02
-6.023907288908958435e-02
5.172235518693923950e-02
7.771881646476686001e-04
8.175556547939777374e-03
-7.052316330373287201e-03
4.222483560442924500e-02
4.405039921402931213e-02
-3.302250429987907410e-02
1.803153380751609802e-02
-1.420427020639181137e-02
-4.163759574294090271e-02
-1.238018646836280823e-02
8.927856571972370148e-03
3.865947574377059937e-02
9.138389490544795990e-03
-3.534680930897593498e-03
1.052712928503751755e-02
-5.081973969936370850e-02
3.514962643384933472e-02
-1.356294471770524979e-02
-1.146051734685897827e-01
-8.299184590578079224e-02
-4.195586219429969788e-02
1.437591109424829483e-02
-1.634112559258937836e-02
-5.894858762621879578e-02
-1.418639323674142361e-03
3.188841789960861206e-02
3.312958776950836182e-02
-1.217578072100877762e-02
1.058246493339538574e-01
7.788444403558969498e-03
4.933320730924606323e-02
-4.167857393622398376e-02
-5.299092736095190048e-03
-3.107562474906444550e-02
-2.561637386679649353e-02
9.276183322072029114e-03
-9.630046784877777100e-03
-3.051818534731864929e-02
6.534111499786376953e-02
1.061350200325250626e-02
-1.387025415897369385e-01
-4.314501956105232239e-02
-3.481369838118553162e-02
-2.818915620446205139e-02
-7.714500185102224350e-03
-1.123842317610979080e-03
-4.523266106843948364e-03
7.849400863051414490e-03
3.996934369206428528e-02
1.808203011751174927e-02
4.685901850461959839e-02
7.747446000576019287e-02
-2.396246790885925293e-02
-3.470570966601371765e-02
1.708295196294784546e-02
-1.313519850373268127e-02
2.414257964119315147e-03
2.920663729310035706e-02
-1.368997804820537567e-02
8.892493322491645813e-03
-6.072572246193885803e-02
3.096612356603145599e-02
4.519674181938171387e-02
1.378450077027082443e-02
3.441078215837478638e-02
2.434664173051714897e-03
2.792779728770256042e-02
3.350759670138359070e-02
2.123054675757884979e-02
-2.306250669062137604e-02
2.113658562302589417e-02
-5.988177284598350525e-02
1.566699147224426270e-02
6.789852678775787354e-02
-4.230824112892150879e-02
-1.754205301403999329e-02
2.468961477279663086e-02
-7.694718241691589355e-02
4.598519578576087952e-02
-5.925203114748001099e-02
-8.767358027398586273e-03
-4.180638492107391357e-02
-4.048218578100204468e-02
-6.107824295759201050e-02
6.355261895805597305e-03
4.092510789632797241e-02
6.980191916227340698e-02
1.254993770271539688e-02
-5.080132279545068741e-03
-2.354557067155838013e-02
4.362299107015132904e-03
5.306440591812133789e-02
-4.642572999000549316e-02
8.156751282513141632e-03
4.346854239702224731e-02
1.996513269841670990e-02
-7.421616464853286743e-02
1.269015047000721097e-04
4.229438677430152893e-02
-3.768537566065788269e-02
2.294057421386241913e-02
9.693381935358047485e-02
1.062796637415885925e-02
-1.102674100548028946e-02
-4.607828706502914429e-02
-6.703777611255645752e-02
-4.936757683753967285e-02
4.221059009432792664e-02
-1.161852627992630005e-01
3.799062967300415039e-02
2.108434028923511505e-02
-4.308734834194183350e-02
3.971028700470924377e-02
1.332948822528123856e-02
5.548623856157064438e-03
8.361376076936721802e-02
-1.346364244818687439e-02
-4.103161767125129700e-02
2.114239335060119629e-02
-3.169242525473237038e-03
2.157622948288917542e-02
3.472770377993583679e-02
6.056236475706100464e-02
-3.839873149991035461e-02
-5.372412502765655518e-03
6.871628761291503906e-02
1.518313288688659668e-01
2.093925513327121735e-02
-9.285074658691883087e-03
3.969004750251770020e-02
-9.354972094297409058e-02
4.822446499019861221e-03
-3.777187317609786987e-03
4.500549752265214920e-03
-9.881968609988689423e-03
-7.978872954845428467e-02
-1.604021713137626648e-02
4.180615022778511047e-02
-1.212488207966089249e-02
2.645993232727050781e-02
7.204312086105346680e-02
-6.179540231823921204e-02
-7.550626248121261597e-02
2.605733461678028107e-02
-6.665605306625366211e-02
3.221882507205009460e-02
-5.591541063040494919e-03
-9.613512083888053894e-03
-3.050323110073804855e-03
4.758755862712860107e-02
3.387997671961784363e-02
-2.674698643386363983e-02
5.371824372559785843e-03
5.952476337552070618e-02
6.185491755604743958e-02
-1.884698495268821716e-02
1.053390931338071823e-02
5.330556631088256836e-02
-1.053550164215266705e-03
1.311931759119033813e-02
-1.366853713989257812e-01
-5.392903089523315430e-02
-3.267583996057510376e-02
7.162361592054367065e-02
-4.865460470318794250e-02
4.762297030538320541e-03
1.006980761885643005e-01
1.663455367088317871e-02
-1.095437034964561462e-01
3.525485470890998840e-02
-3.062590584158897400e-02
5.676459893584251404e-02
8.369839750230312347e-03
-3.684922307729721069e-02
-5.136400088667869568e-02
9.991858154535293579e-03
2.181680500507354736e-02
1.979952445253729820e-03
2.076856605708599091e-02
2.924328669905662537e-02
-8.150613307952880859e-02
-7.114432007074356079e-02
-1.751278899610042572e-02
-1.145482901483774185e-02
5.196769908070564270e-02
1.876182667911052704e-02
-1.614757068455219269e-02
-4.744040220975875854e-02
2.196568623185157776e-02
5.176173895597457886e-02
7.341664284467697144e-02
7.575050927698612213e-03
4.084048420190811157e-02
8.508547209203243256e-03
-9.777932614088058472e-02
-2.009141817688941956e-02
-1.508210450410842896e-01
-2.635266166180372238e-03
-2.079915022477507591e-03
-8.583590388298034668e-03
2.026694267988204956e-02
1.252408511936664581e-02
-3.697536521940492094e-05
5.096548423171043396e-02
6.984177976846694946e-02
5.398006364703178406e-02
2.900375053286552429e-02
-7.857554405927658081e-02
3.692182712256908417e-03
-2.478778362274169922e-02
-1.995503902435302734e-03
-3.930631652474403381e-02
-3.390758484601974487e-02
1.420877687633037567e-02
-4.027843475341796875e-02
-3.713106736540794373e-02
5.172830447554588318e-02
1.645928062498569489e-02
-1.750474795699119568e-02
6.230091676115989685e-03
5.981073901057243347e-02
-1.001251339912414551e-01
5.044978111982345581e-03
4.778837785124778748e-03
2.773246169090270996e-02
3.251367062330245972e-02
-5.692254006862640381e-02
8.969720453023910522e-03
6.731318682432174683e-02
-1.021702438592910767e-01
2.174838632345199585e-02
-7.847912609577178955e-03
3.196998964995145798e-03
-4.551473632454872131e-02
-2.715206705033779144e-02
-5.556642636656761169e-02
-4.194502905011177063e-02
9.630410000681877136e-03
-3.447912633419036865e-02
6.697730161249637604e-03
3.843373060226440430e-02
-1.515411026775836945e-02
5.436749383807182312e-02
3.881573677062988281e-02
-8.542023599147796631e-02
-3.981404751539230347e-02
-4.827173426747322083e-02
5.995222367346286774e-03
2.306865528225898743e-02
5.306955054402351379e-02
1.690034940838813782e-02
-2.222557738423347473e-02
6.428010016679763794e-02
-9.039609879255294800e-02
5.668793618679046631e-02
-6.926489621400833130e-02
-1.063351146876811981e-02
3.045560047030448914e-02
3.564683720469474792e-02
-3.944084420800209045e-02
-5.205220077186822891e-03
-8.559402194805443287e-04
2.429581992328166962e-02
1.783297210931777954e-02
7.944781333208084106e-03
9.057778865098953247e-02
2.815008722245693207e-02
-1.555232796818017960e-02
2.454786188900470734e-02
-6.175069883465766907e-02
3.996862843632698059e-02
4.785097262356430292e-04
-5.600428208708763123e-02
-6.532710976898670197e-03
-5.457740649580955505e-02
