-0.00155510
-0.02754407
-0.05223406
-0.03925474
-0.00394762
0.02309413
0.00883575
0.00032538
0.05121145
0.02718891
-0.02064695
-0.00424306
0.02649779
-0.06926837
-0.04080961
-0.01244076
-0.00087384
-0.02143791
0.01563739
0.03964937
0.00723311
0.03286949
-0.03473661
-0.01984709
-0.00930715
0.02932439
0.00934701
0.03012444
-0.01501026
-0.00025164
-0.11183495
-0.01769389
0.01397089
-0.01288929
-0.02051345
0.08640110
-0.02644063
0.02590175
-0.01581293
-0.09726026
-0.01160988
-0.01793571
-0.02821024
-0.06786626
-0.01676298
0.03246762
-0.05310693
0.00105426
0.04562859
0.01449762
0.01758491
-0.04285150
-0.07763550
0.05585876
-0.03287575
0.00190735
0.00288565
0.00814742
0.36243260
0.05260961
-0.02923121
0.01308666
-0.00801540
-0.00422973
0.01737775
-0.01948450
0.02539571
-0.01484116
0.05272979
0.01713583
0.01994459
-0.01690222
-0.03959253
0.01651522
0.00976121
-0.05191839
-0.05578296
0.01583591
0.02685411
-0.02303763
-0.00352478
0.00941759
0.02720297
-0.01266715
0.04422446
0.01064330
-0.01001362
0.01061592
0.03835473
0.02666859
0.03268695
-0.04288727
0.03762862
0.00380993
-0.01001764
-0.01843815
0.03178977
-0.05000902
0.00919171
0.01139179
-0.01665578
-0.01889348
-0.01670759
0.02221589
0.01838512
-0.01642214
-0.00461021
0.01945993
0.02329462
-0.05530388
-0.01783077
0.00196093
-0.03480791
-0.02820902
-0.00489316
-0.01351084
0.06579565
-0.03708830
0.00717516
0.00247647
0.00862794
-0.00320964
-0.00970422
-0.00161714
-0.01366615
0.00988406
0.04974658
-0.00867737
-0.00117267
0.06428756
-0.03618821
-0.02222182
-0.01507326
-0.01187211
0.01969016
-0.00382801
-0.09017181
0.00751161
-0.13580225
0.01438393
-0.07991448
-0.01729177
-0.01131039
-0.00208236
-0.01808981
0.00755405
-0.02218277
-0.01398564
-0.02078667
-0.01881282
0.03018143
0.02738638
-0.03271739
-0.03100703
0.01144992
0.00638278
-0.03753473
-0.01472241
-0.06110175
0.00678511
-0.00004570
-0.03914528
0.05886253
-0.00584737
-0.00678366
0.03072814
0.05848233
-0.00692751
-0.00790976
0.02859576
0.02335329
-0.00301343
0.02768537
-0.00623463
0.04301048
0.03013027
0.03107276
-0.01377520
-0.03006446
-0.00271764
-0.03076404
-0.02153606
0.00740071
0.03420454
0.03070039
-0.06979601
-0.03539632
0.01321586
-0.00857983
0.06470641
0.07789015
0.04283803
-0.01148030
-0.01547246
0.00309979
-0.02281415
-0.02609428
0.01954885
-0.12418342
-0.04473320
0.12117976
0.03001498
0.08747759
-0.05181037
-0.01671315
-0.04144248
0.01280763
-0.00561588
-0.02239382
-0.01694808
-0.07121815
0.00068413
0.02411241
0.00418513
-0.01783288
-0.01186131
0.00209125
0.03777056
-0.00594816
0.03790495
-0.05303806
-0.74558687
-0.01508368
-0.04906484
-0.00139768
-0.01649004
-0.02583359
-0.04462922
0.00437151
-0.02496675
-0.03440158
-0.00942549
0.00735920
0.01883653
-0.00553781
-0.00538867
-0.04557227
0.00864616
0.00072136
-0.00372533
0.01004264
0.03548434
0.01140236
-0.10475570
0.02326958
0.02125821
0.03844535
0.06941801
0.01430763
-0.00869151
-0.01857366
0.03399563
0.01282223
0.00809594
-0.00617624
0.00323751
0.12936324
0.05514061
0.05150821
-0.05330085
0.05072049
-0.09161232
0.07631642
0.02364685
-0.03221163
0.13799627
0.08394994
0.10862747
-0.03412692
0.06020233
-0.06762617
0.14170443
0.00155728
0.04076008
0.05101208
-0.00859849
-0.07761440
-0.01833912
-0.06113060
0.04373989
0.04044415
0.04274480
0.09538060
-0.07919524
0.05284275
0.02883661
0.14162335
0.14491396
0.01888471
-0.04529016
0.05671482
-0.01345401
0.04111689
-0.00159772
0.11587957
0.01974930
-0.09663674
-0.01018231
-0.13052958
-0.02308339
0.06793067
-0.06598399
0.82952207
-0.06781917
-0.04555078
-0.08369000
0.03813478
-0.00431121
-0.10572354
0.07727081
-0.00485162
-0.07110987
-0.04870510
0.02021475
-0.10163455
-0.04641691
-0.01872984
0.00848641
0.09558834
-0.03921554
-0.02597648
0.03251264
0.00837056
0.04249576
0.01901563
-0.02953488
0.01107284
-0.03976398
0.00490822
0.00677456
-0.03055693
-0.04503326
-0.03663091
0.01211719
0.05419512
-0.04065885
0.02303737
0.03287538
0.02250915
-0.03927057
0.06777094
-0.00599669
0.03238865
0.02309141
-0.03844893
-0.09615161
-0.04327030
0.02130967
-0.01269908
-0.01428377
-0.02129613
0.01815780
-0.02180180
0.00652810
0.00718230
-0.08073644
-0.04234310
0.02147995
0.08210716
-0.05955679
-0.01490485
0.01233317
0.05263958
-0.01876416
-0.00207309
-0.01922672
-0.02329600
-0.01477691
-0.02354229
0.04367436
-0.00544089
0.02359497
0.04480571
0.08038963
0.03919700
0.00021930
0.00521501
-0.04248704
0.03099400
0.07924203
-0.00083719
-0.03964180
-0.00338750
-0.02302142
0.06005270
0.04945927
-0.00188669
0.05249649
-0.01391434
0.06577297
-0.07432505
0.02081805
-0.02100179
0.06774785
-0.01621741
0.03077196
0.02116681
0.02292773
-0.05945836
-0.05230707
-0.02006266
-0.07088635
0.06174571
0.00262744
0.05055927
0.01245003
-0.01252653
0.02883146
0.01290700
0.08815914
-0.09130787
0.02469543
0.05394833
0.01186548
0.07112314
-0.00121233
-0.01631646
-0.06656364
-0.05708918
0.02355053
0.02219410
0.09336792
-0.00407080
0.01833491
-0.00738206
-0.00243321
0.05360495
-0.10975364
0.00130380
-0.02424174
-0.03784635
-0.00654870
0.05781155
0.04701861
-0.02175544
-0.01891117
0.00212555
-0.02205556
-0.00380978
-0.02882959
-0.03590019
0.00491330
0.04197011
-0.01539727
-0.02117269
0.07472906
0.05856475
-0.06717099
0.07550811
-0.04386156
-0.01946624
-0.01915264
-0.00705731
0.02628394
0.00602617
-0.04559338
0.02363209
0.02854695
0.07302835
-0.09692501
-0.04781070
-0.07430253
0.00447870
-0.01309871
-0.00982060
0.00789217
0.01493098
0.01648982
0.00541995
-0.05604554
0.01300403
-0.01939422
0.05007343
-0.02168922
-0.03903429
-0.01059290
0.01917781
0.00330372
0.07371578
-0.06064413
-0.06260481
0.00933843
-0.03034382
0.00646964
0.01681343
0.00934639
0.03201091
0.00165262
0.01829189
0.04196528
0.01110721
-0.05189152
0.06698309
-0.00318662
-0.04749091
-0.03209245
-0.01159717
0.09414557
-0.03945893
0.01041013
0.03065030
-0.05464957
-0.03974878
0.02749907
0.00482634
0.00672945
0.02110308
-0.03850024
-0.03749371
0.00488704
-0.04852627
0.03997250
0.03299501
0.01723444
0.00639994
-0.00309154
-0.12142889
0.05192206
0.08045843
-0.00720501
-0.00871901
-0.06457499
-0.04382076
-0.05334983
-0.00826766
0.02056488
0.05707575
-0.11191436
-0.01548802
-0.10164249
-0.07245280
-0.08021581
-0.03176915
0.04596825
-0.02569360
0.06996276
0.00442995
0.02795132
0.03547654
0.00818753
0.08744670
-0.00705847
-0.00629326
-0.00530112
-0.03542298
-0.01703547
0.01384712
0.01428005
-0.00182013
0.02708851
-0.01476368
0.03190914
-0.03351608
0.03231149
-0.01413154
-0.04869406
-0.05232989
-0.00892136
-0.00676872
0.01368544
0.06177873
0.10380105
-0.02175301
0.11411895
-0.01702689
-0.07028232
-0.05549012
-0.01884460
-0.01632560
0.00253301
-0.06729638
-0.00278465
-0.02319938
0.03712117
0.02614404
0.02739869
-0.06491920
-0.07942089
-0.01378983
-0.00130589
-0.03191037
0.04599610
0.01431062
0.02944665
0.01081523
-0.04363202
-0.00417919
0.06681640
0.01146147
0.04620210
0.00072902
-0.01823239
0.04887595
-0.00958992
-0.02637799
0.04401372
0.03370496
-0.08402839
-0.00963423
0.00226938
-0.02949755
0.03329801
-0.01287829
-0.01921789
-0.00806610
0.07476433
-0.03533749
0.09840710
0.06224248
0.01845713
0.00128988
0.00976111
-0.03348743
-0.00262053
0.00520013
0.04797596
0.07067204
0.01390996
-0.02224717
0.03213099
0.03597048
0.07748404
-0.03254452
-0.04199259
0.10607036
0.03346900
0.02160023
-0.06676076
0.00019321
-0.02436290
0.01285636
-0.03201999
-0.01224925
0.08148418
-0.03882440
-0.01682380
-0.00491386
0.02527678
-0.02412632
0.00634466
-0.04053067
-0.02804033
0.01255867
0.05203784
-0.03697484
-0.06727207
-0.02511667
0.03076478
0.02080300
0.05420323
0.03261045
-0.01517921
-0.00644866
-0.08750430
-0.04993967
0.02732646
-0.00069454
0.02733080
0.07405320
-0.02548894
-0.03608202
0.02293166
-0.05169828
0.02310139
-0.00864094
-0.07877079
0.04086690
-0.00923624
-0.01042476
0.00519302
0.09932172
0.00426250
-0.00755855
0.01601883
-0.04114484
0.02454508
-0.09263364
0.02632401
-0.01388006
0.09488943
0.00358156
0.02514243
0.02276145
0.17634028
0.01697453
-0.04335123
0.09734647
-0.08216159
-0.04031181
0.04411177
0.02802705
-0.02961873
0.01586575
-0.03086467
-0.01078779
-0.00282648
0.02761707
0.00907582
-0.04476840
-0.09900761
0.09502023
-0.10710332
-0.02536763
-0.08111323
0.01634180
0.00123917
0.08868842
0.04148205
-0.06145710
0.08209958
0.10346264
0.01620785
0.01667132
-0.02843018
-0.00181505
-0.01483183
-0.00558671
-0.13191681
0.02450201
-0.06336102
0.02583457
-0.01519578
0.00865745
0.03951346
0.00302916
0.00013179
0.01595293
0.01030305
0.02417252
0.02463829
-0.00732904
-0.05295042
0.05461072
0.08928654
-0.06611071
0.00344503
0.05244600
-0.00185125
-0.07123124
0.02384209
0.00861780
-0.01924254
-0.03745003
-0.02689547
-0.01817649
-0.02082331
0.01423775
0.02998521
0.02294165
0.04646543
-0.02245475
-0.05140081
-0.06367946
-0.03543168
0.04071857
-0.04174796
0.05579213
0.00540874
0.03239822
-0.05769728
-0.01505598
0.03024683
0.03093314
0.02447857
-0.01962042
-0.02835128
0.01391847
-0.04106333
-0.06434838
-0.11462194
0.05339247
0.00485385
-0.04533202
-0.04478153
0.02540375
-0.00825923
-0.08283430
0.05018506
-0.03831532
-0.00982444
-0.07575884
-0.00795922
0.03694278
0.02910643
0.02437535
0.06551600
-0.03450050
-0.04127651
-0.07715999
0.06048685
-0.03102179
-0.05292996
-0.05085277
-0.03647612
0.02132294
-0.04941214
-0.00124436
0.06084857
0.01951825
0.03957806
-0.01643669
-0.04764410
-0.01144813
-0.02303739
-0.02011278
-0.06594934
0.04388778
0.01305859
0.00275538
0.03329033
0.00315425
-0.01389478
-0.06847634
0.04337293
-0.00109103
0.08082826
-0.09349948
0.01551872
0.00123292
0.01829423
0.00753580
-0.02702128
0.02583128
0.02171263
-0.03204966
0.05021654
-0.07889607
0.03148615
0.03105152
-0.05770495
-0.00029687
-0.05111534
