0.00279522
-0.03758508
-0.03777747
-0.03196277
-0.00578229
0.01113818
0.00484927
0.00550941
0.04418467
0.02811062
-0.01202915
0.00181827
0.02724111
-0.06651665
-0.03422020
-0.01409435
0.00458972
-0.02255694
-0.00497577
0.03697664
0.00802799
0.04760418
-0.04781407
-0.02796699
-0.01662740
0.03349014
0.01905765
0.02727141
-0.01278772
-0.00055269
-0.13892493
-0.00824402
0.01622794
-0.01339788
-0.01935434
0.09405503
-0.01539746
0.02277851
-0.01915552
-0.11627972
-0.01466013
-0.01765824
-0.00437852
-0.06090355
-0.01156761
0.02552349
-0.05241057
0.01365283
0.03270538
0.01968618
0.01895942
-0.04216308
-0.07955613
0.03261451
-0.03373818
-0.00696090
-0.00198275
0.00374943
0.35363603
0.02917566
-0.02300790
0.01224644
0.00192997
-0.01729497
0.00960624
-0.00473279
0.02122755
-0.01178353
0.03743284
0.02509826
0.01880152
-0.01117755
-0.03148536
0.01056186
0.02026799
-0.04408217
-0.05369602
0.02933773
0.02756949
-0.03769129
-0.00314574
0.00149219
0.01736616
-0.02676783
0.06139087
0.00530090
-0.00927071
0.00817052
0.03210142
0.02166398
0.02508406
-0.02957107
0.02422938
0.01724197
-0.01282234
-0.01675161
0.02425189
-0.04777514
-0.00879074
0.01246770
-0.01958997
-0.01205324
-0.02179222
0.02408694
0.01857636
-0.01493403
-0.01637706
0.01705482
0.02192949
-0.05137775
-0.00305374
0.00390034
-0.03710463
-0.01785887
-0.00162836
-0.01779287
0.06059400
-0.04094348
0.01614658
0.00377531
0.01229401
-0.00390528
-0.00650138
0.00070786
-0.00442541
0.01959448
0.03697735
-0.00641816
-0.00516044
0.07993948
-0.02852385
-0.01759412
-0.01939617
-0.01064415
0.03419936
0.00393147
-0.10038987
0.01332034
-0.11507873
0.00790941
-0.09584109
-0.01726513
-0.01709083
0.00124189
-0.02179054
-0.02093811
-0.02709731
-0.01697492
-0.02648785
-0.01054175
0.02394988
0.03115135
-0.03656845
-0.03066093
0.01452529
0.00579774
-0.02938815
-0.01407773
-0.05716133
0.00755825
-0.00341194
-0.04266871
0.04763325
0.00235804
-0.00272083
0.03418745
0.05596603
-0.00468763
-0.00092451
0.04121249
0.03084724
-0.00059269
0.02717232
-0.01212761
0.04114546
0.02850863
0.02656583
-0.00978902
-0.03603208
0.00058176
-0.02068031
-0.02223622
0.00920041
0.03163034
0.01958669
-0.08255772
-0.06228741
0.00374532
-0.00885770
0.07166206
0.10405403
0.03727850
-0.02148787
-0.01659609
0.00021647
-0.01848007
-0.00967941
0.02301064
-0.14121096
-0.04832008
0.10528899
0.02651853
0.08477111
-0.05275758
-0.00356436
-0.04254021
0.00411853
-0.00108901
-0.02355476
-0.02103404
-0.07295942
-0.00383447
0.02581730
0.00379673
-0.01052909
-0.00419203
0.00191802
0.04538922
-0.01573230
0.02475532
-0.06046821
-0.74290359
-0.01254719
-0.04364041
0.00507417
-0.01795852
-0.02272665
-0.04873965
0.01283929
-0.01630603
-0.03799047
-0.02240127
0.01216093
0.02217368
0.00430367
-0.01607562
-0.04198285
0.00544767
0.01268980
0.00222155
0.01627953
0.03712289
0.02078240
-0.09194519
0.02443677
0.01600960
0.03393284
0.07778065
0.01294366
-0.02138839
-0.02345647
0.02666516
0.00405870
0.01054538
-0.00454211
0.00028789
0.15249169
0.04529482
0.01983370
-0.04921980
0.07501764
-0.04287720
0.03323580
0.03963159
-0.06597357
0.17130330
0.15378058
0.13465770
-0.05770834
0.04432461
-0.06368638
0.19125742
0.00997641
0.03476936
-0.00398237
-0.00103608
-0.14992122
-0.07761256
-0.04725524
0.00943421
-0.00899107
0.09086198
0.05528348
-0.12066880
0.03935544
0.05260631
0.20798770
0.15563834
-0.01895320
-0.04618967
0.12541863
0.00708895
0.03136484
0.03987274
0.10265074
0.01330418
-0.11037471
0.02561230
-0.12082014
-0.02366723
0.07059253
-0.06087098
0.73440427
-0.08877870
-0.06149657
-0.07070924
0.00424050
0.01745376
-0.15971196
0.07018770
0.02296255
-0.10873708
-0.04446031
0.06176363
-0.11759968
-0.08252244
0.03346277
-0.02904061
0.12087144
0.00764074
-0.04037073
0.00897234
-0.01230446
0.03146521
0.04926869
-0.00793557
-0.02084916
-0.01604013
0.01213298
-0.00831549
-0.01752343
-0.03421704
-0.00111977
0.04254677
0.03219766
-0.05294263
0.02629383
0.03817699
0.03816464
-0.01523539
0.06481484
-0.03685097
0.07871116
0.01471821
-0.08304528
-0.11879005
-0.02624692
0.01107669
0.00249961
0.03412916
-0.05306617
0.03176901
-0.01311015
0.04903357
-0.02342469
-0.03390575
-0.01670462
0.01926415
0.07593501
-0.05104291
-0.04919424
-0.01655121
0.03757244
-0.01030619
-0.01404672
-0.00541275
-0.04544219
-0.00955523
-0.00232293
0.02110272
0.01089573
0.02096113
0.01153939
0.08301756
-0.00697763
-0.04267324
-0.02661503
-0.02469171
-0.01962325
0.05496682
-0.00110886
-0.05323377
-0.01260889
-0.02017638
0.04321865
0.02402087
0.00908191
0.04808716
-0.03276166
0.04399836
-0.07573530
-0.00732752
-0.02546772
0.00675606
0.01495623
0.00605675
0.04493410
0.02551558
-0.06355273
-0.04178803
-0.05649268
-0.03536974
0.07048206
-0.03076914
0.09597812
0.04966746
0.00640358
0.03697409
0.05695730
0.04503435
-0.11272760
0.03845498
0.00985119
-0.00719517
0.05177460
0.00174977
-0.00962912
-0.06528327
-0.10765260
-0.00207484
-0.00421864
0.03515564
-0.00392450
0.02143795
0.01028087
-0.02837410
0.00592274
-0.07765803
-0.03029355
0.06397842
-0.00998461
-0.00501138
0.01557508
0.00267587
-0.01073943
-0.02367705
-0.02262285
-0.01278797
0.01659543
-0.04891590
-0.00876969
-0.01216364
0.03855044
-0.02913211
-0.03356416
0.08945699
0.03251013
-0.05147182
0.04433095
0.02841715
0.00593237
0.00769671
0.02845124
0.00826661
0.00821853
-0.01624245
0.06884152
0.03556448
0.10237526
-0.11414824
-0.05579922
-0.05914455
-0.01295882
-0.00709380
0.02111085
0.03871309
0.01403010
-0.00390871
-0.02781574
-0.07314435
0.02562619
0.03048747
0.02920393
-0.03318240
0.01051445
-0.02203985
0.02919391
-0.01260673
0.08447731
-0.00431903
-0.06507927
0.03376080
-0.02437920
-0.01624638
-0.01378467
0.02093592
0.01127342
0.00238472
0.02817184
0.05117162
0.02622355
-0.04939016
0.07074812
0.05590357
-0.07690636
-0.01697679
-0.01210862
0.05371906
-0.02186726
-0.01466586
0.06798808
-0.04889611
-0.06999736
-0.00993978
0.01553433
0.00041272
0.00626034
-0.07957257
-0.03795666
0.00140692
-0.03220953
0.01566384
-0.01122743
-0.05227500
-0.03386234
-0.01794380
-0.10045610
0.06124543
0.09425940
0.05020073
-0.00769095
-0.05936222
0.03220970
-0.06015290
0.00070562
0.01560367
0.05006685
-0.08311301
-0.06736829
-0.07218911
-0.07188115
-0.06971297
-0.07330827
0.06918063
-0.03741939
0.10218616
-0.02441955
0.01028322
0.01582293
0.05750277
0.04394715
-0.02084118
-0.00150783
-0.03402498
-0.04498001
-0.00773147
0.08271229
0.01309980
-0.01968224
0.05477519
-0.04778335
0.02204569
-0.01503591
0.01688972
0.03004733
0.00826832
0.00441280
-0.00148303
0.02156640
-0.02364665
0.04400068
0.05954190
-0.07096991
0.09537958
-0.02451396
-0.09253024
-0.03719430
-0.00988523
-0.00411667
-0.03163983
-0.08027235
0.00970934
-0.04791382
0.06331813
0.00345709
0.01639480
-0.08101987
-0.02837347
-0.00662392
-0.00659371
0.00096518
0.03001994
0.00917549
0.01178589
-0.00095556
0.03197491
0.03668848
0.07434510
0.01087623
-0.00335849
0.01545902
-0.03522994
0.03396026
0.02139941
0.05332065
0.04179967
0.06709322
-0.09873739
-0.02620896
-0.03434469
-0.04036912
0.00403445
-0.01976698
-0.01690583
-0.01921834
0.06161289
0.01766976
0.07846593
0.07944825
0.01842405
-0.03102709
-0.03011919
0.04029644
-0.02005527
0.05759082
0.00288899
0.03125111
0.00757579
-0.01578855
0.03305568
-0.00598747
0.07099611
-0.02087750
0.00555126
0.13479747
0.03302946
0.01225348
-0.01740032
-0.01368713
-0.00734154
0.02816226
-0.00100281
-0.00334950
0.07178123
0.01165858
0.00302581
-0.01892661
0.03047233
-0.00223183
-0.02196567
-0.04646378
-0.01457542
-0.00430198
0.06400655
-0.03522283
-0.00789569
-0.05322700
0.04894252
0.00832842
0.01718805
0.03523248
0.05696698
-0.01353884
-0.05750665
-0.00600683
0.02603720
-0.02805420
0.00671703
0.07540730
-0.03784841
-0.04051759
0.03239281
-0.02744566
-0.00821368
0.01067217
-0.11916694
0.05222024
0.01973871
-0.01410022
0.02349445
0.06297525
-0.00951621
0.03963510
0.00420069
-0.03289633
0.03453819
-0.02727436
0.03324801
-0.00659271
0.03861335
-0.00691811
0.03743835
0.04419940
0.16182679
0.04712033
-0.05484889
0.02862879
-0.10788559
-0.05512308
0.05659786
0.03498518
-0.03142178
0.03820909
-0.01313316
0.00719159
0.00885721
0.02350571
-0.00419319
-0.06299654
-0.12216301
0.01438930
-0.11388513
0.01324958
-0.05912635
0.01024403
-0.01708852
0.05173804
0.07775442
-0.01011483
0.09118515
0.10521924
0.01936123
-0.01607865
-0.02713560
0.03438542
0.00696681
-0.01428432
-0.11334545
-0.08835285
-0.04586369
0.05753198
-0.03252661
-0.01432610
0.04194134
-0.02866992
-0.05523968
0.01416856
0.00361415
0.02512593
0.02243898
0.02140260
-0.05043454
0.01273760
0.04810562
-0.09448128
0.01380149
0.01262791
-0.04443617
-0.05512146
-0.03709872
-0.01800985
0.03981330
-0.01642606
-0.02556502
-0.02567254
0.01175184
-0.00085328
0.05256502
-0.01059538
0.02645825
-0.02255280
-0.06897121
-0.03741436
-0.00284251
0.02461621
-0.07870404
0.07429085
-0.02668282
0.01655834
-0.03872066
-0.02417252
0.05161889
0.03439470
0.04208357
-0.01098000
-0.04460894
-0.02888501
-0.03097473
-0.06950388
-0.09321446
0.01833370
0.03346006
-0.05798850
-0.00578389
0.01608122
0.02934698
-0.05444190
0.04754022
-0.05666525
-0.02241128
-0.04328286
0.02814221
0.02331609
-0.00572559
0.03953665
0.01361090
-0.03536597
0.01332574
-0.08971132
0.04254820
-0.06635892
-0.03338416
-0.02743891
-0.01182523
0.05611453
-0.04825726
0.01410920
0.02103612
-0.01427560
0.05835376
0.02949416
-0.02485334
-0.00530469
-0.04382626
0.02164790
-0.00911759
0.05201592
0.00578489
-0.01542154
0.06276327
-0.01641805
0.03422815
-0.05402088
0.08633061
0.03286641
0.05165624
-0.04019193
-0.01639274
0.02559076
0.06577028
-0.05145798
-0.02867633
0.07394596
0.03602821
-0.00377092
-0.02683852
-0.07773045
0.04388926
0.01246104
-0.08724683
0.01255917
-0.09034939
