0.01664745
-0.02025636
-0.03699827
-0.01961292
0.00180791
0.02245448
0.00870751
0.00784368
0.04246394
0.01603857
-0.01083009
0.00859034
0.01331582
-0.04279929
-0.02324582
-0.00707663
-0.00316619
-0.01788612
0.01929242
0.03937441
-0.00398782
0.02721763
-0.04536093
-0.02707333
0.00304811
0.02462753
0.00881980
0.00492949
-0.01328794
0.00071010
-0.09418883
-0.01492927
0.00414415
-0.00160121
-0.00401986
0.06273390
-0.02672239
0.01260254
-0.01936594
-0.08275574
-0.00678310
-0.02332456
-0.03163181
-0.06207238
-0.01612053
0.01782162
-0.02804537
0.00116562
0.03336812
0.00494307
0.00206388
-0.06575402
-0.06518684
0.04082168
-0.03635698
0.00490769
0.00947767
0.01306487
0.39037162
0.03528475
-0.03280203
0.01839782
0.00271723
-0.00328159
0.01529254
-0.00110442
0.01624066
-0.01698217
0.03607180
0.00308169
0.01536674
-0.00722071
-0.04208461
0.01578569
0.01850546
-0.04388198
-0.03320756
0.02694885
0.02969302
0.02442177
-0.00074341
0.01448548
0.03043646
-0.01589400
0.05626863
0.01461289
-0.00878155
0.01126899
0.02064276
0.03240344
0.01951145
-0.02234563
0.01506791
-0.00246406
0.00183728
-0.01275374
0.03451138
-0.04142061
-0.01398388
0.01118174
-0.00863472
0.00002597
-0.00299114
0.01358290
0.02336557
-0.03652417
-0.01382774
0.00951406
0.02249496
-0.05152442
-0.01457963
-0.00039006
-0.03397472
-0.01316364
-0.01029888
-0.00849468
0.04652258
-0.03258932
0.00707126
0.00071752
-0.00019124
-0.00728534
-0.01908324
-0.00090245
-0.01867657
-0.00269330
0.04871057
0.00395179
0.00080173
0.06823788
-0.04545510
-0.03270089
-0.01588772
-0.01628118
0.02727336
-0.01727784
-0.08932528
0.00155908
-0.11813568
0.00995558
-0.09469751
-0.01398399
-0.02015530
-0.01137220
-0.02871042
0.03969468
-0.02465067
-0.00630243
-0.02090625
-0.01617598
0.01001455
0.01381988
-0.01874445
-0.03923556
0.00252894
0.00432077
-0.03443303
-0.00233693
-0.05881810
0.00100400
-0.00001474
-0.05173503
0.04425424
-0.00252644
-0.00274905
0.01778548
0.03382410
0.01218724
-0.01708011
0.01448644
0.01943294
-0.00039773
0.01292943
-0.00577594
0.01922070
0.02651648
0.02554807
-0.00401479
-0.04408216
-0.00451844
-0.01451573
-0.02331322
0.00109716
0.03476877
0.01258328
-0.02238211
-0.09020949
0.00677862
-0.00424536
0.05435150
0.08406430
0.03769135
0.00084633
-0.02810439
0.02382174
-0.02181708
-0.01256476
0.01396020
-0.12076498
-0.02208873
0.10250656
0.02921895
0.06674144
-0.05514084
-0.02092270
-0.02179326
0.01495053
-0.00375595
-0.01125937
-0.03371632
-0.05604329
-0.00613350
0.03206589
0.01028858
-0.01582563
-0.00251293
0.00181333
0.01557834
-0.00604643
0.01946662
-0.04113957
-0.77564138
-0.02140831
-0.03147389
0.00274064
-0.02204265
-0.04015230
-0.02654256
-0.00528708
-0.02430936
-0.01759831
-0.01976184
0.00717279
0.01409518
-0.00356356
-0.01896496
-0.04291313
0.00729471
0.00315426
-0.00164940
-0.00213811
0.02921420
0.00166241
-0.07972546
0.02255985
0.02620747
0.02432542
0.07003051
0.00260042
-0.00918130
-0.00567331
0.01637214
0.01014843
-0.00517170
-0.00455819
-0.00480454
-0.03051211
0.20523800
0.12488897
-0.17035240
0.02937989
0.04408440
0.09813391
-0.00147810
-0.11712305
0.14756167
0.00481634
0.04706715
-0.11025079
-0.09754311
-0.04823204
0.18885086
-0.06904258
-0.04873434
0.12383686
-0.02740160
-0.10922379
-0.13669430
-0.03134502
0.08060513
-0.03416072
0.15963624
0.15591307
-0.05183341
0.03060812
0.16384816
0.03228421
0.15664941
0.06912493
-0.13404892
0.11463765
-0.10657436
0.03807309
-0.09772449
0.20667019
0.09018566
-0.16025330
-0.01247445
-0.00308626
0.09017229
0.03390241
-0.16146475
0.57749009
0.05504778
-0.08403547
-0.10120238
-0.03641922
-0.02448199
-0.11321841
0.11642455
-0.00976591
-0.05035968
-0.04956120
-0.03051446
-0.17221272
-0.00774767
0.08470409
0.03044039
0.11232446
-0.15903521
0.00456309
0.04149167
0.01690785
0.04787519
-0.00614727
-0.04930320
0.02433103
-0.09088857
0.04228839
0.00555791
-0.01715151
-0.01603481
-0.03966390
-0.03233794
0.02956531
-0.03608200
0.02031199
-0.01216522
-0.02692535
0.00175153
0.08647349
-0.00332541
0.06123068
-0.00065662
-0.03164805
-0.09517580
0.01076200
0.05734065
-0.00657700
-0.01013074
0.02882057
-0.02348993
0.01266237
-0.04940725
0.02731745
-0.13215746
0.00076046
0.02616570
-0.00319108
-0.02638463
0.01672691
0.02295793
0.01047179
0.00769636
0.02015291
0.00167763
-0.03984080
-0.04393287
0.02310615
0.06339478
0.00658691
0.05334587
0.05890437
0.03540074
0.01024930
0.02863663
-0.00139792
-0.04595114
0.00236239
0.06324063
-0.01389577
-0.00268782
0.03315396
-0.05440460
-0.01929905
0.04435456
-0.00649507
0.01152898
-0.02205067
0.06087367
-0.03594004
0.04765161
-0.07704105
0.03068152
-0.05290543
0.06662120
-0.01794218
0.08849189
-0.02703381
-0.01587549
0.00760126
-0.05744818
-0.01461199
0.00871829
0.02861848
0.01932041
0.00112481
0.03470263
-0.08397949
0.08560701
-0.03772614
0.02428424
0.01163950
0.01916203
0.01247704
-0.02121672
-0.02044836
-0.05922941
0.00138888
0.02534914
0.00919725
0.08685096
0.03659948
0.01248170
-0.03351838
0.01404291
0.08042172
-0.06868018
0.01583426
0.00896436
-0.07873685
-0.01085322
0.06307626
0.05768953
-0.01099295
-0.01656014
0.01252652
-0.04442401
-0.03075218
-0.01629530
-0.00293375
0.03333338
-0.03788120
-0.00550191
-0.02854169
0.04637397
0.03219486
0.02138536
0.06623790
-0.05214725
-0.02441241
-0.02499104
-0.04242359
0.04774275
-0.02403781
-0.06153011
-0.01476721
0.01269048
0.04727381
-0.08455476
-0.03258609
-0.07025441
0.07135566
-0.06209100
-0.09148261
0.00184485
0.02448500
-0.00333767
0.04060572
-0.01089220
0.01375860
-0.03378500
0.00784241
0.00385895
-0.07353924
0.02869117
0.01938458
0.00997695
0.03395971
-0.01588057
-0.01867434
0.03419976
0.01231800
0.04815529
0.02544883
-0.01883131
-0.01662846
0.04381799
0.01817944
0.02192613
-0.07592425
0.00626223
0.08688547
-0.04280119
-0.00550595
0.04130053
0.03356233
0.06963026
0.00608782
0.01373242
0.04515844
-0.06488344
-0.05345809
0.03403857
-0.01439579
-0.00693682
0.00907219
-0.00201417
0.01029312
0.00918165
-0.05243703
0.03393304
0.06128619
0.04636544
0.00135430
0.01778610
-0.13032958
0.00322920
0.08738798
-0.04810135
-0.03876059
-0.08792285
-0.09575633
-0.03909875
-0.00615423
0.06493801
0.06373949
-0.10205849
0.02093276
-0.10754584
-0.03527450
-0.05092682
0.00759179
0.02156007
-0.01815196
0.08080810
0.01617380
-0.01149670
0.06011882
0.00970325
0.04972763
-0.01769969
0.03186715
0.01378991
-0.00041127
-0.01567942
-0.03759411
0.02707729
-0.03999601
0.01867005
-0.00282835
0.01388029
-0.07556450
0.01697455
-0.01551940
-0.00509394
-0.02542191
0.02328177
-0.02884226
0.03851972
0.07340126
0.10664628
-0.02465143
0.08112261
-0.00565298
-0.06678284
-0.07270201
-0.08953150
-0.02412909
0.00126517
-0.05727180
-0.03814378
-0.02073329
0.03273032
-0.00385848
0.04190781
-0.01705341
-0.04925548
0.00305468
-0.00480964
-0.05235169
0.00190919
-0.00709983
0.00146000
-0.00837023
-0.00994245
-0.03071579
0.02243085
0.00441232
0.04451462
0.01001125
-0.02249515
0.01701862
-0.02756384
-0.07102213
0.00037329
-0.02728080
-0.06204013
0.00848631
0.00248632
-0.02949901
0.10990423
0.00313630
-0.01648935
-0.01854779
0.05908473
-0.02197587
0.03970882
0.06840539
0.01796353
0.04074194
0.06809072
-0.03196487
0.00230728
0.03461439
0.07350554
0.06406268
0.02694465
-0.00710846
-0.01227612
0.05660793
0.07718670
-0.07812418
-0.05806041
0.13841313
0.07480751
0.01543250
-0.02573073
0.03441352
-0.04089278
0.03485246
-0.10333881
0.00986204
0.03632094
-0.06675807
-0.02028893
0.04319279
0.02403987
-0.01468176
-0.02379484
0.00050509
-0.03231330
0.03165540
0.04912438
0.01374294
-0.06681410
0.00164088
0.00370714
0.02192552
0.04652213
0.03728577
-0.00757934
-0.04553733
-0.00430295
-0.05795683
-0.00229026
0.02001510
0.03558402
0.05528207
-0.05483399
-0.04197643
0.01842355
-0.06001031
0.06013812
0.02858015
-0.06116134
-0.01204581
-0.00689734
-0.03467792
0.04302260
0.10203436
0.02757816
0.00557657
0.00251425
-0.08526439
-0.01879929
-0.01605649
0.06463284
-0.00891364
0.11083155
0.02603931
0.00841052
-0.05381739
0.17330161
-0.03847625
-0.03062262
0.05647634
-0.04037634
0.03532191
0.05100230
0.03407899
-0.07018580
-0.04702286
-0.01438957
-0.04022379
-0.02902742
0.01773584
-0.00291454
-0.08016006
-0.09911785
0.10506524
-0.06398821
0.01611947
-0.02945883
0.00930615
0.01270337
0.05600642
0.03662019
-0.06485176
0.08312289
0.06700813
0.01526825
0.00913723
-0.02134001
-0.03962029
-0.02686859
-0.01111258
-0.05022812
0.10139806
-0.02491026
-0.00325268
0.06093518
0.03033474
0.01794079
0.01688206
0.01975922
0.01481779
0.04121454
0.02337490
0.00127108
-0.00933029
-0.03728506
0.03943239
0.02701416
-0.00783165
0.07055178
0.06239955
-0.02583592
-0.02475599
0.06568868
0.01062681
-0.01319643
0.00756288
-0.03699666
-0.00340246
-0.01986453
0.03776992
0.05493297
0.03871766
-0.00732939
-0.03163777
-0.03518872
-0.06072996
-0.06117249
0.02225424
-0.06179721
0.01257235
0.04322438
0.05089064
-0.08025066
0.00760478
-0.04100942
0.01120711
0.00296031
0.04436741
0.02163383
0.05001039
-0.04018153
-0.05152759
-0.07178035
0.02348682
-0.01320041
-0.03269568
-0.07854041
-0.03252393
-0.01847135
-0.05911421
0.03386780
-0.04007104
-0.03705605
-0.05823249
-0.08363523
-0.00970573
0.01977817
0.02962171
0.06642985
-0.02382668
-0.02962830
-0.01806908
0.05672833
-0.00702464
-0.03746189
-0.02859406
-0.04007474
-0.02724719
-0.02057071
-0.01432189
0.03274558
0.04804194
0.01626139
-0.00330015
-0.02211347
-0.03058682
0.02017649
-0.00419467
-0.01218904
0.07628726
0.01989645
0.03313592
0.02132926
-0.01801485
-0.00504689
-0.09183566
0.03609807
0.05398789
0.05116363
-0.09950369
-0.01440199
-0.01371514
0.02282531
0.06609777
-0.00816595
0.00950826
-0.04845823
-0.06467766
0.07700780
0.00643526
0.01084570
0.03435514
-0.03061103
-0.01558515
-0.01897455
