-0.00368982
-0.02389684
-0.03679741
-0.03884693
-0.00714751
0.01232974
0.00527599
0.00697158
0.05752555
0.02533334
-0.01750802
-0.00321923
0.01718688
-0.06236607
-0.03660619
-0.01738904
-0.00027932
-0.03109049
-0.01158446
0.03998219
0.00917002
0.04610777
-0.04883283
-0.02949005
-0.01016053
0.03714503
0.01979540
0.02952134
-0.01118380
-0.00043369
-0.14792868
-0.01136860
0.01594760
-0.00870792
-0.01446213
0.09750576
-0.02310354
0.02031257
-0.02279603
-0.12241215
-0.00805379
-0.01690856
-0.00373532
-0.06319673
-0.00946963
0.03061445
-0.04963307
0.00874287
0.04409561
0.01607998
0.02076123
-0.03872852
-0.08867317
0.04253068
-0.02973834
-0.00240608
0.00069103
0.00449637
0.33348525
0.02868731
-0.02142217
0.00782527
-0.00497260
-0.01374741
0.01594897
-0.01602428
0.02377767
-0.00842095
0.04885229
0.02320115
0.01502323
-0.01317700
-0.03153804
0.01579869
0.02521205
-0.05492880
-0.05698805
0.03405628
0.02966755
-0.03693404
-0.00215045
0.00205654
0.02223786
-0.03089733
0.05394044
0.00653659
-0.00563143
0.01417405
0.03117470
0.02775170
0.03002832
-0.03469515
0.02621933
0.01427783
-0.01133909
-0.01771484
0.02538652
-0.04589443
-0.00888992
0.01361973
-0.01714976
-0.01573822
-0.01912807
0.01737544
0.01284349
-0.01633593
-0.02129211
0.02360043
0.02086432
-0.05305545
-0.00901326
-0.00004267
-0.04563686
-0.02429157
-0.00601805
-0.01020857
0.05926673
-0.03472567
0.00838065
-0.00018467
0.00819924
-0.00639494
-0.00775691
-0.00292571
-0.00552320
0.01564385
0.04479964
-0.00526685
0.00023921
0.07911741
-0.03792597
-0.01969854
-0.01465124
-0.01210814
0.03701099
0.00136709
-0.10957377
0.01397793
-0.11420495
0.00735168
-0.10106518
-0.01116770
-0.01647812
-0.00379199
-0.01838185
-0.02372843
-0.02252572
-0.01974333
-0.02259739
-0.01333888
0.01936103
0.02550091
-0.04082982
-0.04088877
0.01512130
0.01344479
-0.03940340
-0.01206127
-0.06036841
0.00468923
-0.00156725
-0.05028987
0.05966033
-0.00672495
-0.00201373
0.03057319
0.06003459
-0.00692008
-0.00139834
0.03800473
0.01886269
0.00256407
0.02380421
-0.01494401
0.03573545
0.03018066
0.02352551
-0.00806648
-0.02829372
0.00434975
-0.02686146
-0.01632877
0.01102252
0.03395614
0.01786383
-0.08094788
-0.07670858
0.00911535
-0.01170090
0.06935947
0.10708676
0.03922455
-0.01475271
-0.01587540
0.00454320
-0.02054993
-0.01964681
0.02021023
-0.15513813
-0.04583549
0.11879127
0.02991940
0.07722355
-0.05233774
-0.01203738
-0.04468162
0.01155545
-0.01052738
-0.02613637
-0.01478733
-0.07815573
-0.00580591
0.02975270
0.00552983
-0.00964113
-0.00180460
0.00075727
0.03441307
-0.01023860
0.02634639
-0.05859998
-0.73105729
-0.01717348
-0.04675339
0.00865853
-0.01341160
-0.03325718
-0.04816071
0.00870545
-0.02472037
-0.04107029
-0.01758836
0.01107911
0.01477430
0.00868343
-0.01568297
-0.04984710
0.00561070
0.00681013
0.00121748
0.01352088
0.04010088
0.01758339
-0.10158990
0.03010520
0.02092669
0.03344920
0.08302395
0.01781327
-0.02539445
-0.01650111
0.02800461
0.00245064
0.01074632
-0.00620137
0.00075588
0.18382606
0.06993266
0.02632129
-0.05899011
0.06311930
-0.05213012
0.04694036
0.03906668
-0.06548653
0.15541656
0.15649453
0.15672837
-0.06189865
0.03414942
-0.08490362
0.18819535
0.01235679
0.01045915
0.03222993
-0.01740118
-0.14806804
-0.05937386
-0.05359066
0.04360488
0.01806337
0.07110193
0.07478483
-0.12915106
0.03339440
0.06071170
0.20821273
0.16262345
-0.00566836
-0.05015057
0.10717885
-0.01232371
0.05274938
0.03892851
0.09505731
0.01787440
-0.12914282
0.02557213
-0.13472293
-0.02002868
0.05251111
-0.05661144
0.71316165
-0.10056853
-0.06472763
-0.07241575
-0.00708226
0.04259678
-0.15416110
0.07740832
0.01761255
-0.11022006
-0.04039415
0.05736208
-0.13409150
-0.08546615
0.03487441
-0.02726821
0.11511824
0.01338509
-0.01916294
0.01910051
-0.01506364
0.05465229
0.05631675
-0.01098706
0.00109299
-0.03785914
-0.00143034
-0.00603290
-0.00171155
-0.03518595
-0.02197671
0.03166458
0.02765259
-0.05617174
0.04820757
0.02253350
0.01842537
-0.00563003
0.05824787
-0.05739519
0.06940642
0.03253515
-0.09039288
-0.11287583
-0.01256949
0.00938561
-0.02858909
0.03030204
-0.02279636
0.02118507
-0.00233524
0.02854772
-0.02786815
-0.06071846
-0.00211277
0.04603386
0.04437192
-0.06725246
-0.01510085
-0.01823683
0.01585972
-0.01242887
-0.00763865
0.00249601
-0.02817677
-0.01184425
0.01428228
0.03852669
0.00001621
0.01288703
0.01088459
0.07290307
-0.02256762
-0.01057704
-0.04048669
-0.02834105
-0.03615007
0.06573328
-0.00307810
-0.05388785
-0.01030658
-0.01051442
0.00828987
0.04013132
-0.01243892
0.06271537
-0.01179763
0.06005540
-0.06039007
0.00526433
-0.02602614
-0.00054202
-0.00741744
0.00957931
0.00968935
0.01405522
-0.03633744
-0.02306784
-0.06095719
-0.04943736
0.06641742
-0.02038537
0.10562176
0.04239574
-0.00176986
0.03738067
0.02332974
0.04052990
-0.08558047
0.02623272
0.00774111
0.01074229
0.06367182
0.00854204
-0.01883052
-0.05245365
-0.07075465
-0.01329232
0.01731102
0.05165777
-0.00534590
0.04060061
0.01166335
-0.02056612
0.03647544
-0.09284693
-0.03364099
0.08230701
-0.03385749
-0.00503915
0.04257900
0.02098195
-0.00719474
-0.05064938
0.00433168
-0.02244247
0.00865074
-0.06792150
-0.02737837
0.00525190
0.01448825
-0.03240767
-0.02697269
0.08524922
0.03884276
-0.02249194
0.04569533
0.02912669
-0.00108092
0.00067711
-0.01666135
0.02744205
0.00747315
-0.03282441
0.07015340
0.02598213
0.09090421
-0.12729046
-0.06170062
-0.06968567
0.02210307
-0.02163182
-0.00512928
0.03481682
0.00322448
0.02013730
-0.00890850
-0.07891744
0.02535799
0.03753441
0.01851592
-0.03558651
-0.01216451
-0.03579550
0.02678115
-0.01540187
0.09628835
0.00908093
-0.06946310
0.03193045
-0.00391305
-0.00834972
-0.00423594
0.02939247
0.02991477
-0.01235659
0.03577013
0.06491740
-0.00706988
-0.02516539
0.06734089
0.01854261
-0.06804999
0.00942940
0.00879919
0.06157549
-0.02632153
0.00173842
0.05843901
-0.05745942
-0.08475944
-0.00582195
0.01309533
0.00727124
0.01292255
-0.04285477
-0.02524739
0.02145747
-0.04602839
-0.00280270
0.00948312
-0.04502529
-0.02307652
0.00204803
-0.10657880
0.03792991
0.09983917
0.03231942
-0.01191610
-0.06634839
0.03360530
-0.04812317
-0.00792819
0.01823875
0.04641156
-0.08458601
-0.06287432
-0.08940391
-0.06865232
-0.06469715
-0.07000320
0.07179540
-0.03614554
0.09993529
-0.01525974
-0.00296483
0.04366561
0.04709934
0.03143685
-0.00100896
0.02566806
-0.03951670
-0.03581816
-0.04657203
0.06936165
0.00423732
-0.02855361
0.03852808
-0.03443389
0.03242772
-0.03687710
0.00369555
0.02998937
-0.00945268
0.00139930
0.00199040
0.01075557
-0.01936008
0.07557757
0.08122158
-0.06806221
0.09948922
-0.00665302
-0.05172046
-0.05244538
-0.03387030
0.01019896
-0.01524831
-0.06027116
0.01066015
-0.07272028
0.07021595
-0.00448292
0.00221535
-0.07925355
-0.03740662
0.00042298
-0.01013345
-0.00829100
0.01419245
0.02777291
-0.00468874
0.01079107
0.04159938
0.02263896
0.06315137
0.00002367
-0.00908332
0.01691180
-0.05283879
0.01860903
-0.01052514
0.02783588
0.04078663
0.04653208
-0.12041508
-0.02667789
-0.01857743
-0.03219265
0.00811980
-0.00931268
-0.02966862
-0.02004197
0.05219712
0.02941854
0.06029154
0.08291483
-0.00599420
-0.03922277
-0.00141927
0.02018171
-0.02574551
0.07813252
0.02783904
0.01201157
-0.00737690
0.00144055
0.02076695
0.01969376
0.07228107
-0.02948889
-0.00973395
0.10946641
0.04240291
0.00384394
-0.02335209
-0.02519894
-0.02132215
0.03830441
-0.01118391
0.01023822
0.06642640
0.01438627
-0.00956531
-0.02080094
0.01830089
-0.03656404
-0.00598536
-0.02424364
-0.00083192
0.01588045
0.08811777
-0.00627987
-0.00324125
-0.06812036
0.02588724
0.03437865
0.00145389
0.05144860
0.02808702
-0.04209105
-0.05523762
-0.02000485
0.03071846
-0.04808744
0.01662046
0.07044094
-0.03087200
-0.05026300
-0.00517462
-0.04125601
0.01327813
0.04889839
-0.13560264
0.03903353
0.01925300
-0.04289602
0.03904827
0.06344730
-0.00587038
0.06305557
-0.00014233
-0.01791124
0.03200456
-0.02685893
0.04582707
0.00290714
0.04408740
-0.00193576
0.02271413
0.03105154
0.17224053
0.02539718
-0.06230038
0.07084697
-0.11649269
-0.05614404
0.05571621
0.02914849
-0.02324911
0.00594525
-0.02784756
-0.00283473
-0.00038981
0.03721008
0.01552977
-0.06254396
-0.12559433
0.03236630
-0.09572205
-0.00169394
-0.06302226
0.02500349
-0.02714637
0.06293280
0.06863139
0.01204890
0.08615576
0.10991024
0.03193009
-0.02566016
-0.01209341
0.02630073
-0.00464541
-0.00272752
-0.09376614
-0.08388954
-0.05352192
0.05782976
-0.01226358
-0.01837412
0.06013246
-0.00274052
-0.05263815
0.02708096
0.03803569
0.03267772
0.02477897
0.00361428
-0.05846327
0.03090659
0.05323760
-0.05810325
0.01618596
0.03807987
-0.06871603
-0.05135408
-0.01529014
-0.02127597
0.07132991
-0.00820481
-0.02444335
-0.02387676
-0.00311131
0.02186986
0.06034615
0.02092090
0.01770742
-0.03543273
-0.08329650
-0.03248823
-0.04075718
0.00596070
-0.06224906
0.05244578
-0.01198062
0.03389415
-0.02600710
-0.00074044
0.05998106
0.05859260
0.05165649
-0.01951720
-0.00977203
-0.01642876
-0.02632964
-0.06497952
-0.06049413
0.01134354
0.02296188
-0.06456362
-0.02538032
-0.00184895
0.01979654
-0.08214281
0.05983838
-0.06912422
-0.01610389
-0.04744388
0.00691424
0.02309177
-0.01473304
0.03281619
0.02505985
-0.05374878
0.00809417
-0.07819632
0.02489739
-0.06281607
-0.03120715
-0.01303493
-0.01521053
0.03185865
-0.05140538
-0.01304973
0.03270676
0.01309077
0.04475537
0.04519083
0.00332393
-0.02208748
-0.03035389
0.03622719
0.00107208
0.06630458
-0.00001319
-0.02770549
0.05732491
-0.01642545
0.02460625
-0.06071008
0.07654227
0.06307930
0.05641600
-0.05577277
-0.03231413
0.00031364
0.06182550
-0.03234680
-0.00202377
0.05889012
0.00768858
-0.03639225
-0.00814606
-0.08835368
0.03021316
-0.00130647
-0.06340454
0.01580527
-0.11389044
