0.00970135
-0.02326581
-0.06081259
-0.01132734
-0.00292403
0.02669859
0.00126353
-0.01045429
0.00579031
0.01571143
-0.00818122
-0.00498654
0.01901336
-0.05899061
-0.01751182
-0.00069487
-0.00261094
-0.00341385
0.04637858
0.00877805
-0.00797717
0.01649717
-0.03205986
-0.03173204
-0.00718345
0.03897067
0.00411227
-0.00086407
-0.00624131
-0.02149805
-0.05984559
-0.00955069
-0.00099065
-0.01229755
-0.00609682
0.05706434
0.00280175
0.01252073
-0.01182197
-0.06063849
-0.01558438
-0.02076506
-0.03405204
-0.04980789
-0.02197491
0.01855338
-0.04782259
-0.00731886
0.02639716
0.00627951
-0.00639607
-0.04518816
-0.04149911
0.04370987
-0.02472268
-0.00664896
0.00573076
0.01021352
0.41759861
0.05540860
-0.01842452
0.00232474
0.02623687
-0.00439076
0.00671453
0.02338037
0.01226740
-0.00784500
0.00939478
0.01872854
0.00359685
-0.00861762
-0.03706963
0.00789359
-0.00821033
-0.03843188
-0.03360616
0.01451670
0.02179510
-0.02590260
0.00276704
0.00061566
0.02216041
-0.00579248
0.07173649
0.01586152
-0.02669656
-0.00626667
0.01015198
0.02099267
0.01829944
-0.01372410
0.01951003
-0.00650083
-0.01317768
-0.01742410
0.03072334
-0.03297937
-0.00082943
0.01256194
-0.01274918
0.00149135
-0.02794480
0.01070222
0.01617567
-0.04493282
0.00417331
0.01140632
0.00795400
-0.05754157
-0.02004157
-0.01102178
-0.02540240
-0.03363145
-0.00152684
-0.01970527
0.07456619
-0.02665143
-0.01810145
0.00719530
0.01960254
-0.01132850
-0.00011308
0.00853455
-0.01367162
0.00418811
0.03319248
0.01251316
0.00251948
0.06227315
-0.01528784
-0.03601343
-0.00200655
0.00697168
0.00162376
-0.00868369
-0.06910472
0.00920863
-0.08809098
0.02240465
-0.07508069
-0.01204464
-0.01198517
-0.01334070
-0.01879943
0.03538422
-0.03671913
-0.00661671
-0.02008823
-0.01223650
0.04164811
0.00703555
-0.00340590
-0.01872667
-0.00439090
-0.01071388
-0.01019754
-0.00026381
-0.04531692
-0.01753402
0.00273513
-0.03263641
0.02110581
-0.01140477
-0.00127817
0.02436337
0.03358579
0.00267270
-0.01762652
0.02818036
0.01679257
-0.01826518
0.01171803
0.01508190
0.01038522
0.01135765
0.01018975
0.00613265
-0.03725048
-0.00640635
-0.01689669
-0.01093891
0.01640008
0.01976941
0.03457280
-0.05175214
0.00362070
0.01385947
-0.00376115
0.06628846
0.05576924
0.02997011
-0.00231036
-0.02037849
0.01601025
-0.01228982
-0.00301363
0.01565417
-0.07768628
-0.02571456
0.06866665
0.01385974
0.10336827
-0.05528432
-0.00839667
-0.01056970
0.00965435
0.01634394
-0.01905681
-0.02414214
-0.04473072
-0.00921291
0.03165719
0.01261601
-0.04013418
-0.02961209
0.01555440
0.00869679
-0.01139745
0.02453278
-0.04194542
-0.79554254
-0.01534923
-0.03678637
-0.00127679
-0.01743932
-0.00236418
-0.03483723
0.00532908
-0.00366306
-0.01927782
-0.01089469
-0.00643583
0.02484721
-0.02960399
0.00235222
-0.04669003
0.02247216
0.00253454
0.00957344
-0.00862310
0.03821528
-0.00559912
-0.05995189
0.00214632
0.01761399
0.04117698
0.05663759
0.01158528
0.01683128
-0.01546032
0.02529762
0.00265553
0.01375842
-0.00213843
0.01273581
0.21930744
0.11846283
0.04203920
-0.08643309
0.06111061
-0.04864455
0.04022646
0.01239017
-0.11134000
0.16697063
0.15093736
0.15071850
-0.10853703
0.00282840
-0.06053926
0.19682692
0.00071461
-0.02262423
0.01195363
-0.03702165
-0.16419712
-0.06918117
-0.07196684
-0.01376376
-0.03559769
0.06653769
0.05726692
-0.13782004
0.04150780
0.08889451
0.16891117
0.15896209
0.00257014
-0.07094412
0.10248017
0.00311799
0.03238837
0.03403205
0.11565319
0.01221659
-0.16691579
0.01590517
-0.10576092
0.04307780
0.01670226
-0.08454689
0.67643166
-0.09131887
-0.08575497
-0.06729545
-0.03323876
0.03867710
-0.14883325
0.03909243
0.01883244
-0.09599342
-0.08552289
0.07358962
-0.15271471
-0.06853057
0.06705861
-0.01704045
0.10579991
0.00566878
-0.01674901
0.01818554
-0.00867632
0.02538579
0.04630893
-0.03891855
-0.02336656
-0.04155398
0.04192835
-0.00149196
-0.01019417
-0.03101396
-0.03079135
0.03936630
0.01554073
-0.01005472
0.01902655
0.00596943
0.01983369
-0.00976021
0.07703213
0.00701059
0.11828902
-0.01447251
-0.11202689
-0.12350981
0.01084906
0.01617442
0.02494376
0.03235999
-0.05007152
0.04810182
0.01264580
0.00050871
-0.01694531
-0.05398475
0.00763540
0.01405741
0.06446610
-0.04893653
-0.03841229
-0.01497588
0.01376736
-0.01952184
0.01428123
0.00002031
-0.08054200
-0.03339922
-0.01118635
0.02591417
0.02704777
-0.02323300
0.01689725
0.04486325
-0.03542019
-0.03628690
-0.03920897
-0.03310734
-0.02461577
0.05797436
-0.00269214
-0.03160011
0.00050561
-0.02252585
0.02308774
0.02342983
0.02366787
0.05300989
-0.02911514
0.04197396
-0.07181643
0.00219021
-0.02772453
-0.00211040
-0.01369714
-0.02459346
0.01439998
-0.01563646
-0.03592074
-0.01611288
-0.03253872
-0.02441613
0.09029614
-0.04686294
0.07552865
0.03134795
0.02898365
0.04072235
0.02381444
0.05580825
-0.08908205
0.01947165
-0.03016433
0.00763444
0.03226123
-0.03556858
-0.02969173
-0.06681570
-0.07289598
0.02139762
0.00676838
0.02562076
-0.00144768
0.05470222
-0.01101057
-0.00397483
0.02435221
-0.07567840
-0.04649920
0.07479561
-0.03046493
-0.05135444
0.01534334
-0.01027696
-0.02683629
-0.02045654
-0.02898070
-0.00304978
-0.01616889
-0.03849472
-0.01744085
-0.00517660
0.00411332
-0.02544450
-0.03496831
0.05825758
0.01525317
0.02274702
0.02808625
-0.00344492
0.00166272
0.01430663
0.03055345
0.00463639
0.00064175
-0.00619348
0.07633109
0.02081867
0.09348617
-0.13459152
-0.10880971
-0.07873560
-0.00705594
-0.01659960
-0.00422648
0.03606824
0.04111493
-0.00981022
-0.04121752
-0.04849416
0.03951106
0.00527203
0.02257263
-0.02344141
-0.03450643
0.02540684
0.04657817
-0.01887127
0.07938586
0.03648841
-0.04208803
0.00966479
-0.00309358
-0.00841712
-0.01122808
0.02065626
0.00110101
-0.01705344
0.03945143
0.04810461
-0.00472059
-0.02680785
0.07269654
0.03672691
-0.05931135
0.00700615
0.02304148
0.05368997
0.00074939
-0.00038114
0.04904384
-0.02213407
-0.06642593
0.02040284
0.00285169
0.02722323
0.01089390
-0.09221096
-0.02700835
0.01124426
-0.03019021
0.00863590
0.00447577
-0.06265932
-0.02141255
-0.00754637
-0.10685602
0.03413833
0.09285727
0.03483917
-0.01220939
-0.05206458
0.07142524
-0.05410823
0.00681544
0.02660202
0.01851885
-0.06205245
-0.02720480
-0.08122009
-0.03972312
-0.06169730
-0.03489969
0.02296733
0.01172501
0.12341672
-0.02350847
-0.04416005
0.01223513
0.05260340
0.02818613
-0.01809020
0.00595324
-0.04328477
-0.04745831
-0.02096694
0.06581645
0.04198426
-0.03890800
0.04738315
-0.03940370
0.05280773
-0.02515582
0.01958341
0.02874601
-0.00958915
-0.00812623
0.01356504
-0.02008999
-0.00811965
0.08138584
0.07757302
-0.05225857
0.06469445
0.00396206
-0.06789543
-0.02735138
-0.01944630
-0.01213755
-0.04717459
-0.08803268
0.01209669
-0.03913474
0.04572263
-0.01254798
0.00851240
-0.02612142
-0.01311943
0.00459228
-0.02960652
-0.00939022
-0.00597616
0.00270701
0.00837489
0.00739386
0.07664566
0.01931651
0.05752591
-0.01023958
0.01116145
0.01444334
-0.02553003
0.02348299
0.01212867
0.11014697
-0.00736373
0.04405315
-0.10106122
-0.03104448
-0.01850420
-0.01904151
-0.01197101
-0.04074107
-0.04315481
-0.02363899
0.09356853
0.03377326
0.05605987
0.05507472
0.01918321
0.01275968
-0.01752950
0.03425600
0.00656887
0.13931073
0.03895879
0.02192339
0.01578577
0.01315528
-0.00490389
-0.00700538
0.08442082
-0.04273034
-0.01163612
0.11412973
-0.01946474
0.00117198
0.02024550
-0.02568029
-0.03036984
0.05381791
-0.00216317
0.01620057
0.06008809
0.01326337
-0.01067067
-0.03697635
0.00823462
-0.05792565
-0.03480496
-0.04667854
0.00572086
0.02931960
0.06990181
0.01017402
-0.01600815
-0.01812693
0.03309882
0.03782629
0.02150195
0.03259370
0.05169206
0.00980265
-0.06870279
-0.00772093
0.00775857
-0.00634110
0.00399456
0.08865220
-0.04800766
-0.04057165
0.01625280
-0.04003289
-0.00889968
0.00959511
-0.07110947
0.02987232
0.02313982
-0.05017459
0.04651677
0.06314550
-0.01863748
0.05390888
0.00301418
-0.06051059
-0.00439493
0.01198741
0.05113874
-0.00375559
0.06494850
-0.04589141
0.05148157
0.00038994
0.15906769
0.01014975
-0.05308699
0.02985419
-0.08504613
0.00177948
0.07433621
0.03010833
-0.03367615
0.01656722
0.00494744
-0.00541963
0.04273392
0.00439602
-0.03180116
-0.07882052
-0.12698402
0.00555159
-0.06951976
0.02064393
-0.05124718
0.00884501
-0.01618261
0.03018159
0.10110874
0.01813881
0.09508535
0.11443052
0.04299605
0.00963602
-0.01269515
0.00194708
0.00504326
-0.03771273
-0.12398987
-0.14209521
-0.01647665
0.05811034
-0.03317614
-0.00029758
0.04427505
-0.04112970
-0.06385723
0.05187514
-0.00547110
0.00380618
-0.00070504
0.00151277
-0.04180653
0.00098632
0.04467458
-0.06446464
0.01865527
0.03174478
-0.05675929
-0.10070215
-0.04434460
-0.02157262
0.04726180
0.00006048
-0.04493532
-0.03054347
-0.00294400
0.01830268
0.06637650
0.01871119
0.03289158
-0.03427270
-0.09092314
-0.01705934
-0.04476677
0.00766695
-0.10292345
0.06971359
0.00584119
0.00406862
-0.01349659
-0.02498459
0.07028245
0.04314932
0.04261120
0.01210420
-0.01319927
0.02016883
-0.01176311
-0.06159195
-0.05576262
-0.02339912
0.06089383
-0.03543557
-0.01058162
0.01497969
0.03183591
-0.03130787
0.04424450
-0.02280019
-0.01379879
-0.04242719
0.01298790
0.05736544
0.02810155
0.06545715
0.03047483
-0.02903476
0.02527780
-0.05602024
0.03346883
-0.05690802
-0.03686676
-0.02036778
-0.03391663
0.02473416
-0.04079165
-0.00391797
0.02218778
-0.00719881
0.04770401
0.04962752
-0.02464534
-0.01871604
-0.06546102
0.01407713
0.01357040
0.08443550
0.00760468
-0.00131144
0.04893202
-0.02103651
0.04509174
-0.04953692
0.05526724
0.05550075
0.05656199
-0.03494105
-0.02703760
0.01349637
0.08145460
-0.03984854
-0.02252942
0.06348971
0.00871328
0.00736358
-0.04606916
-0.05210744
0.05629245
0.02975354
-0.09469263
0.01429150
-0.07727734
