9.782870765775442123e-04
-1.726824976503849030e-02
-2.554935030639171600e-02
-8.808858692646026611e-03
-1.172841759398579597e-03
3.372425213456153870e-02
1.630638539791107178e-02
2.899918332695960999e-02
8.588523417711257935e-02
2.018986083567142487e-02
-1.799645647406578064e-02
-7.561757229268550873e-03
1.131753064692020416e-02
-3.912028670310974121e-02
-3.081890009343624115e-02
-3.518857993185520172e-03
-2.260915702208876610e-03
-1.859099790453910828e-02
3.317277133464813232e-02
4.771566763520240784e-02
3.418441337998956442e-04
3.701973706483840942e-02
-3.458035737276077271e-02
-1.858467794954776764e-02
1.364165218546986580e-04
2.191392704844474792e-02
-9.320490993559360504e-03
1.397650921717286110e-03
-1.841638423502445221e-02
-1.312911394052207470e-03
-1.100998446345329285e-01
-8.676751516759395599e-03
2.236304059624671936e-02
-1.459850557148456573e-02
1.433204044587910175e-03
7.550013810396194458e-02
-4.443981871008872986e-02
2.543459646403789520e-02
-1.303364802151918411e-02
-1.091721579432487488e-01
1.194323995150625706e-03
-2.054587565362453461e-02
-1.775653101503849030e-02
-6.626577675342559814e-02
-5.791577859781682491e-04
2.990253269672393799e-02
-2.110518328845500946e-02
-1.706733740866184235e-02
4.360295087099075317e-02
8.275123313069343567e-03
2.450657077133655548e-02
-5.443276092410087585e-02
-7.361331582069396973e-02
4.851774126291275024e-02
-2.762664668262004852e-02
8.636011742055416107e-03
6.310440599918365479e-03
2.045760862529277802e-02
3.594233095645904541e-01
5.923611670732498169e-02
-2.942566946148872375e-02
6.606401409953832626e-03
-1.435316074639558792e-02
-2.298791659995913506e-03
2.840742841362953186e-02
-6.505936849862337112e-03
1.269037928432226181e-02
-2.267380617558956146e-02
6.044881045818328857e-02
-4.704458639025688171e-03
2.518314123153686523e-02
-1.414822973310947418e-02
-4.332533478736877441e-02
8.040085434913635254e-03
1.356727723032236099e-02
-4.051021859049797058e-02
-1.286636013537645340e-02
4.041742160916328430e-02
2.711194381117820740e-02
-3.039253177121281624e-03
-5.995821207761764526e-03
2.632054686546325684e-02
2.910169772803783417e-02
-1.847852021455764771e-02
5.670560523867607117e-02
5.698428489267826080e-03
-1.391198020428419113e-03
2.706609107553958893e-02
3.106745146214962006e-02
2.424618974328041077e-02
2.063393220305442810e-02
-2.216079458594322205e-02
2.719322592020034790e-02
-8.348498493432998657e-03
5.854890681803226471e-03
-1.368313282728195190e-02
2.655550837516784668e-02
-4.567771404981613159e-02
-9.756023995578289032e-03
1.142014004290103912e-02
-7.146710529923439026e-03
3.843368031084537506e-03
-3.008656669408082962e-03
1.817831955850124359e-02
1.691817119717597961e-02
-2.035858854651451111e-02
-1.959462091326713562e-02
1.810414530336856842e-02
2.350131236016750336e-02
-5.010509863495826721e-02
-1.969859004020690918e-02
1.301705650985240936e-02
-4.469167813658714294e-02
-2.837772294878959656e-02
-1.306296978145837784e-02
-2.101158024743199348e-03
6.213643029332160950e-02
-3.602212294936180115e-02
9.006170555949211121e-03
-1.286793150939047337e-03
-4.213504958897829056e-03
-4.513646941632032394e-03
-2.605116553604602814e-02
-8.473474532365798950e-03
-5.573667585849761963e-02
3.523248247802257538e-03
3.869376704096794128e-02
-8.803287521004676819e-03
8.639636449515819550e-03
7.879330962896347046e-02
-7.403099536895751953e-02
-1.630177721381187439e-02
-7.065767887979745865e-03
-1.727919466793537140e-02
3.975651413202285767e-02
-2.918020635843276978e-02
-9.828151017427444458e-02
2.907263406086713076e-04
-1.354391872882843018e-01
1.370806992053985596e-02
-1.242677867412567139e-01
-1.823040656745433807e-02
-6.886378978379070759e-04
-2.057473175227642059e-02
3.342467825859785080e-04
3.740515187382698059e-02
4.786292265634983778e-04
-7.499452214688062668e-03
-1.616273634135723114e-02
-2.940075099468231201e-02
1.765871793031692505e-02
2.163105458021163940e-02
-2.697204425930976868e-02
-5.179391056299209595e-02
3.377248533070087433e-03
6.222767289727926254e-03
-6.111427769064903259e-02
-3.816558979451656342e-03
-6.230101361870765686e-02
-1.300878077745437622e-02
8.975318050943315029e-04
-7.143454253673553467e-02
7.177896797657012939e-02
-1.325271930545568466e-02
8.608606643974781036e-03
2.687083743512630463e-02
5.707040801644325256e-02
-5.841286852955818176e-03
-2.719852840527892113e-03
9.714650921523571014e-03
1.842850632965564728e-02
-6.297294981777667999e-03
2.384698763489723206e-02
-3.711374010890722275e-03
4.025159403681755066e-02
2.954023517668247223e-02
1.584478653967380524e-02
-1.307055354118347168e-02
-3.093585930764675140e-02
-1.088164839893579483e-02
-1.674997806549072266e-02
-2.088827453553676605e-02
-6.598220672458410263e-03
3.540967032313346863e-02
1.719269528985023499e-02
-5.064674466848373413e-02
-6.583878397941589355e-02
1.776288263499736786e-02
-1.159789226949214935e-02
3.857431188225746155e-02
9.213563799858093262e-02
3.051899187266826630e-02
-3.900049254298210144e-03
-1.320827938616275787e-02
1.556934043765068054e-02
-2.074769698083400726e-02
-3.740038350224494934e-02
2.662489935755729675e-02
-1.438397020101547241e-01
-3.230735659599304199e-02
1.172963008284568787e-01
3.422648832201957703e-02
1.012844294309616089e-01
-5.896931514143943787e-02
-2.134888805449008942e-02
-3.700372949242591858e-02
1.626758836209774017e-02
-1.214716467075049877e-03
-2.531218715012073517e-02
-1.633822545409202576e-02
-7.675899565219879150e-02
-1.420282572507858276e-02
3.224391862750053406e-02
1.160404365509748459e-02
-8.750386536121368408e-03
-2.825710689648985863e-03
-1.699318992905318737e-03
3.147328644990921021e-02
2.994211390614509583e-03
3.022572956979274750e-02
-4.165911301970481873e-02
-7.305532693862915039e-01
-1.628880947828292847e-02
-2.405402436852455139e-02
7.285443600267171860e-03
-4.473762121051549911e-03
-5.415320768952369690e-02
-1.990409940481185913e-02
4.615543410181999207e-03
-2.383086457848548889e-02
-1.730209775269031525e-02
5.020758137106895447e-03
-5.702940397895872593e-04
1.148526184260845184e-02
-1.324272807687520981e-02
-2.657674998044967651e-02
-4.516636580228805542e-02
1.392452698200941086e-02
3.399177454411983490e-03
-1.145655289292335510e-03
1.289481855928897858e-02
1.793728023767471313e-02
-2.121984586119651794e-02
-1.027398034930229187e-01
1.905417069792747498e-02
1.590426266193389893e-02
7.600346580147743225e-03
8.964553475379943848e-02
1.214123517274856567e-02
-2.378104254603385925e-02
-1.347036473453044891e-02
3.179353848099708557e-02
1.787910051643848419e-02
4.890104719379451126e-06
-8.280521258711814880e-03
5.142810288816690445e-03
6.159697100520133972e-02
-3.996349871158599854e-02
5.872353911399841309e-03
-3.547782823443412781e-02
2.942089550197124481e-02
-3.995912149548530579e-03
-1.183344423770904541e-02
-1.815170422196388245e-02
5.477296561002731323e-02
-3.161457180976867676e-02
4.522040486335754395e-02
-1.193988788872957230e-02
-5.306413024663925171e-02
-3.583140298724174500e-02
1.516963262110948563e-02
3.584383055567741394e-02
1.052333787083625793e-02
8.711240440607070923e-02
1.173230540007352829e-02
-5.752177676185965538e-04
-4.615655168890953064e-02
-6.883940100669860840e-02
3.541542962193489075e-02
6.867377669550478458e-04
-2.656586002558469772e-03
4.843565821647644043e-02
7.301954180002212524e-02
-2.197932451963424683e-02
7.801599334925413132e-03
3.511359170079231262e-02
3.730450570583343506e-02
6.480543315410614014e-02
-2.933249995112419128e-02
1.048230472952127457e-02
6.880275160074234009e-02
-2.896476909518241882e-02
1.288662943989038467e-02
6.016159802675247192e-02
2.386412397027015686e-02
-9.126424789428710938e-02
-9.653364121913909912e-02
-7.120452076196670532e-02
3.442515060305595398e-02
7.697143405675888062e-02
7.070358097553253174e-02
4.917016625404357910e-02
9.298201203346252441e-01
9.216941893100738525e-02
-1.971138268709182739e-02
5.160868167877197266e-02
1.249268930405378342e-02
1.291173696517944336e-01
2.700511552393436432e-02
-1.834654994308948517e-02
-2.886586077511310577e-02
-1.184847205877304077e-02
3.144539892673492432e-02
4.342685639858245850e-02
3.145982325077056885e-02
-1.538862567394971848e-02
1.409875880926847458e-02
2.497239224612712860e-02
7.281640078872442245e-03
-3.239994123578071594e-02
1.261792331933975220e-02
3.490889444947242737e-02
1.476380787789821625e-02
6.536056101322174072e-02
2.357331104576587677e-02
-4.754884168505668640e-02
1.464611478149890900e-02
-4.431006684899330139e-02
2.127740718424320221e-02
2.222989127039909363e-02
1.240215823054313660e-02
-1.269708666950464249e-02
-4.098602384328842163e-02
-3.426738083362579346e-02
3.401433303952217102e-02
-2.595791034400463104e-02
1.459151878952980042e-02
-2.332520857453346252e-02
5.971275386400520802e-04
1.942473091185092926e-02
7.671760022640228271e-02
-4.875998478382825851e-03
5.495838820934295654e-02
1.549259177409112453e-03
-5.600969120860099792e-02
-1.769232004880905151e-01
-1.112865749746561050e-03
1.139133051037788391e-02
-3.077882900834083557e-02
1.083733979612588882e-02
3.477307036519050598e-02
-3.258314356207847595e-02
-3.324735537171363831e-02
-8.521694689989089966e-02
2.608645148575305939e-02
-8.800182491540908813e-02
1.211582217365503311e-02
6.064746063202619553e-03
-2.068170346319675446e-02
-4.539126157760620117e-02
7.969145663082599640e-03
1.401775237172842026e-02
-1.694034412503242493e-02
3.042753785848617554e-03
1.509033236652612686e-02
-6.860831286758184433e-03
-5.658533796668052673e-02
-4.995140805840492249e-02
6.784852594137191772e-02
4.666435718536376953e-02
2.012301981449127197e-02
1.167216971516609192e-01
-4.264127463102340698e-03
4.826291278004646301e-02
-5.833507049828767776e-03
2.590871974825859070e-02
-4.178175702691078186e-02
-1.265495084226131439e-02
-3.088939562439918518e-02
6.536675244569778442e-02
-2.543232217431068420e-02
-2.604726888239383698e-02
1.463124249130487442e-02
2.622685628011822701e-03
-4.044142365455627441e-02
7.115759700536727905e-02
3.744736313819885254e-02
2.218890748918056488e-02
-7.578045595437288284e-03
5.320516601204872131e-02
-2.449572086334228516e-02
1.488520856946706772e-02
-9.279473125934600830e-02
4.050140269100666046e-03
-1.363960187882184982e-02
3.203029558062553406e-02
4.156850650906562805e-02
9.320157021284103394e-02
-4.166189581155776978e-02
-3.731201216578483582e-02
-1.004063524305820465e-02
-3.034318797290325165e-02
-6.312647368758916855e-03
1.462875772267580032e-02
6.695580482482910156e-02
-1.212817896157503128e-02
2.581668831408023834e-02
1.443345006555318832e-02
-6.554508954286575317e-02
8.125302195549011230e-02
-1.034787446260452271e-01
6.123350188136100769e-02
1.340838382020592690e-03
1.694139093160629272e-02
3.765608370304107666e-02
2.263832837343215942e-03
-5.745410919189453125e-03
-5.837401375174522400e-02
-5.189637467265129089e-02
3.652558103203773499e-02
4.855350404977798462e-02
6.982494145631790161e-02
6.640336662530899048e-02
3.964191302657127380e-02
2.158049494028091431e-02
-3.723632777109742165e-03
7.930753380060195923e-02
-6.436073035001754761e-02
9.005007334053516388e-03
8.209627121686935425e-03
-6.901925802230834961e-02
-2.937522903084754944e-02
6.199837848544120789e-02
5.113763734698295593e-02
-2.663938142359256744e-02
-3.783782571554183960e-02
1.238390523940324783e-02
-4.176681861281394958e-02
-5.251848325133323669e-02
-4.731108993291854858e-02
3.154912265017628670e-03
3.994122892618179321e-02
-1.293780840933322906e-02
2.536622062325477600e-02
-6.436467170715332031e-02
-3.298342600464820862e-02
1.736719347536563873e-02
2.176902256906032562e-02
4.068312793970108032e-02
-7.272409647703170776e-02
9.518271312117576599e-03
-4.643748700618743896e-02
-5.002674460411071777e-02
4.405859485268592834e-02
-4.058456420898437500e-02
-2.773255482316017151e-02
-2.220141468569636345e-03
-3.946448490023612976e-02
9.687773138284683228e-02
-9.060744196176528931e-02
-3.457641229033470154e-02
-6.851541250944137573e-02
6.615016609430313110e-02
-4.424723237752914429e-02
-1.919531822204589844e-02
-6.155661307275295258e-03
6.122129037976264954e-02
3.669606754556298256e-03
1.394173875451087952e-02
-2.815971896052360535e-02
1.309150684392079711e-04
5.525680724531412125e-03
2.417000010609626770e-02
9.973150677978992462e-03
-1.297871023416519165e-02
-1.390140131115913391e-02
4.818219691514968872e-03
-3.768374398350715637e-02
9.754716604948043823e-02
8.894274942576885223e-03
-2.791752107441425323e-02
3.239228203892707825e-02
1.643604226410388947e-02
-1.881864480674266815e-02
4.516438767313957214e-02
4.481955897063016891e-03
2.930532209575176239e-02
7.956209033727645874e-02
1.508660148829221725e-02
4.417244344949722290e-02
-3.655188903212547302e-02
-4.657760262489318848e-03
1.014895886182785034e-01
-4.226945806294679642e-03
-1.004581246525049210e-02
5.195498839020729065e-02
2.778385393321514130e-02
2.082081511616706848e-02
4.378128051757812500e-02
3.359395265579223633e-02
6.781855970621109009e-02
-4.642037302255630493e-02
-2.969586849212646484e-02
4.008695483207702637e-02
-7.150478661060333252e-03
-1.325148344039916992e-02
-2.079682052135467529e-02
-1.322489511221647263e-02
3.882573544979095459e-02
1.337196864187717438e-02
-3.000082634389400482e-02
-1.763492450118064880e-02
8.535695075988769531e-02
-9.844605810940265656e-03
3.440803149715065956e-03
-4.700585734099149704e-03
-1.368156671524047852e-01
-2.271977718919515610e-03
8.513861894607543945e-02
-3.757184743881225586e-02
-4.649580642580986023e-02
-2.746668271720409393e-02
-3.878698125481605530e-02
-7.806800305843353271e-02
8.443703874945640564e-03
7.311041653156280518e-02
9.503570944070816040e-02
-9.320852905511856079e-02
-4.391536489129066467e-02
-7.406896352767944336e-02
-5.352466553449630737e-02
-2.369358390569686890e-02
-2.782452665269374847e-02
2.646451815962791443e-02
-1.761206611990928650e-02
8.486139029264450073e-02
4.197350703179836273e-03
2.491829730570316315e-02
5.616170540452003479e-02
5.056460388004779816e-03
1.755896583199501038e-02
2.421728335320949554e-02
3.845922648906707764e-02
1.971049606800079346e-02
1.675265654921531677e-02
1.163077354431152344e-02
-3.084841370582580566e-02
2.479995973408222198e-02
-5.791378766298294067e-02
8.289430290460586548e-03
-3.462899848818778992e-02
6.745576392859220505e-03
-5.905200913548469543e-02
-2.268279436975717545e-03
-3.986670821905136108e-02
8.927397429943084717e-03
-3.081071376800537109e-02
3.166733309626579285e-02
1.020583324134349823e-02
-7.104198448359966278e-03
8.186888881027698517e-03
9.902442246675491333e-02
-5.676952749490737915e-02
3.761338442564010620e-02
-3.785741282626986504e-03
-8.276607841253280640e-02
-4.330943152308464050e-02
-9.330269694328308105e-02
3.117507882416248322e-02
6.657566409558057785e-04
-6.178643554449081421e-03
-3.749817237257957458e-02
-5.034395959228277206e-03
2.738520875573158264e-02
-3.177854698151350021e-03
-2.531996229663491249e-03
-1.707746274769306183e-02
-3.585313633084297180e-02
3.509065508842468262e-02
-6.398369371891021729e-02
-5.271511524915695190e-02
1.282658986747264862e-02
6.005331408232450485e-03
5.721424520015716553e-02
3.217202425003051758e-02
1.820330321788787842e-02
-3.857231885194778442e-02
3.174662217497825623e-02
-8.521358482539653778e-03
7.900056429207324982e-03
1.270158961415290833e-02
-3.955544903874397278e-03
1.573031954467296600e-02
-1.937981881201267242e-02
-2.154648490250110626e-02
4.239549115300178528e-02
-1.910522393882274628e-02
-7.151400297880172729e-02
-3.268244490027427673e-02
4.721845686435699463e-02
-5.489291623234748840e-02
1.156445369124412537e-01
-3.165945410728454590e-02
2.456200122833251953e-02
2.572230435907840729e-02
6.814340502023696899e-02
-1.812451053410768509e-03
2.814398333430290222e-02
5.205458030104637146e-02
3.130124509334564209e-02
2.767764404416084290e-02
-8.507552556693553925e-03
-2.581540867686271667e-02
4.095697309821844101e-03
5.560023337602615356e-02
2.911386266350746155e-02
1.448864303529262543e-02
-5.875533446669578552e-03
2.080620452761650085e-02
2.373852767050266266e-02
4.104429855942726135e-02
8.266132324934005737e-02
-2.446323260664939880e-02
-2.014295570552349091e-02
1.053842380642890930e-01
1.003550887107849121e-01
3.392279893159866333e-02
1.329213380813598633e-02
1.472938526421785355e-02
-3.627492487430572510e-02
2.287985198199748993e-02
-1.156372576951980591e-01
2.708672918379306793e-02
8.728073909878730774e-03
-4.953538998961448669e-02
-1.001641992479562759e-02
1.160884555429220200e-02
1.885899528861045837e-02
7.843679748475551605e-03
-2.993978746235370636e-02
-4.414849355816841125e-02
5.333051085472106934e-03
1.219251286238431931e-02
4.391021654009819031e-02
2.199475420638918877e-04
4.493125248700380325e-03
6.715917028486728668e-03
3.825002582743763924e-03
2.423375099897384644e-02
-2.319993078708648682e-02
5.678171874023973942e-04
5.362693965435028076e-02
-1.953697390854358673e-02
-2.099930867552757263e-02
-1.193409599363803864e-02
5.043216515332460403e-03
1.321207918226718903e-02
7.587030529975891113e-02
1.017468124628067017e-01
-2.099625393748283386e-02
-2.030905149877071381e-02
2.275754325091838837e-02
-4.339658841490745544e-02
-1.422917284071445465e-02
5.642806366086006165e-02
-4.967956617474555969e-02
-4.604350775480270386e-02
-1.701126620173454285e-02
-4.347060248255729675e-02
4.813085496425628662e-02
6.668936461210250854e-02
3.135839849710464478e-02
4.233231768012046814e-02
4.019363969564437866e-02
-7.252585142850875854e-02
-1.919468282721936703e-03
-1.935774087905883789e-02
2.828426659107208252e-02
2.197680436074733734e-02
7.474201172590255737e-02
-2.523524162825196981e-04
-1.077878382056951523e-02
-2.632259391248226166e-02
1.286891698837280273e-01
-4.390230774879455566e-02
-3.494997322559356689e-02
2.607845328748226166e-02
-7.277195900678634644e-02
4.380406439304351807e-02
2.638910897076129913e-02
5.322906747460365295e-02
-3.196262940764427185e-02
-7.404240965843200684e-02
2.564117126166820526e-02
-6.003082264214754105e-03
-5.066242814064025879e-02
-8.604140952229499817e-03
4.178788512945175171e-02
-8.146548271179199219e-02
-9.373062849044799805e-02
3.950788453221321106e-02
-5.120402574539184570e-02
7.702068984508514404e-02
-1.603158656507730484e-03
-1.108273863792419434e-02
-2.162288688123226166e-02
5.775418877601623535e-02
1.202608495950698853e-01
-5.006388947367668152e-02
8.677791804075241089e-02
5.745571851730346680e-02
4.406150430440902710e-02
3.421470057219266891e-03
5.878067389130592346e-02
2.770010614767670631e-03
-7.828909903764724731e-03
4.497461486607789993e-03
-8.908209204673767090e-02
3.450525552034378052e-02
-1.935498230159282684e-02
2.166591584682464600e-02
8.286316692829132080e-02
7.973409444093704224e-02
3.095754981040954590e-02
1.875451952219009399e-02
-4.613433778285980225e-02
-1.019952259957790375e-02
5.903659015893936157e-02
-8.608537726104259491e-03
1.364133600145578384e-02
-5.678589455783367157e-03
-2.333908341825008392e-02
3.161876648664474487e-02
9.942938573658466339e-03
-2.767717465758323669e-02
8.963463455438613892e-02
4.233451187610626221e-02
-2.909781597554683685e-02
-5.131844431161880493e-02
-2.096748212352395058e-03
-5.383790004998445511e-03
-5.351462867110967636e-03
3.213504562154412270e-03
1.135984435677528381e-02
-1.426814589649438858e-02
-2.667332999408245087e-03
5.013057962059974670e-02
9.321269392967224121e-02
1.679808460175991058e-02
1.937911286950111389e-02
-8.927462622523307800e-03
-5.611703265458345413e-03
-3.842238336801528931e-02
-9.053273499011993408e-02
9.029906243085861206e-03
-6.760395318269729614e-02
2.484450815245509148e-03
2.374193258583545685e-02
6.052402779459953308e-02
-3.742103278636932373e-02
3.156214952468872070e-02
-3.131353482604026794e-02
2.413640543818473816e-02
1.663768850266933441e-02
2.875425294041633606e-02
-1.713710837066173553e-02
2.576371841132640839e-02
-4.665508121252059937e-02
-1.098895096220076084e-03
-1.028693318367004395e-01
1.913370564579963684e-02
4.133488051593303680e-03
-5.974088609218597412e-02
4.410647321492433548e-03
-3.722041100263595581e-02
-2.165412157773971558e-02
-4.317896068096160889e-02
4.865803197026252747e-02
-2.781164832413196564e-02
-5.957243964076042175e-02
-7.140437513589859009e-02
-4.695631563663482666e-02
1.868201047182083130e-02
-1.386213302612304688e-02
-2.188481576740741730e-02
8.713211864233016968e-02
-6.129696965217590332e-02
-1.676931791007518768e-02
-6.812796741724014282e-02
4.501853138208389282e-02
-6.630784831941127777e-03
-3.808913007378578186e-02
6.873519305372610688e-05
-2.600381895899772644e-02
2.967861248180270195e-03
2.404039027169346809e-03
4.862710833549499512e-03
2.088052220642566681e-03
-3.298508003354072571e-02
-6.463479250669479370e-03
3.451944515109062195e-02
-8.623383939266204834e-02
-4.824126511812210083e-02
3.240262344479560852e-02
3.191926702857017517e-02
5.532866343855857849e-03
3.120212815701961517e-02
2.449603192508220673e-02
1.410663034766912460e-02
3.753094747662544250e-02
-8.297893218696117401e-03
-1.961105503141880035e-02
-7.360289245843887329e-02
7.408164441585540771e-03
5.875439569354057312e-02
7.559847086668014526e-02
-5.362960323691368103e-02
-7.821155013516545296e-04
1.624570786952972412e-02
3.468162566423416138e-02
8.161187171936035156e-02
4.776289314031600952e-02
6.444370001554489136e-02
-2.663252688944339752e-02
-5.851823836565017700e-02
8.711902052164077759e-02
-2.460408769547939301e-02
5.327926948666572571e-03
2.627894654870033264e-02
-7.066132873296737671e-02
-4.654816817492246628e-03
-1.300344127230346203e-03
