8.683027117513120174e-04
-1.298681553453207016e-02
-3.834317997097969055e-02
-2.124712429940700531e-02
5.925341509282588959e-03
1.422655303031206131e-02
1.607443671673536301e-03
-1.824312657117843628e-02
2.593910135328769684e-02
2.434328570961952209e-02
-1.774540357291698456e-02
1.099907234311103821e-02
1.249076519161462784e-02
-4.496734589338302612e-02
-2.458150312304496765e-02
-1.512728724628686905e-02
-3.690459765493869781e-03
-2.967403270304203033e-02
8.459170907735824585e-02
4.147855192422866821e-02
-8.146568201482295990e-03
2.840941026806831360e-02
-3.082134760916233063e-02
-2.944408543407917023e-02
-2.424437552690505981e-03
2.852204069495201111e-02
6.169109605252742767e-03
1.644038595259189606e-02
-4.624309949576854706e-03
-3.709537442773580551e-03
-4.700819775462150574e-02
-2.426633425056934357e-02
1.033039181493222713e-03
-7.571040652692317963e-03
-5.158755928277969360e-03
5.289872735738754272e-02
-1.783008873462677002e-02
1.898314245045185089e-02
-1.745690777897834778e-02
-6.555503606796264648e-02
-6.342030130326747894e-03
-2.557162381708621979e-02
-5.280966684222221375e-02
-5.937426537275314331e-02
-6.503266282379627228e-03
2.371597662568092346e-02
-4.299475997686386108e-02
1.570110791362822056e-03
3.931241855025291443e-02
8.288660086691379547e-03
3.442067187279462814e-03
-4.974978044629096985e-02
-4.492596536874771118e-02
3.812525793910026550e-02
-4.447108134627342224e-02
7.089904509484767914e-03
1.390852220356464386e-02
1.359987817704677582e-02
4.026210606098175049e-01
6.225385889410972595e-02
-3.350256010890007019e-02
1.229400513693690300e-03
5.940888077020645142e-03
-9.381471201777458191e-03
2.208171784877777100e-02
-1.540334313176572323e-03
1.750186830759048462e-02
-2.376433089375495911e-02
5.871661379933357239e-02
2.130638249218463898e-02
1.704551093280315399e-02
-1.762674935162067413e-02
-3.311887383460998535e-02
9.419165551662445068e-03
1.641502976417541504e-02
-4.971370100975036621e-02
-3.812052309513092041e-02
5.252628587186336517e-03
4.808285087347030640e-02
2.924693748354911804e-02
2.370197791606187820e-03
1.485384907573461533e-02
2.773101627826690674e-02
2.066083811223506927e-02
3.436531499028205872e-02
1.257995422929525375e-02
-1.005821116268634796e-02
2.298085950314998627e-02
2.973691001534461975e-02
4.238136485219001770e-02
1.896595954895019531e-02
-2.125176228582859039e-02
4.735106974840164185e-02
5.543665960431098938e-03
1.006086124107241631e-03
-1.518570352345705032e-02
3.692059963941574097e-02
-5.004644021391868591e-02
1.755380816757678986e-02
1.198601350188255310e-02
-2.112299762666225433e-02
-1.701866462826728821e-02
-7.264641113579273224e-03
8.867189288139343262e-03
1.480882801115512848e-02
-3.724154084920883179e-02
-1.321125775575637817e-03
1.992048136889934540e-02
1.594324596226215363e-02
-6.381614506244659424e-02
-1.681116782128810883e-02
-3.527340944856405258e-03
-2.974136173725128174e-02
-2.789659053087234497e-02
-8.102640509605407715e-03
-1.242637913674116135e-02
4.231617599725723267e-02
-3.663500770926475525e-02
-4.680317826569080353e-03
1.948110759258270264e-03
-4.392558708786964417e-03
-1.485979743301868439e-02
-8.841019123792648315e-03
3.200778970494866371e-03
-3.094782121479511261e-02
-3.905921941623091698e-03
4.647055268287658691e-02
-7.089366205036640167e-03
6.120736245065927505e-03
5.368933081626892090e-02
-5.001948773860931396e-02
-4.050692915916442871e-02
-9.577432647347450256e-03
-2.071469090878963470e-02
-5.299944314174354076e-05
-1.735113793984055519e-03
-6.361271440982818604e-02
1.166222430765628815e-02
-1.386156082153320312e-01
1.739383861422538757e-02
-8.304273337125778198e-02
-1.687689125537872314e-02
-1.764284819364547729e-02
-1.468946691602468491e-02
-2.549881860613822937e-02
8.363927155733108521e-02
-1.918224431574344635e-02
-8.941078558564186096e-03
-1.986509747803211212e-02
-2.334094420075416565e-02
3.022527880966663361e-02
2.018419839441776276e-02
-1.611755602061748505e-02
-3.367492929100990295e-02
1.423335913568735123e-02
-1.538513810373842716e-03
-2.874922752380371094e-02
8.273608546005561948e-05
-5.542331933975219727e-02
-5.997831467539072037e-03
7.508384878747165203e-04
-6.278140842914581299e-02
5.920516699552536011e-02
-4.055514931678771973e-03
3.183721099048852921e-03
3.874702006578445435e-02
4.837340861558914185e-02
8.447499945759773254e-03
-1.981195528060197830e-03
2.399352006614208221e-02
1.776393316686153412e-02
1.637164852581918240e-03
6.533420644700527191e-03
-7.765196263790130615e-03
2.524560317397117615e-02
3.025522455573081970e-02
1.606753095984458923e-02
-1.408089185133576393e-03
-3.656506538391113281e-02
-8.170018903911113739e-03
-2.206464111804962158e-02
-1.871815882623195648e-02
-2.029812661930918694e-03
3.103169985115528107e-02
2.144217304885387421e-02
-1.923708803951740265e-02
-2.380336448550224304e-02
1.605379022657871246e-02
-5.200332961976528168e-03
3.922456875443458557e-02
6.605456024408340454e-02
3.885504975914955139e-02
6.287375465035438538e-03
-2.358222566545009613e-02
1.172871794551610947e-02
-5.616097711026668549e-03
-1.861630380153656006e-02
2.680195868015289307e-02
-6.309369951486587524e-02
-1.893850229680538177e-02
1.071688532829284668e-01
3.601785004138946533e-02
8.308968693017959595e-02
-4.227754846215248108e-02
-1.199745573103427887e-02
-4.468403756618499756e-02
2.270707488059997559e-02
-1.087257731705904007e-02
-2.381857670843601227e-02
-4.545424133539199829e-02
-4.451022297143936157e-02
-1.411397010087966919e-02
2.887737378478050232e-02
1.182036194950342178e-02
-2.961073443293571472e-02
-1.273645740002393723e-02
2.522647555451840162e-04
1.350409165024757385e-02
3.417966363485902548e-04
8.220939897000789642e-03
-1.597475819289684296e-02
-7.702739834785461426e-01
-3.137683495879173279e-02
-4.467659071087837219e-02
1.449210755527019501e-02
-1.497855409979820251e-02
-2.419621683657169342e-02
-3.366221860051155090e-02
1.951926737092435360e-03
-3.075877390801906586e-02
-9.412470273673534393e-03
-5.464533343911170959e-03
2.697904361411929131e-03
1.030745077878236771e-02
-1.772979460656642914e-02
-2.072030864655971527e-02
-4.350567981600761414e-02
1.123712584376335144e-02
3.866922808811068535e-03
4.566395655274391174e-03
1.233365270309150219e-03
2.986098453402519226e-02
-3.845065459609031677e-02
-8.532065898180007935e-02
2.147699333727359772e-02
2.638284862041473389e-02
1.731548830866813660e-02
5.253453925251960754e-02
1.058172713965177536e-02
-1.512917410582304001e-02
-1.156224589794874191e-02
2.292747795581817627e-02
2.580763399600982666e-02
-9.091433021239936352e-04
-5.809563677757978439e-03
6.338660139590501785e-03
1.065850071609020233e-02
4.801717028021812439e-02
9.629126638174057007e-02
-5.893632397055625916e-02
1.073680892586708069e-01
-1.465673893690109253e-01
8.438831567764282227e-02
-7.362353801727294922e-02
1.345592271536588669e-02
2.027667872607707977e-02
-9.929019957780838013e-02
-3.189698606729507446e-02
-7.117783278226852417e-02
2.325971610844135284e-02
-4.928561672568321228e-02
1.691906526684761047e-02
2.350498363375663757e-02
5.962856486439704895e-02
1.468908488750457764e-01
-1.018444169312715530e-02
1.523492634296417236e-01
1.274963561445474625e-02
-1.232643350958824158e-01
8.987877517938613892e-02
3.284343332052230835e-02
-9.440196305513381958e-02
8.853547275066375732e-02
7.213114760816097260e-03
2.342846430838108063e-02
-1.089339051395654678e-02
-6.333990395069122314e-02
3.329958766698837280e-02
1.607614383101463318e-02
3.460838273167610168e-02
-4.113445803523063660e-02
-1.535414438694715500e-02
1.182908341288566589e-01
-1.078049093484878540e-01
6.418237835168838501e-02
1.070999819785356522e-02
-4.767122119665145874e-02
-1.071132048964500427e-01
-2.492326684296131134e-02
9.649838507175445557e-02
-2.846331894397735596e-02
1.750932820141315460e-02
8.409634232521057129e-01
7.212786376476287842e-02
5.290480703115463257e-02
1.089629158377647400e-02
-3.035204857587814331e-02
7.435182482004165649e-02
5.486056953668594360e-02
-2.455377951264381409e-02
-4.111453145742416382e-02
-3.241151338443160057e-03
6.379506736993789673e-02
-2.013251185417175293e-02
-3.838669881224632263e-02
1.309065222740173340e-01
-2.017362788319587708e-02
1.156979873776435852e-01
1.456055790185928345e-03
-3.712781518697738647e-02
-2.023782581090927124e-02
5.129833891987800598e-02
3.171617910265922546e-02
8.861162513494491577e-02
3.452810645103454590e-02
-3.227862343192100525e-02
2.811675332486629486e-02
-4.750068113207817078e-02
5.217092111706733704e-03
2.653295919299125671e-02
5.131944082677364349e-03
-1.404293812811374664e-02
-2.508024498820304871e-02
-3.254403173923492432e-02
2.916811220347881317e-02
-3.420897573232650757e-02
4.285909980535507202e-02
-1.004701107740402222e-02
-6.541560869663953781e-03
1.619248837232589722e-02
7.855457812547683716e-02
-3.540515527129173279e-02
3.796934336423873901e-02
7.458685897290706635e-03
-5.697948485612869263e-02
-1.134152188897132874e-01
1.997205242514610291e-02
8.488821797072887421e-03
-4.652882739901542664e-02
5.528273433446884155e-02
4.221523180603981018e-02
-2.904345281422138214e-02
3.574378415942192078e-02
-6.038028001785278320e-02
-1.824181899428367615e-02
-1.031145900487899780e-01
2.135188132524490356e-02
5.350452661514282227e-02
-2.334790490567684174e-02
-6.815291196107864380e-02
7.080882042646408081e-02
1.206818129867315292e-02
-2.340278588235378265e-02
2.854050882160663605e-02
1.620082929730415344e-02
-2.339786151424050331e-03
-1.674016565084457397e-02
-1.597821526229381561e-02
3.897641971707344055e-02
3.159072995185852051e-02
1.192401628941297531e-03
7.301833480596542358e-02
2.291203290224075317e-02
5.106874927878379822e-02
2.262525493279099464e-03
3.733121603727340698e-02
-6.645170599222183228e-02
-3.538266569375991821e-02
-1.381251495331525803e-02
9.375271201133728027e-02
-4.248858988285064697e-02
-1.858251169323921204e-02
4.682373628020286560e-02
1.264661736786365509e-02
-5.940803140401840210e-02
5.966442450881004333e-02
-1.931573636829853058e-02
4.938728362321853638e-02
4.570820182561874390e-02
7.142364978790283203e-02
-8.636536076664924622e-04
3.900560364127159119e-02
-5.684493109583854675e-02
-7.045693928375840187e-04
-1.919027604162693024e-02
1.105538662523031235e-02
2.252727374434471130e-02
6.501289457082748413e-02
6.254850886762142181e-03
-2.385758422315120697e-02
-2.131628990173339844e-02
-8.254235237836837769e-02
-3.543876484036445618e-02
1.419052854180335999e-02
7.387761771678924561e-02
1.265263929963111877e-02
-1.608132943511009216e-02
-2.669078297913074493e-02
-4.417274892330169678e-02
9.001265466213226318e-02
-4.908923432230949402e-02
5.073348432779312134e-02
-1.606606692075729370e-02
1.058932859450578690e-02
3.580949455499649048e-02
-1.692927069962024689e-02
-5.080198496580123901e-02
-5.222215875983238220e-02
-2.473905310034751892e-02
-9.681610390543937683e-03
1.963145099580287933e-02
6.249874830245971680e-02
5.142964795231819153e-02
5.240958929061889648e-02
4.844368621706962585e-02
-8.567410521209239960e-03
7.604402303695678711e-02
-8.363763988018035889e-02
-4.205887205898761749e-03
3.921481594443321228e-02
-5.974299833178520203e-02
-6.607928313314914703e-03
9.644616395235061646e-02
4.610077291727066040e-02
-6.748542073182761669e-04
-3.750820457935333252e-02
1.233778987079858780e-02
-4.243425279855728149e-02
-5.008116830140352249e-03
-6.079117208719253540e-02
1.247046794742345810e-02
4.349910467863082886e-02
-2.670591347850859165e-04
-2.633240260183811188e-02
-3.190836310386657715e-02
-2.011120785027742386e-03
2.107778936624526978e-02
3.661119192838668823e-02
5.539320781826972961e-02
-4.310484230518341064e-02
-3.567454218864440918e-02
-3.411973640322685242e-02
-9.151593595743179321e-02
6.153811886906623840e-02
-1.521190255880355835e-02
-5.953674390912055969e-02
2.100539021193981171e-02
-1.067780517041683197e-02
9.687538444995880127e-02
-8.203865587711334229e-02
6.080315448343753815e-03
-4.159861057996749878e-02
6.833302229642868042e-02
-5.368573591113090515e-02
-1.491452381014823914e-02
9.891925379633903503e-03
7.392737548798322678e-03
2.909251116216182709e-02
5.318484827876091003e-02
-5.660604685544967651e-02
-2.330006286501884460e-02
5.779485404491424561e-02
9.413673542439937592e-03
3.349365666508674622e-02
-3.509283438324928284e-02
-4.962154850363731384e-02
-6.506390403956174850e-03
-2.294258587062358856e-02
1.049913540482521057e-01
-5.059414077550172806e-03
-5.871896818280220032e-02
3.319135867059230804e-03
2.715519070625305176e-02
3.343506529927253723e-02
-2.822384703904390335e-03
-1.658522151410579681e-02
2.171947807073593140e-02
6.178114935755729675e-02
1.357911713421344757e-02
6.837566196918487549e-02
-5.426657944917678833e-02
-2.962757274508476257e-02
7.209017872810363770e-02
3.075266955420374870e-03
-1.333133410662412643e-02
4.366942867636680603e-02
-1.466837339103221893e-02
5.213470011949539185e-02
1.790639758110046387e-02
7.510339468717575073e-02
3.994681313633918762e-02
-7.193499058485031128e-02
-3.480111062526702881e-02
1.376660726964473724e-02
8.827551268041133881e-03
6.897617713548243046e-04
-5.967559292912483215e-03
2.701280266046524048e-02
3.875650838017463684e-02
3.447160124778747559e-02
-5.386529490351676941e-02
-4.102794080972671509e-02
9.630278497934341431e-02
6.982071325182914734e-03
4.491314291954040527e-03
2.108896523714065552e-02
-1.371826082468032837e-01
1.647246070206165314e-03
9.741372615098953247e-02
-4.264888539910316467e-02
-6.090128421783447266e-02
-6.130076944828033447e-02
1.139585580676794052e-02
-5.618895590305328369e-02
-4.234296455979347229e-02
4.826541990041732788e-02
7.149339467287063599e-02
-5.839186534285545349e-02
-6.903258711099624634e-02
-7.996606081724166870e-02
-4.502173140645027161e-02
-3.981726244091987610e-03
-2.874546125531196594e-02
5.641872808337211609e-02
-7.050010561943054199e-02
9.157112240791320801e-02
-2.961308322846889496e-02
-2.614448219537734985e-02
6.874204427003860474e-02
1.902005460578948259e-04
-3.201249521225690842e-03
1.935963332653045654e-02
4.044266790151596069e-02
4.304778948426246643e-02
-8.119973354041576385e-03
-4.028676822781562805e-02
-8.194374851882457733e-03
1.520807668566703796e-02
-4.716484621167182922e-02
-8.507761172950267792e-03
-2.733751013875007629e-02
1.511484291404485703e-02
-5.988918244838714600e-02
-2.746251225471496582e-02
2.809182554483413696e-02
-2.113631740212440491e-02
-4.703018814325332642e-02
3.822886943817138672e-02
1.513449940830469131e-02
-1.780151948332786560e-02
5.370023101568222046e-02
1.099753305315971375e-01
-8.506957441568374634e-02
6.115556135773658752e-02
-1.695037260651588440e-02
-6.531163305044174194e-02
-5.838377401232719421e-02
-8.169332891702651978e-02
3.868811950087547302e-02
3.359093097969889641e-03
-3.465565387159585953e-03
-2.041817642748355865e-03
-3.451323136687278748e-02
2.321094460785388947e-02
2.110243076458573341e-03
-3.743238374590873718e-02
-4.661054909229278564e-02
-6.582370400428771973e-02
3.385236114263534546e-02
-6.857276894152164459e-03
-4.870545491576194763e-02
1.993047446012496948e-02
-2.336202003061771393e-02
9.698304347693920135e-03
2.779731154441833496e-02
2.032617479562759399e-02
-2.428161911666393280e-02
4.025639221072196960e-02
1.068710442632436752e-02
-1.834532804787158966e-02
1.196946576237678528e-02
-8.521583862602710724e-03
2.135790698230266571e-02
-1.083575747907161713e-02
-7.956853508949279785e-02
7.284113764762878418e-02
-3.360800817608833313e-02
-9.382485598325729370e-02
8.745973464101552963e-04
3.483011201024055481e-02
-4.816621169447898865e-02
5.808302015066146851e-02
1.631456799805164337e-02
-1.473756972700357437e-02
-1.448962558060884476e-02
4.414916038513183594e-02
1.094442419707775116e-02
4.412920027971267700e-02
7.007290422916412354e-02
-3.829854074865579605e-03
-1.544061675667762756e-02
3.224469721317291260e-02
-1.463404856622219086e-02
1.085124630481004715e-02
4.286257177591323853e-02
1.353256125003099442e-02
3.192079067230224609e-02
-1.704143546521663666e-02
5.061451718211174011e-02
2.069044113159179688e-02
7.103816419839859009e-02
6.102275848388671875e-02
-4.423499479889869690e-02
-2.131481654942035675e-02
9.764097630977630615e-02
1.036392673850059509e-01
3.002575598657131195e-02
-4.869156982749700546e-03
2.253855764865875244e-02
-1.829593628644943237e-02
2.785353921353816986e-02
-1.083172932267189026e-01
1.403199508786201477e-02
2.823224291205406189e-02
-5.270115658640861511e-02
-1.200645975768566132e-02
2.816590294241905212e-02
2.305177040398120880e-02
-2.973656542599201202e-02
-1.128581445664167404e-02
-1.854955218732357025e-02
-7.489670999348163605e-03
3.007336147129535675e-02
6.144628301262855530e-02
1.309707574546337128e-02
1.936934888362884521e-02
-3.942902758717536926e-02
-1.954652369022369385e-02
3.528280928730964661e-02
9.746896103024482727e-03
2.974813804030418396e-02
6.853608414530754089e-03
-8.998475223779678345e-02
-2.445106208324432373e-02
-4.919099807739257812e-02
1.445962302386760712e-02
-2.405882999300956726e-02
5.783159285783767700e-02
4.725322872400283813e-02
-2.271184884011745453e-02
8.359874598681926727e-03
-9.338869713246822357e-03
-8.031754940748214722e-02
1.782457530498504639e-02
7.389672845602035522e-02
-1.114114969968795776e-01
-3.166442736983299255e-02
8.590202778577804565e-03
-5.142312124371528625e-02
5.557395517826080322e-02
5.093331262469291687e-02
1.876697316765785217e-02
6.666372716426849365e-02
4.624327272176742554e-02
-5.163981765508651733e-02
4.232152923941612244e-02
-4.512026906013488770e-02
5.127580836415290833e-02
1.222283858805894852e-02
8.462006598711013794e-02
4.298704117536544800e-02
-1.015610899776220322e-02
-1.790646836161613464e-02
1.615650951862335205e-01
-2.604143321514129639e-02
-3.976944461464881897e-02
4.718063399195671082e-02
-8.291040360927581787e-02
1.658775098621845245e-02
7.203524466603994370e-03
4.852870479226112366e-02
1.991310343146324158e-02
-7.396447658538818359e-02
1.478799153119325638e-02
-3.693622769787907600e-03
-6.656517833471298218e-02
3.271720185875892639e-02
4.113899543881416321e-02
-3.385119885206222534e-02
-9.975660592317581177e-02
6.621041893959045410e-02
-8.664546906948089600e-02
4.280632734298706055e-02
5.841691512614488602e-03
2.733372524380683899e-02
-2.202078141272068024e-02
6.609190255403518677e-02
4.775251075625419617e-02
-5.218393355607986450e-02
6.560546159744262695e-02
7.135666674003005028e-04
4.871763288974761963e-02
-2.780477516353130341e-02
1.781812496483325958e-02
3.775823116302490234e-02
1.886567100882530212e-03
-2.484095282852649689e-03
-5.371705070137977600e-02
4.654563218355178833e-02
-2.471209131181240082e-02
1.307782903313636780e-02
1.519531849771738052e-02
4.311994835734367371e-02
4.853989556431770325e-02
1.024568453431129456e-02
-4.483048990368843079e-02
-1.252734288573265076e-02
5.183063447475433350e-02
4.202490672469139099e-02
1.217619515955448151e-02
3.447619732469320297e-03
-2.690177969634532928e-02
3.853117674589157104e-02
1.049165986478328705e-02
1.150809228420257568e-02
5.249978229403495789e-02
1.155046559870243073e-02
-5.501425638794898987e-02
7.365018129348754883e-03
-1.849295385181903839e-02
1.078546326607465744e-02
4.798208177089691162e-02
-1.393042877316474915e-02
1.639916747808456421e-02
-2.597377635538578033e-02
1.100604794919490814e-02
3.684925660490989685e-02
8.629659563302993774e-02
4.541809484362602234e-02
-2.538283355534076691e-02
-1.095804851502180099e-02
-5.230935290455818176e-02
-5.004135519266128540e-02
-1.106865108013153076e-01
7.195639424026012421e-03
-2.628809399902820587e-02
-1.355910487473011017e-02
4.522119835019111633e-02
6.921976804733276367e-02
-4.807249084115028381e-02
3.586422279477119446e-02
-1.295586675405502319e-02
3.779624402523040771e-02
2.415440790355205536e-02
1.437030266970396042e-02
6.012838333845138550e-02
2.735058590769767761e-02
-2.490078844130039215e-02
-1.248948369175195694e-02
-3.033788315951824188e-02
7.356904447078704834e-03
1.296035759150981903e-02
-4.631128534674644470e-02
-1.677707768976688385e-02
-3.515137732028961182e-02
-3.661401569843292236e-02
-6.223344430327415466e-02
3.917727246880531311e-02
-3.545698150992393494e-02
-3.916819021105766296e-02
-3.797777742147445679e-02
9.969837032258510590e-03
-1.489253155887126923e-02
-4.667635634541511536e-02
-4.539706557989120483e-02
5.736309289932250977e-02
-5.636211484670639038e-02
-1.733735017478466034e-02
-6.411162018775939941e-02
1.825519092381000519e-02
-2.903153561055660248e-02
-1.835650578141212463e-02
-2.529544383287429810e-02
-2.203993033617734909e-03
-8.005158044397830963e-03
-3.653997927904129028e-02
5.374062806367874146e-03
1.891506277024745941e-02
2.238502493128180504e-03
4.302708059549331665e-02
1.894070953130722046e-02
-4.859607294201850891e-02
-4.960068315267562866e-02
1.706454530358314514e-02
4.997418820858001709e-02
2.483969368040561676e-02
4.483478143811225891e-02
1.025587692856788635e-02
3.462084103375673294e-03
3.557188436388969421e-02
-3.111257404088973999e-02
4.654959775507450104e-03
-3.993820771574974060e-02
2.631019242107868195e-02
5.390670523047447205e-02
4.963627457618713379e-02
-8.765703439712524414e-02
-1.558780856430530548e-02
-9.278877638280391693e-03
4.385114833712577820e-02
4.833875223994255066e-02
4.513930529356002808e-02
2.447601780295372009e-02
-4.858395084738731384e-02
-6.275000423192977905e-02
8.203177154064178467e-02
-1.513790152966976166e-02
1.044965162873268127e-02
2.191412821412086487e-02
-1.939893513917922974e-02
-1.834666915237903595e-02
-5.098645761609077454e-02
