0.01759730
-0.04603204
-0.01377097
0.00527230
-0.01143057
0.01423474
0.01003746
0.01819220
0.02052184
0.02588345
-0.00699184
0.00807331
0.03568643
-0.03822491
-0.01738828
0.00239790
0.01588675
-0.00414246
0.03100408
0.05083746
0.00356665
0.05644714
-0.05783719
-0.02471092
-0.01350728
0.02125389
0.01184343
0.00075163
-0.00843811
0.00613658
-0.09226117
0.00529848
0.01675604
-0.01650504
-0.00950281
0.05859080
-0.02658839
0.02559430
-0.00533245
-0.08782935
-0.00726608
-0.01893171
-0.00895386
-0.05032504
-0.00532733
0.01772336
-0.03307582
0.01188282
0.01561601
0.01435512
0.02417585
-0.07851187
-0.04100849
0.02231402
-0.04468344
-0.00219004
0.00651347
0.00892723
0.41001004
0.02194472
-0.03923317
0.02422141
0.00644020
-0.02871914
0.01248396
0.04064312
0.01301716
-0.02973511
0.01197681
0.01258984
0.02822059
0.00199058
-0.02983918
0.00808326
0.02191763
-0.01405947
-0.01885294
0.03143925
0.01449133
0.01668592
-0.00879167
-0.00167639
0.00882327
-0.00208573
0.08243319
0.00431087
0.00248547
0.00584601
0.03000686
0.01858064
0.01321120
0.00344988
-0.00811085
0.00926673
0.00070416
-0.00942776
0.01899986
-0.05147975
-0.02168873
0.00079262
-0.02120527
0.01497262
0.00714544
0.02974671
0.02861436
-0.01420816
-0.01464458
-0.00326974
0.02621278
-0.03494730
-0.00553623
0.02145373
-0.01205096
-0.00118897
-0.00811307
-0.00920773
0.04280729
-0.04095399
0.01929277
-0.00392226
0.00137085
-0.00051031
-0.02455854
0.00860469
-0.00869029
0.01155679
0.01374477
-0.00717750
0.00690556
0.10016896
-0.01295669
-0.02304450
-0.02722709
-0.02817325
0.02954635
-0.00433931
-0.05833308
0.00773978
-0.11915914
0.00758527
-0.10279384
-0.03289119
-0.00604461
-0.02212928
-0.02595118
0.03404402
-0.02754772
-0.00119472
-0.02436516
-0.01694422
0.01747710
0.00936977
-0.01969319
-0.02015822
0.00424348
-0.02105258
-0.01753522
-0.00391543
-0.05919479
0.00523236
-0.00108909
-0.05655634
0.01811117
-0.00421433
0.00739031
0.04323754
0.01098061
0.00002694
-0.01048904
0.03402046
0.04352914
-0.01127066
0.03367895
-0.00262596
0.04668808
0.03702781
0.02961136
-0.01805199
-0.07355358
-0.00601238
0.00651710
-0.05039277
-0.00274045
0.02994736
0.01131650
-0.03739183
-0.07869612
-0.00868900
-0.00596246
0.05841223
0.10635098
0.02816018
-0.01182159
-0.02938167
0.01346954
-0.00490470
0.03614755
0.02564970
-0.08968480
-0.03857026
0.04837517
0.02933584
0.08590424
-0.04920175
0.00904430
-0.01676717
0.00565846
0.02154280
-0.00950083
-0.06642731
-0.05364503
0.00272444
0.01890674
-0.00015740
-0.00209823
0.00669293
-0.00226795
0.04208651
-0.02202520
0.01821051
-0.03949157
-0.76451886
-0.00782998
-0.02686434
0.00656563
-0.01625641
-0.01912556
-0.02953009
0.01584107
-0.00879210
-0.00489651
-0.05099582
0.02795626
0.02906666
-0.00767335
-0.02669892
-0.02659401
0.00145862
0.01546093
0.00135432
0.00239590
0.01575439
0.01331367
-0.04573643
0.00455266
0.01515433
0.01737085
0.07595550
0.00977671
-0.02604078
-0.00845669
0.00795946
0.00646671
-0.00109954
-0.01294779
-0.01330969
-0.00285642
0.17491655
0.04450860
0.04050670
-0.05134885
-0.08781597
0.01422491
-0.05624796
0.03988997
0.06396525
-0.12816912
0.04216078
0.05490310
0.04640952
-0.01760489
0.02365613
-0.04133456
0.01728263
0.00622207
-0.05524518
0.07688201
0.18845245
-0.15957490
-0.10604275
0.03532385
-0.00125161
0.03845191
0.00131364
-0.05014336
0.03766793
-0.11211955
0.01196638
0.12258655
-0.06894059
-0.03079261
-0.04247047
-0.05565057
-0.13225970
0.08669276
0.14492363
-0.00210011
0.03719107
-0.02753140
0.01525969
-0.05256099
-0.08924606
0.82623339
-0.06332643
-0.01005374
-0.04555836
-0.00229513
0.03789467
-0.00978701
0.09792304
-0.05482322
-0.00875297
0.02478649
0.04716927
-0.07854686
0.08818875
-0.03533115
0.08150499
-0.06813879
-0.04900765
-0.03150707
0.02076617
0.01939202
0.03079262
0.01148255
-0.02587046
-0.02904977
-0.03820438
0.03884128
0.01713671
-0.04826442
-0.03988152
-0.00913878
0.01735356
0.00921864
0.00885831
0.01022927
0.02624300
0.01570223
-0.00004919
0.07267043
-0.01257117
0.04890625
-0.00949611
-0.05323524
-0.08086457
0.03757291
0.03697643
0.01366703
0.01013228
-0.04829536
0.03928946
0.00005375
0.00700893
0.01474130
-0.12643521
-0.00078806
0.02616616
0.04994433
-0.10268189
0.00951727
0.00645640
0.02394566
-0.00534777
0.02588180
-0.01381894
-0.04243141
-0.00147755
-0.02230262
0.05083179
0.00242107
-0.01824448
0.03776751
0.05664698
0.01982243
0.03690005
-0.07749479
-0.01125673
0.00268092
0.12756807
-0.01158670
-0.01965680
0.03354091
0.00856739
-0.00230869
0.01257026
-0.00274363
0.05398782
0.03834637
0.05713455
-0.06822136
0.01398239
-0.04477117
0.01082635
-0.00653163
0.00084562
-0.01981519
-0.00274235
-0.01081813
-0.03781534
-0.02970428
-0.04511170
0.02367650
-0.01793265
0.01254704
0.02921646
-0.02907647
-0.01281449
-0.01567880
0.08814659
-0.07941730
0.02864164
-0.00033516
-0.00850704
0.05730135
-0.01655023
-0.01648867
-0.07886375
-0.06232048
-0.01059342
0.03649409
0.02594366
-0.00097428
0.04952278
0.01495526
-0.01756424
0.03103378
-0.14295280
-0.02327348
0.02604768
0.00439371
-0.05613757
0.08059341
0.04315741
-0.01247135
-0.01813557
0.01364197
-0.02652324
0.01505410
-0.04425842
-0.01690377
-0.00580327
0.04149459
-0.05352725
-0.03671508
0.07354166
0.01897490
0.05839485
0.05160377
0.01994746
-0.03438724
-0.00342545
-0.00765750
0.06072866
0.03343400
-0.07426470
0.07878400
0.02455189
0.11579347
-0.10704469
-0.05256444
-0.04545056
-0.00247388
-0.02238059
0.00678492
0.02011566
0.00745505
0.00822670
0.03338873
-0.03528204
0.00581779
0.03557966
0.01333609
0.00573622
-0.04149179
-0.01143315
-0.00681797
0.01573712
0.07129790
-0.02490634
-0.06830396
-0.01472172
0.05875198
0.01910267
-0.05516181
-0.01695346
0.00550833
-0.00619221
-0.00075426
0.04503417
-0.02321652
-0.07507313
0.07679357
0.02262691
-0.05745981
-0.02071507
-0.04827069
0.05409770
0.00260606
0.01110855
0.05151623
-0.05455160
-0.04809816
0.04100171
-0.00341590
0.01322447
0.00106003
-0.01726309
-0.02580006
0.05315856
-0.01494128
0.02998714
0.07131222
-0.05755305
0.03622460
-0.01412180
-0.13159464
0.03621737
0.06432913
-0.01646578
-0.03396647
-0.09100470
0.04399377
-0.04677114
-0.00746185
0.01785656
0.04237105
-0.08383013
-0.03412757
-0.05275742
-0.04633815
-0.04872624
-0.02622639
0.02379761
-0.00890266
0.10097802
-0.04159972
-0.03269269
0.03763164
0.02726407
0.03862030
-0.00880973
-0.03196135
0.02297999
-0.03711865
-0.03863256
-0.01179421
0.04102879
-0.00930621
0.05763974
-0.02773450
0.06376615
-0.04849663
0.00125243
0.03841939
-0.04753729
-0.07049404
0.00471820
0.00314418
-0.02642751
0.08331375
0.09645123
-0.06283396
0.07687262
-0.00162877
-0.09127098
-0.04946812
-0.03045387
-0.03922641
-0.05068143
-0.06324468
0.01073657
-0.01918839
0.04689427
-0.00736918
0.03385362
-0.07194052
-0.07867204
-0.00346468
-0.01026773
-0.04658950
0.03378774
-0.04340759
-0.00721987
-0.00786665
0.02406144
0.00225327
0.05251657
0.01585022
0.00888878
0.01862102
-0.00847506
0.02511325
0.02298397
0.00167067
0.04130777
0.01507941
-0.10438312
-0.01655135
0.00962289
-0.07366408
0.00003349
-0.01873589
-0.05408204
-0.04132648
0.09641381
-0.04499084
0.07390532
0.03274601
-0.00456947
-0.03167477
0.00158841
0.01485368
0.02612743
0.14302064
0.01340234
0.06928741
0.02010193
0.02997480
0.03562499
0.03159980
0.05362884
-0.04810238
-0.02250081
0.13148925
-0.00861082
0.06589314
-0.00674265
0.02296245
0.00038570
0.01272531
-0.02555856
0.01388772
0.04955291
-0.00566592
-0.03491763
0.00246322
0.04167657
-0.10140754
-0.01041336
-0.04376629
-0.01803873
0.02301831
0.06096609
-0.01972410
-0.03839258
-0.02401135
0.06404416
0.06086694
0.08925018
0.02127107
-0.01872654
-0.04471065
-0.07549859
-0.05349898
0.04804847
0.01619991
0.02116932
0.03370672
-0.05851231
0.02133466
0.04487469
-0.06065039
-0.00375719
0.00807174
-0.11376217
0.02686069
0.01500091
-0.04679781
0.03855388
0.09282971
-0.01165689
0.04376684
0.02947398
-0.02005999
0.04912927
-0.04927469
0.07601726
-0.02834241
0.09818285
0.01192661
0.02433062
-0.00434511
0.14350358
0.00136799
-0.03893124
0.07181823
-0.04824290
-0.00698722
0.01873814
0.04476719
0.01119794
0.03346205
-0.00564936
0.03149718
-0.01233557
0.02188330
-0.02979110
-0.02291656
-0.10636920
0.02338316
-0.13586116
0.00278638
-0.04282605
0.04870322
-0.00976025
0.05711821
0.06714115
-0.04037559
0.09641184
0.03961885
0.00281262
-0.01597720
-0.02742273
0.00696180
0.03297747
-0.07190649
-0.12299348
-0.03628395
-0.02494165
-0.00501666
-0.04354989
0.02119167
0.02715149
-0.03890912
0.00856132
-0.00551635
-0.02086390
0.03390297
0.00070253
0.00800780
-0.02769011
0.02336680
0.02763843
-0.04643802
0.03080216
-0.01830687
-0.02193196
-0.05545649
-0.02355865
-0.00492569
0.02946485
-0.03210744
-0.02657347
-0.00355527
0.02212140
-0.00939935
0.01469102
0.00204074
-0.01270154
-0.03992339
-0.08344593
-0.03257447
-0.04809257
0.03824499
-0.06771811
0.05129986
0.02575824
0.04462273
-0.00623383
0.00040916
0.01725854
0.03527145
0.03055396
0.02163707
0.00529461
0.05711849
-0.00507018
-0.03708608
-0.02483568
-0.00709984
0.06083174
-0.03597810
-0.01427917
-0.01922138
0.00399685
-0.03669370
0.02818794
-0.05927543
-0.02563970
-0.05611357
0.08264015
0.01821914
0.02404403
-0.02373449
0.02907744
-0.00730609
-0.00376837
-0.07201044
0.01650638
-0.07971366
-0.01647062
-0.01674099
-0.01152053
0.04011403
-0.05642729
0.01125760
0.00076517
0.00570446
0.05155081
0.01651455
-0.07150696
-0.02417092
-0.09027173
-0.00004441
-0.02716256
0.05227889
0.02467434
0.00683707
0.03131140
0.01236424
0.02744485
-0.02914608
0.05101128
0.01470247
0.08048386
-0.09074754
0.01471267
0.00221769
0.07256036
-0.00559741
-0.02948844
0.01924112
-0.04203126
-0.00108761
0.00735986
-0.02938768
0.02522821
0.04612112
-0.06813115
-0.02110578
-0.07108972
