0.02186753
-0.04459422
-0.01031198
0.01291306
-0.00862311
0.02859449
0.01507327
-0.00465141
-0.00232443
0.03233688
-0.01663780
0.00974142
0.03440900
-0.00717408
-0.02078604
-0.01238981
0.00659982
0.00003099
0.07630382
0.03418844
0.01372133
0.05429421
-0.04998971
-0.01595803
-0.01511173
0.00774701
0.00152923
0.00501840
-0.02247565
0.01346782
-0.03659651
0.00922223
0.01641247
-0.02037029
-0.01197495
0.05859964
-0.01737738
0.02265464
0.00353262
-0.08210082
-0.03124041
-0.00888418
-0.04132155
-0.05505686
-0.00537435
-0.02231015
-0.04926480
0.01362908
-0.00312159
0.01635935
0.02179576
-0.07410458
-0.01399547
-0.00553586
-0.04405128
-0.01820480
-0.00828948
-0.00369091
0.41592023
0.03800860
-0.02711353
0.01794353
0.00431073
-0.03180375
0.00602645
0.04353157
0.01350061
-0.02174348
0.01828437
0.00693081
0.02316755
0.00185102
-0.02190249
0.00258111
0.02065268
0.00173049
-0.02900906
0.02426366
0.00492339
0.03477303
-0.01332814
0.00622652
-0.00776363
0.02352652
0.08597020
0.00053259
0.00414273
0.00157723
0.03900226
0.00415771
-0.01020287
-0.00564048
-0.00250536
0.02097491
-0.01999568
-0.00496320
0.02276075
-0.04193522
-0.00458070
0.00005378
-0.02015058
0.01969833
0.00264942
0.01917038
0.01429708
-0.02037672
-0.00147593
-0.01003881
0.03729673
-0.03051668
-0.00989361
0.02248810
-0.00477024
0.02040775
-0.00264266
-0.01615487
0.03414186
-0.03521486
0.01845981
-0.00114488
-0.00240899
0.00006811
-0.02076601
0.00642346
-0.02107141
0.01661362
-0.00571206
0.00057514
0.00397240
0.08390214
-0.01456968
-0.01284343
-0.03757467
-0.01872591
0.01258573
0.00991779
-0.04290261
0.00175082
-0.11081448
0.01731037
-0.09766164
-0.02650791
-0.02222506
-0.00714366
-0.03864593
0.07581178
-0.03267176
-0.01565969
-0.02112223
-0.00840553
0.02165121
0.02440785
-0.02163803
0.00239385
0.00720591
-0.02324850
0.00324767
-0.00944860
-0.06772082
-0.00151747
0.00616803
-0.05285987
0.02050947
0.02223605
-0.00293698
0.04862550
0.00242684
-0.00699848
-0.01291728
0.03306715
0.03677926
-0.00609349
0.02109845
-0.00266836
0.04709400
0.02987302
0.03093799
-0.01875407
-0.06654767
-0.00490555
0.02837707
-0.03902496
-0.00257317
0.03842470
0.01094158
-0.01235439
-0.05936735
-0.02153622
0.00200861
0.04999329
0.10119199
0.04813385
-0.01356625
-0.03496040
0.00506432
-0.00212185
0.02291810
0.03125613
-0.04160328
-0.04012084
0.03485233
0.02961353
0.07297933
-0.04520823
0.01890362
-0.02492321
0.00512044
0.01741717
0.00720939
-0.08745856
-0.03611852
-0.00070363
0.02165275
0.00335838
-0.00278960
-0.01087561
-0.00193791
0.05552590
-0.03432459
0.00193018
-0.04271458
-0.77664012
0.00036375
-0.04212039
-0.00201089
-0.02239164
-0.00620438
-0.02051349
0.01298486
0.00371794
-0.01592421
-0.05102266
0.01261981
0.02239980
-0.01454422
-0.01104515
-0.01813950
-0.00037018
0.00658790
0.00006949
0.00649040
0.01660429
-0.02066713
-0.03027297
0.00457942
0.02679322
0.01935740
0.04994253
-0.00208358
-0.02647823
-0.00592107
0.00460175
0.00955931
0.00378054
-0.01289558
-0.02315420
0.17525546
-0.02841537
-0.02848092
0.07899497
0.08737504
0.07795589
-0.00854327
-0.10372836
0.02985501
-0.01454265
0.12138052
0.13061479
0.01306741
-0.08743341
-0.02250636
-0.02200906
0.05899609
0.03625023
-0.01820479
-0.02287482
0.06402128
0.03271262
-0.03475741
0.07413843
-0.02567316
-0.03238690
0.03631887
-0.02029659
-0.03981798
0.01415401
0.07043287
-0.03126771
-0.01048764
-0.02554249
0.02827199
-0.06500710
0.02280025
0.12529156
-0.08458110
-0.03370104
-0.11447560
0.01449805
-0.08397745
0.02528501
-0.01681342
-0.03337074
0.85975295
-0.03003995
0.02903541
-0.14360702
0.08296826
0.13336307
0.08214016
-0.01381878
0.01475805
-0.07143232
0.08697606
0.03934633
-0.03334345
0.01481470
-0.02389178
-0.04086887
-0.04683946
-0.02110898
0.01287015
0.05974064
0.00911292
0.00097468
0.02624458
-0.04329592
-0.00363422
-0.03070728
0.01115487
0.01098745
-0.01193802
-0.00428876
-0.03919098
-0.00902758
0.02722724
-0.05231654
-0.00912515
0.01721805
0.04730745
0.05365321
0.12263612
0.00138846
0.08325250
0.02634037
-0.07410736
-0.12128018
-0.00704487
0.03308703
-0.03938502
0.03020898
0.02385131
-0.00689817
0.01679183
-0.05981992
-0.02320280
-0.08785400
0.02458947
0.00864240
0.02288629
-0.04241019
0.02708017
0.04467479
0.00719005
0.01273717
0.01972329
0.01068397
-0.06662918
-0.05672091
0.02709457
0.03912510
0.01991497
0.06264571
0.03279651
0.10739999
-0.01852976
0.02124617
-0.01422424
0.00530270
-0.02330420
0.08248577
-0.01793487
-0.04478896
0.04478544
0.00192995
-0.03422073
0.04887213
0.00734320
0.04582977
0.00094991
0.07511874
-0.04899709
0.00351819
-0.04778675
0.03775001
0.00120200
-0.01201064
-0.00086329
0.05947668
-0.03979452
0.00950775
-0.04145939
-0.05461605
-0.03325162
0.01892486
0.07781248
0.00549409
-0.05282721
0.01956064
-0.04398820
0.03621951
-0.07658996
0.07239028
-0.02433030
-0.02987423
0.05992785
-0.00034684
-0.01694599
-0.04118974
-0.06395473
0.03297140
0.03458260
0.04434270
0.04243836
0.00097586
0.03206511
0.00814289
0.03111867
-0.12468594
-0.03262195
0.05583437
0.00054409
-0.04846059
0.06330775
0.02981285
0.01265427
-0.03022713
0.01931197
0.01330932
0.00200957
-0.05617323
0.00200470
-0.00056841
0.01669641
-0.01018293
0.01798101
0.03435752
0.03562481
0.00967519
0.03340380
-0.00016318
-0.02478279
-0.03034222
-0.07416594
0.03775159
-0.03618419
-0.03266706
0.02334739
-0.02184015
0.08863245
-0.07591888
0.04147682
-0.09333884
0.05011265
-0.01474005
-0.02591505
0.01079070
0.02114855
0.00704419
-0.00369802
-0.06334934
0.01415841
0.06171127
0.01776867
0.02252581
-0.01071555
0.00210755
-0.04380570
-0.00517221
0.07793743
0.03104001
-0.02963080
0.03768517
0.01162281
0.00383475
-0.02058496
-0.03669802
0.03461361
0.03852529
-0.02394146
0.07172049
-0.05986512
-0.01297742
0.07070211
0.00972567
-0.02103252
0.04194419
-0.02519500
0.05227292
-0.00599135
0.03246506
0.03470031
-0.02885843
-0.01948705
-0.01013299
0.03805225
0.01667662
-0.05615303
-0.02448570
0.00843823
0.02225215
-0.06597292
-0.00640153
0.07898869
0.02906236
0.00282718
-0.02342445
-0.12187442
-0.00020798
0.10087856
-0.01413717
-0.05955373
-0.08001002
0.03762693
-0.07610860
-0.05094925
0.02103776
0.07901593
-0.02433913
-0.05146381
-0.07045011
-0.07810225
-0.03644991
-0.05703710
0.04180206
-0.04632654
0.13584526
-0.02072092
-0.00294633
0.04215997
0.02778601
0.01609705
0.02771991
-0.00738981
0.02149168
-0.04886130
-0.06953983
0.00798411
0.01870883
-0.03134999
-0.00507792
-0.03094425
0.04870288
-0.05097936
0.04040914
0.01459150
0.02329105
-0.00294819
0.01645495
0.05558140
-0.00896455
0.01549192
0.10269558
-0.03423283
0.03759729
-0.03883428
-0.07185805
-0.06635141
-0.04242279
-0.00667869
0.00959634
-0.01325563
-0.00480366
-0.00225896
0.03495730
-0.03864482
-0.01580861
-0.08362880
-0.02864098
0.01445806
-0.00851479
-0.06277809
0.01911666
-0.00819477
0.02400710
0.02627942
0.04049808
-0.00707128
0.07948720
-0.00535914
-0.00480991
0.00025678
-0.03079653
0.04476458
-0.03600562
-0.10163442
0.05573174
-0.00232188
-0.08513575
-0.01032141
-0.00536891
-0.03417709
0.04415016
0.01489295
0.02552255
-0.00921076
0.04478250
-0.04194778
0.05101671
0.09514701
0.00522372
-0.01321546
0.06311172
-0.01557285
0.02638749
0.00682297
0.03733398
0.07070396
0.04901195
0.02994800
0.03833446
0.02793204
0.03919294
-0.05650580
0.02219405
0.11766446
0.05176468
0.02399994
0.02457089
0.00302015
0.02173680
0.03453782
-0.09773574
0.01391450
0.06919436
-0.09517387
0.00092118
0.04703226
0.01082217
-0.01203922
-0.03670089
-0.05146820
-0.01608461
0.01821181
0.00896687
0.02034211
-0.00060072
-0.01295928
-0.01697231
0.03527244
0.00600564
-0.01647453
0.05034462
-0.03359784
0.00658639
-0.03668052
0.07446557
-0.04785555
0.02657438
0.03819098
-0.03169112
-0.03397979
-0.00612430
-0.06641196
0.01567897
0.04564771
-0.14170508
0.01224471
0.04609456
-0.06828792
0.05361505
0.05994880
-0.00586138
0.03009837
0.04448283
-0.06211536
0.03495077
-0.03750647
0.07671457
0.04017031
0.03789602
0.01624645
0.02064931
0.02775884
0.19684513
0.02417909
-0.03502683
0.04911405
-0.07332965
0.01112899
0.00145182
0.03907865
-0.02076165
-0.07291058
0.02988835
-0.00790245
-0.05341301
0.03501346
0.01573004
-0.06373160
-0.06760952
0.05189919
-0.15681542
0.00790768
-0.03381629
0.01221368
-0.03773964
0.04909344
0.01971964
-0.08577625
0.06568954
-0.00767229
0.07398159
-0.03088273
-0.01211913
0.01336681
-0.01484185
0.01010734
-0.07768602
0.09631800
0.00110654
0.04941949
-0.03380778
0.01073335
0.02977469
0.00792361
0.03644205
0.02875739
-0.02326929
0.03240471
-0.01842683
-0.00430976
-0.06982239
0.00612425
-0.00299367
0.00346844
0.07934934
0.03776393
-0.07692728
0.03060648
-0.00558190
0.00319245
0.05304644
0.02413277
-0.03454098
-0.02416228
0.04858741
0.03411540
0.03909062
-0.01785312
0.00514912
-0.03385485
-0.11831140
-0.06394629
-0.08050469
0.01015493
0.00195767
-0.01547019
0.03140605
0.02426207
-0.07078271
0.00704629
-0.01318660
0.01482572
0.03242232
0.00483692
0.04581094
-0.01602057
-0.00051247
-0.04731341
-0.00582721
0.01356134
0.00976925
0.00081048
-0.03399907
-0.01458001
0.02383730
-0.04405364
0.01746734
-0.08586857
0.01732340
-0.03533481
0.00626512
-0.05577881
-0.05499124
0.00986873
0.03623015
-0.02789285
-0.02441538
-0.03787791
0.03021588
-0.03229329
-0.00082453
-0.00446189
0.01196591
0.00311440
-0.05942639
-0.02269737
0.02321619
-0.01939498
0.05757432
-0.01574090
-0.07900504
-0.05383575
-0.01075430
0.04815396
-0.00877969
0.06103269
0.03019182
0.03619907
0.02585334
-0.02741960
0.02384561
-0.05682103
0.03132460
0.04303252
0.03941217
-0.04698830
0.01674136
0.00589019
0.02906680
0.03072427
0.00745462
0.06701187
-0.03036181
0.00460411
0.08134048
-0.02222799
-0.00616074
-0.01301537
-0.03748856
-0.02330170
-0.03016436
