0.01495215
-0.03765405
0.00338110
0.01584397
-0.01799215
0.02348661
0.01702299
0.04349374
0.05126794
0.02054432
-0.00461109
0.00223684
0.02031173
-0.01967770
-0.02777663
-0.00082615
0.00439136
-0.00562909
-0.04313893
0.04149237
0.01259634
0.05699588
-0.06142921
-0.02725294
-0.00931128
0.01000134
0.01464172
-0.00446168
-0.01241053
0.01947107
-0.16665089
0.01409661
0.02394251
-0.00920410
-0.01058065
0.07216424
-0.03089360
0.02000573
-0.02218176
-0.12090295
-0.01134801
-0.00795733
0.03808091
-0.05048358
0.00838250
-0.00342516
-0.00895509
0.00772068
0.00846047
0.01381580
0.03488053
-0.06353600
-0.07295526
0.00606140
-0.02055909
-0.00123233
-0.00570966
0.00848195
0.37931424
-0.00397978
-0.02641628
0.01618963
-0.01618481
-0.02632964
0.01295742
0.03164307
0.00820835
-0.02004948
-0.00122363
-0.01252216
0.02890708
0.00432570
-0.03686601
0.01104328
0.03507178
-0.01245021
-0.00968419
0.06740598
0.00202318
-0.03182810
-0.00750171
-0.00035105
0.00687364
-0.05040028
0.08818293
0.00096544
0.00833214
0.01025300
0.01988502
-0.00395156
0.00498146
-0.00976396
-0.02246466
0.00895463
-0.00452004
0.00155054
0.01580233
-0.03735039
-0.05511039
0.00452781
-0.00632495
0.03586724
0.00259161
0.02554345
0.01799926
-0.00678544
-0.04425400
-0.00037023
0.02638493
-0.01939652
0.00208055
0.03002004
-0.02352754
0.01410164
-0.00787540
0.00045631
0.03606350
-0.03827968
0.02230563
-0.01491406
-0.00594496
-0.00400060
-0.02614243
0.00787423
-0.00803531
0.02158207
0.01203950
0.00439384
0.00416595
0.12395784
-0.02230417
0.00070079
-0.02852697
-0.01886269
0.06949244
-0.01813216
-0.09057751
-0.01129285
-0.10438342
0.00393406
-0.12235623
-0.01781119
-0.01051867
-0.01138150
-0.01806412
-0.04318132
-0.01422316
-0.01430351
-0.02809136
-0.00573446
-0.00272813
0.00878401
-0.02909113
-0.04160614
0.00720998
-0.00051774
-0.04223321
-0.00712922
-0.04921032
0.01416570
-0.01669293
-0.04224722
0.02092927
-0.00198950
-0.00525904
0.01870924
0.01423882
-0.01365018
-0.00484953
0.03252720
0.02944671
-0.00893920
0.02948040
-0.01027895
0.03953382
0.02789273
0.02829914
-0.01596371
-0.06992013
-0.00277639
0.02805401
-0.03896864
-0.00444795
0.03132322
0.00133129
-0.09113126
-0.10824915
-0.01492145
-0.00765185
0.06466804
0.12830533
0.02397306
-0.01798212
-0.01668921
0.01282138
-0.02504089
0.03146789
0.01976408
-0.16211905
-0.03668520
0.05128573
0.02532416
0.08998580
-0.05235727
-0.00313198
-0.01719350
0.00833903
0.00867117
-0.00723279
-0.02837971
-0.06791887
-0.00434938
0.03095282
-0.00102472
0.01610154
0.02971357
-0.00604189
0.04251991
-0.02446988
0.00897057
-0.05833450
-0.71753424
-0.00282894
-0.00701839
0.01276218
-0.01378045
-0.04977234
-0.02042314
0.01290107
-0.00650334
-0.01987503
-0.04626277
0.03496387
0.02098374
0.00365633
-0.03944070
-0.02215754
-0.00809301
0.01510458
0.00607124
0.02610483
0.00631170
0.04695855
-0.05465480
0.00975878
0.00240170
0.00511321
0.08422183
0.01696638
-0.04220099
-0.00467014
0.01110840
-0.00322745
0.00266817
-0.00559599
-0.01848589
0.11093826
-0.10742673
0.01549858
-0.00240597
-0.00458733
0.03227925
-0.02225384
-0.11018549
0.08397669
0.00496948
0.06703329
-0.06106169
0.02429078
-0.00355535
0.05614894
-0.00931136
0.08877145
0.14915721
-0.06212333
0.00822598
-0.01168681
-0.02923964
0.06240167
0.03937155
-0.01958415
-0.04796730
-0.00222760
0.09418350
-0.06416038
-0.03508086
0.01799238
0.01909019
-0.13837761
0.04243838
0.13620868
-0.03638254
-0.00790566
0.06166612
0.03867964
-0.10488711
-0.13775507
-0.04113807
0.02984808
0.05368707
0.12482692
0.08031671
0.85441005
0.07144368
-0.02418217
-0.03878550
0.05278035
0.10288470
0.04692543
-0.01971979
0.00932277
0.01365757
0.07076697
0.08518863
0.09852198
0.01270087
0.05137783
-0.03075919
0.03789132
-0.02678237
0.01156080
0.05731743
-0.03084693
0.07265614
0.05923637
-0.02710178
0.03765648
-0.04175140
-0.01659701
0.00803565
0.02292643
-0.00029948
-0.05985539
-0.02671574
0.03116899
-0.08175010
0.04354056
0.00538765
-0.01716581
0.01539266
0.04979863
-0.03464830
0.05959215
0.01215472
-0.04217847
-0.14686331
-0.02765401
-0.01354559
-0.05365366
0.06671847
0.00190927
-0.05515176
0.03140758
-0.02367237
-0.02455913
-0.03990389
0.02090585
0.00569060
-0.01124106
-0.04350891
0.00133399
-0.01124987
-0.02005454
0.03689568
-0.00392547
0.00490073
-0.03090517
-0.00304241
0.09377850
0.01101424
0.00121277
0.09678248
0.02067690
0.03218415
-0.00888408
0.02682109
-0.06636391
-0.02859087
-0.07748371
0.04933051
-0.03805732
-0.03266762
0.00578710
-0.02656622
-0.05465380
0.05628022
0.03885271
0.05965854
0.01308180
0.04321323
-0.02323931
0.02026067
-0.04370935
0.03638893
-0.00303586
0.03612614
0.06270064
0.11223645
0.00187319
-0.01620831
-0.03206003
-0.05130946
-0.03840240
0.01254938
0.08894841
0.00622680
0.00063610
0.01401783
-0.02316513
0.00930165
-0.00852629
0.06770746
-0.02507662
0.04112472
0.04145623
-0.00329568
-0.02378271
-0.03777044
-0.06172983
0.02383970
0.01717954
0.05141844
0.00951456
0.00697222
0.03458755
-0.04370094
0.05626690
-0.02603494
0.00207505
0.04479033
-0.01888024
0.03221546
0.03822063
-0.00537266
0.00605141
-0.02628237
0.02330858
-0.03823278
0.02204216
-0.03005003
-0.00156473
0.01326872
-0.01945197
0.00706249
-0.02757376
0.00268810
0.02375263
-0.09139486
0.07295019
-0.02118982
0.02274380
-0.01820659
-0.01428155
0.01836384
-0.05197858
-0.03524697
0.01614832
-0.03115805
0.07866348
-0.09335153
-0.02141185
-0.05840689
0.03962229
-0.06331585
-0.01513102
-0.00361442
0.00921966
0.01613906
0.01725631
-0.03416036
0.00317411
0.04328606
-0.00713794
-0.01567540
0.03310450
-0.03648818
0.01720531
-0.02475936
0.08807158
0.01560052
-0.03771377
0.07436982
-0.00439120
-0.02271043
0.04944227
-0.01221400
0.03324559
0.00484343
0.00327223
0.08826051
-0.00151361
0.00915448
0.09558512
-0.01949154
-0.03728495
0.05420211
0.02653216
0.00614465
0.04703622
0.04917255
0.12298096
-0.09572247
-0.04234727
-0.01105014
0.03790906
-0.03840855
-0.00537893
-0.02788238
0.03070041
-0.00735004
-0.04277785
-0.02425509
0.02492387
-0.05490683
-0.06558970
0.01169389
-0.06058690
-0.03618706
0.08360749
0.00599432
0.02201703
-0.08146037
-0.05741438
-0.01938461
-0.06286876
0.01301452
0.03035275
-0.02784857
-0.08083782
-0.10784315
-0.07846072
-0.00118977
-0.06389378
0.07743239
-0.03437351
0.09296299
0.00542566
0.04342614
0.06466240
0.03836923
-0.01388491
0.01139900
0.03680368
-0.00245983
-0.04468943
-0.01674472
0.04679648
0.04503318
-0.05953025
0.01713153
-0.04988208
0.00674666
-0.06487722
-0.02085965
-0.03484642
0.03301178
0.00578988
0.00998497
0.02841792
-0.02047394
0.03800665
0.03976230
-0.07313401
0.02072719
-0.01360538
-0.10328896
-0.02541792
-0.08871888
0.04741995
0.04491068
-0.00778890
0.00880916
-0.05110420
0.05785722
-0.03745402
-0.00346507
-0.04986947
-0.02279682
-0.00434352
-0.02749658
-0.00913474
0.02108341
0.05612709
0.04932736
0.01498166
0.06376272
-0.01752365
0.06941526
-0.00755579
-0.04372223
0.03648877
-0.03555620
-0.04180758
-0.04892890
-0.05864682
0.01872948
-0.01047862
-0.06114205
-0.03030659
-0.00020447
-0.08506277
0.09632134
0.02309951
0.00111812
0.04020848
0.02169793
0.05457560
0.00417036
0.08289289
-0.00286953
-0.00099091
0.00846482
-0.01649809
-0.02060393
-0.02413267
0.03073280
0.03342608
-0.00492465
0.00009571
-0.02279214
0.04033514
0.05517728
0.01444065
0.00161248
0.12617008
0.11657499
-0.02055363
-0.02254566
-0.01205271
0.00130422
0.03162289
-0.11744191
-0.02877456
-0.00160052
-0.04588938
0.01602777
-0.03693753
-0.02291407
0.01997305
-0.02236942
0.02583469
-0.03431004
0.00758533
0.05029752
-0.01821454
0.03077096
-0.01388594
-0.01146753
0.01145618
-0.02798065
0.03037768
0.08663250
-0.04790325
0.01817335
0.01844260
0.00732394
-0.05163198
0.01061965
0.04895103
-0.00837571
-0.03458505
0.01617326
-0.04545770
0.00343564
0.09427418
-0.07138893
-0.02182501
0.01930864
-0.03846589
0.02795740
0.08179625
0.02042257
0.03467843
0.01440591
-0.02402944
0.00025677
0.01543942
0.04005220
0.01816743
0.04171745
0.02767050
0.00940449
-0.01391453
0.11192611
-0.00645547
-0.03181923
0.02231110
-0.09352715
-0.00305790
0.06400519
0.03976906
-0.04716765
-0.07936938
0.01504857
0.01038372
-0.01267517
-0.00479330
0.04645053
-0.08380446
-0.10279060
0.05081166
-0.06830210
0.05519347
-0.01189966
-0.05935055
-0.05944898
0.06746274
0.04575166
-0.04809985
0.06333204
0.02996767
0.06935552
-0.01219489
0.01448226
0.04028147
-0.04722410
0.06969517
-0.04465733
-0.01359145
-0.02052710
0.04533899
0.04805912
0.02385584
0.04985503
0.04780091
-0.04969414
0.04047525
0.06876740
0.00678700
0.05482494
0.02730775
-0.03374931
0.00560863
-0.00122959
-0.02280364
0.06293204
0.05260358
-0.06389156
-0.04829510
0.00969646
-0.02064116
0.05729651
0.03915946
0.00310989
-0.03563243
0.03868831
0.00539741
0.08589154
0.00741344
0.00465401
0.01201391
-0.05336300
-0.04985556
-0.07674875
0.00046845
-0.03228685
0.02514456
0.03874958
0.04637143
-0.05165126
0.03923910
-0.03746527
0.01028616
0.02354172
0.01840639
0.03889722
0.01886567
-0.08075620
-0.03627217
-0.09591252
0.02205736
-0.01210232
-0.02771830
0.00287397
-0.06680208
-0.01097684
-0.06958766
0.06788520
-0.05223346
-0.05275486
-0.00599969
-0.06118452
0.04512287
-0.07245548
-0.02446124
0.03090878
-0.06975099
-0.00012778
-0.07654942
0.01835657
-0.05448897
-0.03408750
0.00479117
-0.02704025
-0.01013411
-0.06036770
0.00649620
0.00960091
-0.00468398
0.01291423
0.03859444
-0.02725636
-0.04053992
0.04694672
0.03870967
0.03802568
0.05362616
0.00162888
-0.00545801
0.05772809
-0.04845866
-0.00651938
-0.09936474
0.05061937
0.07777134
0.03663811
-0.06996375
-0.02700864
0.02620668
0.04850904
0.04130197
0.04649505
0.06204810
0.06085786
-0.04500916
0.03203457
-0.08002828
0.00964190
-0.01741889
-0.02146055
0.01230914
-0.06282218
