0.06647719
0.01256990
0.02265188
-0.00546861
0.02414003
-0.02571727
0.00560329
-0.00206025
-0.07604543
-0.00683843
-0.00207716
0.00239868
-0.02088032
0.00190030
-0.02380286
-0.00260117
-0.01718588
-0.02488245
-0.18631358
0.02000531
0.02570976
0.03246998
-0.00808253
0.00800946
0.01175836
-0.02631199
0.05936942
-0.01895088
-0.05541587
0.02334025
-0.11217675
-0.00568270
0.00384286
0.03420965
-0.01147073
-0.02262420
0.01106741
-0.00975173
-0.02641711
0.04493009
-0.01527697
0.01671259
0.06508760
0.00491955
-0.03592493
-0.03381344
0.03703701
0.02049373
0.00558564
0.00303607
0.00445539
-0.00597316
-0.02681552
-0.01258680
0.01818902
-0.03454737
-0.02087899
-0.00436026
0.43249610
-0.10624930
-0.00393161
-0.03249443
-0.00015651
-0.02393736
-0.02174258
0.01082077
-0.02592883
0.01271688
-0.08764794
-0.01073052
0.02152015
0.00078216
-0.02832270
0.01207409
0.00842963
0.01221635
-0.01412118
-0.02087896
0.00141505
-0.03682413
-0.01000792
-0.02204326
0.00498825
-0.03983372
-0.04993733
0.01584272
-0.00426410
-0.01484432
0.00703937
-0.02182437
-0.01162447
-0.02764297
-0.01190238
0.02246104
-0.02428768
0.00101814
-0.00230984
0.00204391
-0.04660691
-0.01512511
0.03919825
0.03185070
-0.02367505
-0.00156645
-0.01109572
-0.00578573
-0.00707344
-0.02445349
-0.00465178
0.00978201
0.00317762
0.01911103
-0.00196286
0.03100699
-0.01271711
0.01241016
-0.08769131
-0.00653328
-0.00004174
0.02115018
-0.01133184
0.00829847
-0.00633215
-0.02754856
0.12119641
0.00272373
0.01927042
-0.01953884
-0.02257497
0.05064593
0.05915685
0.02960383
-0.02238074
0.01725760
0.00729702
-0.00838280
0.01494543
-0.00869337
-0.03404193
-0.00684023
0.10801961
0.01819383
-0.01440164
-0.01361085
-0.02727712
-0.19309269
0.00418757
-0.02117289
-0.00373022
-0.00121150
-0.04416305
0.02318275
-0.03324940
0.01901309
0.00190725
0.02374468
-0.03757954
0.01357285
0.02720215
0.04653090
-0.01954331
0.11278486
-0.06345812
0.01112493
-0.02551814
-0.03065485
-0.04255728
-0.00338506
-0.00247090
-0.01537647
-0.03392663
0.01771371
-0.00799062
-0.02171831
0.01278203
-0.00165906
0.01174551
0.03244011
-0.07374217
0.01777549
0.00821748
0.01716518
0.00423175
-0.00030283
-0.01620677
-0.11432740
-0.04981894
0.00698880
0.01132980
0.05358895
-0.02987656
0.01626808
-0.01014070
0.00913506
0.01625998
-0.00002385
0.10998153
-0.02450299
0.00564481
-0.03154268
-0.03416770
-0.00385123
-0.07098889
-0.00247488
-0.03822833
0.02305362
0.00105453
-0.01225325
0.00999986
0.01721556
0.04956121
-0.00061047
0.01214230
-0.00613168
0.00692461
0.05407834
-0.02040562
0.03381603
0.01680848
0.00629494
-0.00874601
-0.68203473
0.01485318
0.02234112
-0.02256432
-0.03049215
-0.00794220
-0.00702055
-0.00954274
0.00931452
-0.02808164
-0.03800769
0.06249085
-0.01701063
0.02424027
0.01267058
0.03768503
-0.01820585
-0.02592713
-0.01693084
0.01387989
0.00414696
0.16357389
0.00855282
-0.02106340
-0.00709780
-0.00057887
-0.01522788
-0.02440717
-0.02167244
-0.01321020
-0.00703052
0.00657400
-0.00378898
0.01060295
-0.01843888
-0.02536370
0.07665081
0.04668270
0.03836684
-0.13270468
0.00932348
0.03595746
-0.03029327
-0.04027205
-0.07256375
0.04998788
0.13979053
0.04017948
0.02195774
-0.03044993
-0.04557503
-0.05827267
-0.05920289
-0.00041770
-0.01325715
0.10123722
0.08732090
-0.16579449
-0.11683957
0.04158163
-0.04287152
-0.00649109
0.03141278
-0.08420682
0.02659678
-0.13549957
-0.06098035
0.04544117
0.10939751
0.00440382
0.09774631
0.04150140
0.02416123
-0.02202109
-0.02322547
-0.08787296
0.04812009
0.07026483
0.03644272
-0.05155493
-0.00587396
0.84693509
-0.01528035
0.06036019
0.03721367
0.08306824
0.01758900
0.09481638
-0.01282436
-0.08020110
-0.04509046
-0.08858629
0.02002140
0.09426322
0.12104549
0.00713220
0.04666628
-0.00327558
-0.08935012
-0.02832456
0.04193614
-0.01609972
0.02380414
0.02803925
-0.06422040
-0.01093465
-0.02059021
0.01238160
0.00855520
-0.00575882
-0.03805250
-0.02572964
0.01731678
0.02805869
-0.02667293
0.01800670
0.02096244
0.02596503
0.02090468
0.10508810
-0.01129838
0.09253284
0.00803374
-0.05377573
-0.05758394
0.00734816
0.05282409
0.00576551
-0.00922984
-0.05325316
0.01714933
-0.00905726
-0.01899539
-0.00576029
-0.08728979
0.02415513
0.03660255
0.02366516
-0.04407500
-0.02566935
-0.01399418
0.00951463
-0.01331441
0.02147516
0.00486670
-0.05550080
-0.01501336
0.00289846
0.05160652
0.03529442
-0.00046719
0.05384592
0.02202696
-0.00788956
0.03205871
-0.07234423
-0.01371054
-0.01748807
0.07002465
-0.01028897
-0.03067423
0.01437574
-0.02406824
-0.02254600
0.01817859
0.03550247
0.03880744
0.03382425
0.02692389
-0.07256253
-0.00097972
-0.06677733
0.03559340
-0.02774025
-0.01263954
-0.00910236
-0.00716300
-0.01799684
-0.04719183
-0.03136739
-0.02996046
0.06092285
0.01463498
0.01569026
0.01350280
-0.03347781
-0.01083769
-0.01711843
0.03420631
-0.06341451
0.06236856
-0.01422871
-0.00306343
0.04293567
-0.02108343
-0.00163621
-0.06600706
-0.05904770
0.00748665
0.04172756
0.03716857
-0.04501776
0.01102614
0.00631819
-0.01367039
0.03519739
-0.10715684
-0.04425117
0.02692125
0.00747289
-0.00960900
0.07122188
0.04969402
-0.02470950
-0.00849984
0.03060861
-0.01360156
0.00926145
-0.00965188
-0.00080970
-0.02688529
0.00296170
-0.04101978
-0.05074864
0.09239928
0.02041539
-0.01661659
0.09117171
0.00061614
-0.01107039
-0.00696221
0.01255323
0.05371892
0.00479436
-0.07642113
0.06008463
0.00654282
0.07332365
-0.10816618
-0.07099310
-0.06364440
0.00258349
-0.04491622
-0.02996613
0.03778132
-0.00423330
-0.02717528
0.04111801
-0.01933704
0.02797049
0.03874509
0.01330294
-0.00870523
-0.01758097
0.00288074
0.01438901
0.01262588
0.07756698
-0.01039220
-0.05323497
0.01642261
0.02113964
0.00208458
0.01250917
-0.04185601
-0.00612011
-0.03956926
-0.02409576
0.04169649
-0.04449167
-0.04608098
0.09638472
-0.00810864
-0.06794915
0.02543453
0.01111618
0.03461310
0.07593405
-0.00734834
0.09703168
-0.06865810
-0.06040351
0.04922678
0.02414987
-0.00122150
0.00023595
-0.04692100
-0.01766717
0.01472082
-0.00111812
0.04991220
0.05787305
-0.06166395
-0.01815755
-0.00229483
-0.11053985
-0.00200895
0.07519095
0.01442450
0.03071875
-0.10403960
-0.04750486
-0.06141579
-0.02515740
0.03426794
0.04004703
-0.04624656
0.00981472
-0.06254056
-0.01626172
-0.02635723
-0.03846660
0.04098903
0.03503424
0.08032891
-0.00093313
-0.02592372
0.03332785
0.02379850
0.02891526
-0.01682473
-0.01564726
-0.00512373
-0.05550853
-0.02551834
0.01931698
0.07956684
-0.04340710
0.04730421
-0.00516604
0.04175584
-0.07956034
0.00251645
-0.00252270
-0.01298619
-0.05981316
0.00662433
0.00720218
0.00485752
0.05570093
0.07756183
-0.02997221
0.05732607
-0.04140576
-0.11498658
-0.02082594
-0.06113460
-0.03370329
-0.00022765
-0.04186418
0.02706255
-0.04920520
0.04367603
-0.02278536
0.02016144
-0.06924210
-0.05678980
-0.02163389
0.00186488
-0.03442014
0.01680868
-0.02550398
0.02388247
-0.03241785
0.05100232
-0.01062675
0.06814314
-0.01827265
0.00611945
-0.00078935
-0.02514402
-0.04438318
-0.00703748
-0.05211571
0.02032701
0.00872458
-0.07719251
-0.03404097
-0.01190351
-0.05523157
0.07243282
-0.00387320
-0.01306054
-0.04755447
0.08384537
-0.03072990
0.05020785
0.02958374
-0.01826991
0.00066299
-0.00889365
-0.01948330
-0.00544892
0.09502359
0.05716022
0.06742734
0.03804744
0.03327782
0.01002766
0.05432794
0.05992727
-0.04676006
0.00738454
0.13441847
0.00710878
0.04544911
-0.02246913
-0.00505027
0.01649150
0.04042063
-0.08326495
-0.00378234
0.00666885
-0.03271578
-0.04148147
-0.05702660
-0.00065294
-0.09460935
-0.03207358
-0.00920484
-0.03481739
-0.01617917
0.03993314
0.00440260
-0.02626405
-0.03208219
0.06056768
0.03700383
0.09311945
0.04408707
0.03217716
-0.05563340
-0.04642399
-0.01061618
0.05303552
0.04150143
-0.01107984
0.02982655
-0.04789869
-0.00987574
0.05401956
-0.05745219
0.01968204
0.01883313
-0.08476088
0.01475246
0.02464345
-0.04263329
0.02832313
0.09595247
-0.00625580
0.00961807
0.03526216
-0.02812048
-0.01409746
-0.01195771
0.07970260
-0.01037015
0.08650598
-0.01805981
0.03013918
-0.00668097
0.13263707
0.01823158
-0.02329519
0.05201976
-0.03466788
-0.00973749
0.05159065
0.03835426
-0.01315087
-0.03075788
-0.00055370
0.03589531
-0.00117970
-0.00267451
-0.05992331
-0.05704559
-0.10430500
0.04242021
-0.12137413
0.01915244
-0.03109259
0.00599382
-0.03411332
0.04774253
0.05081091
-0.04663749
0.09199680
0.06329584
0.04074802
0.01291911
-0.04124285
0.02462028
-0.01394294
0.00558374
-0.15519702
0.01042071
-0.04248184
-0.00555587
-0.02197348
0.01049306
0.00553433
-0.01178369
0.01628598
0.03892636
0.00061874
0.03271072
0.04913684
0.02069282
-0.03100300
0.00517067
0.00911894
-0.03031869
0.08440458
0.01159589
-0.02758037
-0.15429133
0.01181422
-0.00725611
0.04838068
0.01136875
-0.04487855
-0.00090589
0.05212938
-0.01196190
0.01996831
-0.03349190
-0.02356704
-0.03342199
-0.07533583
-0.04745097
-0.06979051
0.02360162
-0.05371210
0.06385807
0.03516172
0.06395215
0.00167094
0.01243881
0.02546276
0.01059803
0.03255498
0.06075428
0.04156657
0.06602282
-0.04897967
-0.05972034
-0.10008650
0.03018405
0.03989242
0.00573295
-0.01278658
-0.02242711
0.01463633
-0.05192950
0.03345063
-0.06306945
-0.03536754
-0.04851607
-0.01434443
0.10767028
-0.01223544
0.02248291
0.02710998
-0.03192182
-0.00729731
-0.10355116
0.03297544
-0.08224094
-0.03229304
0.00821955
-0.06549989
0.02897872
-0.04860995
-0.01051210
0.01434485
-0.02881621
0.05162630
0.01254344
-0.09072774
0.00337449
-0.05718477
0.01366661
-0.00688272
0.10095073
0.01868707
0.00382940
0.00451117
-0.01192817
0.02642215
-0.08605800
0.05399236
0.04736611
0.05681036
-0.07926884
-0.00471211
0.01725835
0.06002338
0.02444135
-0.03583617
0.00182642
0.03843530
0.00040070
0.04830450
-0.05084116
0.03749778
0.00784533
-0.07766043
-0.03112378
-0.07594459
