3.674587467685341835e-03
-2.663547918200492859e-02
-2.884668484330177307e-02
-1.729194074869155884e-02
-3.521446837112307549e-03
2.587102353572845459e-02
1.577100902795791626e-02
4.397095181047916412e-03
7.720068842172622681e-02
3.074005059897899628e-02
-2.255577966570854187e-02
5.695028230547904968e-03
1.243853475898504257e-02
-3.367386013269424438e-02
-3.110420145094394684e-02
-1.769625209271907806e-02
-1.062904763966798782e-02
-1.919374242424964905e-02
5.485303699970245361e-03
3.064034506678581238e-02
1.471112295985221863e-02
4.730238020420074463e-02
-3.532793000340461731e-02
-1.815440692007541656e-02
-1.868050196208059788e-03
1.822747290134429932e-02
1.086758356541395187e-02
1.551750022917985916e-02
-2.238231524825096130e-02
5.015978589653968811e-03
-1.317209154367446899e-01
-9.726305492222309113e-03
2.015318907797336578e-02
-1.219753734767436981e-02
-1.217338722199201584e-02
9.717544168233871460e-02
-2.350415289402008057e-02
1.556268986314535141e-02
-2.144042775034904480e-02
-1.338348388671875000e-01
-1.272194087505340576e-02
-1.675082952715456486e-03
1.586563698947429657e-02
-6.160632893443107605e-02
-7.305893581360578537e-03
-7.211265619844198227e-03
-5.073577538132667542e-02
6.131179980002343655e-04
1.783096604049205780e-02
2.188084460794925690e-02
1.697240211069583893e-02
-3.472240269184112549e-02
-7.485131174325942993e-02
2.498977817595005035e-02
-1.930267177522182465e-02
-4.080286715179681778e-03
-5.321655888110399246e-03
6.369253620505332947e-03
3.285346329212188721e-01
3.408803790807723999e-02
-1.001084316521883011e-02
2.320608124136924744e-03
-1.914991624653339386e-02
-1.773479953408241272e-02
1.257382705807685852e-02
-5.093845073133707047e-03
3.624165803194046021e-02
-1.284657604992389679e-02
3.624460473656654358e-02
-2.872725483030080795e-03
6.462774239480495453e-03
-8.600338362157344818e-03
-4.499604180455207825e-02
4.052189644426107407e-03
3.378638252615928650e-02
-3.986152261495590210e-02
-4.174578934907913208e-02
4.306193441152572632e-02
2.086924575269222260e-02
-4.572219774127006531e-02
-9.771212935447692871e-04
1.794351963326334953e-03
1.700469851493835449e-02
-5.262828618288040161e-02
7.936175912618637085e-02
-4.165449645370244980e-03
-6.283846218138933182e-03
1.446157228201627731e-02
2.708365954458713531e-02
1.853817701339721680e-02
-5.308069754391908646e-03
-4.535422101616859436e-02
5.306550301611423492e-03
2.091245912015438080e-02
-1.162621565163135529e-02
-1.098363101482391357e-02
2.682967483997344971e-02
-4.413663968443870544e-02
-2.293065749108791351e-02
2.684626355767250061e-02
-1.363966055214405060e-02
8.803960867226123810e-03
-1.811288297176361084e-02
4.954730626195669174e-03
6.879144813865423203e-03
-1.197351980954408646e-02
-1.815201714634895325e-02
1.478061918169260025e-02
2.756697125732898712e-02
-4.311564937233924866e-02
-1.227363850921392441e-02
3.206674940884113312e-03
-4.897391796112060547e-02
-3.345534671097993851e-03
-3.227353794500231743e-03
-1.004293747246265411e-02
6.385600566864013672e-02
-3.356140106916427612e-02
1.058643590658903122e-02
4.599065985530614853e-03
6.484722252935171127e-03
-7.357689086347818375e-03
-2.028717286884784698e-02
-7.243932224810123444e-03
-2.419904619455337524e-02
9.258725680410861969e-03
3.273203969001770020e-02
-5.275053437799215317e-03
-5.421714391559362411e-03
8.798725903034210205e-02
-5.086424574255943298e-02
-5.285198800265789032e-03
-2.146947011351585388e-02
-1.500716153532266617e-02
4.049728438258171082e-02
-1.005235826596617699e-03
-1.103068813681602478e-01
-1.262294407933950424e-02
-1.010597348213195801e-01
6.274907849729061127e-03
-1.418814808130264282e-01
-9.651492349803447723e-03
-2.181201800704002380e-02
8.292148821055889130e-03
-2.554300613701343536e-02
-2.063535898923873901e-02
-1.188976969569921494e-02
-2.505982667207717896e-02
-2.043623104691505432e-02
6.835442036390304565e-03
1.361786294728517532e-02
3.804625198245048523e-02
-4.210732132196426392e-02
-2.908153086900711060e-02
1.141534186899662018e-02
2.646198682487010956e-02
-4.691502079367637634e-02
-2.372655831277370453e-02
-6.073268130421638489e-02
6.935026962310075760e-03
-5.359515547752380371e-03
-4.665071144700050354e-02
5.348283797502517700e-02
8.248927071690559387e-03
-7.946298457682132721e-03
2.965664677321910858e-02
6.448696553707122803e-02
-1.403470896184444427e-02
-2.004425274208188057e-03
2.051431685686111450e-02
2.303542569279670715e-02
3.526103682816028595e-03
1.585408486425876617e-02
-1.205833069980144501e-02
3.129927068948745728e-02
2.667462080717086792e-02
1.383389718830585480e-02
-2.549194497987627983e-03
-3.002847358584403992e-02
1.678358879871666431e-03
5.398177076131105423e-03
-7.696001790463924408e-03
5.272968672215938568e-03
3.693966194987297058e-02
1.407606620341539383e-02
-6.485819071531295776e-02
-8.745285868644714355e-02
8.172370493412017822e-03
-7.802054286003112793e-03
6.090778112411499023e-02
1.194083616137504578e-01
3.634435683488845825e-02
-2.191997319459915161e-02
-1.641567051410675049e-02
1.260968856513500214e-03
-4.211653396487236023e-02
-2.956098876893520355e-02
2.382732369005680084e-02
-1.656585633754730225e-01
-3.752562031149864197e-02
9.659867733716964722e-02
3.380171582102775574e-02
8.488870412111282349e-02
-5.838256701827049255e-02
-1.502242311835289001e-02
-3.526720032095909119e-02
1.849025115370750427e-02
-1.193300355225801468e-02
-2.449120581150054932e-02
-1.294900476932525635e-02
-7.778020203113555908e-02
-1.870439387857913971e-02
3.260408714413642883e-02
3.224076004698872566e-03
-1.241753529757261276e-02
-9.198002517223358154e-03
7.050535641610622406e-04
3.540743142366409302e-02
-1.226558908820152283e-02
2.008791454136371613e-02
-7.257645577192306519e-02
-7.371621131896972656e-01
-1.395461149513721466e-02
-3.865832090377807617e-02
1.338801905512809753e-02
-1.991571672260761261e-02
-3.379009664058685303e-02
-3.101257607340812683e-02
8.204204961657524109e-03
-2.216655761003494263e-02
-4.568490013480186462e-02
-7.246747147291898727e-03
1.646645739674568176e-02
6.803960539400577545e-03
9.679365903139114380e-03
-2.254730276763439178e-02
-3.573537990450859070e-02
6.206875666975975037e-03
1.450008060783147812e-02
-3.760783001780509949e-03
5.678829271346330643e-03
2.982317470014095306e-02
6.637641694396734238e-03
-9.386164695024490356e-02
2.929725311696529388e-02
2.134948968887329102e-02
2.220290713012218475e-02
7.815991342067718506e-02
3.867498598992824554e-03
-3.589089959859848022e-02
-1.685096137225627899e-02
2.891320921480655670e-02
-3.979049623012542725e-03
1.194240339100360870e-02
-8.735169656574726105e-03
-5.607357248663902283e-03
5.383704602718353271e-02
9.383295662701129913e-03
1.243755146861076355e-01
-9.715067595243453979e-02
1.060669403523206711e-02
-6.877237558364868164e-02
1.379224210977554321e-01
-8.338601142168045044e-02
4.236095771193504333e-02
-7.018393278121948242e-02
4.901624284684658051e-03
3.826381172984838486e-03
-6.302756071090698242e-02
-2.021822147071361542e-02
-5.887703225016593933e-02
-4.927807673811912537e-02
4.664408043026924133e-02
-2.768975496292114258e-02
2.373379319906234741e-01
-1.321367621421813965e-01
1.180375441908836365e-01
8.562394417822360992e-03
-7.601975649595260620e-02
1.210372149944305420e-01
6.585834920406341553e-02
-5.950133502483367920e-02
1.719897538423538208e-01
5.252088233828544617e-02
3.031679801642894745e-02
4.207914322614669800e-02
-5.589510127902030945e-02
1.484549790620803833e-02
-1.083104964345693588e-02
3.807905316352844238e-02
-1.814609207212924957e-02
-1.028620079159736633e-01
1.346127837896347046e-01
-7.090121507644653320e-02
8.891687542200088501e-02
-2.846623584628105164e-02
-8.726833015680313110e-02
-1.601936370134353638e-01
2.701701968908309937e-02
1.273131519556045532e-01
-3.650844329968094826e-03
5.076118744909763336e-03
7.471824884414672852e-01
1.741805821657180786e-01
2.560833469033241272e-02
1.000744476914405823e-02
8.147486485540866852e-03
7.564485818147659302e-02
1.237807497382164001e-01
-3.892220184206962585e-02
-3.947234898805618286e-02
9.139052778482437134e-02
4.020373523235321045e-02
-8.053191751241683960e-02
-2.732845256105065346e-03
4.206289723515510559e-02
5.353543441742658615e-03
1.393477469682693481e-01
1.251302380114793777e-02
-1.443774849176406860e-01
-2.266301587224006653e-02
4.271886870265007019e-02
3.911641985177993774e-02
3.161390125751495361e-02
3.194880858063697815e-02
-1.936300843954086304e-02
-8.808845654129981995e-03
-3.355880454182624817e-02
1.694973185658454895e-02
-2.857516519725322723e-03
1.401561032980680466e-02
2.838033810257911682e-02
-1.656813174486160278e-02
1.478155958466231823e-03
1.441874634474515915e-02
-5.474542081356048584e-02
4.140660539269447327e-02
2.253207750618457794e-02
1.333245262503623962e-02
2.305021882057189941e-02
5.375833436846733093e-02
-1.497564837336540222e-02
3.998423740267753601e-02
9.157310239970684052e-03
-8.143512159585952759e-02
-5.893532931804656982e-02
4.270416125655174255e-02
2.949725277721881866e-02
-5.250085890293121338e-02
3.095983341336250305e-02
-7.061099167913198471e-03
2.422875538468360901e-02
3.676819801330566406e-02
-1.404186710715293884e-02
-1.452851295471191406e-02
-1.043859124183654785e-01
5.326600745320320129e-02
-1.563986879773437977e-03
8.300296962261199951e-03
-9.408409148454666138e-02
5.585150048136711121e-02
-2.930223010480403900e-02
2.059277705848217010e-02
3.770950064063072205e-02
1.620198041200637817e-02
3.367828950285911560e-02
-3.319512819871306419e-03
-4.919696226716041565e-02
9.204979054629802704e-03
9.667162783443927765e-03
7.419985719025135040e-03
-3.741345368325710297e-03
1.368282269686460495e-02
8.404217660427093506e-02
-9.517461061477661133e-03
3.926504403352737427e-02
-4.176473990082740784e-02
-1.431525591760873795e-02
-3.905386850237846375e-02
1.016513034701347351e-01
4.960091318935155869e-03
-4.231856018304824829e-02
1.597137562930583954e-02
-2.664446644484996796e-02
-3.199558332562446594e-02
2.723750658333301544e-02
-1.257552765309810638e-02
5.254239588975906372e-02
5.408431217074394226e-02
8.731625229120254517e-02
-4.990369081497192383e-02
1.805313304066658020e-02
-1.441939640790224075e-02
2.859752625226974487e-03
3.240336105227470398e-02
6.075366982258856297e-04
1.241048425436019897e-02
2.293853648006916046e-02
-1.132111530750989914e-02
-9.173839353024959564e-04
-5.608127638697624207e-02
-5.250579118728637695e-02
4.456899687647819519e-02
5.141997709870338440e-03
3.171425312757492065e-02
2.512955851852893829e-02
-4.815322905778884888e-02
7.501323707401752472e-03
-6.286799162626266479e-02
7.206928730010986328e-02
-4.655959457159042358e-02
3.793460503220558167e-02
-2.541773952543735504e-02
-3.120776638388633728e-02
4.658602178096771240e-02
-1.477078627794981003e-02
-1.968943513929843903e-03
-3.729882836341857910e-02
-4.253863543272018433e-02
2.666659839451313019e-02
-2.973044477403163910e-02
6.997199356555938721e-02
-5.048841121606528759e-04
5.103334039449691772e-02
2.766938135027885437e-02
5.579594057053327560e-03
3.023347072303295135e-02
-9.566945582628250122e-02
-4.739730432629585266e-02
5.003146082162857056e-02
3.983724862337112427e-03
-2.504191920161247253e-02
1.054507642984390259e-01
2.558813244104385376e-02
5.635347682982683182e-03
-4.444512352347373962e-02
3.804360330104827881e-02
-1.253116643056273460e-03
2.139830728992819786e-03
-4.352445900440216064e-02
-2.423076890408992767e-02
2.085849642753601074e-02
3.020050004124641418e-03
-7.433661818504333496e-02
6.715458817780017853e-03
3.817134350538253784e-02
1.345136947929859161e-02
6.532716099172830582e-03
3.461321815848350525e-02
3.412961587309837341e-02
-8.766710758209228516e-03
4.106767475605010986e-02
-7.366987317800521851e-02
8.389884233474731445e-02
-1.365288998931646347e-02
-6.540930271148681641e-02
3.872950747609138489e-02
6.284988019615411758e-03
9.335520863533020020e-02
-1.216723769903182983e-01
9.989662095904350281e-03
-3.828668594360351562e-02
3.502678498625755310e-02
-3.763863444328308105e-02
-2.209856733679771423e-02
4.092036746442317963e-03
-5.422866716980934143e-02
4.158125072717666626e-02
5.269785597920417786e-02
-5.113938450813293457e-02
1.337457448244094849e-02
7.381956279277801514e-02
-1.882564742118120193e-03
1.415553130209445953e-02
-8.553633838891983032e-02
-1.268571801483631134e-02
-4.487495869398117065e-02
8.511628024280071259e-03
4.721533879637718201e-02
5.290246009826660156e-02
-7.317686825990676880e-02
3.824997693300247192e-03
5.901206284761428833e-02
5.364639312028884888e-02
-3.352215141057968140e-02
9.951114654541015625e-03
3.415855765342712402e-02
3.626170381903648376e-02
1.924085430800914764e-02
6.350760161876678467e-02
-3.866900876164436340e-02
-2.420752309262752533e-02
7.247915118932723999e-02
4.270960111171007156e-03
-8.866272866725921631e-02
5.817386321723461151e-03
-3.925766423344612122e-02
1.533917617052793503e-02
-2.582090906798839569e-02
2.026964910328388214e-02
2.479672059416770935e-02
-4.299145564436912537e-02
-3.152750059962272644e-02
-6.144433096051216125e-02
1.067975256592035294e-02
1.129246223717927933e-02
1.313529629260301590e-02
9.584187529981136322e-03
-1.434305123984813690e-02
6.332994997501373291e-02
-4.637157917022705078e-02
-9.302423335611820221e-03
4.728775843977928162e-02
2.910451032221317291e-02
9.961368516087532043e-03
-3.243519365787506104e-02
-8.949366211891174316e-02
7.241227664053440094e-03
5.236367881298065186e-02
-1.957407454028725624e-03
-5.340607091784477234e-02
-9.689587354660034180e-02
4.159955307841300964e-02
-6.568266451358795166e-02
-4.268911480903625488e-02
6.251759827136993408e-03
8.764994144439697266e-02
-6.298574805259704590e-02
-7.491024583578109741e-02
-1.050460189580917358e-01
-5.383063480257987976e-02
-5.526240542531013489e-02
-4.771194607019424438e-02
4.007163643836975098e-02
-1.999014429748058319e-02
1.171937435865402222e-01
7.817900739610195160e-03
-4.059646651148796082e-02
5.737803503870964050e-02
2.891149371862411499e-02
2.878657309338450432e-03
3.848656266927719116e-02
2.057796716690063477e-02
-2.781914547085762024e-03
2.121144207194447517e-03
-7.895139604806900024e-02
4.277613945305347443e-03
-5.751335527747869492e-03
-3.069544397294521332e-02
3.310250490903854370e-02
-1.908539794385433197e-02
-7.382502313703298569e-03
-7.465147972106933594e-02
-1.729053258895874023e-02
6.687796115875244141e-02
-5.183872766792774200e-03
3.006151178851723671e-03
8.117789402604103088e-03
2.845202758908271790e-02
3.838180564343929291e-03
6.995039433240890503e-02
8.017803728580474854e-02
-6.341573596000671387e-02
8.178837597370147705e-02
1.694368198513984680e-02
-5.530430004000663757e-02
-7.749985903501510620e-02
-4.375787824392318726e-02
-2.313302457332611084e-02
1.486432505771517754e-03
-4.523995891213417053e-02
7.236766628921031952e-03
-3.156255558133125305e-02
6.658837199211120605e-02
-6.237750127911567688e-02
-2.861424162983894348e-02
-1.100283339619636536e-01
-6.319487839937210083e-02
1.259257644414901733e-02
1.321874652057886124e-02
-8.375512808561325073e-02
1.942533440887928009e-02
-2.847102237865328789e-03
-9.286743588745594025e-03
-3.851749375462532043e-02
5.697040632367134094e-02
3.951013553887605667e-03
7.265896350145339966e-02
-1.352141983807086945e-02
4.706745035946369171e-03
-3.384225070476531982e-02
-3.112266212701797485e-02
1.719673722982406616e-02
-1.225491240620613098e-02
-8.294083923101425171e-02
2.009481377899646759e-02
2.885648235678672791e-02
-1.381062269210815430e-01
4.818841116502881050e-04
-9.646197780966758728e-03
-4.351772740483283997e-02
1.480211154557764530e-03
2.254161238670349121e-02
-5.209457874298095703e-02
-1.448633428663015366e-02
3.482497483491897583e-02
-1.027804706245660782e-02
5.735981464385986328e-02
5.299179628491401672e-02
-1.318666990846395493e-02
-4.127877298742532730e-03
4.252892732620239258e-02
-1.708704605698585510e-02
4.292227327823638916e-02
5.301409214735031128e-02
3.468601778149604797e-02
2.801894769072532654e-02
-4.035989288240671158e-03
1.012567058205604553e-02
4.643859341740608215e-02
4.193825647234916687e-02
-4.735058639198541641e-03
-4.167242348194122314e-02
-4.297325387597084045e-03
9.711228311061859131e-02
5.922005698084831238e-02
1.685634627938270569e-02
8.560765534639358521e-03
-1.311264093965291977e-02
-1.189236715435981750e-02
2.551459148526191711e-02
-1.688258349895477295e-02
-1.753618591465055943e-03
3.184470906853675842e-02
-4.113050922751426697e-02
4.422047932166606188e-04
2.127442695200443268e-02
-1.070126425474882126e-02
-7.918170839548110962e-02
-1.107549574226140976e-02
-2.452376484870910645e-02
-1.552916597574949265e-02
5.491308122873306274e-02
6.456139683723449707e-02
-1.443931832909584045e-03
-3.190745040774345398e-02
-1.558520714752376080e-03
2.658779732882976532e-02
5.452561751008033752e-02
4.161292687058448792e-02
4.923698306083679199e-02
-1.949112862348556519e-02
-7.559267431497573853e-02
-2.269143611192703247e-02
-2.839379385113716125e-02
5.617371946573257446e-02
-3.369674831628799438e-02
3.611987084150314331e-02
7.029301952570676804e-03
-1.306965854018926620e-02
6.527378223836421967e-03
3.160766325891017914e-03
-6.844045221805572510e-02
2.303119050338864326e-03
4.390621930360794067e-02
-1.704389005899429321e-01
4.345465078949928284e-02
-1.175023135147057474e-04
-7.208345085382461548e-02
7.596495002508163452e-02
5.726851150393486023e-02
1.550331339240074158e-02
7.412914186716079712e-02
4.150841757655143738e-02
-5.276199430227279663e-03
4.087739437818527222e-02
-5.276808887720108032e-02
7.532078027725219727e-02
-1.888713426887989044e-02
4.995741322636604309e-02
5.371551960706710815e-02
2.515036426484584808e-02
7.052085857139900327e-05
1.766488403081893921e-01
-1.013073418289422989e-02
5.481605418026447296e-03
7.775764912366867065e-02
-7.740867137908935547e-02
-1.675639115273952484e-02
5.868434906005859375e-03
5.586796253919601440e-02
1.316305529326200485e-02
-1.938523165881633759e-02
1.648924499750137329e-02
5.692384671419858932e-03
-4.555668681859970093e-02
6.889936327934265137e-02
-3.676544583868235350e-04
-4.194016382098197937e-02
-8.710268139839172363e-02
5.190427228808403015e-02
-1.258051693439483643e-01
-4.618769977241754532e-03
-3.804606944322586060e-02
6.351243704557418823e-02
-3.402052447199821472e-02
8.302704989910125732e-02
4.475238919258117676e-02
1.629702374339103699e-02
5.041568726301193237e-02
5.388715863227844238e-02
3.419093042612075806e-02
-3.068628907203674316e-02
-3.995987772941589355e-02
4.413795843720436096e-02
3.554189344868063927e-03
-1.890495605766773224e-02
-9.582285583019256592e-02
1.891304552555084229e-02
-3.752558678388595581e-02
2.193778753280639648e-02
-3.043864853680133820e-02
-1.462851464748382568e-02
5.041650310158729553e-02
-6.981854327023029327e-03
-9.618630632758140564e-03
-3.269878448918461800e-03
5.401214584708213806e-03
7.146330922842025757e-02
-2.905515581369400024e-02
-3.256152197718620300e-02
-7.906568050384521484e-02
3.730556741356849670e-02
1.960457675158977509e-02
-2.432138717267662287e-04
2.406774647533893585e-02
2.544404566287994385e-02
-6.718149036169052124e-02
-9.883262217044830322e-03
8.860077708959579468e-03
-1.733517646789550781e-02
6.807623803615570068e-02
3.070629434660077095e-03
-1.314163953065872192e-02
-2.459719404578208923e-02
-2.898224629461765289e-03
4.693486541509628296e-02
2.738162502646446228e-02
1.736790314316749573e-02
-3.056437335908412933e-02
-5.507970973849296570e-02
-9.412141889333724976e-02
-6.756020709872245789e-03
-8.306526392698287964e-02
2.981542795896530151e-02
-1.002547889947891235e-02
-1.496533770114183426e-02
2.166008576750755310e-02
4.619276896119117737e-02
-4.281007498502731323e-02
1.295783463865518570e-02
4.011901840567588806e-02
4.471781477332115173e-02
1.647496223449707031e-02
-2.669177576899528503e-02
3.811584785580635071e-02
1.472799293696880341e-02
9.338194504380226135e-03
-1.628740504384040833e-02
-3.768074139952659607e-02
-2.557522617280483246e-03
1.820542290806770325e-02
-6.660148501396179199e-02
-3.017243556678295135e-02
-1.545957196503877640e-02
-2.574531361460685730e-03
-4.232595488429069519e-02
2.831298112869262695e-02
-1.050608083605766296e-01
-2.625273540616035461e-02
-1.191297359764575958e-02
4.701467975974082947e-02
-2.777681127190589905e-02
-5.348282679915428162e-02
-1.478743739426136017e-02
2.591452747583389282e-02
-5.503727123141288757e-02
3.124861046671867371e-02
-3.660400211811065674e-02
6.047369446605443954e-03
-6.373270601034164429e-02
-1.930399215780198574e-03
-3.823601454496383667e-02
1.699723675847053528e-02
3.765899315476417542e-02
-3.726952895522117615e-02
1.957134716212749481e-02
-2.821613335981965065e-03
2.083877474069595337e-02
5.317670479416847229e-02
1.355216745287179947e-02
-2.378092706203460693e-02
-6.858698278665542603e-02
-1.171176508069038391e-02
2.614536788314580917e-03
2.475700573995709419e-03
3.364507481455802917e-02
-9.778629988431930542e-03
3.836965933442115784e-02
4.331624135375022888e-02
-3.649420663714408875e-02
4.347678273916244507e-02
-8.781985938549041748e-02
4.491560533642768860e-02
3.645195811986923218e-02
1.067990716546773911e-02
-8.520531654357910156e-02
1.954813022166490555e-03
-2.874420955777168274e-02
7.483201473951339722e-02
-6.750157102942466736e-03
1.235060207545757294e-02
4.070759564638137817e-02
-2.928651683032512665e-02
-2.703476324677467346e-02
2.017186582088470459e-02
-2.920642681419849396e-02
-6.415558978915214539e-03
1.077267434448003769e-02
-5.713112279772758484e-02
-2.409002929925918579e-02
-6.040716916322708130e-02
