5.301290191709995270e-03
-1.593388430774211884e-02
-3.493795543909072876e-02
-1.575280353426933289e-02
9.603966027498245239e-03
4.383770748972892761e-02
2.156855165958404541e-02
6.168683059513568878e-03
1.039899885654449463e-01
2.986415289342403412e-02
-2.822818979620933533e-02
5.277745076455175877e-04
-1.540664525236934423e-04
-1.948072016239166260e-02
-3.982354328036308289e-02
-1.543182693421840668e-02
-1.695193350315093994e-02
-1.837730407714843750e-02
1.338641159236431122e-02
3.393241390585899353e-02
1.607063226401805878e-02
2.937133423984050751e-02
-1.000954583287239075e-02
1.726395566947758198e-04
2.983670681715011597e-03
3.931673127226531506e-04
-6.821305025368928909e-03
4.138199146836996078e-03
-4.396540671586990356e-02
-3.183390945196151733e-03
-1.093124374747276306e-01
-2.502833306789398193e-02
2.477680705487728119e-02
-9.318732656538486481e-03
-6.982452032389119267e-05
9.499841183423995972e-02
-4.450962319970130920e-02
2.254123054444789886e-02
-1.236139237880706787e-02
-1.183797717094421387e-01
-1.301690097898244858e-02
8.711294503882527351e-04
-1.617860607802867889e-02
-7.581807672977447510e-02
-2.048202604055404663e-02
-1.793630793690681458e-02
-4.031637683510780334e-02
-1.621989160776138306e-02
4.366250708699226379e-02
1.611959561705589294e-02
1.112728845328092575e-02
-2.759008109569549561e-02
-8.576054126024246216e-02
5.057884380221366882e-02
-2.061140350997447968e-02
-5.527622415684163570e-04
1.542608835734426975e-03
2.098948881030082703e-02
3.086165785789489746e-01
5.993925780057907104e-02
-1.206088066101074219e-02
1.098383683711290359e-02
-3.042043372988700867e-02
8.846425916999578476e-04
1.038538198918104172e-02
-3.656620532274246216e-02
3.583017364144325256e-02
-1.939052157104015350e-02
6.609256565570831299e-02
-2.504447288811206818e-02
1.458772737532854080e-02
-2.789108641445636749e-02
-6.563264131546020508e-02
3.644212381914258003e-03
2.656673826277256012e-02
-3.263382241129875183e-02
-3.480866551399230957e-02
3.040832839906215668e-02
1.820616610348224640e-02
-1.960624754428863525e-02
-1.945040002465248108e-02
3.217637166380882263e-02
1.729901134967803955e-02
-4.689914360642433167e-02
5.219632759690284729e-02
1.852949336171150208e-02
9.388193138875067234e-04
2.585726976394653320e-02
3.213205933570861816e-02
1.943478360772132874e-02
6.770206615328788757e-03
-6.443350017070770264e-02
2.687377482652664185e-02
6.170378997921943665e-03
-1.006540935486555099e-02
-2.012258023023605347e-02
4.236007481813430786e-02
-3.778217360377311707e-02
-4.345155321061611176e-03
2.463655360043048859e-02
-1.065129321068525314e-02
1.399165857583284378e-02
-1.103391777724027634e-02
-1.237091724760830402e-03
-1.974313519895076752e-03
-2.020203508436679840e-02
-8.570873178541660309e-03
2.484621712937951088e-03
3.755354881286621094e-02
-3.933663293719291687e-02
-4.204944521188735962e-02
1.622711890377104282e-03
-6.334090977907180786e-02
-1.586536318063735962e-02
-1.834988035261631012e-02
-9.920523501932621002e-03
5.795148387551307678e-02
-2.747373096644878387e-02
3.854550886899232864e-03
1.247575506567955017e-03
-5.553941708058118820e-03
-1.442656852304935455e-03
-2.408987097442150116e-02
-2.974119968712329865e-02
-4.550167545676231384e-02
-8.955561555922031403e-03
4.033773392438888550e-02
8.599435910582542419e-03
-1.175289042294025421e-03
6.775183975696563721e-02
-9.284778684377670288e-02
-4.499916452914476395e-03
-2.150101773440837860e-02
6.801471463404595852e-04
3.203303366899490356e-02
-1.834212802350521088e-02
-1.168866232037544250e-01
-3.118545934557914734e-02
-1.281675994396209717e-01
9.765119291841983795e-03
-1.267301291227340698e-01
-9.594161994755268097e-03
-2.696123719215393066e-02
-1.070400420576334000e-02
-2.267302758991718292e-02
2.406402258202433586e-03
6.947003304958343506e-03
-2.706364728510379791e-02
-2.070899680256843567e-02
-1.099623832851648331e-02
4.732611123472452164e-03
2.379333227872848511e-02
-4.292765632271766663e-02
-3.453887253999710083e-02
-7.490938529372215271e-03
4.679394140839576721e-02
-7.015222311019897461e-02
-2.285626158118247986e-02
-6.420303881168365479e-02
4.631905816495418549e-03
-4.533531609922647476e-03
-3.439638763666152954e-02
8.209253102540969849e-02
1.450317166745662689e-02
-8.630880154669284821e-03
1.549251005053520203e-02
7.708951085805892944e-02
-1.799846440553665161e-02
-1.119761634618043900e-02
-1.427340321242809296e-02
7.057728711515665054e-03
-1.181917323265224695e-04
1.300947461277246475e-02
-7.557587698101997375e-03
2.428602054715156555e-02
1.012997794896364212e-02
1.445361133664846420e-02
2.535214647650718689e-03
-1.395338773727416992e-02
1.111847697757184505e-03
4.278270062059164047e-04
-6.121176294982433319e-03
3.654458792880177498e-03
5.536134541034698486e-02
1.867263764142990112e-02
-4.785456880927085876e-02
-8.293429017066955566e-02
2.276137657463550568e-02
4.579096275847405195e-04
4.410822689533233643e-02
8.628489077091217041e-02
5.711689591407775879e-02
5.174501799046993256e-03
-1.513639464974403381e-02
4.739265888929367065e-03
-5.315020680427551270e-02
-6.869834661483764648e-02
1.677369140088558197e-02
-1.676881611347198486e-01
-2.174632623791694641e-02
1.355011761188507080e-01
3.868619725108146667e-02
7.140654325485229492e-02
-6.890327483415603638e-02
-4.084598645567893982e-02
-3.550630062818527222e-02
2.214918471872806549e-02
-1.996521838009357452e-02
-1.451565790921449661e-02
9.529606439173221588e-03
-8.254235237836837769e-02
-1.838397420942783356e-02
3.933601826429367065e-02
2.032404951751232147e-02
-7.934588007628917694e-03
-2.950027398765087128e-02
6.009441800415515900e-03
1.492009963840246201e-02
4.019708838313817978e-03
4.461049661040306091e-02
-6.597586721181869507e-02
-7.132433652877807617e-01
-1.194905117154121399e-02
-4.111690819263458252e-02
-2.149437787011265755e-03
-1.388446427881717682e-02
-6.144907325506210327e-02
-1.522357761859893799e-02
-5.840809550136327744e-03
-2.450494840741157532e-02
-5.104424431920051575e-02
1.896770112216472626e-02
1.256837323307991028e-02
-1.227207574993371964e-02
5.902975797653198242e-03
-1.640877686440944672e-02
-4.033512622117996216e-02
1.198532432317733765e-02
-7.009658962488174438e-03
-2.172383852303028107e-02
6.728938780725002289e-03
2.714814804494380951e-02
-8.954979479312896729e-03
-1.211487948894500732e-01
3.140907734632492065e-02
4.080699384212493896e-02
1.829180307686328888e-02
7.309299707412719727e-02
-1.705624908208847046e-02
-2.706164121627807617e-02
-8.100523613393306732e-03
3.592347353696823120e-02
1.037463545799255371e-02
1.806645537726581097e-03
-1.498035155236721039e-02
-1.336798910051584244e-02
-9.589930623769760132e-02
1.040332242846488953e-01
5.567953456193208694e-03
-3.480949997901916504e-02
1.505294162780046463e-02
-1.131494566798210144e-01
9.128529578447341919e-03
-4.660613462328910828e-02
3.724840655922889709e-02
4.086348786950111389e-02
-1.303116083145141602e-01
3.002922236919403076e-02
-5.321016907691955566e-02
-9.457317180931568146e-03
8.349321782588958740e-02
1.479623187333345413e-02
-6.821196526288986206e-02
2.271538134664297104e-03
8.869566768407821655e-02
-7.940004765987396240e-02
3.500539436936378479e-02
-2.060143835842609406e-02
-1.402912661433219910e-02
-1.998587884008884430e-02
8.275620639324188232e-02
9.440974891185760498e-02
7.510890066623687744e-02
-7.333134859800338745e-02
2.595976740121841431e-02
4.886276274919509888e-02
-3.359418362379074097e-02
4.705452173948287964e-02
7.657358795404434204e-02
-3.657511994242668152e-02
2.646325156092643738e-02
-3.666373714804649353e-02
-2.018670551478862762e-02
-9.588205814361572266e-02
4.829107969999313354e-02
-2.520807832479476929e-02
-6.913740187883377075e-02
2.350968122482299805e-02
2.665152214467525482e-02
1.230008453130722046e-01
-1.678484678268432617e-02
-4.935946315526962280e-02
8.702781796455383301e-01
3.932408243417739868e-02
-6.265836209058761597e-02
6.360416859388351440e-02
-9.837851673364639282e-02
1.429369002580642700e-01
-2.452297834679484367e-03
5.531662702560424805e-02
-2.628358639776706696e-02
1.778401248157024384e-02
-9.152028709650039673e-02
-2.303008295712061226e-05
4.938609153032302856e-02
1.099089235067367554e-01
7.069024443626403809e-02
4.541040584444999695e-02
-1.149665284901857376e-02
3.558842465281486511e-02
1.861450448632240295e-02
4.385657235980033875e-02
-3.656822023913264275e-03
8.353091776371002197e-02
1.765234395861625671e-02
-2.938637323677539825e-02
1.440536603331565857e-02
-5.352296680212020874e-02
2.001763507723808289e-02
4.143055155873298645e-02
-4.703385755419731140e-03
-3.706592321395874023e-02
-4.018951207399368286e-02
-1.750724017620086670e-02
-2.080314420163631439e-02
-5.397240445017814636e-02
2.591688185930252075e-02
8.344196714460849762e-03
-1.676205545663833618e-02
4.192089661955833435e-02
7.101605832576751709e-02
-1.041749492287635803e-02
3.553115203976631165e-02
4.342011362314224243e-02
-8.092087507247924805e-02
-1.366292834281921387e-01
-5.516898352652788162e-03
3.395425528287887573e-02
-8.564693480730056763e-02
1.425050944089889526e-02
-6.448749452829360962e-03
-3.602859005331993103e-02
-9.067378006875514984e-03
-3.810461983084678650e-02
7.167693693190813065e-03
-1.206960454583168030e-01
2.941682748496532440e-02
-5.255683208815753460e-04
-2.944228239357471466e-02
-5.689877644181251526e-02
1.808365248143672943e-02
2.404906600713729858e-02
-1.526265311986207962e-02
4.212279617786407471e-02
-3.777843667194247246e-03
2.416945993900299072e-02
-5.059853941202163696e-02
-2.731147035956382751e-02
7.478177547454833984e-02
6.431838124990463257e-02
5.425594747066497803e-03
7.853516191244125366e-02
1.618908718228340149e-02
1.002382338047027588e-01
-4.972160677425563335e-04
6.943228840827941895e-02
-4.274445772171020508e-02
8.780606091022491455e-03
-3.137984499335289001e-02
7.416612654924392700e-02
-3.078758157789707184e-02
-5.567750334739685059e-02
3.083233349025249481e-02
1.251620240509510040e-02
-5.811155214905738831e-02
6.227029487490653992e-02
3.990779630839824677e-03
4.555276781320571899e-02
-1.562183722853660583e-02
8.127925544977188110e-02
-4.954744130373001099e-02
2.560895122587680817e-02
-6.398356705904006958e-02
1.924169994890689850e-02
-1.858245767652988434e-02
4.373834282159805298e-02
3.972280398011207581e-02
1.076936274766921997e-01
-3.631800785660743713e-02
-3.024499490857124329e-02
-1.643908768892288208e-02
-1.936243101954460144e-02
-3.887619078159332275e-02
4.903370514512062073e-02
7.434210926294326782e-02
-2.970864623785018921e-02
-2.361193113029003143e-02
3.745550522580742836e-03
-5.927131697535514832e-02
3.414496034383773804e-02
-2.936658076941967010e-02
8.301790058612823486e-02
-2.114297635853290558e-02
5.239541083574295044e-02
4.696983844041824341e-02
1.752569153904914856e-02
6.242246832698583603e-03
-3.849791362881660461e-02
-8.399181813001632690e-02
1.496090274304151535e-02
5.804305896162986755e-02
5.365334451198577881e-02
4.594327136874198914e-02
3.576375544071197510e-02
3.377937525510787964e-02
-3.857754869386553764e-03
6.682679057121276855e-02
-9.795674681663513184e-02
4.331061150878667831e-03
1.490967627614736557e-02
-2.138241007924079895e-02
-2.040442824363708496e-02
4.764673486351966858e-02
5.990945175290107727e-02
-1.657608337700366974e-02
-1.343103870749473572e-02
5.771601945161819458e-02
-2.285189740359783173e-02
-8.195963688194751740e-03
-4.937123507261276245e-02
1.287793554365634918e-02
1.879981346428394318e-02
3.531090170145034790e-02
1.193047128617763519e-02
1.919753663241863251e-02
3.761450061574578285e-03
-2.107170410454273224e-02
-3.412628546357154846e-02
2.470791712403297424e-02
-3.320899605751037598e-02
1.146720908582210541e-02
-7.185114175081253052e-02
-7.848506420850753784e-02
5.622290819883346558e-02
-3.289010748267173767e-02
-2.569245733320713043e-02
-4.215481225401163101e-03
-5.670561641454696655e-02
1.145537793636322021e-01
-8.809958398342132568e-02
5.930492188781499863e-03
-8.555212616920471191e-02
5.699516460299491882e-02
-4.333536326885223389e-02
-1.993324793875217438e-02
-2.468081191182136536e-02
2.060122229158878326e-02
1.578057743608951569e-02
3.850124077871441841e-03
-4.306942597031593323e-02
-2.272490970790386200e-02
5.054307729005813599e-02
-2.155601105187088251e-04
3.434678073972463608e-03
2.987106889486312866e-02
-4.029999300837516785e-02
-2.212927863001823425e-02
1.629009842872619629e-02
6.752077490091323853e-02
5.588796455413103104e-03
-4.869722574949264526e-02
4.877996817231178284e-02
2.422784268856048584e-02
-4.340865649282932281e-03
2.220436185598373413e-02
6.364579312503337860e-03
4.778289794921875000e-02
5.362567678093910217e-02
2.812837436795234680e-02
8.770384639501571655e-02
-6.034738197922706604e-02
-6.972220260649919510e-03
9.961002320051193237e-02
-1.074355375021696091e-02
-1.434745918959379196e-02
3.713892772793769836e-02
7.337259594351053238e-03
4.079630598425865173e-02
-1.542713958770036697e-02
3.720831498503684998e-02
1.015502363443374634e-01
-7.359921187162399292e-02
-2.092231623828411102e-02
3.450482385233044624e-03
2.825952321290969849e-02
-1.889261044561862946e-02
-2.073255926370620728e-02
5.521177314221858978e-03
5.179874226450920105e-02
4.003958031535148621e-02
-3.959469497203826904e-02
1.202784711495041847e-03
8.426544070243835449e-02
-3.476795554161071777e-02
-8.449738845229148865e-03
-1.068681199103593826e-02
-9.970847517251968384e-02
-8.642376400530338287e-03
9.739597886800765991e-02
-5.092014372348785400e-02
-3.912587091326713562e-02
-5.094732344150543213e-02
1.531013194471597672e-02
-3.802687674760818481e-02
-3.286869451403617859e-02
4.066768661141395569e-02
6.221993267536163330e-02
-7.194176316261291504e-02
-6.676062941551208496e-02
-7.279419153928756714e-02
-9.512906521558761597e-02
-2.613337151706218719e-02
-5.682682618498802185e-02
3.699944168329238892e-02
-7.167663425207138062e-02
1.016427204012870789e-01
-1.448813825845718384e-02
5.360935255885124207e-02
7.584711164236068726e-02
1.939368247985839844e-02
3.487622365355491638e-02
5.557310208678245544e-02
2.555771730840206146e-02
2.837801538407802582e-02
8.627347648143768311e-03
-4.743068665266036987e-02
1.461722422391176224e-03
4.044122993946075439e-02
-4.186836257576942444e-02
2.440862543880939484e-02
-4.256980866193771362e-02
4.738302901387214661e-02
-7.571930438280105591e-02
1.123508089222013950e-03
-1.752334833145141602e-02
2.314091101288795471e-02
-2.331111021339893341e-02
1.986213400959968567e-02
5.202463641762733459e-02
-4.054526612162590027e-02
4.954811185598373413e-02
7.949661463499069214e-02
-7.712774723768234253e-02
2.267944999039173126e-02
-2.619976550340652466e-02
-9.813817590475082397e-02
-7.433287054300308228e-02
-8.240105956792831421e-02
1.310476753860712051e-02
-5.476026795804500580e-03
-1.568466797471046448e-02
-1.316523831337690353e-02
-1.387251168489456177e-02
4.015829041600227356e-02
-3.145100921392440796e-02
2.542521059513092041e-02
-6.449560075998306274e-02
-3.602067753672599792e-02
1.702832616865634918e-02
-3.937663510441780090e-02
-2.564543485641479492e-02
2.750172093510627747e-02
1.856134273111820221e-02
5.177054181694984436e-02
5.660854652523994446e-02
2.087872289121150970e-02
-3.811779245734214783e-02
5.751224234700202942e-02
1.330913417041301727e-02
2.946187043562531471e-03
8.472831919789314270e-03
-2.768832072615623474e-02
2.084036357700824738e-03
-3.744162991642951965e-02
-3.137889504432678223e-02
5.142173171043395996e-02
-7.166570983827114105e-03
-5.778789520263671875e-02
-2.339839562773704529e-02
2.274435572326183319e-02
-6.984312087297439575e-02
6.414023041725158691e-02
2.058216556906700134e-02
-1.872245920822024345e-03
2.293590269982814789e-02
5.068615078926086426e-02
-6.070123985409736633e-03
6.070260331034660339e-02
8.099584281444549561e-02
3.033853881061077118e-02
-1.293065212666988373e-02
5.399846937507390976e-03
-3.559507429599761963e-02
-1.233251485973596573e-02
-8.762962184846401215e-03
3.625342622399330139e-02
-1.265426725149154663e-02
-9.927835315465927124e-03
9.672326967120170593e-03
5.528470501303672791e-02
5.666355788707733154e-02
6.273431330919265747e-02
-3.206056728959083557e-02
-1.943493634462356567e-02
1.399056911468505859e-01
1.072836518287658691e-01
-3.084511728957295418e-03
9.191462770104408264e-03
1.379347173497080803e-03
-1.092444732785224915e-02
1.885390840470790863e-02
-7.628630846738815308e-02
3.665307909250259399e-02
3.273362666368484497e-02
-1.206911448389291763e-02
-2.159567363560199738e-02
2.367403730750083923e-02
4.300968721508979797e-03
-1.984347403049468994e-02
-5.092344712466001511e-03
3.731962293386459351e-03
-1.827218104153871536e-03
-1.842979900538921356e-02
4.077940434217453003e-02
-4.800181195605546236e-04
1.408862415701150894e-02
-1.586267724633216858e-02
1.638647168874740601e-02
2.249290794134140015e-02
-8.249118924140930176e-03
3.745157737284898758e-03
4.973766580224037170e-02
-1.669447869062423706e-02
2.395694144070148468e-03
-3.678948059678077698e-02
5.437550693750381470e-02
-3.430827707052230835e-02
5.974286049604415894e-02
4.114701226353645325e-02
1.868209242820739746e-02
1.678795553743839264e-02
2.417233400046825409e-02
-2.147912792861461639e-02
1.035783253610134125e-02
2.550886943936347961e-02
-8.465283364057540894e-02
-1.176748704165220261e-02
1.035533845424652100e-02
-7.357844710350036621e-02
5.163613334298133850e-02
6.692023575305938721e-02
1.968733221292495728e-02
6.036603450775146484e-02
6.185002997517585754e-02
-1.740049384534358978e-02
2.326232381165027618e-02
-3.660208731889724731e-02
4.289917647838592529e-02
3.743285313248634338e-02
5.209582671523094177e-02
1.368541456758975983e-02
1.352433464489877224e-03
2.637138590216636658e-03
1.162157878279685974e-01
-2.403041534125804901e-02
-3.828112781047821045e-02
6.849476695060729980e-02
-8.535310626029968262e-02
1.133439317345619202e-02
2.253927104175090790e-02
3.721682727336883545e-02
-1.361210644245147705e-02
-5.905915051698684692e-02
1.396436523646116257e-02
2.559233829379081726e-02
-6.673900038003921509e-02
2.689429000020027161e-02
2.491746842861175537e-02
-6.529092788696289062e-02
-8.241163939237594604e-02
8.036624640226364136e-03
-1.003667861223220825e-01
4.701883345842361450e-02
-7.506026886403560638e-03
3.898602211847901344e-03
-8.103004842996597290e-02
6.355582922697067261e-02
4.621930047869682312e-02
-2.622995153069496155e-02
7.318045943975448608e-02
3.421400487422943115e-02
5.590832978487014771e-02
1.155898068100214005e-02
3.110913559794425964e-02
3.847216814756393433e-02
-2.823653258383274078e-02
2.324343472719192505e-02
-2.149982005357742310e-02
-2.671397849917411804e-02
-4.776528105139732361e-02
5.118153989315032959e-02
7.040531188249588013e-02
2.800283022224903107e-02
2.473507635295391083e-02
4.263265803456306458e-02
1.951122842729091644e-02
-7.105257827788591385e-03
3.160243481397628784e-02
-5.415905267000198364e-03
1.909072883427143097e-02
-1.200965885072946548e-02
-4.296706989407539368e-02
4.510875418782234192e-02
2.436247467994689941e-02
-3.568897023797035217e-02
7.677930593490600586e-02
4.869856312870979309e-02
-7.083219289779663086e-02
-2.642502263188362122e-02
3.105753846466541290e-02
-1.888429932296276093e-02
5.533728003501892090e-02
-2.093503996729850769e-02
1.990906335413455963e-02
-1.272756047546863556e-02
1.084888167679309845e-02
6.050990894436836243e-03
7.599014788866043091e-02
2.006179094314575195e-02
4.227755707688629627e-04
-2.837623655796051025e-02
-5.749233439564704895e-02
-3.266412019729614258e-02
-6.320699304342269897e-02
2.919278852641582489e-02
-3.861513733863830566e-02
-6.889032665640115738e-03
1.785758882761001587e-02
5.540593340992927551e-02
-3.769696503877639771e-02
2.889695763587951660e-02
-2.697917819023132324e-02
2.364661172032356262e-02
3.092118538916110992e-02
7.454897742718458176e-03
3.616939857602119446e-02
7.088582962751388550e-03
-4.723422229290008545e-02
-3.559159813448786736e-03
-5.702484026551246643e-02
3.014265373349189758e-02
-5.830466747283935547e-03
-7.489252090454101562e-02
2.104615047574043274e-02
-5.702342465519905090e-02
-6.868806667625904083e-03
-6.217088550329208374e-02
5.102317035198211670e-02
-6.281125545501708984e-02
-4.745783656835556030e-02
-6.096451729536056519e-02
-1.969871111214160919e-03
2.548059076070785522e-02
-2.838386595249176025e-02
-6.957401335239410400e-02
5.196625366806983948e-02
-7.922755926847457886e-02
-3.420370444655418396e-02
-1.129972264170646667e-01
2.975211292505264282e-02
-3.912486881017684937e-02
-4.435538500547409058e-02
1.658356166444718838e-03
-3.097465261816978455e-03
-5.941859446465969086e-03
-3.372796624898910522e-02
-1.594637520611286163e-02
3.407011041417717934e-03
-3.228033706545829773e-02
3.169247880578041077e-02
-1.743115112185478210e-02
-2.218924649059772491e-02
-4.728961363434791565e-02
1.544084865599870682e-02
5.372896045446395874e-02
-2.434756048023700714e-02
4.419371858239173889e-02
2.431272715330123901e-02
1.095739100128412247e-02
2.727417461574077606e-02
2.906250301748514175e-03
-1.908559165894985199e-02
-3.640104830265045166e-02
3.946391493082046509e-02
4.959131404757499695e-02
5.584498494863510132e-02
-6.539075076580047607e-02
1.294406410306692123e-02
2.560932748019695282e-02
1.925241760909557343e-02
3.704756870865821838e-02
1.689602062106132507e-02
7.451605796813964844e-02
1.898232102394104004e-02
-4.950467869639396667e-02
5.010062828660011292e-02
-4.519828408956527710e-02
-1.701346598565578461e-02
-1.966658234596252441e-02
-4.423258826136589050e-02
-4.358636587858200073e-02
-2.251755632460117340e-02
