7.510932628065347672e-03
-1.956610754132270813e-02
-2.577892877161502838e-02
-9.355232119560241699e-03
2.950122288893908262e-04
3.816684707999229431e-02
2.343743667006492615e-02
1.449081860482692719e-02
9.419086575508117676e-02
3.041273169219493866e-02
-2.857395261526107788e-02
-3.694466315209865570e-03
5.526449996978044510e-03
-1.630333065986633301e-02
-3.326531499624252319e-02
-1.394459046423435211e-02
-1.646444946527481079e-02
-1.121145579963922501e-02
1.775621064007282257e-02
4.509340226650238037e-02
2.744296565651893616e-03
4.149653017520904541e-02
-1.713023707270622253e-02
-1.311887707561254501e-02
7.388047873973846436e-03
8.800796233117580414e-03
-5.589375505223870277e-04
-9.359113755635917187e-04
-3.421241417527198792e-02
-3.741758409887552261e-03
-1.148063540458679199e-01
-1.854828372597694397e-02
2.893029153347015381e-02
-1.356912124902009964e-02
8.050813921727240086e-04
8.790642768144607544e-02
-4.214883223176002502e-02
2.534909360110759735e-02
-2.020061388611793518e-02
-1.217258870601654053e-01
-8.819391950964927673e-03
-8.871105499565601349e-03
-1.400349475443363190e-02
-7.191801071166992188e-02
-7.559587713330984116e-03
-1.187130622565746307e-02
-3.390976414084434509e-02
-1.961922459304332733e-02
3.803142905235290527e-02
1.610171049833297729e-02
1.640763320028781891e-02
-3.622586652636528015e-02
-8.257966488599777222e-02
5.261890217661857605e-02
-2.335160598158836365e-02
6.789154373109340668e-03
-3.516172000672668219e-04
2.463732101023197174e-02
3.117088973522186279e-01
4.755953699350357056e-02
-1.470491476356983185e-02
4.643644671887159348e-03
-2.824702672660350800e-02
-1.156016532331705093e-02
1.989035122096538544e-02
-2.215642109513282776e-02
2.330602891743183136e-02
-2.242756076157093048e-02
6.292441487312316895e-02
-2.250494621694087982e-02
9.945812635123729706e-03
-2.110463008284568787e-02
-5.868700519204139709e-02
9.399021044373512268e-03
3.047325462102890015e-02
-4.193417355418205261e-02
-2.459031715989112854e-02
3.929995000362396240e-02
2.813182212412357330e-02
3.891105530783534050e-03
-1.497124508023262024e-02
3.116086125373840332e-02
2.629793062806129456e-02
-4.286179319024085999e-02
5.521013960242271423e-02
7.200655993074178696e-03
-2.703035250306129456e-03
2.988054789602756500e-02
3.440940752625465393e-02
2.337151952087879181e-02
6.861246656626462936e-04
-5.665731802582740784e-02
2.784927003085613251e-02
5.350253079086542130e-03
-2.615035744383931160e-03
-2.361411973834037781e-02
3.960701823234558105e-02
-4.509984329342842102e-02
-7.821512408554553986e-03
2.542104758322238922e-02
-1.330881845206022263e-02
1.439502276480197906e-02
-5.085004959255456924e-03
3.265959676355123520e-03
6.461280863732099533e-03
-2.446324378252029419e-02
-1.776623539626598358e-02
1.017939019948244095e-02
4.009774699807167053e-02
-4.482707753777503967e-02
-4.434313997626304626e-02
1.440143561922013760e-03
-5.616986379027366638e-02
-2.068962343037128448e-02
-9.846995584666728973e-03
-7.280350662767887115e-03
5.402839556336402893e-02
-3.562923148274421692e-02
3.537612967193126678e-03
1.338431611657142639e-03
-5.059096496552228928e-03
-4.143338650465011597e-03
-3.018455579876899719e-02
-2.104050852358341217e-02
-4.376948624849319458e-02
-5.241430830210447311e-03
3.848320618271827698e-02
-2.563114045187830925e-03
4.188312217593193054e-03
8.312722295522689819e-02
-9.036528319120407104e-02
-1.338301319628953934e-02
-1.880087517201900482e-02
-1.526331529021263123e-02
4.329943656921386719e-02
-2.597108855843544006e-02
-1.135761439800262451e-01
-3.082440048456192017e-02
-1.386912316083908081e-01
9.632465429604053497e-03
-1.380173712968826294e-01
-1.037042308598756790e-02
-2.361181378364562988e-02
-1.662466116249561310e-02
-2.522153034806251526e-02
1.811244338750839233e-02
5.055758170783519745e-03
-2.337274141609668732e-02
-1.953058131039142609e-02
-6.932994350790977478e-03
1.150971930474042892e-02
2.478084154427051544e-02
-3.218357637524604797e-02
-4.773647710680961609e-02
-4.702556412667036057e-03
3.144865855574607849e-02
-7.304423302412033081e-02
-1.479231845587491989e-02
-6.104066967964172363e-02
1.343975454801693559e-04
-1.300296094268560410e-02
-5.194776505231857300e-02
8.704336732625961304e-02
4.054490011185407639e-03
-2.950632246211171150e-03
2.371514961123466492e-02
7.473795115947723389e-02
-1.307885255664587021e-02
-4.542088136076927185e-03
4.524874500930309296e-03
1.799811609089374542e-02
-2.673599170520901680e-03
1.509691029787063599e-02
-2.173804212361574173e-03
2.766526862978935242e-02
2.562110498547554016e-02
1.221907697618007660e-02
-6.236788351088762283e-03
-2.852993644773960114e-02
-4.672219511121511459e-03
1.086882315576076508e-02
-1.202158629894256592e-02
3.504653461277484894e-03
4.969788342714309692e-02
1.452963240444660187e-02
-3.666805848479270935e-02
-1.071222275495529175e-01
1.871372573077678680e-02
-1.081525813788175583e-02
4.761888459324836731e-02
1.002238243818283081e-01
4.452040046453475952e-02
-2.325028879567980766e-03
-2.068689838051795959e-02
1.173987425863742828e-02
-5.394437536597251892e-02
-5.513941496610641479e-02
2.372963912785053253e-02
-1.647759974002838135e-01
-2.045499719679355621e-02
1.347609460353851318e-01
4.256632924079895020e-02
7.002501189708709717e-02
-7.242880016565322876e-02
-4.242220148444175720e-02
-4.226296022534370422e-02
2.369321696460247040e-02
-1.466456428170204163e-02
-1.828610897064208984e-02
-2.116124378517270088e-03
-8.638548105955123901e-02
-2.454808540642261505e-02
4.109076038002967834e-02
1.724859513342380524e-02
-9.719362482428550720e-03
-1.130837574601173401e-02
1.360299531370401382e-03
2.296641655266284943e-02
-3.452512202784419060e-03
3.844491764903068542e-02
-5.905355140566825867e-02
-7.066997885704040527e-01
-2.058641240000724792e-02
-2.752963081002235413e-02
1.206432748585939407e-02
-1.438028085976839066e-02
-6.597638130187988281e-02
-1.880583539605140686e-02
4.405957181006669998e-03
-3.188365325331687927e-02
-4.029266908764839172e-02
1.286894455552101135e-02
1.781362481415271759e-02
-9.681264637038111687e-04
9.828080656006932259e-04
-3.126415610313415527e-02
-4.533287137746810913e-02
1.506164204329252243e-02
1.227585482411086559e-03
-8.932571858167648315e-03
2.483610296621918678e-03
2.381182461977005005e-02
-1.599944941699504852e-02
-1.193249672651290894e-01
2.412697300314903259e-02
3.899819031357765198e-02
1.153910718858242035e-02
7.480745762586593628e-02
-4.626510664820671082e-03
-3.991921618580818176e-02
-7.124620024114847183e-03
3.494118899106979370e-02
1.692183874547481537e-02
5.727691575884819031e-03
-1.263236161321401596e-02
-5.681452807039022446e-03
-3.750531747937202454e-02
7.687987387180328369e-02
4.096098244190216064e-02
-5.479811131954193115e-02
8.635848760604858398e-03
-1.095045283436775208e-01
8.217751234769821167e-02
5.891334731131792068e-03
2.268369868397712708e-02
-4.263238608837127686e-02
-2.539785020053386688e-02
-3.805547207593917847e-02
-1.221741735935211182e-01
-1.627680286765098572e-02
6.832908838987350464e-02
5.534965544939041138e-02
-1.099530234932899475e-02
4.567947983741760254e-02
5.464380607008934021e-02
-3.529666364192962646e-02
-2.150589972734451294e-02
-4.772962629795074463e-02
-1.949633820913732052e-03
-2.332977391779422760e-02
3.275468200445175171e-02
3.546516597270965576e-02
8.802775293588638306e-02
-1.110976487398147583e-01
6.616414338350296021e-02
9.384594857692718506e-02
2.197763137519359589e-02
7.259634137153625488e-02
1.201713904738426208e-01
-3.551010414958000183e-02
7.207740098237991333e-02
-5.153231322765350342e-02
8.122796192765235901e-03
-4.501254484057426453e-02
7.407368719577789307e-02
-9.919178672134876251e-03
-1.312666982412338257e-01
-6.359080225229263306e-02
1.027649194002151489e-01
4.367559403181076050e-02
3.440406918525695801e-02
2.115491405129432678e-02
8.750787377357482910e-01
4.030826315283775330e-02
-5.110975727438926697e-02
3.731755167245864868e-02
-4.862190037965774536e-02
1.806357353925704956e-01
2.431905455887317657e-02
3.750115633010864258e-02
-8.892619609832763672e-02
2.669788338243961334e-02
5.255650356411933899e-02
-5.353449657559394836e-02
6.849710480310022831e-04
1.813388243317604065e-02
-1.883287169039249420e-02
-1.679922570474445820e-03
-2.797245606780052185e-02
-2.251459052786231041e-03
1.799406297504901886e-02
5.387572571635246277e-02
1.710836030542850494e-02
6.780421733856201172e-02
2.710203081369400024e-02
-1.451138779520988464e-02
3.401168622076511383e-03
-3.951187804341316223e-02
3.656682372093200684e-02
4.737537354230880737e-02
-7.878329488448798656e-04
-2.964808233082294464e-02
-2.321264147758483887e-02
-9.428471326828002930e-03
-9.181609377264976501e-03
-3.647976741194725037e-02
3.641374781727790833e-02
1.528794644400477409e-03
-3.373330086469650269e-02
2.456165291368961334e-02
7.092671841382980347e-02
-1.251624058932065964e-02
2.939508855342864990e-02
3.167885541915893555e-02
-8.310866355895996094e-02
-1.270698159933090210e-01
2.327622659504413605e-02
4.786606132984161377e-02
-8.006560057401657104e-02
3.227125853300094604e-02
-1.271885912865400314e-02
-2.020118571817874908e-02
-3.082173317670822144e-02
-5.310676246881484985e-02
3.980436548590660095e-02
-1.474648118019104004e-01
1.804779097437858582e-02
1.009334437549114227e-02
-2.846315875649452209e-02
-6.931480020284652710e-02
3.862243890762329102e-02
-2.172804670408368111e-03
-2.868397533893585205e-02
4.973733425140380859e-02
-1.070763915777206421e-02
4.372219368815422058e-02
-3.640484809875488281e-02
-5.339523404836654663e-02
5.127553269267082214e-02
3.367581591010093689e-02
8.078649640083312988e-03
3.938796743750572205e-02
3.234002366662025452e-02
7.636810839176177979e-02
-4.806083627045154572e-03
7.208118587732315063e-02
-5.795131251215934753e-02
-1.777117513120174408e-02
-8.858697488903999329e-03
8.202832937240600586e-02
-8.661614730954170227e-03
-5.079736933112144470e-02
1.044464949518442154e-02
3.489409107714891434e-03
-5.394246429204940796e-02
5.320826545357704163e-02
5.247964989393949509e-03
1.856380328536033630e-02
1.550537254661321640e-02
6.833295524120330811e-02
-4.020806774497032166e-02
1.635529659688472748e-02
-5.647244397550821304e-03
1.568548940122127533e-02
-1.791924051940441132e-02
3.802105039358139038e-02
3.850725665688514709e-02
5.273684859275817871e-02
-6.572911888360977173e-02
-3.178321942687034607e-02
3.781283041462302208e-03
-1.362388208508491516e-02
-9.691569022834300995e-03
6.213644519448280334e-02
5.807533860206604004e-02
-3.394078835844993591e-02
-1.076383050531148911e-02
1.817637681961059570e-02
-6.788819283246994019e-02
8.274351805448532104e-02
3.903799457475543022e-03
9.077458828687667847e-02
-2.137062326073646545e-02
6.140421330928802490e-02
4.536084830760955811e-03
2.854374237358570099e-02
-4.215448163449764252e-03
-2.381723374128341675e-02
-6.563401967287063599e-02
3.034644387662410736e-02
2.992271445691585541e-02
9.459518641233444214e-02
6.424249708652496338e-02
7.029744982719421387e-02
4.447358101606369019e-02
9.326476603746414185e-03
7.778419554233551025e-02
-7.376264035701751709e-02
-1.692146807909011841e-02
8.075683726929128170e-04
-1.223091688007116318e-02
-3.176393732428550720e-02
9.377472102642059326e-02
5.077411606907844543e-02
-1.192204840481281281e-02
-1.087920367717742920e-02
5.792925506830215454e-02
3.764741821214556694e-03
-2.388332039117813110e-02
-4.617414250969886780e-02
8.962267078459262848e-03
1.613523438572883606e-02
7.287499960511922836e-03
1.755307614803314209e-02
5.690539628267288208e-02
-1.497731450945138931e-02
-1.136178150773048401e-02
4.554393235594034195e-03
1.793517358601093292e-02
-4.557605460286140442e-02
1.541876047849655151e-02
-5.462564900517463684e-02
-1.029285192489624023e-01
6.397555023431777954e-02
-2.724879421293735504e-02
-3.348639607429504395e-02
-8.591784164309501648e-03
-5.155048146843910217e-02
1.371073275804519653e-01
-6.067309156060218811e-02
1.950515434145927429e-02
-9.276662021875381470e-02
4.479313269257545471e-02
-5.198377370834350586e-02
-1.168581563979387283e-02
-6.889902986586093903e-03
4.145258665084838867e-02
1.001594122499227524e-02
3.977934271097183228e-02
-5.698519945144653320e-02
-2.983269281685352325e-02
4.832721129059791565e-02
1.212241407483816147e-02
-9.052278473973274231e-03
-5.187408626079559326e-02
-1.391187403351068497e-02
7.459537591785192490e-04
8.425652049481868744e-03
5.082512646913528442e-02
3.550884313881397247e-03
-5.932439491152763367e-02
2.170591615140438080e-02
5.328059569001197815e-02
1.870444603264331818e-02
1.524507161229848862e-02
1.087154634296894073e-02
1.498374063521623611e-02
3.567339479923248291e-02
3.580765426158905029e-02
7.391198724508285522e-02
-4.492556303739547729e-02
-2.546500600874423981e-02
7.372136414051055908e-02
-1.046567875891923904e-02
-4.481604695320129395e-02
4.339778423309326172e-02
-2.870543859899044037e-02
4.671432822942733765e-02
-3.412660211324691772e-02
1.578937284648418427e-02
7.701407372951507568e-02
-5.934626609086990356e-02
-3.247698396444320679e-02
2.325023151934146881e-02
2.023252472281455994e-02
5.525914020836353302e-03
-1.412417367100715637e-02
1.375924982130527496e-02
2.145432308316230774e-02
6.190329417586326599e-02
-1.527200452983379364e-02
1.109655387699604034e-02
6.259609013795852661e-02
-1.830097101628780365e-02
2.642624080181121826e-03
-1.346503291279077530e-02
-7.837761938571929932e-02
-2.971689216792583466e-02
1.016546040773391724e-01
-4.546435922384262085e-02
-5.130591243505477905e-02
-5.207766592502593994e-02
3.788523375988006592e-02
-2.681647427380084991e-02
-5.583045631647109985e-02
3.874703496694564819e-02
6.863034516572952271e-02
-8.831823617219924927e-02
-7.913760095834732056e-02
-7.508111745119094849e-02
-8.450511097908020020e-02
-6.070062518119812012e-02
-2.135370485484600067e-02
1.702804863452911377e-02
-6.108980625867843628e-02
6.966320425271987915e-02
-7.419439032673835754e-03
3.699010983109474182e-02
7.710638642311096191e-02
5.966537282802164555e-04
3.566312417387962341e-02
5.860624462366104126e-02
2.699643559753894806e-02
3.931490704417228699e-02
4.120368883013725281e-02
-5.716726556420326233e-02
-5.269419867545366287e-03
3.606176748871803284e-02
-4.244777932763099670e-02
3.434161469340324402e-02
-4.523599147796630859e-02
3.105165995657444000e-02
-8.431579172611236572e-02
-1.445345673710107803e-02
6.037571933120489120e-03
2.098831161856651306e-02
-1.710660196840763092e-02
1.293894741684198380e-02
5.441227927803993225e-02
-5.142355337738990784e-02
7.742079347372055054e-02
4.743045568466186523e-02
-6.794285029172897339e-02
5.089142173528671265e-02
7.566515356302261353e-03
-7.949169725179672241e-02
-9.416756778955459595e-02
-5.628001317381858826e-02
2.062581665813922882e-02
-1.229898538440465927e-02
-5.603593960404396057e-02
-1.645356975495815277e-02
1.075465977191925049e-02
1.797772198915481567e-02
-2.190886624157428741e-02
-1.190903410315513611e-02
-8.304885029792785645e-02
-5.281919240951538086e-02
3.357929736375808716e-02
-4.035848379135131836e-02
-6.666026264429092407e-02
4.561489447951316833e-02
1.842944882810115814e-02
4.806761816143989563e-02
3.041609749197959900e-02
1.667067408561706543e-02
-6.215472519397735596e-02
4.886060208082199097e-02
1.492562517523765564e-02
3.002993017435073853e-02
1.149088982492685318e-02
-3.150770813226699829e-02
4.338419996201992035e-03
-3.634418174624443054e-02
-5.136990174651145935e-02
6.429094821214675903e-02
-3.302392316982150078e-03
-7.889205962419509888e-02
-6.134707946330308914e-03
1.757681742310523987e-02
-5.307122319936752319e-02
2.118854038417339325e-02
-2.998465206474065781e-03
-2.091194503009319305e-02
1.636781170964241028e-02
6.205401942133903503e-02
-1.098077557981014252e-02
5.222056061029434204e-02
5.436606705188751221e-02
4.982189461588859558e-02
5.563548300415277481e-03
2.492162957787513733e-02
-5.726914480328559875e-02
1.497922558337450027e-02
3.185768425464630127e-02
2.887072600424289703e-02
-2.724465914070606232e-02
-8.620225824415683746e-03
1.509848330169916153e-02
8.204235881567001343e-02
6.456378102302551270e-02
4.024581238627433777e-02
-4.126993566751480103e-02
-1.577561721205711365e-02
1.096175163984298706e-01
1.041333749890327454e-01
1.203442178666591644e-02
3.609215375036001205e-03
4.233641957398504019e-04
-3.267429396510124207e-02
2.136182039976119995e-02
-5.141151323914527893e-02
4.286466911435127258e-02
1.086918171495199203e-02
-7.128646131604909897e-03
-3.477686643600463867e-02
4.641773551702499390e-02
-1.475613564252853394e-02
-6.065835431218147278e-02
-1.532226218841969967e-03
1.675657555460929871e-02
1.476746052503585815e-02
1.009551435708999634e-02
4.025893285870552063e-02
-1.778544276021420956e-03
-1.861949637532234192e-02
-1.814836170524358749e-03
2.884469367563724518e-02
5.031691491603851318e-02
1.336360629647970200e-02
1.989013515412807465e-02
-9.832858107984066010e-03
-1.449695229530334473e-02
4.296084865927696228e-03
-4.779602214694023132e-02
5.193551257252693176e-02
-3.819341305643320084e-03
6.838579475879669189e-02
1.077326852828264236e-02
1.268372964113950729e-02
4.027312621474266052e-02
7.247508037835359573e-03
-4.511843621730804443e-02
1.232295297086238861e-02
1.403593085706233978e-02
-9.206670522689819336e-02
2.004372800001874566e-04
-2.794731222093105316e-02
-5.651419609785079956e-02
6.833404302597045898e-02
7.139224559068679810e-02
3.836927935481071472e-02
7.375668734312057495e-02
6.540646404027938843e-02
4.242673981934785843e-03
9.774521924555301666e-03
-3.663618117570877075e-02
4.135293886065483093e-02
3.107165545225143433e-02
7.465576380491256714e-02
2.397282607853412628e-02
2.946380525827407837e-03
-1.254258025437593460e-02
1.240350306034088135e-01
-5.580690503120422363e-02
-4.067857190966606140e-02
6.841279566287994385e-02
-6.979768723249435425e-02
4.644722491502761841e-02
4.104670882225036621e-02
4.770005494356155396e-02
2.068128203973174095e-03
-6.275340914726257324e-02
1.388898119330406189e-02
-1.398325664922595024e-03
-5.825116112828254700e-02
4.037250578403472900e-02
1.768419519066810608e-02
-4.704814031720161438e-02
-7.411614805459976196e-02
1.133245695382356644e-02
-9.593485295772552490e-02
3.622429445385932922e-02
-1.095907855778932571e-02
2.574238181114196777e-02
-5.896062403917312622e-02
6.518102437257766724e-02
6.785964965820312500e-02
-9.284239262342453003e-03
5.534039810299873352e-02
3.734046965837478638e-02
3.740874305367469788e-02
-2.021164447069168091e-02
4.567260667681694031e-02
7.134988903999328613e-02
-3.994166478514671326e-02
-1.538103073835372925e-02
-3.456955403089523315e-02
-2.710606902837753296e-02
-6.912606954574584961e-02
4.128131270408630371e-02
7.112525403499603271e-02
3.519768640398979187e-02
3.646487742662429810e-02
4.727109149098396301e-02
1.862191362306475639e-03
-2.138892933726310730e-02
4.248309507966041565e-02
8.463690057396888733e-03
-1.150010735727846622e-03
-1.136164553463459015e-02
-4.573077708482742310e-02
5.902986228466033936e-02
4.365811124444007874e-02
-2.709115110337734222e-02
5.152978003025054932e-02
3.962763771414756775e-02
-3.412159159779548645e-02
-1.681159622967243195e-02
3.568544238805770874e-02
-6.466633174568414688e-03
4.467506334185600281e-02
1.066151424311101437e-03
2.755285426974296570e-02
-2.154052257537841797e-03
5.248354282230138779e-03
1.970965880900621414e-03
3.646593540906906128e-02
3.385970741510391235e-02
-2.083875052630901337e-02
-3.657675534486770630e-02
-4.202048107981681824e-02
-2.868236042559146881e-02
-9.950129687786102295e-02
3.230791911482810974e-02
-1.370491273701190948e-02
-2.041513659060001373e-02
2.199383452534675598e-02
6.731819361448287964e-02
-3.326408565044403076e-02
2.853219956159591675e-02
-3.417457919567823410e-03
5.310077592730522156e-02
1.564937992952764034e-03
8.233237080276012421e-03
7.346686720848083496e-02
3.453896567225456238e-02
-2.646140567958354950e-02
-4.138768650591373444e-03
-5.061879009008407593e-02
2.819933556020259857e-02
-2.038744743913412094e-03
-8.763419836759567261e-02
2.089312113821506500e-02
-7.595270872116088867e-02
-4.519071057438850403e-02
-3.770339861512184143e-02
3.153476864099502563e-02
-7.927402108907699585e-02
-5.779530480504035950e-02
-5.141431093215942383e-02
4.893949255347251892e-02
1.986013352870941162e-02
-2.776688663288950920e-03
-7.997996360063552856e-02
7.187739759683609009e-02
-6.796921789646148682e-02
-3.063339367508888245e-02
-8.184197545051574707e-02
1.800003647804260254e-02
-2.659803256392478943e-02
-5.242819339036941528e-02
-2.685674838721752167e-02
-2.498330315575003624e-03
-8.059099316596984863e-03
2.688834909349679947e-03
5.886751692742109299e-03
1.720489561557769775e-02
2.565886359661817551e-03
1.018043793737888336e-02
-2.274934761226177216e-02
-1.222362089902162552e-02
-4.084278643131256104e-02
2.743140421807765961e-02
4.836120456457138062e-02
-2.517412789165973663e-02
3.450337797403335571e-02
2.058131061494350433e-02
2.039274200797080994e-02
6.099276617169380188e-02
-1.732060499489307404e-02
-1.136529911309480667e-02
-3.262600675225257874e-02
2.357686683535575867e-02
4.479678720235824585e-02
5.088203772902488708e-02
-7.948279380798339844e-02
6.211972329765558243e-03
4.666226450353860855e-04
2.231102623045444489e-02
3.624115511775016785e-02
6.394392345100641251e-03
6.964227557182312012e-02
4.142223857343196869e-03
-4.316386207938194275e-02
1.871014945209026337e-02
-4.117785394191741943e-02
-2.719821408390998840e-02
-1.259491220116615295e-02
-5.020868405699729919e-02
-4.880832135677337646e-02
-4.920398350805044174e-03
