8.360733045265078545e-05
-2.751683630049228668e-02
-4.050634801387786865e-03
-1.143988315016031265e-02
2.293104626005515456e-04
2.376554533839225769e-02
1.541660912334918976e-02
2.300149388611316681e-02
5.703714489936828613e-02
2.113100700080394745e-02
-1.732775196433067322e-02
2.421647543087601662e-03
6.340696476399898529e-03
-2.543399482965469360e-02
-3.241526335477828979e-02
-1.303767971694469452e-02
-6.335133366519585252e-05
-1.567069254815578461e-02
2.584947086870670319e-02
5.168855935335159302e-02
4.563934926409274340e-04
5.583639070391654968e-02
-3.561599925160408020e-02
-2.062990143895149231e-02
-5.361803807318210602e-03
1.950380578637123108e-02
-4.065393470227718353e-03
2.636796853039413691e-04
-2.555859088897705078e-02
-7.065894315019249916e-04
-1.095692887902259827e-01
-6.623473484069108963e-03
2.333229407668113708e-02
-2.499716356396675110e-02
9.547967463731765747e-03
7.188576459884643555e-02
-3.532951697707176208e-02
2.775127626955509186e-02
-4.390126559883356094e-03
-1.042033284902572632e-01
-3.980812150985002518e-03
-2.903221361339092255e-02
-1.330180931836366653e-02
-6.102520227432250977e-02
7.002671714872121811e-03
1.992472447454929352e-02
-2.466368861496448517e-02
-1.260845642536878586e-02
4.494397714734077454e-02
1.113756000995635986e-02
2.450709603726863861e-02
-4.337626323103904724e-02
-6.381946057081222534e-02
3.418583050370216370e-02
-4.147563874721527100e-02
-1.202570507302880287e-03
8.355477824807167053e-03
1.542686577886343002e-02
3.879036903381347656e-01
3.733741119503974915e-02
-2.920433692634105682e-02
1.437827665358781815e-02
-2.270309953019022942e-03
-2.250414900481700897e-02
2.280644886195659637e-02
4.208649042993783951e-03
1.809649984352290630e-03
-2.845335938036441803e-02
4.929032176733016968e-02
9.014895185828208923e-03
2.550025098025798798e-02
-2.192430570721626282e-02
-3.311942517757415771e-02
2.248487900942564011e-03
2.167807519435882568e-02
-2.682796679437160492e-02
-1.676861196756362915e-02
2.904738672077655792e-02
3.430156782269477844e-02
-3.483087988570332527e-03
-1.315680518746376038e-02
2.909676171839237213e-02
1.694635674357414246e-02
-1.881527830846607685e-03
4.359889030456542969e-02
1.373270992189645767e-02
5.481840576976537704e-03
3.050391189754009247e-02
3.716719895601272583e-02
2.987123839557170868e-02
2.121379971504211426e-02
-6.843381561338901520e-03
3.370504081249237061e-02
5.710463505238294601e-03
-2.572384197264909744e-03
-1.437139231711626053e-02
2.946732938289642334e-02
-4.702944681048393250e-02
-5.782677792012691498e-03
8.420638740062713623e-03
-1.565572060644626617e-02
2.000331180170178413e-03
-3.021471668034791946e-03
1.519127003848552704e-02
1.020737923681735992e-02
-2.292104624211788177e-02
-2.270625717937946320e-02
9.998357854783535004e-03
3.202968835830688477e-02
-4.635015875101089478e-02
-1.843451336026191711e-02
1.540235336869955063e-02
-4.158176481723785400e-02
-2.669899724423885345e-02
-1.778477244079113007e-02
-9.272898547351360321e-03
3.915729001164436340e-02
-3.798322752118110657e-02
1.076948177069425583e-02
-8.605609647929668427e-03
-8.445060811936855316e-03
-5.356032401323318481e-03
-2.448594570159912109e-02
-1.067629829049110413e-02
-3.480090945959091187e-02
9.108960628509521484e-03
2.097403071820735931e-02
2.979402197524905205e-03
1.244958117604255676e-02
8.803664147853851318e-02
-6.450485438108444214e-02
-2.438405156135559082e-02
-1.767543889582157135e-02
-1.680404134094715118e-02
3.788359090685844421e-02
-1.897051930427551270e-02
-8.485454320907592773e-02
6.754680071026086807e-03
-1.309871822595596313e-01
1.359016634523868561e-02
-1.004482582211494446e-01
-2.019085921347141266e-02
-1.439717598259449005e-02
-2.180058509111404419e-02
-1.353518385440111160e-02
2.265404909849166870e-02
1.458320533856749535e-03
-9.694336913526058197e-03
-2.508862689137458801e-02
-3.702043741941452026e-02
2.020308561623096466e-02
1.691965013742446899e-02
-3.079240024089813232e-02
-4.516180232167243958e-02
4.646106623113155365e-03
1.127584255300462246e-03
-4.924378916621208191e-02
1.973686041310429573e-03
-4.840060323476791382e-02
-3.513411385938525200e-03
-1.578224124386906624e-03
-6.551927328109741211e-02
5.874807015061378479e-02
-1.205637701787054539e-03
1.683497428894042969e-02
3.952759876847267151e-02
4.839014634490013123e-02
-1.132883410900831223e-02
7.058675400912761688e-03
2.591282315552234650e-02
2.606819570064544678e-02
-1.121223252266645432e-02
1.833099871873855591e-02
-7.684827782213687897e-03
4.605631902813911438e-02
3.346577286720275879e-02
1.355137862265110016e-02
-1.214495673775672913e-02
-3.745001927018165588e-02
-7.667886093258857727e-03
-1.042535621672868729e-02
-2.974034287035465240e-02
-3.257625270634889603e-03
4.667849466204643250e-02
1.275972370058298111e-02
-6.666701287031173706e-02
-6.102700158953666687e-02
7.314776536077260971e-03
-7.507178932428359985e-03
3.862084448337554932e-02
9.487432241439819336e-02
4.088805243372917175e-02
1.236176816746592522e-03
-2.080554701387882233e-02
6.703243125230073929e-03
-9.060584940016269684e-03
-4.921770188957452774e-03
4.048672318458557129e-02
-1.076984480023384094e-01
-2.767421677708625793e-02
1.002797186374664307e-01
4.281585291028022766e-02
8.268265426158905029e-02
-4.995026439428329468e-02
-1.712942495942115784e-02
-4.826977476477622986e-02
1.490521058440208435e-02
-3.543483617249876261e-04
-1.548398938030004501e-02
-2.694112062454223633e-02
-6.956972181797027588e-02
-1.972907409071922302e-02
2.856842055916786194e-02
2.548146992921829224e-02
-4.200642928481101990e-03
-1.171853509731590748e-03
5.039101233705878258e-04
3.489999845623970032e-02
-8.650588802993297577e-03
2.106902562081813812e-02
-2.147150784730911255e-02
-7.506077289581298828e-01
-1.761894300580024719e-02
-2.406524494290351868e-02
1.258257403969764709e-02
-2.338424237677827477e-04
-4.836472496390342712e-02
-2.502247691154479980e-02
1.959350705146789551e-02
-1.653812080621719360e-02
-1.169485505670309067e-02
-1.183686871081590652e-02
1.452951133251190186e-02
8.230580016970634460e-03
-1.257183775305747986e-02
-3.928936272859573364e-02
-4.206677526235580444e-02
1.554561872035264969e-02
6.402021739631891251e-03
3.055535722523927689e-03
1.214551925659179688e-02
1.778192445635795593e-02
-1.127320341765880585e-02
-8.539608865976333618e-02
1.528538670390844345e-02
2.856125310063362122e-02
3.331445390358567238e-03
7.512827962636947632e-02
1.017329934984445572e-02
-4.177914559841156006e-02
-8.213826455175876617e-03
2.787721529603004456e-02
2.803323790431022644e-02
1.346428296528756618e-03
-2.087842114269733429e-02
3.248406574130058289e-04
-2.355403825640678406e-02
7.037349045276641846e-03
1.404962409287691116e-02
-5.055372044444084167e-02
4.600834101438522339e-02
-1.528081391006708145e-02
9.097756817936897278e-03
1.352963503450155258e-02
2.045338973402976990e-02
2.092429809272289276e-02
8.277207612991333008e-03
-9.942460060119628906e-02
-9.872867912054061890e-02
-3.801628947257995605e-02
3.134873881936073303e-02
1.041321977972984314e-01
3.268906846642494202e-02
7.105021178722381592e-02
7.728219497948884964e-05
3.356897085905075073e-02
-9.558011591434478760e-02
-1.038418263196945190e-01
6.675516068935394287e-02
-5.869011953473091125e-02
-3.350762650370597839e-02
8.311339467763900757e-02
1.073325872421264648e-01
-7.023540139198303223e-02
2.132413350045681000e-02
8.374890685081481934e-02
4.256659001111984253e-02
8.568874746561050415e-02
4.023297131061553955e-02
-3.431529551744461060e-02
1.406344324350357056e-01
-4.628467187285423279e-02
-2.794354781508445740e-02
-8.931239135563373566e-03
7.504336535930633545e-02
-1.403627917170524597e-02
-1.075277104973793030e-01
-8.066147565841674805e-02
7.594986259937286377e-02
2.167958393692970276e-02
8.912029862403869629e-02
1.204065419733524323e-02
8.735424280166625977e-01
6.352607905864715576e-02
-5.864997580647468567e-02
4.524719715118408203e-02
-5.451847612857818604e-02
1.491613239049911499e-01
-4.900252819061279297e-02
1.666949130594730377e-02
-3.626727312803268433e-02
3.611370921134948730e-02
1.176582500338554382e-01
3.051447495818138123e-02
-7.569101173430681229e-03
-3.595959395170211792e-02
3.531741909682750702e-03
-1.570188626646995544e-02
-1.176908332854509354e-02
-2.421040646731853485e-02
2.635685727000236511e-02
5.511095374822616577e-02
2.305711247026920319e-02
5.113419890403747559e-02
4.058799147605895996e-02
-9.195567108690738678e-03
2.760090678930282593e-02
-4.434567689895629883e-02
3.839680179953575134e-02
4.868621751666069031e-02
-3.327786549925804138e-02
3.070317674428224564e-03
-2.027541585266590118e-02
-7.567123975604772568e-03
7.207719981670379639e-02
-3.932519257068634033e-02
1.959634199738502502e-02
-2.875745855271816254e-02
1.413626782596111298e-02
-4.175780341029167175e-03
5.197060853242874146e-02
-9.293679613620042801e-04
2.427973598241806030e-02
2.421067655086517334e-02
-5.972710996866226196e-02
-1.680330485105514526e-01
5.134575068950653076e-03
2.415485912933945656e-03
-2.809027768671512604e-02
3.414093703031539917e-02
-1.670507714152336121e-02
-3.999974206089973450e-02
-2.957090549170970917e-02
-8.403307944536209106e-02
8.312989026308059692e-03
-5.658578500151634216e-02
-3.689724951982498169e-03
3.185046464204788208e-02
4.918949678540229797e-03
-4.399563372135162354e-02
7.675597909837961197e-03
2.555394358932971954e-02
-1.737575978040695190e-02
3.020448796451091766e-02
1.792263053357601166e-02
1.359053514897823334e-02
-4.880164191126823425e-02
-4.961312562227249146e-02
2.443210408091545105e-02
-1.372785400599241257e-02
3.873819112777709961e-02
9.946427494287490845e-02
-2.974666841328144073e-02
4.767867922782897949e-02
1.703495904803276062e-02
1.352209364995360374e-03
-5.088023096323013306e-02
-3.338669613003730774e-02
2.491755411028862000e-02
6.172953918576240540e-02
-2.529931999742984772e-02
-6.014765799045562744e-02
-1.817128621041774750e-02
-1.805664412677288055e-02
1.411265973001718521e-02
6.482675671577453613e-02
1.278763543814420700e-02
2.369172871112823486e-03
-1.193108502775430679e-02
6.148209422826766968e-02
7.079221308231353760e-03
-3.458696650341153145e-03
-5.013778805732727051e-02
2.668589726090431213e-02
-4.464414715766906738e-02
-6.040998268872499466e-04
7.047480344772338867e-02
6.658228486776351929e-02
-6.356295943260192871e-02
-6.382361799478530884e-02
5.524080246686935425e-03
-4.179556295275688171e-02
-2.999853715300559998e-02
3.002874739468097687e-02
7.977498322725296021e-02
-3.364143148064613342e-02
-9.600016288459300995e-03
1.057527214288711548e-02
-5.249504745006561279e-02
6.102783605456352234e-02
-7.310616970062255859e-02
5.929571762681007385e-02
2.091683261096477509e-02
9.567702189087867737e-03
3.982471674680709839e-02
2.899936772882938385e-02
-1.711114868521690369e-02
-3.605319187045097351e-02
-9.320764243602752686e-02
2.709596231579780579e-02
2.092097327113151550e-02
1.056492477655410767e-01
3.795542195439338684e-02
4.657445102930068970e-02
1.707646809518337250e-02
-1.333366427570581436e-02
7.528544962406158447e-02
-6.064533814787864685e-02
3.136194497346878052e-02
7.648920640349388123e-03
-2.789683081209659576e-02
-3.458708897233009338e-02
6.714630872011184692e-02
3.854969888925552368e-02
-4.366691410541534424e-02
-3.677200898528099060e-02
1.161020155996084213e-02
-1.242514234036207199e-03
-5.286538973450660706e-02
-5.002479255199432373e-02
1.978193782269954681e-02
7.365287747234106064e-03
7.362760952673852444e-04
5.066736042499542236e-02
-2.334696054458618164e-02
-2.465585060417652130e-02
2.347147092223167419e-02
-6.751365959644317627e-03
2.192422747611999512e-02
-1.060117930173873901e-01
1.412722188979387283e-02
-5.802204087376594543e-02
-1.766355521976947784e-02
1.306911930441856384e-02
-2.852725237607955933e-02
-3.389136493206024170e-02
-3.073955699801445007e-02
-5.449445545673370361e-02
1.312898546457290649e-01
-8.486885577440261841e-02
-5.525416694581508636e-03
-8.985953032970428467e-02
2.910818345844745636e-02
-3.958281874656677246e-02
-3.039767779409885406e-02
-3.293418267276138067e-04
8.621707558631896973e-02
6.328042596578598022e-03
1.012295484542846680e-02
-7.889204472303390503e-02
-6.331513170152902603e-03
2.447125688195228577e-02
1.238536462187767029e-02
1.300840917974710464e-02
-3.160540759563446045e-02
3.863447112962603569e-03
1.607643906027078629e-03
-5.188872292637825012e-02
8.707709610462188721e-02
-3.292706096544861794e-04
-3.049309737980365753e-02
2.243230119347572327e-02
-7.337696850299835205e-03
1.233162637799978256e-02
2.850016392767429352e-02
-1.153017301112413406e-02
4.368253052234649658e-02
6.907198578119277954e-02
1.725715771317481995e-02
4.990550503134727478e-02
-1.153112202882766724e-02
-2.790149115025997162e-02
9.116095304489135742e-02
-9.067184291779994965e-03
-5.281769484281539917e-02
2.832221612334251404e-02
-3.759007528424263000e-02
6.091399863362312317e-02
-3.710281848907470703e-02
1.278946362435817719e-02
5.900079756975173950e-02
-2.378413453698158264e-02
-4.555448144674301147e-02
2.562839724123477936e-02
-7.488737814128398895e-03
-2.273766323924064636e-02
-2.589620277285575867e-02
-8.127359300851821899e-02
1.791496388614177704e-02
5.691795051097869873e-02
-2.663316205143928528e-02
1.694157160818576813e-02
3.424427658319473267e-02
-1.605951413512229919e-02
-4.577245190739631653e-02
-2.045748569071292877e-02
-9.095139801502227783e-02
2.308510476723313332e-03
9.904284030199050903e-02
-1.400473807007074356e-02
-3.885956108570098877e-02
-1.105299592018127441e-02
1.351663284003734589e-02
-5.351721495389938354e-02
-1.672126911580562592e-02
2.120475284755229950e-02
4.691046476364135742e-02
-6.803425401449203491e-02
-6.727239489555358887e-02
-6.731159985065460205e-02
-8.904599398374557495e-02
-3.272366151213645935e-02
-4.547536373138427734e-02
2.545882202684879303e-02
-7.073938846588134766e-02
6.908209621906280518e-02
1.803370937705039978e-02
4.057750850915908813e-02
3.188566118478775024e-02
-1.573618501424789429e-02
1.951565966010093689e-02
9.808851405978202820e-03
-1.959172543138265610e-03
6.264596432447433472e-02
1.761505752801895142e-02
3.204812854528427124e-02
6.096390075981616974e-03
1.417720038443803787e-02
-2.176934294402599335e-02
3.118034638464450836e-02
-3.436700999736785889e-02
2.140646800398826599e-02
-7.000289112329483032e-02
1.423418521881103516e-03
-9.306709282100200653e-03
8.284084498882293701e-03
-2.555216103792190552e-02
2.767158485949039459e-02
7.465812843292951584e-03
-1.896717399358749390e-02
2.180651947855949402e-02
7.446046173572540283e-02
-8.036898821592330933e-02
5.262733623385429382e-02
-7.060684263706207275e-03
-9.567931294441223145e-02
-5.784025788307189941e-02
-8.537852764129638672e-02
4.722477123141288757e-02
1.786603406071662903e-02
-4.721666499972343445e-02
-1.676738075911998749e-02
-3.015626687556505203e-03
-1.174832321703433990e-02
-1.129366178065538406e-02
-4.011737182736396790e-02
-4.625199362635612488e-02
-2.199026010930538177e-02
2.337586320936679840e-02
-5.148575827479362488e-02
-7.203045487403869629e-02
6.667950004339218140e-02
7.779223378747701645e-03
3.848229721188545227e-02
4.362674802541732788e-02
3.080064617097377777e-02
-2.800244837999343872e-02
5.921157822012901306e-02
2.045277319848537445e-02
-1.066600158810615540e-02
2.029206231236457825e-02
-1.088204979896545410e-02
-1.112874713726341724e-03
-2.808754332363605499e-02
-1.215169206261634827e-03
5.275068804621696472e-02
-1.011514943093061447e-02
-6.054879724979400635e-02
-2.237084321677684784e-03
4.427847266197204590e-02
-7.469963282346725464e-02
3.921300545334815979e-02
-2.146244049072265625e-02
2.089453674852848053e-02
3.352720290422439575e-02
8.800443261861801147e-02
4.860709235072135925e-02
6.272011250257492065e-02
5.327676609158515930e-02
5.928801000118255615e-02
3.539600176736712456e-03
-4.194054752588272095e-03
-2.193893305957317352e-02
-2.302067168056964874e-02
6.024622544646263123e-02
2.763462066650390625e-02
2.826807647943496704e-02
-3.121301904320716858e-02
2.992422552779316902e-03
3.059971891343593597e-02
4.110696911811828613e-02
3.787954524159431458e-02
-1.052953675389289856e-02
-1.180661749094724655e-02
1.122246757149696350e-01
8.561606705188751221e-02
-4.918423481285572052e-03
-1.021403912454843521e-02
5.063181743025779724e-04
4.088929854333400726e-04
-1.030273642390966415e-02
-7.222003489732742310e-02
9.905127808451652527e-03
3.543274104595184326e-02
-6.146324798464775085e-02
2.607863023877143860e-02
2.558826096355915070e-02
2.545270370319485664e-03
2.910847961902618408e-02
-9.535379707813262939e-03
-6.478375941514968872e-02
9.090059320442378521e-04
3.003839217126369476e-02
2.232487779110670090e-03
-5.335068330168724060e-02
-1.616775617003440857e-02
-8.425943553447723389e-03
1.116265915334224701e-02
2.415162511169910431e-02
-4.529788345098495483e-02
-1.495527289807796478e-02
6.925826892256736755e-05
2.641106955707073212e-02
-4.016776382923126221e-02
-2.589838579297065735e-02
2.177504636347293854e-02
-5.811696127057075500e-02
5.556474626064300537e-02
1.056658104062080383e-01
8.595939725637435913e-03
-2.568198740482330322e-02
8.147390559315681458e-03
-5.025611445307731628e-02
-4.302649945020675659e-02
1.084833312779664993e-02
-7.541928440332412720e-02
3.825617581605911255e-02
-2.315603010356426239e-02
-8.682587184011936188e-03
1.186879724264144897e-02
6.139072403311729431e-02
2.613741345703601837e-02
8.491318672895431519e-02
3.467363491654396057e-02
-3.120933473110198975e-02
6.065167114138603210e-02
-1.879615895450115204e-02
-2.607238851487636566e-02
3.669078275561332703e-02
9.027589112520217896e-02
1.462527085095643997e-02
-4.849372897297143936e-03
2.458864077925682068e-02
1.239985600113868713e-01
-1.095642521977424622e-02
-5.720299854874610901e-02
4.185803607106208801e-02
-4.195681586861610413e-02
6.338575482368469238e-02
5.554104596376419067e-02
2.051398530602455139e-02
-5.617335066199302673e-02
-6.474788486957550049e-02
-1.038755290210247040e-02
-1.362580689601600170e-03
-3.687975555658340454e-02
1.863291487097740173e-02
5.649302527308464050e-02
-7.233112305402755737e-02
-7.337071746587753296e-02
2.496098168194293976e-02
-4.193905368447303772e-02
9.329330176115036011e-02
-6.494749337434768677e-03
-4.879066720604896545e-02
-8.045922033488750458e-03
6.747176498174667358e-02
1.569402068853378296e-01
-8.322542905807495117e-02
6.216675788164138794e-02
1.876705512404441833e-02
7.579194754362106323e-02
1.570406556129455566e-02
5.413465201854705811e-02
2.783413790166378021e-02
-1.664255931973457336e-02
8.186347782611846924e-03
-1.052224189043045044e-01
-2.859401889145374298e-02
-2.512406930327415466e-02
8.352142572402954102e-02
3.209376335144042969e-02
7.118842750787734985e-02
5.211313068866729736e-02
1.329668890684843063e-02
-4.355592653155326843e-02
1.651883311569690704e-02
3.603775054216384888e-02
-4.691943060606718063e-03
7.458228152245283127e-03
-1.345634832978248596e-02
-3.206276893615722656e-02
1.207499112933874130e-02
1.650462672114372253e-02
-7.339598983526229858e-02
8.173597604036331177e-02
6.125325709581375122e-02
-2.661744877696037292e-02
-9.423959068953990936e-03
7.687287870794534683e-03
1.428895350545644760e-02
2.313414216041564941e-02
2.128119207918643951e-02
-9.797487407922744751e-03
-2.348788641393184662e-02
2.861587703227996826e-02
3.815106675028800964e-02
7.158220559358596802e-02
-1.118030492216348648e-02
2.275682240724563599e-02
9.354722686111927032e-03
-2.546289190649986267e-02
-4.695264622569084167e-02
-1.030605286359786987e-01
2.515495754778385162e-02
-8.193634450435638428e-02
-7.265294902026653290e-03
2.519690198823809624e-03
5.728448182344436646e-02
-2.875314839184284210e-02
4.234401136636734009e-02
-4.546871036291122437e-02
4.046644270420074463e-02
1.616017520427703857e-02
1.462497189640998840e-02
-3.975616395473480225e-02
2.261449024081230164e-02
-2.946840599179267883e-02
-1.241991575807332993e-02
-1.220935583114624023e-01
4.386543482542037964e-02
-3.657452762126922607e-03
-7.366836816072463989e-02
3.318610601127147675e-03
-2.745152823626995087e-02
-1.982909440994262695e-02
3.409748896956443787e-03
5.284626036882400513e-02
-6.926321238279342651e-02
-3.879067301750183105e-02
-2.944870851933956146e-02
3.924380615353584290e-02
-1.064110919833183289e-02
-1.031516119837760925e-02
-3.260277584195137024e-02
8.675843477249145508e-02
-6.276299804449081421e-02
-1.845408789813518524e-02
-5.667528510093688965e-02
4.093424603343009949e-02
4.768143116962164640e-04
-2.471594326198101044e-02
-3.432552888989448547e-02
3.476189216598868370e-03
8.439074270427227020e-03
-1.453282590955495834e-02
3.204634878784418106e-03
2.896984107792377472e-02
-3.126177936792373657e-02
2.156410552561283112e-02
-2.516868116799741983e-04
-9.562061727046966553e-02
-3.309495747089385986e-02
9.994863532483577728e-03
4.106404632329940796e-02
3.686483250930905342e-03
-1.170625351369380951e-02
-6.368046742863953114e-04
7.117541972547769547e-03
6.466063857078552246e-02
-5.673033371567726135e-02
-1.067081931978464127e-02
-5.334793403744697571e-02
-1.535630319267511368e-03
3.422285243868827820e-02
4.586638510227203369e-02
-5.434671789407730103e-02
8.963540196418762207e-03
1.946194842457771301e-02
-1.059163082391023636e-02
8.174742013216018677e-02
3.187014535069465637e-02
8.823432773351669312e-02
3.714885795488953590e-03
-4.408276081085205078e-02
2.093838155269622803e-02
-4.298834130167961121e-02
6.082173436880111694e-03
-4.988178610801696777e-03
-6.838686764240264893e-02
7.024372927844524384e-03
1.703627407550811768e-02
