0.03355388
-0.01514658
-0.02000497
0.02362123
0.01548003
0.01311747
-0.00296894
-0.01606788
-0.03303206
-0.00973189
0.01659726
0.01231994
-0.00977208
0.00081745
0.00686785
0.00642563
-0.00164425
0.00521092
-0.07419234
0.01197534
0.00468317
0.01048639
0.04256811
-0.01879934
0.00502782
-0.00267445
0.00089358
-0.03723640
-0.01602715
-0.00744774
-0.08563139
-0.00860000
0.00573297
-0.00291431
0.00991476
-0.00708739
0.04676648
-0.02167270
-0.00607776
0.02156743
0.01469336
-0.01099754
0.03905619
0.01040159
-0.01295928
-0.00926067
-0.00500457
-0.00515949
-0.01398056
0.01904792
0.00493892
0.06810674
-0.03878793
-0.03031026
0.01076686
-0.02541071
0.00878039
-0.00336294
0.47860277
0.01570760
0.00204347
-0.00802929
0.01401351
-0.01494136
-0.00789491
0.01701882
-0.01784447
0.00352703
-0.05491977
-0.00794854
-0.00311018
0.01454733
-0.04481952
-0.00257779
-0.01001220
-0.00141787
0.00641044
-0.02984800
0.02030964
-0.14447917
0.00469926
-0.01027700
0.00674084
-0.02685525
-0.04001085
-0.01003433
-0.03036718
-0.01940538
0.00053664
0.00043435
-0.03011196
-0.04413389
0.08677585
0.02116023
-0.01371364
0.01064047
-0.02104629
-0.02077327
-0.01968710
0.01731678
0.01520962
0.00924841
-0.02781275
-0.00231041
0.00113260
-0.01292212
-0.00067035
-0.00678079
0.00947207
-0.00455677
0.02324688
-0.00433931
-0.00443127
0.01579961
-0.00040187
-0.01268854
0.01347499
-0.00004641
-0.00081712
0.02588806
0.02393257
0.01660984
-0.00195798
-0.01240362
0.02463663
-0.00137907
0.00427082
-0.01586538
-0.01770186
0.03820759
0.02000090
0.00176002
0.00773056
-0.00141354
-0.00986176
-0.01829926
0.00115725
-0.00365266
-0.07716627
-0.02045656
0.08445804
0.02198242
-0.02084463
-0.00509969
-0.02046810
-0.16623768
-0.01299052
0.00813068
-0.01665918
0.00526652
0.04557796
0.01344915
0.00336776
0.00043841
-0.00812098
-0.00332639
0.00768312
0.00739135
0.05150756
0.01917032
-0.00425893
0.12570441
-0.03627965
0.00167732
0.00832875
-0.01140106
0.04003423
-0.00909493
0.01097280
0.00578588
0.00353040
-0.02212064
0.00015504
-0.01382531
0.00837024
0.01293348
-0.01742664
0.03171438
-0.02174252
0.01592654
0.03057209
0.02209796
0.01106184
-0.00747773
0.03508547
-0.20560189
0.15213360
0.01860688
0.00441661
0.03702505
-0.02682178
-0.01696753
-0.02640761
0.00050590
-0.00125869
-0.01372096
0.03457098
0.01108901
0.00989321
-0.00470321
0.00106543
-0.00135304
0.04997173
-0.00304347
-0.00041078
-0.02651550
-0.00603309
0.00760569
-0.00621549
0.06954749
0.02702927
-0.01225519
0.00724168
0.00193479
-0.00479338
0.00177548
-0.02032158
0.01807063
-0.01095671
0.00086476
0.00518027
-0.71174592
0.00274078
0.01581375
0.00865206
-0.02065472
0.02143781
0.00716338
0.03048811
0.01523382
-0.00891407
0.02056745
0.02636275
-0.00088285
-0.06575426
-0.01144027
0.01931493
0.00330110
-0.00580220
0.01563583
-0.02599955
0.00683657
0.07610194
-0.02241413
-0.03168534
-0.00815839
0.01504740
-0.02085960
0.00130680
0.01252339
-0.02439105
0.00596882
0.04188814
0.01398408
-0.01151348
0.02165924
-0.00832949
-0.04025009
-0.08972393
0.05400189
-0.08212434
-0.07194095
-0.02366867
-0.03177712
0.00676300
-0.06577265
0.12916219
0.03092173
0.00188292
-0.02503407
0.00094617
0.02085170
-0.07524717
0.07735903
-0.07856312
0.07142012
-0.03591807
-0.05997644
-0.05265604
0.08202158
0.05849842
-0.00880127
-0.08707035
-0.02434456
-0.08727538
-0.08981396
0.14032553
0.04074729
-0.10921703
0.02246292
0.06056525
0.11740148
0.04126706
0.03075976
-0.04248899
-0.03751133
0.00925041
0.11044579
0.12019346
-0.01464297
0.09526879
0.12638369
0.84923720
-0.09026908
0.05786429
0.05383959
0.02804627
0.00567830
-0.04282380
0.07684230
-0.02203028
-0.13918707
-0.01876902
-0.01898687
0.02548468
0.01189331
-0.02357871
-0.04212517
0.04873193
0.08244981
0.00842074
0.02365082
0.00795161
0.00117789
0.03122639
-0.00389393
-0.01998234
0.01639966
-0.02413572
-0.04853878
0.01289098
-0.03190075
0.00517640
0.06753704
-0.01066108
-0.02695454
0.00753061
0.02120927
0.00836900
0.04209515
0.05295209
-0.00559578
0.04228763
0.05933536
-0.04727974
-0.06257568
-0.03657031
-0.02614862
-0.02734838
0.07003076
-0.03909726
-0.03101872
-0.03215976
0.02162600
-0.04675268
-0.01251935
0.03143365
0.03143524
-0.01209118
-0.01168464
-0.01235394
0.00320760
0.04575808
-0.01645627
0.01979111
0.00084479
0.00703424
0.02466776
0.00133942
-0.02185761
0.01578622
0.02631756
-0.04680704
0.12057582
-0.05715398
-0.03224938
0.02910990
0.02067603
-0.03479176
0.02361210
0.04237027
-0.06179925
0.02992433
-0.00514307
-0.03640302
0.04142143
0.04083153
0.03382447
-0.02227878
0.00748306
-0.01304760
-0.03414164
-0.04500426
-0.01693757
0.01774553
-0.01699005
0.08771953
0.09142315
-0.10519172
-0.04938950
-0.00528754
0.01588346
0.01023638
-0.03003704
0.08825906
0.01098337
0.00639739
0.06591588
-0.00727112
-0.02894379
-0.00827373
0.03784367
-0.02144411
-0.03001935
0.04184310
0.02490213
0.06091901
0.01474867
-0.16893569
0.03210327
-0.00261136
0.01020354
0.02534048
-0.01347104
-0.00520491
-0.03670955
-0.03602400
-0.01793306
-0.03997058
0.10291654
-0.01020483
-0.00794936
-0.00692177
0.03131064
-0.00478176
0.01220379
-0.01811736
0.06719218
0.05383973
-0.04422463
-0.00350957
-0.02153266
0.00329100
-0.02169875
0.05737488
0.04567169
-0.00425034
-0.06562968
-0.00336469
0.05313790
0.05801464
0.06068840
-0.05982136
0.00957408
0.02173975
0.02703015
0.07108378
-0.00095763
0.08680406
-0.06594488
0.06927013
-0.02858471
0.04334724
0.00735832
-0.03148557
0.02760090
0.03731822
0.00352250
-0.03523485
-0.09215382
0.04322458
0.08118704
-0.00600185
-0.00941925
0.05564680
0.01984055
-0.00664584
-0.00076043
0.02291655
0.06084878
0.00111442
0.04832874
0.03867607
-0.00873734
-0.04041753
0.00251357
0.02325235
0.11386564
0.00053980
0.03558167
-0.01774043
0.01047203
0.03928851
0.03067014
0.00097159
0.02160826
0.03481116
-0.00863370
-0.11066378
-0.00135559
0.04705089
0.00981081
-0.01820709
-0.03713705
0.00494990
0.02783287
-0.02822538
-0.04195750
-0.03619576
-0.00105520
-0.01567306
0.00091813
-0.02989287
-0.01339894
0.02244439
-0.01029457
0.00929003
0.00810463
0.03703521
0.08022413
-0.01528572
-0.05014564
0.06967643
-0.04510302
-0.04301006
0.02081699
-0.00578347
0.04608864
-0.16099960
-0.00188468
-0.05634887
-0.09088703
-0.05130873
0.02826052
-0.17884840
0.09787049
-0.02517507
0.02028679
-0.01085466
0.04013133
-0.00035135
-0.00576044
0.02776281
-0.06659888
-0.01877047
-0.06926171
0.01835244
0.01233659
0.02847493
0.01224035
-0.05626694
-0.03224870
-0.00043608
0.06205362
-0.02939598
0.01774701
0.04061504
-0.03560995
0.02844832
0.01626217
0.02557469
0.03724131
-0.10446113
0.04494563
-0.05763396
-0.10974272
-0.01188777
-0.02028842
0.01335334
-0.00208006
-0.01343758
0.04099704
-0.03588919
0.03776690
-0.04220276
-0.01945216
-0.07574441
0.00119876
-0.01567987
0.00188175
-0.00805795
-0.01298056
-0.00460838
0.00712074
-0.03517757
0.04288112
0.05564934
0.05329639
0.03498485
-0.03311869
0.01325191
0.01641642
0.07979722
-0.02944614
-0.01100092
0.01856752
-0.00439635
-0.02577919
-0.00585887
-0.02829361
0.00231374
-0.01902442
0.00676898
-0.02134180
-0.01757338
0.00478898
0.00492175
-0.00756394
0.09189838
0.00362041
-0.02205751
-0.00291346
0.09034559
-0.06747478
-0.08213839
-0.02212313
0.01447639
-0.02169666
-0.01330072
0.04622773
-0.05428512
0.00288048
-0.01277435
0.03471258
0.12553212
0.06139752
0.03336826
0.04686891
-0.08698314
0.02158205
-0.01152450
-0.00408996
0.01171104
0.14107269
-0.01363614
0.01097393
-0.00729762
-0.00028965
0.11555663
-0.07036940
-0.01609452
0.01905319
-0.00016227
0.03756002
0.02892475
0.05207485
0.01825119
-0.01515521
-0.11738811
-0.03041611
-0.03273850
0.05092284
-0.02715212
-0.01506571
0.03887051
0.06207930
-0.14158517
-0.05828622
0.02295554
0.01936658
-0.06738024
0.00813265
-0.01521683
-0.00916308
0.03712213
-0.14326710
0.01206046
0.03212539
-0.02158735
0.01295080
0.00144578
-0.04972531
0.04669565
0.01629100
-0.02327642
0.10496292
0.00477220
-0.00794451
0.04095816
-0.01629395
0.01038402
-0.00484275
0.02166217
0.11532530
0.08247276
-0.03718235
-0.01418826
-0.08882660
-0.03571653
-0.04224375
0.00625230
-0.03312257
-0.03996816
-0.02026103
-0.01686152
-0.04307677
0.05587890
0.01393147
-0.02435866
-0.01095880
-0.01042885
-0.09057753
-0.04433607
-0.02230978
-0.00257734
0.01408639
-0.04022018
0.04309891
0.01249677
-0.03052083
0.03340800
0.07837120
-0.02801263
-0.05001653
-0.00056819
-0.01014012
0.03323717
0.01320449
-0.01626534
0.01708474
0.07754667
-0.04829128
-0.07326736
0.03130025
0.00166220
0.02026156
0.02920065
-0.08448571
0.03342941
-0.02911055
-0.00117932
-0.04038537
-0.02181902
-0.00463512
-0.05049755
0.04582345
-0.00612828
-0.08091592
0.03174147
-0.05505346
0.00218037
-0.01751235
-0.02444142
-0.06814566
-0.06001421
0.01362043
-0.02390923
0.04107112
-0.02428970
0.05502366
-0.03091827
-0.11611022
0.01113216
0.02755213
-0.00299534
-0.02983382
0.00577835
-0.06019036
0.00457560
-0.09103660
0.02713785
0.05584235
0.00528116
0.00193757
-0.01372834
0.01739114
-0.04445077
0.04115101
-0.06455490
-0.06538940
0.00698964
0.01013026
-0.02953898
-0.05042631
0.03901876
0.11488919
-0.00309401
-0.04020018
-0.06875902
0.06437961
-0.01089495
-0.02520044
-0.03591688
-0.06675386
0.10368386
-0.01978582
0.01680773
0.03656100
0.01405067
0.05780960
-0.01957308
0.02442680
0.00283896
0.05857769
-0.00333926
-0.09275068
-0.00240469
0.00424336
-0.01382975
0.01974368
0.01559729
0.05576579
-0.01225580
0.02326257
0.03599351
0.00943736
0.03862265
0.03349002
-0.03657436
0.00603193
0.00700387
0.05202617
0.00118185
0.02913202
-0.00332494
-0.01003540
0.02033279
0.03587847
-0.02120678
-0.01236586
-0.00886648
-0.00877298
0.07179934
0.01249190
0.05972240
-0.01679273
-0.03658186
-0.00374014
-0.02463684
-0.00613780
-0.01094403
-0.00711580
