0.02735442
-0.01974981
-0.02064151
0.02224733
0.01767917
0.01034365
-0.01454249
-0.02298442
-0.03499269
-0.00949619
0.02822685
0.01633659
-0.01282999
-0.00789610
-0.00307178
0.01025635
-0.00301786
0.00343594
-0.05693762
0.00943603
0.00524935
0.00725292
0.04549883
0.00016904
0.00177317
-0.01834808
-0.00500601
-0.03795104
-0.01740165
-0.00289352
-0.06624538
-0.00526869
0.01451702
-0.00220873
0.00371705
-0.00701583
0.05413387
-0.01434184
0.00037353
0.03862241
0.01459800
0.00015266
0.04763434
0.01242475
-0.01529549
-0.00785395
-0.00948319
-0.00529394
-0.01095928
0.02213348
0.01226385
0.05833130
-0.01321328
-0.03479867
0.01608491
-0.02028357
0.01604159
-0.00056302
0.49006256
0.02537609
-0.00449830
0.00094228
0.01209841
-0.01316078
-0.01055734
0.02366340
-0.01424569
0.00738424
-0.06030297
-0.00007073
0.00332996
0.00977376
-0.05354837
-0.00348945
-0.01760442
0.01177508
0.00126002
-0.04474432
0.02062038
-0.14915434
0.00129689
-0.00561659
0.00178119
-0.01930777
-0.03271081
-0.00168109
-0.02831661
-0.02765852
0.00431943
-0.01334391
-0.02402358
-0.03521832
0.06918380
0.02257019
-0.01238649
0.01396388
-0.01734022
-0.02038616
-0.00570917
0.02496880
0.01145432
0.00975215
-0.04000698
0.00636101
0.00180975
0.00214437
0.01340323
-0.00450176
0.00744789
-0.00389569
0.03475140
0.00589238
0.00649084
0.01402432
-0.00362915
-0.01096817
0.01309121
-0.00224611
0.00481994
0.02203781
0.02612830
0.02454273
0.01367924
-0.01788479
0.02657069
0.00047941
-0.00480362
-0.01483747
-0.01732052
0.03738107
0.02892687
0.00923649
0.01002456
0.01306498
-0.02059099
-0.01315747
0.02354561
0.00250941
-0.08090377
-0.01275572
0.07710142
0.02498996
-0.02232874
0.00543368
-0.00988114
-0.15740301
-0.00598913
0.00763754
-0.01742263
-0.00041284
0.05409803
0.01562014
-0.00016593
0.01591323
-0.00994612
-0.00054094
0.00813904
0.00098460
0.05166943
0.02826578
-0.01126001
0.12058575
-0.04518374
0.00641150
0.00321486
0.00364030
0.03450182
-0.01098459
0.01501674
-0.00423891
0.00331300
-0.02762218
0.00845368
-0.01255699
0.01507623
0.00716472
-0.01322652
0.03258657
-0.03238860
0.01793038
0.02172210
0.01738076
0.00786832
-0.01256950
0.04797797
-0.20486592
0.18102504
0.02192018
0.00058020
0.03332525
-0.04597041
-0.01829368
-0.02778169
0.01580917
-0.01984448
-0.00209431
0.05138212
0.01117322
0.02903528
-0.00458044
-0.01646218
-0.00866772
0.08012767
0.01028630
0.00686464
-0.02610428
-0.00973588
0.00255080
-0.01276967
0.06426418
0.03250374
-0.01241346
0.00015945
0.00543910
0.00539853
-0.00484010
-0.02332030
0.03098156
-0.00294280
0.00520966
0.00834759
-0.68825150
0.01166880
0.01835146
0.00869043
-0.01367290
0.04063393
0.01073573
0.03263975
0.02515834
-0.01546214
0.02527634
0.03638344
-0.00486908
-0.06644052
-0.00480906
0.03625061
-0.00754713
-0.00220212
0.00552892
-0.00915153
-0.00641591
0.08262817
-0.01443627
-0.03160018
-0.02230438
0.01730736
-0.03124492
0.00364938
0.01938988
-0.02963800
0.00684619
0.04556751
0.01534392
-0.00765658
0.02246765
0.02885097
0.00975053
-0.13583915
0.08513580
-0.07863190
-0.04086266
-0.05265572
0.00934360
-0.04472802
-0.08470355
0.09988512
0.08173463
0.02786391
-0.06406350
0.01427399
-0.00640166
-0.06722140
0.00039241
-0.06760903
0.05674630
-0.02367485
0.01604297
-0.06049329
0.01029959
0.04319284
-0.00149605
-0.08830991
-0.09819594
-0.08259565
-0.06756449
0.12435567
0.00445464
-0.00747038
-0.01315949
0.01083255
0.07883710
-0.00596184
0.06589275
-0.09299734
0.01067244
0.03092392
0.16254649
0.05500386
-0.03900916
-0.01215607
0.02304172
0.86621523
-0.15627782
0.03040521
0.02297677
-0.00282928
0.00510346
-0.02517431
0.05296663
-0.02744999
-0.09803110
-0.04224936
-0.01473748
-0.05054727
-0.03471354
-0.03878833
-0.07466839
-0.03453472
0.11066721
-0.02034614
-0.03718371
-0.03042879
0.06602886
0.01844420
-0.00023081
0.00806780
0.01347800
-0.02616755
-0.05965073
0.00683869
-0.06602532
-0.03367803
0.05133941
0.01493831
-0.02252957
-0.05816367
0.07640236
-0.00787704
-0.03258963
0.04763436
-0.06429218
0.01941252
0.10912579
-0.00529747
-0.05532165
-0.07152789
-0.02890021
-0.03962665
0.00301469
0.01581811
-0.05953681
-0.02099802
0.01554845
-0.03505269
0.03361103
-0.04180895
0.02918668
0.00415178
0.01930863
-0.08587261
0.05231014
0.04458949
-0.00450624
0.05162154
-0.03386533
0.03487965
0.06275901
0.04640081
0.03074955
-0.01878139
0.03795629
-0.01124915
0.08449739
0.00437209
-0.01620866
-0.00926731
0.02892231
0.00456916
-0.01817707
-0.02657057
0.00475901
0.05792646
-0.07594510
0.03162324
0.00357469
0.04119514
0.05562353
0.00548159
0.03492095
-0.02611139
-0.03261058
-0.07144162
0.04064534
-0.00398192
0.02476957
0.03198642
0.11917182
-0.05744914
-0.03426638
-0.03198579
-0.06478359
-0.03188637
-0.03723130
0.04187544
-0.00657093
-0.00926192
-0.00190649
0.03860094
0.00161938
-0.01282307
0.03058580
0.04710702
0.01885931
0.09184841
0.05735972
0.02480672
-0.01562412
-0.08630217
-0.01339660
-0.00060930
-0.00381426
0.02370888
-0.05161703
0.02336807
-0.04216452
0.01550116
-0.04333486
0.02932766
0.02778765
-0.07945806
0.04672653
0.00286091
0.06623232
0.00675217
0.05127500
0.00809722
-0.00720213
0.07727537
-0.08397514
-0.00600052
-0.00630786
0.00459556
0.03230808
0.02133075
0.11697249
-0.00351726
0.01583779
0.03174669
-0.02682949
0.07941535
0.04123570
0.00316136
-0.05765297
0.00907602
-0.00551956
0.01641213
-0.02402600
0.02032822
-0.04477431
0.02044435
0.02981815
0.04340767
-0.07373378
-0.02878091
0.01538770
-0.00844400
-0.00865439
-0.01032058
-0.00371054
0.00068132
-0.00833588
-0.00192759
-0.02020635
0.03822765
-0.01618208
-0.00286849
0.01264761
0.05040062
-0.05377277
0.00143367
0.06693820
0.00946569
-0.00022991
-0.03292407
0.00798676
0.03450534
0.08018979
0.00303976
0.03193394
-0.03014123
0.01377478
0.03064507
-0.02682233
0.03594214
-0.01578996
0.05808236
-0.01830059
-0.04566856
-0.00287701
0.03388854
-0.01758991
-0.05547538
0.00349969
0.00176385
-0.04731392
0.02287144
-0.02153544
0.02690463
-0.05187301
-0.03628901
-0.03339507
0.01315734
0.04234419
-0.05447542
0.01534159
-0.05511440
0.04766091
0.00333173
0.03781001
0.05987826
-0.06033190
-0.03590857
0.02821728
0.03488188
0.08385640
-0.04536178
0.01111850
-0.07077085
-0.01145392
-0.01242276
-0.06232679
0.00433347
0.05616357
-0.15245461
0.02833484
-0.03365285
0.07509060
0.03055857
0.04291521
0.00870534
-0.00674056
0.01016382
-0.07406886
-0.03645163
-0.02042184
0.00942070
-0.00879880
-0.00574481
0.01737183
-0.00925220
-0.03052626
0.00762865
0.02742116
-0.06991720
-0.03340555
-0.04224147
0.01197073
0.00628561
-0.03227640
0.07571439
0.04556153
-0.04414326
0.01340658
-0.07636829
-0.06798152
0.01576849
-0.04147823
0.04068241
-0.00234321
0.02885566
0.01330893
-0.06730630
0.00631801
-0.00618180
0.01201663
0.01645446
-0.03731208
-0.05036569
0.04246129
0.01504527
-0.02921333
-0.01459959
-0.01092788
-0.01654748
-0.04640865
0.04822578
0.02681100
0.02617222
0.00060245
0.03328661
0.02457768
0.05265718
-0.05871250
-0.00551188
0.03170220
-0.00208759
-0.01715228
-0.02155701
-0.01268272
-0.00685915
-0.00372250
0.07406794
-0.03249523
0.00558396
-0.02348694
0.02856815
-0.00335784
0.11529294
-0.01340484
-0.03981804
0.02542280
0.05044061
-0.12416957
0.04753312
0.00705891
0.04926601
-0.07481401
-0.04737028
0.00967344
-0.04161702
0.04904360
0.04678538
-0.02479500
0.11460426
0.04154915
0.02704535
0.00253303
-0.07265867
0.02474788
-0.00109882
-0.02518175
-0.00148484
0.14382535
-0.05631875
0.01179701
-0.06099485
0.04184818
0.12430044
-0.05410175
-0.02610458
0.00505047
-0.03670369
0.06537946
0.00722321
-0.00582832
-0.02172850
0.00083727
-0.16754527
-0.03409306
0.00377914
0.02677504
-0.01219883
-0.04144231
0.02111680
0.04964240
-0.09314577
-0.03957471
0.09319060
0.00881683
-0.10961410
-0.00290434
-0.03245415
0.00063683
0.03923066
-0.07819968
0.00774966
0.03386713
0.04293121
-0.02137868
0.01694492
0.01800021
0.00589609
-0.03890170
-0.06917696
0.09092699
0.04320281
-0.04625609
-0.05266113
0.03318857
-0.02898777
0.00554933
0.02202292
0.12617761
0.06264634
-0.04380430
-0.00637976
-0.00627680
-0.05447488
0.00785842
0.00932002
-0.02470450
-0.01771326
-0.02141666
0.01250072
0.00060710
0.00737288
0.05984520
-0.00512973
-0.03240591
0.05896546
-0.04895714
-0.06290375
-0.01075747
-0.05060596
0.04429989
-0.03361071
0.10606142
-0.04296180
-0.00126488
0.07656722
0.01903819
0.04172656
-0.02513237
-0.01154456
0.00051942
0.05084450
0.05555005
0.01034137
0.00870536
0.05531937
-0.03637152
0.00059273
0.01704375
0.03918595
0.08093452
0.03524606
0.05323347
0.00868590
-0.00300066
0.00852882
0.03066942
-0.01097845
0.01364212
-0.03017293
0.00552753
0.00419379
-0.01031423
-0.00316941
0.03032915
-0.00575657
-0.01799802
-0.08967967
-0.03450290
-0.07436856
-0.00575483
-0.00726731
0.09449932
0.00029668
0.09358786
0.02229939
-0.08800779
-0.04093271
-0.00009062
-0.05213913
-0.07341765
0.03060028
-0.00963419
0.02378419
-0.08919435
0.02686804
0.00632775
-0.00802454
0.02038296
-0.00238602
-0.06618717
-0.00658516
-0.00853633
-0.07546727
-0.07258373
0.00420787
-0.06873626
-0.01629168
-0.05573773
0.01724290
0.09534400
-0.04007940
0.02096220
-0.01644323
0.07227000
-0.03850488
-0.11152947
-0.00491889
-0.03675808
0.13635448
-0.00054892
-0.05510250
0.01923387
0.00944408
0.03592643
0.01740988
-0.05422934
0.01991965
-0.00726660
-0.02327904
-0.11412259
0.00990291
-0.01784342
0.03600123
0.00454837
-0.00101098
0.08658531
-0.02018755
0.01505230
0.02038663
-0.02568452
0.03252012
0.02998002
-0.02582940
0.00466027
0.00967376
-0.03105511
0.01288026
-0.00792662
-0.03603871
0.01136981
-0.04509427
0.03587472
0.04741066
-0.03607616
0.01396286
-0.06332434
0.02016215
-0.12215537
-0.01089920
0.00078357
-0.03299699
-0.01217277
0.01485889
0.01323455
0.01978753
-0.02101266
