0.01212634
-0.01357370
-0.07241455
0.05343428
-0.03434132
0.05366021
0.02244600
0.00738872
0.03592248
0.02470319
-0.03834216
-0.02679855
0.02790825
-0.00467920
-0.01915313
0.01405195
-0.02041355
0.05058492
-0.06028811
0.00785208
-0.00144690
-0.04521742
0.09445716
-0.01079378
-0.01025275
-0.00825420
-0.03358295
-0.02245266
0.00016683
0.00608700
-0.06581204
-0.01515049
0.02470365
-0.01838986
-0.00283673
0.01020091
0.01272924
0.02700218
-0.01484776
-0.00189514
-0.02819906
-0.00004371
-0.00704275
-0.02382881
0.00708665
-0.00788348
-0.01167469
-0.03280472
0.01174011
0.01819555
0.03534590
0.11370581
-0.08526092
0.00383133
0.02040107
0.00336686
-0.02132243
-0.00451750
0.35804310
0.07506835
0.02519498
-0.02895389
-0.04623580
0.04098774
0.03505802
-0.05529626
0.00686625
-0.00966721
0.00416526
-0.05311771
0.02357046
0.01403186
-0.02305540
0.00998654
-0.05638135
-0.01017679
0.02993623
-0.01267846
-0.00938705
-0.12394415
-0.01204503
0.00399761
0.01247763
-0.03868362
-0.06784228
-0.00911397
-0.01507183
-0.01920908
0.02423745
-0.02828521
-0.00439448
-0.11822845
0.14293164
-0.02100029
-0.02862881
-0.01353790
-0.01782688
0.00734509
0.01908646
0.00390747
-0.00819639
-0.00724100
-0.03322621
0.01528417
0.01408458
-0.01593815
-0.00970895
0.00837146
0.01371968
-0.01104192
-0.02225187
0.00192488
0.01560672
-0.01742439
0.01860483
-0.00038621
0.06517611
-0.00567981
-0.02901428
0.00860513
0.02484562
0.00415006
-0.00487278
0.01883462
-0.03036110
0.00314503
0.00270931
-0.02502043
0.02413080
-0.02698971
-0.02098296
0.00725283
0.00640158
-0.00926270
-0.01344732
-0.03131801
-0.02182071
-0.06035641
-0.07128721
0.00598349
0.10023994
0.01669480
0.01464329
-0.03705681
0.02331761
-0.13318826
-0.00333320
-0.00745915
0.00965186
-0.00172524
0.05330687
-0.00781684
0.03446735
-0.01946032
0.00702234
-0.03222921
-0.02665398
-0.00635942
0.02315183
0.00679815
-0.01313158
0.14873502
0.01847223
-0.02218955
-0.00617411
-0.06154835
0.09506936
-0.04884437
-0.00879265
0.01437584
0.00127236
-0.02641196
0.02128162
0.04152512
0.05134930
0.04075723
0.01267451
-0.00421282
0.05955181
-0.01491587
0.05687335
0.00152288
0.00484944
-0.00670367
0.03632092
-0.15093501
0.12076530
0.01822838
-0.02133390
0.01244941
-0.05176224
-0.00378680
-0.02603790
0.00165956
0.00808580
-0.04940110
-0.09606136
0.00709513
-0.04897884
-0.00841655
0.06375789
-0.00239807
-0.00306770
-0.02662141
-0.00816163
-0.04695807
0.01143781
0.03510973
-0.01043000
0.11238939
-0.02424355
-0.00133665
0.01989804
-0.01249325
-0.02283575
-0.02403256
-0.01138040
0.05108719
-0.01246036
0.01486644
-0.03026963
-0.69593024
-0.00203780
-0.00093836
0.00799324
-0.01175788
-0.02773688
0.00774558
0.02117198
-0.00624418
-0.00594356
0.07009700
-0.02123855
0.02151918
-0.06870589
0.01214809
-0.01634866
0.02126743
-0.00797347
0.01372054
0.02116335
-0.00051069
0.02599101
-0.10379740
-0.02552053
-0.00361302
0.02523376
-0.01096387
0.03435886
0.05226096
-0.01552132
0.02837401
0.03258795
0.02466656
0.00374381
0.02254726
-0.00760570
0.06397074
-0.04772919
0.08536018
-0.08339307
-0.01507277
-0.02952151
0.02591631
0.07817839
-0.01205026
0.02773772
0.11717745
0.03678856
0.11259135
-0.04785999
0.01736726
-0.12241024
0.04565202
-0.11367799
-0.06450588
0.00738246
0.11365473
-0.16363877
-0.01829456
0.06369611
0.00661306
-0.08636072
-0.04665155
-0.06294560
0.08004036
-0.03162003
0.02516305
0.01184451
0.04397323
0.03091549
0.10017861
0.00014612
0.05100603
-0.02989482
0.01107333
-0.01728505
0.09752462
0.04178881
-0.01887984
-0.03086838
0.07298762
0.83568192
-0.01650832
0.09349087
0.09437665
0.06631275
0.06515867
0.01742111
0.01274677
-0.03816222
-0.18408477
-0.08761041
0.10828421
0.04018373
0.08888333
-0.06922530
0.10218759
0.00473399
0.02054607
-0.03390029
-0.01547337
0.00031087
0.05410682
0.01082710
-0.01174391
-0.07669903
0.02442147
-0.00222386
-0.01203136
0.05277907
-0.00423711
0.03298392
-0.00186768
-0.07411297
-0.01070692
0.02272843
-0.00214771
-0.02921996
0.07456692
0.06117884
-0.04118929
0.10219038
0.05304495
-0.02421468
-0.01581868
0.00202214
0.01383930
-0.09360535
0.02435044
-0.07852815
0.04720567
-0.03987923
0.00027435
-0.04477945
-0.04880715
0.07288012
-0.00056132
-0.05259304
0.01641143
0.00439540
-0.05719615
0.02438398
0.03183519
-0.04448763
0.04963005
-0.02291862
0.00557623
0.11107777
0.05064754
-0.01809701
-0.01671793
-0.01246052
0.02701076
-0.06964944
0.01827737
0.02225522
0.00043196
-0.03099557
-0.01895415
0.02748938
-0.05237913
-0.00614282
-0.00634540
-0.08233174
0.00808358
-0.00931956
0.02122353
0.01380216
0.03822741
-0.01399924
0.01594489
0.02880551
-0.02373384
0.05201205
0.03439150
0.05908322
0.05966931
-0.05582971
0.01974533
-0.02475891
-0.00190216
0.03468739
-0.00865047
0.08686461
-0.04208341
0.01112081
0.03879683
0.03250294
-0.00179172
0.00018063
0.07479939
-0.02652019
0.00054985
0.00019227
0.02498330
0.05107345
-0.00731544
-0.11549900
0.00575658
0.03145278
-0.00431133
0.07898257
0.07107926
0.00150396
0.01356032
0.01230086
0.01440777
-0.02920416
0.12956119
-0.05249178
-0.02860629
0.01156308
0.05790147
0.04282446
-0.00673761
0.05924692
0.09541622
0.03173989
-0.04032424
0.03209950
0.02979452
-0.00155591
-0.00257931
0.08923073
0.04723477
-0.04052010
-0.05207279
-0.00831002
0.06142550
0.09383943
0.00109876
-0.13186389
0.01475393
-0.04489448
0.08879406
0.03878568
-0.05336925
0.03786125
-0.04203320
0.02746301
-0.00798216
0.03200544
-0.02936478
0.05661230
0.00912841
0.02537356
-0.02239462
-0.00275626
-0.02738355
-0.00226616
0.08159800
-0.01690516
-0.02080234
0.03021552
-0.00640205
-0.01870142
0.03207814
0.03488006
0.08985002
-0.03162486
0.09312975
0.06553096
0.01257724
-0.03905366
0.06007294
-0.01931041
0.00118964
0.04790161
0.04375735
-0.05910538
0.02074840
0.06109300
0.04839865
0.00792573
0.04537955
0.06371324
-0.00153030
-0.02224533
0.03331869
0.05386717
-0.01339412
-0.02872501
-0.05488570
0.01720123
0.00195894
0.01414218
0.10870207
0.03976494
0.00253853
0.00539507
-0.05372684
0.04517344
0.04071352
-0.02444865
0.01205128
-0.06230519
0.01528876
0.05733617
0.01623616
-0.01377106
-0.03580334
0.04825549
-0.01773692
-0.02965703
0.09322812
0.05353123
-0.02309106
-0.04383732
-0.00829169
-0.04779286
-0.03690198
0.01649081
0.02404077
-0.08994307
0.07791295
-0.02317022
0.06799002
0.02744098
0.02304969
-0.02856579
0.08300614
0.05196321
-0.07594407
0.00225538
-0.09110625
0.03114881
0.02087896
-0.05133919
0.03673215
-0.01370939
-0.00999249
0.01787858
-0.02164381
0.04294020
0.01461496
0.01398596
0.01665091
0.09496768
-0.03568568
0.01012746
0.03286542
-0.04830467
0.01487805
-0.00838138
-0.06874070
-0.02700241
0.02049674
0.02194742
-0.01360383
0.01514624
-0.03116999
-0.03019673
-0.00425601
-0.00373441
-0.02309441
-0.04514976
0.02867923
0.05626659
-0.01322143
0.04784153
-0.03244922
0.01147605
0.01776099
-0.01282664
-0.01311171
-0.02773962
0.01660353
0.01492316
0.01926227
-0.04594336
-0.03674841
-0.00646055
-0.00116682
-0.08557598
0.01025006
0.03441108
-0.04598468
-0.04587737
-0.01617242
0.01536685
-0.03542880
0.05805055
-0.01832099
-0.02593105
-0.05489808
0.01107563
0.02864243
0.09056302
-0.02339553
-0.02002985
0.00404309
0.00485723
-0.07013431
-0.06383815
0.01177984
-0.03420495
-0.01137469
-0.01442893
0.09082919
0.00207567
0.01046953
-0.04065710
-0.01936239
0.07934286
0.03276532
-0.05317272
0.11054776
0.00062550
-0.04444889
0.08643306
0.02658930
0.02898012
0.00852282
0.02108401
-0.09794281
-0.01800734
0.00692955
0.02467381
0.00142909
0.06394330
0.03092883
-0.03131057
0.03878909
0.05725185
0.02392983
-0.00910169
0.05810365
-0.07829536
-0.02981043
0.02347236
0.02954147
-0.00346848
0.02588856
-0.02659440
0.06363441
0.01378498
0.03934300
0.00701707
0.10691715
-0.07960010
0.01754903
0.01787975
0.03739967
0.01111212
-0.06178686
-0.06455951
0.01559694
-0.04128537
0.09227770
-0.00417868
0.02445990
0.07816910
0.03054699
-0.02841519
-0.01632991
0.00804113
0.03393657
0.06749807
-0.05164570
-0.05310282
0.04051726
-0.03038904
0.09285087
-0.00802251
-0.03556304
0.01130757
-0.08782145
-0.00881868
0.01517892
-0.00783335
0.01023678
-0.02882242
0.02182446
-0.00963891
-0.05939631
0.04798785
-0.06895698
-0.02977007
-0.03438151
-0.04303020
-0.06180048
-0.03852309
0.00653071
0.06103490
-0.06736807
-0.03300544
0.01280543
0.01315775
0.00773481
0.13174811
0.04742851
-0.02644108
0.02556125
0.03872487
0.01094472
-0.01082481
0.07457212
0.05582142
-0.02336965
0.03182951
0.03171984
-0.04367029
-0.02618082
0.08033710
0.00119985
-0.03169891
0.00213064
0.03405287
-0.03641686
0.00739310
-0.02524882
0.07510781
0.02350936
-0.01294034
-0.04351683
0.00477842
-0.06235084
-0.01059737
0.00217003
-0.02289250
0.04914056
-0.03283577
0.04095312
-0.03511430
-0.01834089
-0.00145347
0.05037956
0.04305306
0.01239760
-0.03281097
-0.05301092
0.00202012
-0.06925418
-0.00969563
0.06285752
-0.02221566
0.03317732
0.03533206
-0.05049755
0.03417392
0.03579369
0.03621804
0.01030390
-0.01858768
0.14463538
-0.05170657
-0.00958530
-0.01847348
-0.08910301
-0.03729159
-0.03324734
-0.06203665
-0.06268229
-0.01729427
0.04969838
-0.00308846
0.05886963
0.01355727
-0.00207791
-0.08635937
-0.01274489
0.04650543
-0.07372708
0.05265166
0.01209460
-0.03994803
0.00903676
-0.04033894
0.00847054
-0.02056796
-0.01915151
-0.01145069
-0.01760201
0.02418437
0.01586671
-0.01522935
0.00170929
-0.02847916
0.02806029
0.00416860
0.10386482
-0.02937047
0.01427620
0.06190937
-0.03578936
-0.00217072
-0.00949477
-0.04052623
0.05998566
0.03211093
0.05710874
-0.04277234
0.03905575
0.00487334
0.00837698
0.03478724
0.00200241
-0.02026977
0.03671638
-0.12392795
0.00938388
0.06334130
0.07659035
-0.03273777
0.06613549
-0.01389555
-0.03421762
-0.02925118
-0.06444199
-0.06803771
-0.03159286
