0.00975301
-0.01998249
-0.07052235
0.05120243
-0.02612974
0.05471696
0.01964828
-0.00053194
0.02976261
0.02345956
-0.03311674
-0.01320294
0.01136865
-0.00299798
-0.03014398
0.01407740
-0.02599682
0.04890217
-0.04287198
0.00670942
0.00399613
-0.04350074
0.10614543
0.00715466
-0.00479440
-0.02601206
-0.04693345
-0.02404223
-0.00982570
0.01126517
-0.04657502
-0.01026385
0.02832734
-0.02254591
-0.00012051
0.01025206
0.02364544
0.02798937
-0.00243699
0.01428023
-0.02180108
-0.00071682
0.00289955
-0.01914955
0.00815779
-0.01295500
-0.01713408
-0.03797845
0.01670330
0.01628505
0.04010945
0.11348026
-0.05953197
-0.00598103
0.02116674
0.00168321
-0.00727017
-0.00724070
0.37409875
0.08527561
0.02091257
-0.02530369
-0.04334497
0.03701387
0.02933191
-0.04562607
0.00633198
-0.01256139
-0.00510180
-0.04854217
0.02735245
0.00655958
-0.03272703
0.00363183
-0.06205932
0.00145337
0.02846200
-0.03356890
-0.00402246
-0.14650953
-0.00766786
0.01403460
0.00794392
-0.03017481
-0.06710653
0.00066988
-0.01047801
-0.02620280
0.02489078
-0.02414855
-0.00732073
-0.11123958
0.13900720
-0.01559411
-0.03307397
-0.00040244
-0.01332876
-0.00177684
0.02839431
0.01490164
-0.00520211
-0.00212846
-0.04476492
0.01079421
0.01309878
-0.00607022
0.00598429
0.00527404
0.01380640
-0.00946096
-0.00644752
0.00881977
0.02090385
-0.01281272
0.01069853
0.00009189
0.06309727
-0.00591849
-0.03012159
0.00067976
0.01744599
0.00869018
0.00054059
0.01260532
-0.03327982
0.00094704
-0.00152509
-0.02339368
0.02069843
-0.02497978
-0.01800900
0.00634609
0.00511812
-0.00728399
-0.02494966
-0.02467609
-0.00220910
-0.05798152
-0.07344259
0.00900385
0.09769681
0.02287728
0.00693291
-0.02505851
0.02294741
-0.13650358
0.00716043
-0.01047424
0.00502400
-0.00874744
0.06416849
0.00113963
0.02986103
-0.00325782
0.01183661
-0.02627908
-0.03314532
-0.01138816
0.02797800
0.01119575
-0.01422408
0.15439934
0.00652733
-0.01753696
-0.00266810
-0.04618957
0.09463706
-0.05530477
-0.00588296
0.00368422
0.00602126
-0.03216017
0.01832173
0.04033757
0.05601788
0.04259647
0.01242401
0.00155845
0.04993406
-0.00993436
0.05329257
0.00314829
0.00087884
-0.00364983
0.04932611
-0.17262122
0.17508946
0.02282502
-0.01535456
0.00789642
-0.07202835
-0.00140803
-0.02720816
0.01316451
-0.01423372
-0.04033645
-0.07493597
0.01338470
-0.02249622
-0.00591565
0.04673772
0.00401332
0.02405847
-0.00993672
-0.00790107
-0.04670624
0.01497311
0.02728382
-0.02199238
0.11779626
-0.01601466
-0.00925393
0.00924946
-0.00282863
-0.02106740
-0.03602800
-0.01460783
0.05506692
-0.00753048
0.01147152
-0.02377998
-0.67202526
-0.00694859
0.00249006
0.01357702
-0.00947506
-0.00838067
0.01522736
0.02783982
0.00086361
-0.01169537
0.08056898
-0.01001854
0.01217625
-0.08037284
0.01580091
0.00305432
0.01372588
-0.00221325
0.00804453
0.02392762
-0.01462866
0.03004603
-0.09608842
-0.03076693
-0.00899725
0.02417740
-0.02639530
0.03754639
0.05492483
-0.01797326
0.03145485
0.04296446
0.02770627
-0.00375588
0.02966281
0.15765902
0.04016701
-0.06428131
0.07733027
-0.00508001
-0.12233677
-0.07767628
-0.04798137
0.03435444
-0.03952788
0.07805038
0.12058604
0.03188864
-0.03556774
-0.15498573
-0.03843304
-0.02182329
0.04146006
0.05806186
0.00716913
0.11676282
0.09806353
-0.13782801
-0.04514013
0.07231009
-0.06509236
-0.01048367
-0.09683128
-0.04875214
-0.10604443
0.10561118
0.04337705
0.01172576
0.03463813
-0.09896982
0.04090218
0.05427446
0.01533955
-0.08019636
-0.03281324
0.07104316
0.06742882
-0.05333210
-0.05989863
-0.01889682
0.00098353
0.82876945
-0.05228048
0.11132378
-0.04318648
0.04286985
0.11314118
0.02696313
0.04320896
-0.04054677
-0.11371578
0.07067132
-0.02696105
-0.02367680
0.01621227
-0.08552739
0.00897376
-0.06265928
0.00454917
-0.01738688
-0.02389816
-0.04848451
0.01096704
-0.01812192
-0.04706049
-0.04543114
0.02506085
0.01822293
-0.01729402
0.06059933
-0.00846105
-0.01760973
-0.00971727
-0.07866275
-0.07950770
0.03130846
-0.00358634
-0.02463390
0.07638519
0.09916545
-0.00095146
0.13380894
0.02932632
-0.08757959
-0.07036599
-0.02891968
0.07393136
-0.03983888
0.02617354
-0.03805873
0.05330063
0.00369489
0.00107656
-0.01534923
-0.04094534
0.09273681
-0.04623777
-0.05373717
0.00410567
-0.03279553
-0.05167297
0.07391012
-0.00205044
-0.05195451
0.07334067
-0.03965067
-0.02651748
0.07500003
0.06008748
0.02203581
0.00630821
0.00972217
0.05661331
-0.08107432
0.01465032
0.06875985
-0.00186543
-0.06059430
0.02635403
0.00930245
-0.05397809
0.01091889
-0.01112650
-0.07611696
0.05253438
0.02278217
-0.03718651
-0.06125879
0.02496765
-0.07757878
-0.00150233
-0.05296657
-0.01039878
0.07404010
0.04042381
0.04467700
0.02054414
-0.03178996
0.03215638
-0.02464389
0.02232520
0.06571261
-0.01840845
0.06172804
-0.01246414
0.01807284
0.04982926
-0.03260400
-0.01952131
-0.03545607
0.08293088
-0.05201671
0.01291462
-0.01479276
0.00241524
0.03060373
-0.02087788
-0.05104150
0.03644332
0.01976031
-0.03209220
0.09922965
0.02113884
-0.01489934
0.05199709
-0.00460655
0.03725084
-0.04841994
0.08532216
-0.04024618
0.04439641
-0.02219574
0.06454024
0.04131521
0.00536674
0.06466401
0.00136361
-0.03625343
0.05410566
0.05390839
-0.00096058
-0.02945811
-0.01914049
0.03851469
0.02492684
-0.05688743
0.05557759
-0.01115631
0.02163222
0.02517869
-0.02256641
-0.09026010
0.03592717
-0.07407434
0.07572173
-0.02987057
-0.04032656
0.03341009
-0.01158103
-0.07351217
-0.02580482
0.03813040
-0.02806258
0.00186057
-0.01108376
-0.02408617
-0.04556672
-0.00500221
-0.02966217
0.00533764
0.01785498
-0.00056402
-0.00405569
0.06651993
0.01131489
-0.03617793
0.04613348
-0.04450325
0.07548738
0.00701694
0.07629541
0.04764201
-0.00944682
0.00435013
0.03051023
-0.02383601
0.01399327
0.06119893
0.03934177
-0.05013961
0.04720512
0.06134811
0.02440638
-0.01913204
0.07255568
0.06243949
-0.03361461
0.02959642
0.02218783
0.07282834
-0.00421177
-0.00790363
-0.07968108
0.05729114
0.02730145
-0.01385166
0.06121442
0.05379778
-0.02138481
-0.02196929
-0.01889465
0.04764036
0.01203792
-0.04347819
0.00646161
-0.04302908
0.02746290
0.03534018
0.04608151
-0.02018927
-0.02572656
0.02208760
-0.05662853
0.00526219
0.10176990
0.08384382
-0.05005389
0.03436825
-0.00346726
-0.02296229
0.01278967
-0.01562306
0.03354598
-0.00118777
0.05389505
0.03556580
0.02148587
0.04894675
0.03020793
-0.01027004
0.04691362
0.04954055
-0.06679575
0.03236665
-0.02744619
-0.00824063
0.06313715
-0.09085226
0.01057745
-0.01253467
-0.02481920
-0.01340116
0.03039454
-0.00144527
0.05849398
0.05471402
0.03887715
0.11372575
0.00525471
0.00550245
0.01014252
-0.01991854
0.00081675
-0.01872915
-0.05606712
-0.03775808
-0.04273811
-0.00976553
-0.00040688
0.02371498
-0.05432765
-0.03858444
0.05731412
0.00065870
0.06836453
-0.02828407
0.02873954
0.03793243
-0.01262246
0.05143092
-0.04894007
0.01836050
0.05804261
0.01426442
0.05362537
-0.03815680
0.03783731
-0.02900097
0.04172781
-0.05009036
-0.05490041
0.03007815
-0.00062161
-0.02519948
-0.00306219
0.01954520
-0.02378678
-0.05118439
-0.05083793
0.02456373
0.01159369
0.11452990
0.01817225
0.00449149
-0.02840815
-0.00071712
0.02149947
0.06073284
-0.02485104
0.00859819
-0.02938422
-0.00688344
-0.03924275
0.04415995
0.03440249
-0.05268712
0.02541811
-0.00837532
0.06848264
-0.01436423
0.00453742
-0.05096541
0.00203158
0.03585390
-0.00646783
-0.11858337
0.10053881
0.05241052
-0.03257376
0.08645088
0.03273642
0.01225870
0.01112299
-0.01532874
-0.05321307
-0.01634973
-0.01172992
0.05093622
-0.04833477
0.04799642
-0.02077825
-0.04310247
0.02624460
0.07275564
-0.02176153
0.01537893
0.03586427
-0.03089227
-0.03286100
0.03376482
0.10252028
0.00849598
0.05667361
0.03769533
0.03871432
0.05786001
0.02648391
0.03427668
0.03711270
-0.06624766
0.04360831
0.05607555
0.01095343
0.03573830
0.00472719
-0.06614412
0.06629711
-0.06201309
0.05923151
-0.02197667
0.02683669
0.02356160
0.02864831
-0.09823787
-0.03393623
0.03705068
0.06851383
0.05523679
-0.04288616
-0.08133105
-0.01302002
-0.03342468
0.03959588
-0.01363745
0.02916112
-0.00906090
-0.06883920
-0.01102190
-0.00106701
0.04633239
0.00829608
-0.01057050
0.03863029
0.01608204
-0.02541759
-0.00654316
-0.08107819
-0.06623622
-0.06930424
-0.03143878
-0.07683674
0.02778681
0.07060348
0.09419941
-0.10954658
-0.01247913
0.03992811
0.03406717
0.04391902
0.11878912
0.07538894
-0.01430341
-0.02812146
0.04385739
0.01052931
0.02682696
0.04874454
0.02973051
-0.01986445
0.00332488
0.02590554
0.00656674
-0.04978235
0.06914172
0.01766424
-0.02151809
-0.00735242
-0.01916817
-0.03333436
-0.02694794
-0.02950905
0.08388273
-0.02824187
-0.01432835
0.01180141
0.03655200
-0.07249896
-0.02226143
0.04215932
-0.03342319
0.08506380
0.00646494
0.02137793
0.00309710
-0.00628888
0.00051511
0.09344373
0.03931659
0.01495715
-0.02299954
-0.00006189
-0.00392145
-0.02376077
-0.00779017
-0.00663179
-0.02511139
0.04110982
0.00366990
-0.11296122
-0.00317782
0.03496278
-0.03003041
-0.01064092
-0.03610072
0.09195299
-0.02758507
-0.01003650
-0.02555429
-0.03114486
0.00028226
-0.00930491
-0.00958920
-0.00003757
-0.00993460
0.04350071
-0.00266495
0.03958161
0.02071853
0.02074824
-0.02774884
-0.07162362
0.05398576
-0.09343985
0.07291304
0.03020886
-0.08237714
0.00480374
-0.05464557
0.03448996
-0.01061700
-0.05916468
-0.01374864
-0.01412063
0.01908530
0.00858805
0.00553806
0.01830875
-0.05088737
0.03407481
-0.01236364
0.04961408
-0.01169158
-0.02288947
0.03419835
-0.02271832
0.04340466
0.00491184
0.05975365
0.00109189
0.00574476
0.06792873
-0.06327203
0.07527669
0.05130263
0.02589132
0.03990160
-0.03718821
0.00052120
0.05984965
-0.06677058
0.01355904
0.04029080
-0.00601839
-0.02851151
0.05741715
-0.02164699
0.02759213
-0.00318944
-0.10207745
-0.05501047
-0.01277905
