0.01356695
-0.01752334
-0.07626888
0.06668234
-0.03445886
0.05364463
0.02512068
0.00031154
0.04720502
0.03290084
-0.03987822
-0.02136013
0.02352091
0.00671622
-0.02381641
0.01548680
-0.02250014
0.06009819
-0.04486687
0.01221134
-0.00285349
-0.05208206
0.12019906
-0.00216973
-0.01094241
-0.02106723
-0.05439879
-0.02699349
-0.00409441
0.00730004
-0.03764724
-0.02115790
0.02360680
-0.02277412
0.00217444
0.00197726
0.01224535
0.02844312
-0.00657181
0.00945404
-0.02130559
0.00357295
-0.00455618
-0.02403618
0.00691778
-0.01686277
-0.01839747
-0.04142817
0.01566899
0.01858246
0.03704097
0.14640237
-0.07767030
-0.00020908
0.01263996
0.00692811
-0.02744272
-0.00670836
0.31584704
0.09210717
0.02570899
-0.02436627
-0.05968429
0.05068335
0.04230534
-0.07140466
0.02014486
-0.01819590
0.01527012
-0.06359260
0.03294398
0.01451608
-0.01775710
0.00363032
-0.05556883
0.00417693
0.04045909
-0.02578147
-0.00665982
-0.12956028
-0.01123598
0.00303951
0.00662917
-0.03794733
-0.09192502
-0.00804142
-0.00583217
-0.01321685
0.02644345
-0.02430247
-0.00094677
-0.13451642
0.16266838
-0.01657357
-0.02765067
-0.01283298
-0.01590891
0.00670141
0.03078605
0.00800161
-0.01556006
-0.01134158
-0.03198241
0.01414800
0.01396947
-0.01057380
-0.00413517
0.00126698
0.01983106
-0.00785333
-0.01557895
0.01071389
0.01484609
-0.01463545
0.01137761
0.00106964
0.06800575
-0.00084703
-0.02273647
0.00330145
0.02447699
0.00218806
-0.00782821
0.01893805
-0.03621233
0.00861757
0.00054947
-0.02376126
0.02062911
-0.05211687
-0.02991300
0.00439720
-0.00223002
-0.01331251
-0.03129001
-0.02624821
-0.00846932
-0.07132611
-0.05149617
0.00082801
0.11308188
0.01637312
0.01462868
-0.03574420
0.02289652
-0.14302792
0.00288275
-0.00470511
0.01105458
-0.00944368
0.06500342
-0.00673427
0.03898454
-0.00745803
0.00447825
-0.03028085
-0.03152400
-0.00523870
0.03066788
0.00422385
-0.00774101
0.16644998
0.01771877
-0.02004703
-0.00287905
-0.06272428
0.11432221
-0.06302568
-0.00538338
0.00278235
0.00932094
-0.03471798
0.02587186
0.04761169
0.06228103
0.04749198
0.00796029
-0.00555930
0.08816732
-0.01456697
0.07158913
0.00016597
-0.00406441
-0.00577543
0.03716754
-0.13618897
0.12991963
0.01447346
-0.02159351
-0.00931162
-0.06603634
-0.00036766
-0.02420007
-0.00011534
0.00111863
-0.05063413
-0.11428649
0.01428961
-0.02825923
-0.00147154
0.05336750
0.00732842
-0.03211693
-0.01951425
-0.00340879
-0.05139202
0.01453074
0.03413361
-0.01035602
0.12217530
-0.01927952
-0.00331659
0.00974387
-0.01297075
-0.02048335
-0.03579663
-0.00553804
0.04918360
-0.01170534
0.01098543
-0.02237365
-0.65698636
-0.00758077
-0.00804781
0.01133247
-0.00611810
-0.02786111
0.02191666
0.02576166
-0.00737721
0.00116000
0.08833190
-0.02211599
0.01657335
-0.07475019
0.01491216
-0.00913528
0.02106659
-0.00742587
0.01503484
0.02586942
-0.01158377
0.00937291
-0.10781820
-0.03033545
-0.00379402
0.02223712
-0.02183671
0.03473333
0.04972843
-0.02066423
0.02822238
0.03962928
0.02324944
-0.01299842
0.02064161
-0.05089529
0.06607430
-0.09070255
0.09048557
-0.08732421
-0.02745107
-0.04438783
0.06350306
0.05685889
-0.02634224
0.04920273
0.12703303
0.07698186
0.07831810
-0.04198941
0.02357101
-0.12426451
0.04658268
-0.07230867
-0.05024174
0.02370595
0.10319640
-0.17789455
-0.03924771
0.08569095
0.02755654
-0.06985403
-0.10115094
-0.07780033
0.06089041
0.05676563
0.03285337
0.07189122
0.01417114
0.04006051
0.10021145
-0.01397015
0.02279991
-0.03298705
0.03905731
0.03037514
0.13733493
0.03894962
-0.05751365
0.00535423
0.03169306
0.83459866
-0.03491786
0.09315056
0.04378420
0.07397764
0.04944363
-0.01541060
0.07421964
-0.03619282
-0.17020294
-0.05142181
0.04577659
-0.00441917
0.03385968
-0.07698282
0.08919997
-0.01206725
0.01066092
-0.02303486
-0.02421962
-0.04047438
0.02268053
-0.02410098
-0.03913530
-0.03479169
0.00841276
0.02931853
-0.00754278
0.05301221
0.00208400
-0.01417461
-0.04033594
-0.08087701
-0.05277100
0.05378653
-0.00136097
-0.05054384
0.06342217
0.09285998
0.00023579
0.12035300
0.03131902
-0.07405390
-0.08277328
-0.00442146
0.07523776
-0.03767255
0.04274989
-0.01426452
0.03867868
0.03623024
-0.00808519
-0.03660744
-0.05062472
0.08483052
-0.04846168
-0.03833790
0.01061764
0.01278739
-0.05897341
0.07852040
0.00069934
-0.05285681
0.05726600
-0.02730049
-0.02207216
0.07066752
0.05544706
0.00687184
0.02083477
-0.01495414
0.05070991
-0.08282571
0.00667978
0.05102808
-0.00444121
-0.04344022
0.01890242
0.00590638
-0.05660852
0.02246180
-0.00481237
-0.07049952
0.03064321
-0.01849356
-0.00993097
-0.03881665
0.02004113
-0.03486732
0.02423072
-0.04966415
-0.02620567
0.06135971
0.03986949
0.01423592
0.03622849
-0.00395523
0.03840876
-0.04314055
0.01370169
0.02485944
-0.02805465
0.07765294
0.00099951
0.01448904
0.04634592
-0.02178884
-0.00874118
-0.06116222
0.05943600
-0.06896425
-0.01373903
-0.00524044
-0.01962623
0.01260273
-0.03282637
-0.02357318
0.03315866
0.02206085
-0.04789921
0.12199779
0.02531370
-0.00052649
0.03427571
-0.00548292
0.01520230
-0.00516631
0.10257174
-0.05415167
0.01362237
-0.02590027
0.05617929
0.04321137
-0.00616981
0.03041715
0.02528829
-0.02134010
0.04118864
0.04878005
0.01613787
-0.03695163
-0.02115091
0.03091933
0.02797534
-0.05539189
0.05555473
-0.01880717
0.03241998
-0.00354620
-0.02400974
-0.10257938
0.03858294
-0.06061793
0.05884339
-0.01607607
-0.02027183
0.00831487
-0.03331259
-0.05619204
-0.00966023
0.05019587
-0.03064096
0.01384024
-0.00703081
-0.02565216
-0.03368776
-0.01802563
-0.05233578
0.01046632
0.02993444
-0.01236125
0.02313483
0.04197780
-0.00933702
-0.05011284
0.03458634
-0.01496002
0.07564680
-0.00351374
0.06207970
0.03442559
0.01267061
-0.01971223
0.03971719
-0.01824956
0.03040347
0.07395388
0.05056185
-0.03747897
0.05318934
0.06522182
0.02865693
0.00765344
0.06183689
0.06410839
-0.01976307
0.02092369
0.05356757
0.05445751
-0.01928070
0.00729055
-0.08076154
0.05920006
0.05000987
-0.02393888
0.08254629
0.06298728
-0.01112688
-0.03121153
-0.03835705
0.06530312
0.02591494
-0.01593770
0.01344778
-0.06108148
0.03699771
0.06454761
0.03416554
-0.06899836
-0.02072700
0.03356563
-0.05590156
0.02091017
0.12085945
0.09734767
-0.06869040
0.03518146
-0.01503045
-0.01657485
0.03867871
-0.00140711
0.02997425
-0.02342464
0.07315460
0.00269443
-0.00877991
0.05312103
0.02932971
-0.01424332
0.03925623
0.05726450
-0.05724058
0.02924151
-0.02846077
-0.01078004
0.03905014
-0.09074466
-0.01126145
-0.01610022
-0.02135155
0.02258699
0.02791113
0.02613745
0.03268753
0.03588112
0.04443781
0.11119626
0.00032549
-0.01799526
0.03513967
-0.03752195
0.01233397
-0.00207058
-0.04140886
-0.04906904
-0.02719855
0.01938968
-0.00409532
0.03280675
-0.06806862
-0.04114547
0.04656836
0.02185989
0.04875589
-0.01051953
0.02169971
0.05299148
-0.00148371
0.04598617
-0.05084240
0.00003962
0.04491849
0.01854412
0.04847474
-0.03291072
0.03564965
0.00397208
0.01688003
-0.03327833
-0.03383431
0.06447265
0.00945325
-0.04442132
0.00789932
0.01349769
-0.04640270
-0.04218032
-0.03303495
0.01665037
-0.00029057
0.12328257
0.02031227
-0.00432588
-0.03837593
-0.01393235
0.01828617
0.06234869
-0.02319819
-0.01481503
-0.03577028
0.01039170
-0.04661323
0.00734325
0.01280753
-0.03449089
0.02204839
0.01084147
0.06043563
-0.00969982
0.01751780
-0.07169013
-0.03663332
0.04061753
0.00842822
-0.09613285
0.10532878
0.08215485
-0.03842018
0.09074497
0.02494763
0.02205401
0.02932731
-0.01840945
-0.05987169
0.01554997
-0.00771736
0.07186531
-0.04656840
0.03414122
-0.01514037
-0.04825357
0.03631007
0.07095855
0.00535530
0.00678824
0.00927605
-0.03580417
-0.02988961
0.02546751
0.08496889
-0.01086167
0.03641077
0.00618098
0.03857664
0.04417295
0.04355343
0.04068880
0.01850760
-0.07436307
0.03379879
0.04863506
0.00316002
0.04367488
-0.02753604
-0.07093491
0.07764350
-0.05917911
0.08296882
-0.03535260
0.01027940
0.03927365
0.03396947
-0.11522416
-0.01638607
0.02334728
0.05996896
0.06533327
-0.02573315
-0.07069800
-0.01330543
-0.03837048
0.05476187
-0.03317933
0.00437460
-0.01805819
-0.07669249
-0.00843480
-0.02450982
0.03614800
0.02637810
0.00911821
0.02860384
0.00773071
-0.03499156
0.00666134
-0.05862464
-0.07949596
-0.05251246
-0.04400096
-0.09103892
0.04331663
0.07611641
0.11028169
-0.10292178
-0.00931121
0.02003161
0.02955637
0.05782905
0.12827097
0.07214370
-0.01620934
-0.03330082
0.04729370
0.03680979
-0.00440510
0.06991053
0.05958175
-0.01722055
0.00255404
0.02716009
0.00075243
-0.05374704
0.04699408
-0.00669971
-0.02787534
-0.01088303
-0.01188949
-0.02947317
-0.03329210
-0.03350537
0.09716591
-0.01295569
-0.00976517
0.00998970
0.02830674
-0.08653901
0.04064000
0.00544894
-0.03287471
0.06678233
-0.01802568
0.03592694
0.00442849
-0.02610596
0.02675144
0.11325100
0.06791702
0.01288225
-0.02122696
-0.00047017
-0.00229390
-0.03607086
-0.02626809
-0.01599791
-0.01474073
0.05591526
0.00501593
-0.13794467
0.00927498
0.00986908
-0.00232689
0.01886381
-0.02819715
0.08929631
-0.03466415
0.01907660
-0.01040882
-0.00371865
-0.02542355
0.00982331
-0.01599248
-0.02240497
-0.00427677
0.03544274
-0.00871187
0.03051630
0.03107347
0.02616436
-0.03748112
-0.04182544
-0.01090313
-0.09451687
0.06475740
0.02398950
-0.06150341
0.00125868
-0.04528430
0.01669386
0.00483551
-0.03836060
-0.00627970
-0.00053777
0.01906638
-0.00223876
-0.00055232
0.01174762
-0.05541952
0.03779558
-0.01296155
0.05600241
-0.02077685
-0.02251053
0.05059877
-0.01575271
0.02094025
0.01852630
0.05693174
-0.00235004
0.00442493
0.06267896
-0.04589362
0.05614055
0.04497255
0.00952978
0.05011921
-0.02657560
0.00129602
0.05871252
-0.07714496
0.03172485
0.05379552
-0.01292267
-0.02217813
0.07947107
-0.02359583
0.03755414
0.01543035
-0.10199215
-0.05657521
-0.01734041
