0.00541099
-0.01864424
-0.07181944
0.04711504
-0.03076182
0.05220573
0.00987768
-0.00963098
0.01144562
0.02275699
-0.02324747
-0.01220243
0.00901209
-0.00971780
-0.03260913
0.01438183
-0.03102974
0.04445399
-0.05085447
-0.00262226
0.00725782
-0.04440379
0.09728156
0.00509227
-0.00671550
-0.02301874
-0.04185249
-0.01413914
-0.00371624
0.01187236
-0.05174320
-0.00095651
0.02781044
-0.01579071
-0.01152680
0.01226177
0.03742189
0.02199674
-0.00436676
0.01948132
-0.02537856
0.00326815
0.01225103
-0.01346433
0.00837109
-0.01610648
-0.02349861
-0.02999448
0.01158364
0.01412882
0.03703735
0.10908946
-0.04883008
-0.01335181
0.02735750
-0.00091774
-0.01159717
-0.00705856
0.38798058
0.07816119
0.01695364
-0.02738116
-0.03388938
0.02964997
0.02268550
-0.03199535
0.00198479
0.00077477
-0.02225458
-0.03657901
0.02157069
0.00840727
-0.03024185
0.00943353
-0.06300635
-0.00003796
0.01549308
-0.03379456
-0.00812874
-0.17015567
0.00036164
0.00938492
0.00234697
-0.03139509
-0.05714218
0.00029123
-0.01763233
-0.03757161
0.01450555
-0.03087644
-0.00553062
-0.10124573
0.12791194
-0.01184581
-0.03764803
0.00043993
-0.00721313
-0.00083404
0.02792129
0.01757969
-0.00821067
-0.00039808
-0.05251734
0.01483111
0.01203616
-0.00332780
0.01153057
0.00867755
0.00940396
-0.00991888
0.00086070
0.00256334
0.02640197
-0.00713978
0.01030860
0.00101453
0.06331018
-0.00741146
-0.03368606
-0.00302153
0.02103707
0.01432722
0.01139112
0.01864592
-0.02003025
0.00297613
-0.00478430
-0.02249126
0.01104410
-0.01684441
0.00178311
0.01085192
0.00609815
0.00319480
-0.02633877
-0.01748082
0.00600688
-0.05025494
-0.06736042
0.00880527
0.10006751
0.03335805
0.00312169
-0.00870906
0.02230294
-0.15246357
0.00079055
-0.02069030
0.00568777
-0.00041560
0.06914380
0.00261481
0.03137018
0.00416799
0.01424351
-0.02956960
-0.02196301
-0.01834378
0.03029879
0.01364488
-0.02019867
0.15735766
-0.00447286
-0.01824350
-0.01030958
-0.04177473
0.08207084
-0.05108057
-0.00824342
0.01260374
0.00107902
-0.03120091
0.01824645
0.03694382
0.04136218
0.03542484
0.01453825
0.01119128
0.03490544
0.00005717
0.05617044
0.01023879
0.01188921
-0.01228742
0.05879184
-0.19953243
0.20449208
0.02394334
-0.01778850
0.01971254
-0.07379749
-0.00480485
-0.03485423
0.01821922
-0.02039535
-0.03381107
-0.05605857
0.00344556
-0.01278525
-0.01103323
0.03129752
-0.00565115
0.04991966
-0.00136042
-0.00198362
-0.04390028
0.01559823
0.02303689
-0.02388716
0.11758789
-0.00898589
-0.00636529
0.00922440
-0.00751651
-0.01963757
-0.03546017
-0.01733964
0.05056452
-0.01094927
0.00031110
-0.02832477
-0.65498263
-0.01064947
0.00176284
0.01562311
-0.01346381
0.00893279
0.00801122
0.02462603
0.00800959
-0.02076123
0.07174847
-0.00446725
0.01634607
-0.08186965
0.02527576
0.00653260
0.00111166
-0.00368610
0.01043550
0.03664007
-0.01096398
0.04664854
-0.07931791
-0.02636984
-0.01410881
0.03272207
-0.03406582
0.04251038
0.06158973
-0.02116754
0.02609597
0.03793856
0.03350745
0.00557538
0.03181380
-0.01313651
0.06252802
-0.07134727
0.07960220
-0.05231211
0.10299729
-0.04639077
0.10313253
0.01492339
0.06233517
0.06620511
0.18060608
0.09720509
0.07753553
-0.00896700
0.11029547
0.01378609
-0.04877042
-0.07358016
-0.05476732
-0.08889341
0.11902403
-0.11586190
-0.06023743
0.01287043
0.06663940
-0.05311048
-0.11893834
-0.07517342
0.10663764
0.03561153
0.01589601
0.07231850
-0.07332350
0.09748973
-0.05834440
-0.02287672
0.08325814
-0.02627737
0.14316007
0.04224212
0.14768732
-0.07750820
-0.05952783
-0.07847977
-0.05402091
0.78637016
-0.13828346
0.00722866
-0.01176215
-0.01529926
0.05088035
-0.08356343
0.06929118
0.02746784
-0.12240671
0.05121827
0.12093576
-0.09899182
-0.03465686
0.00738859
-0.00597510
0.03249101
0.08666084
-0.06051127
-0.03194622
-0.00782897
0.03942510
0.00090801
0.00605585
-0.04952106
-0.00055711
0.00541437
-0.02667726
0.03757203
0.01909616
-0.00683779
-0.04235953
-0.03203050
-0.01565675
0.07886769
-0.00197562
-0.01336082
0.04668136
0.07432606
-0.02674850
0.08791160
0.05318056
-0.00540738
-0.04476698
-0.00333848
0.02836339
-0.04204463
0.02755429
-0.00778086
0.02119452
-0.03499672
0.01271148
-0.04218527
-0.00987607
0.06842115
0.02159954
-0.05574610
-0.04733000
0.01643535
-0.08799930
0.05594392
-0.01236435
-0.01913355
0.01960898
0.00227014
0.02475331
0.10083821
0.05261868
-0.02221325
0.06535457
-0.02666598
0.00170738
-0.06882776
0.00416656
-0.02246130
-0.01081154
-0.03700844
0.04815098
-0.02817168
-0.04894637
-0.03275065
0.00413304
-0.07054861
0.03460696
-0.04996997
0.01465689
0.01240275
-0.02677554
0.00215902
-0.00619156
-0.04196864
-0.01867956
0.04996772
0.02951357
0.06304507
0.07900449
-0.01336018
-0.01638353
-0.03472831
0.00481572
0.00771680
-0.03628226
0.10226791
0.01316442
0.04464991
0.06002676
0.00753362
0.00748741
-0.08561382
0.03550256
0.00347971
-0.01660155
-0.00085674
0.01216893
0.02064762
-0.03220714
-0.03484681
-0.02971668
0.03109424
-0.04978747
0.08379642
0.04398910
0.00496312
-0.01246378
-0.00174019
0.06548335
0.00959538
0.12130846
-0.09412910
0.03012195
0.01456977
0.06477541
0.01507033
-0.04788724
0.04926876
0.02284574
0.00146327
-0.01528652
0.02177138
0.02680812
-0.02395947
-0.05173345
-0.03532975
0.01507800
-0.01949693
-0.08461874
0.02256877
0.07501795
0.01218171
-0.02528906
-0.10488793
0.03288840
-0.01034723
0.07176632
0.04306971
-0.01008788
-0.02553746
-0.05418308
-0.00694434
0.02711320
0.04850207
-0.00769872
0.04319420
0.01823535
0.01962369
-0.02570241
0.01027768
-0.06951232
-0.00321950
0.06272103
-0.03179736
0.00858568
-0.01071470
-0.02291887
-0.01501971
-0.03486812
0.05233290
0.08496160
-0.02289285
0.10457733
0.04932025
-0.01394638
-0.01311592
0.05629519
-0.02245372
0.06360500
0.04508071
0.02658598
-0.02601575
0.04704384
0.06850946
0.03096187
0.01985329
0.07237273
0.09714574
-0.00627592
0.06074445
0.06717882
0.05325213
-0.04694431
-0.02767157
-0.03499268
0.03247845
0.01335035
0.02063519
0.10281957
0.04377959
-0.03013609
0.01293710
-0.07155412
0.05144677
-0.00342467
-0.02977809
0.03981975
-0.08964632
0.03722211
0.04856312
0.01593907
-0.00996056
-0.02715321
-0.05325700
-0.05255058
0.00783292
0.11263940
0.05678390
-0.01272959
0.01288985
0.00041605
-0.04664415
0.02518635
0.03216224
0.07512623
-0.04488047
0.06804834
-0.02604708
-0.00264837
0.02423987
0.02087241
-0.04185945
0.04761773
0.05770244
-0.06359601
-0.01120925
-0.01573817
-0.00141101
-0.00276217
-0.04004814
0.01170612
0.01336537
-0.04201659
0.02503645
-0.02419614
0.07025742
-0.01286636
0.01842336
-0.01910939
0.06603512
0.01238631
-0.06410073
0.03863579
-0.05976165
0.04952046
-0.01745502
-0.05917179
0.00332103
-0.02630921
0.04182019
0.01554035
0.03531874
-0.04756790
-0.07062662
0.05171724
0.02952950
0.00896903
-0.01517125
0.01243391
0.06692740
0.00145844
0.06451263
-0.03003019
-0.01207486
0.01193730
0.01136021
0.02844571
-0.02673585
0.03213822
0.00968164
-0.03973369
-0.03014415
-0.00730745
-0.00001170
0.04563460
-0.09334625
0.03931774
0.00502863
-0.03710561
-0.09173079
0.02706894
-0.01843731
0.10891391
0.06085720
0.02777335
-0.02970950
-0.06522776
0.00243678
0.03398328
0.09172788
-0.05238897
-0.05555104
-0.03420394
0.02822892
-0.05274865
-0.13332939
-0.02095834
-0.02647054
-0.00530401
0.01510143
0.08081041
0.01928202
0.01852918
-0.03651100
-0.00399360
0.04974855
0.04257053
-0.04903000
0.08421244
0.01801617
-0.02906927
0.05795240
-0.05487980
-0.01053020
0.00030562
0.00399911
-0.07850866
-0.02923550
0.01088509
0.10494658
0.00521826
0.02520026
0.00526779
-0.05095734
0.04542912
0.04009106
0.02111270
-0.02306101
0.03375397
-0.07166587
-0.03657956
0.01716320
0.03003930
-0.06150082
0.00781534
0.01010945
-0.00245767
0.03946505
0.04415721
0.05360180
0.03450802
-0.12369318
0.04140764
-0.00063156
0.02497788
0.01087669
-0.03183548
-0.08191577
0.02627857
-0.06143140
0.04273479
0.00905645
-0.01302400
0.03700456
0.03376456
-0.07203461
-0.03155722
-0.01572722
0.05668941
0.06518941
-0.03523089
-0.05071913
0.00632666
-0.03850176
0.06453357
-0.00542178
-0.00267254
-0.03423424
-0.12307885
-0.01039345
-0.04387002
0.03741149
0.01458053
-0.05085469
-0.00453257
-0.03495036
-0.04337422
0.04171527
-0.04469855
-0.03516043
-0.06393533
-0.02445012
-0.05019279
0.02222504
0.04482931
0.03990084
-0.06478388
0.00009348
-0.02829769
0.00106135
0.02383176
0.11562695
0.04653776
-0.03966332
-0.00062136
0.04843885
0.04158566
0.01645893
0.02732379
0.06867499
-0.01517496
-0.01182303
0.04538596
-0.03100170
-0.03426234
0.07238355
-0.06194116
-0.00106155
0.00482014
0.03399777
-0.00388686
0.00472656
-0.01444755
0.07248054
-0.00279298
0.02727095
0.01206327
-0.00160146
-0.07405218
-0.01955794
-0.04989947
0.00941217
0.03192308
-0.02150945
0.04056337
-0.01274486
-0.03360023
0.03356067
0.09396578
0.04068877
0.02647290
0.02065238
0.02383184
-0.02095839
-0.06279743
-0.01460615
0.00300983
0.03049215
0.03386972
0.01869928
-0.11270934
0.01586838
0.02716067
0.02139519
0.01057668
0.00444600
0.10012183
-0.04620760
-0.02942982
-0.00528440
-0.08430845
-0.00022305
-0.01994119
-0.02273347
-0.07395576
-0.01728864
0.04062149
0.01144602
0.04979281
0.05431851
-0.00502064
-0.02038348
-0.07476014
0.02020802
-0.08728603
0.07107508
0.03813094
-0.02909419
0.00742153
-0.02103489
0.00319043
-0.00327960
-0.01252772
0.02647430
-0.04157546
0.03823608
0.00841268
0.00490640
0.02410047
-0.03610927
0.02416706
0.04692262
0.01992671
-0.01948555
0.00917092
0.02369484
-0.01002762
-0.01447756
-0.01204678
-0.02222156
0.03159650
0.01200213
0.04533997
-0.06709115
0.04432933
0.02960089
0.02159620
0.02104170
-0.01835381
-0.02688527
0.05854131
-0.09572568
0.03845558
0.05881446
0.10460719
-0.05488621
0.09613744
-0.03636743
0.00875981
0.02210362
-0.06402382
-0.05776665
-0.09789713
