1.034280657768249512e-02
-3.274266840890049934e-03
-3.376819938421249390e-02
3.159296885132789612e-02
-1.059652492403984070e-02
3.966438770294189453e-02
1.067062839865684509e-02
-2.486910903826355934e-03
-8.940804749727249146e-03
1.127198338508605957e-02
-2.144016325473785400e-02
-9.672736749053001404e-03
1.111608091741800308e-02
4.817840643227100372e-03
-2.223794162273406982e-02
4.486431425902992487e-04
-2.178410068154335022e-02
2.844290062785148621e-02
-1.064399778842926025e-01
1.367029082030057907e-02
9.129835292696952820e-03
-2.081564255058765411e-02
8.509065955877304077e-02
-1.302880514413118362e-02
-9.890065994113683701e-04
-1.258557010442018509e-02
-9.462774731218814850e-03
-2.327191829681396484e-02
-1.199660263955593109e-02
6.098446436226367950e-03
-1.047527119517326355e-01
-1.474073808640241623e-02
2.225606329739093781e-02
-1.753316447138786316e-02
-2.563803689554333687e-03
-7.504585664719343185e-04
3.005639649927616119e-02
1.252821646630764008e-02
-1.347666140645742416e-02
1.873097941279411316e-02
-2.066691219806671143e-02
-9.794949553906917572e-03
3.659648448228836060e-02
-7.744254078716039658e-03
1.034292671829462051e-02
-1.696463674306869507e-02
1.144811161793768406e-03
-2.144522592425346375e-02
7.157991640269756317e-03
1.529380958527326584e-02
3.417028486728668213e-02
1.064800247550010681e-01
-7.102604955434799194e-02
-1.015940122306346893e-02
1.462959498167037964e-02
-9.855613112449645996e-03
-2.538044471293687820e-03
-2.613271120935678482e-03
4.204404950141906738e-01
3.206006810069084167e-02
1.193511858582496643e-02
-2.190690860152244568e-02
-2.208336442708969116e-02
1.018464285880327225e-02
1.912318542599678040e-02
-2.431431598961353302e-02
-1.367603056132793427e-02
-3.055912209674715996e-03
-4.344289004802703857e-02
-3.274806588888168335e-02
7.318370509892702103e-03
-6.489441730082035065e-04
-3.840859979391098022e-02
1.178124453872442245e-02
-3.779024630784988403e-02
-4.375808406621217728e-03
1.387953199446201324e-02
-2.901311963796615601e-02
3.568543819710612297e-03
-1.780137717723846436e-01
-1.045745052397251129e-02
-1.610157662071287632e-03
1.186681911349296570e-02
-3.977047652006149292e-02
-7.527647912502288818e-02
-4.513193853199481964e-03
-2.504685893654823303e-02
-2.237812429666519165e-02
2.872117795050144196e-02
-2.317995764315128326e-02
-2.100947313010692596e-02
-8.997120708227157593e-02
1.289502978324890137e-01
-2.753979759290814400e-03
-2.699099667370319366e-02
-3.121509216725826263e-03
-8.694986812770366669e-03
-1.168040838092565536e-02
2.564352704212069511e-03
6.092875730246305466e-03
-2.222517039626836777e-03
5.596413742750883102e-03
-3.126474097371101379e-02
8.129776455461978912e-03
-2.207373909186571836e-04
-1.137311290949583054e-02
-1.120666135102510452e-02
3.132757963612675667e-03
1.653209142386913300e-02
-2.052539493888616562e-03
-1.659625768661499023e-02
-2.494810149073600769e-03
1.743958145380020142e-02
-8.576662279665470123e-03
1.370925642549991608e-02
-5.397586151957511902e-03
2.644595503807067871e-02
-1.626992784440517426e-02
-2.689479477703571320e-02
6.224667653441429138e-03
1.514443103224039078e-02
8.793720044195652008e-03
-2.246291143819689751e-03
4.907146096229553223e-03
1.028357539325952530e-02
2.532350597903132439e-03
-4.466390237212181091e-03
-1.825162954628467560e-02
2.046682313084602356e-02
1.777278631925582886e-02
7.162652444094419479e-03
6.410771049559116364e-03
1.127959135919809341e-02
8.319444168591871858e-05
-9.378317743539810181e-03
-2.093216590583324432e-02
1.762975880410522223e-04
-4.357972368597984314e-02
-1.000947579741477966e-01
5.737205501645803452e-03
1.258829385042190552e-01
3.069276921451091766e-02
-7.193250115960836411e-03
-2.208859287202358246e-02
1.542797108413651586e-04
-2.028467357158660889e-01
3.537014359608292580e-03
-1.269262097775936127e-02
-8.804381825029850006e-03
-2.705136779695749283e-03
4.508282989263534546e-02
1.235121279023587704e-03
2.166360244154930115e-02
-1.519098691642284393e-02
1.755878329277038574e-02
-2.475703321397304535e-02
-1.306767947971820831e-02
-3.312710672616958618e-03
5.254262313246726990e-02
3.144270181655883789e-02
-2.408022060990333557e-02
1.710784286260604858e-01
-1.754755526781082153e-02
-7.211219519376754761e-03
-5.102410912513732910e-03
-4.454990103840827942e-02
6.424476206302642822e-02
-3.464138880372047424e-02
7.023949176073074341e-03
2.312360517680644989e-02
-6.628305651247501373e-03
-2.400564402341842651e-02
3.983705304563045502e-03
1.171607524156570435e-02
3.680893778800964355e-02
3.479196876287460327e-02
8.875058963894844055e-03
1.130771636962890625e-02
6.816677283495664597e-03
2.196268644183874130e-03
5.150326713919639587e-02
2.866025548428297043e-03
9.236609563231468201e-03
-4.106230102479457855e-03
3.881264477968215942e-02
-2.570315301418304443e-01
2.047336399555206299e-01
2.225607261061668396e-02
-1.013807393610477448e-02
2.595329470932483673e-02
-5.628818646073341370e-02
-4.074891563504934311e-03
-2.435614727437496185e-02
3.310994943603873253e-03
-7.026204839348793030e-03
-3.336653113365173340e-02
-1.294467598199844360e-02
1.118739973753690720e-02
-1.135392300784587860e-02
-6.703331018798053265e-04
2.883619256317615509e-02
-3.308973391540348530e-04
4.848201572895050049e-02
-8.209119550883769989e-03
-1.238837465643882751e-02
-4.406255111098289490e-02
1.294549927115440369e-02
1.748985610902309418e-02
1.635822001844644547e-03
1.126042306423187256e-01
-1.376930595142766833e-04
-7.443597540259361267e-03
1.392890792340040207e-02
2.338375663384795189e-03
-1.251927763223648071e-02
-8.616903796792030334e-03
-2.294866554439067841e-02
5.132479965686798096e-02
-1.423294004052877426e-02
4.215309396386146545e-03
-1.304009929299354553e-03
-6.207664608955383301e-01
-1.717836712487041950e-03
1.607318222522735596e-02
1.649149879813194275e-02
-1.458556205034255981e-02
-1.056266482919454575e-02
-3.190145129337906837e-03
2.797596901655197144e-02
7.888545282185077667e-03
-7.388875354081392288e-03
4.772384837269783020e-02
1.593487150967121124e-02
1.243908051401376724e-02
-7.279766350984573364e-02
-3.791144583374261856e-03
2.877169987186789513e-03
5.961998365819454193e-03
-1.165969669818878174e-02
1.633121259510517120e-02
9.419288486242294312e-03
-4.599275533109903336e-03
8.756291866302490234e-02
-6.873027980327606201e-02
-2.606324478983879089e-02
1.816116564441472292e-04
1.130033377557992935e-02
-3.242093697190284729e-02
3.316141664981842041e-02
2.945623546838760376e-02
-1.056128367781639099e-02
2.501071617007255554e-02
4.032225161790847778e-02
2.257598936557769775e-02
5.200181156396865845e-03
2.213625237345695496e-02
3.384456411004066467e-02
-8.865609019994735718e-02
-2.636969555169343948e-03
-2.362145669758319855e-02
4.284273460507392883e-02
4.551292210817337036e-02
-1.265330892056226730e-02
-1.126640886068344116e-01
2.543922886252403259e-02
1.950483955442905426e-02
1.039267256855964661e-01
-1.115844622254371643e-01
-4.896794911473989487e-03
-6.543009728193283081e-02
2.006488293409347534e-02
3.480331599712371826e-02
1.065798103809356689e-01
7.519248872995376587e-02
-3.415261209011077881e-02
-3.902224125340580940e-04
-5.613787472248077393e-02
-8.274777978658676147e-02
6.268783658742904663e-02
2.080451138317584991e-02
-4.772204905748367310e-02
-2.935313095804303885e-04
2.468037419021129608e-02
7.240053731948137283e-03
-6.622090935707092285e-02
4.034930840134620667e-02
1.201842948794364929e-01
3.245097026228904724e-02
-7.725676149129867554e-02
-1.545967999845743179e-02
2.350286841392517090e-01
-6.892121583223342896e-02
7.789313793182373047e-03
4.686913266777992249e-02
5.025836825370788574e-02
-4.684725776314735413e-02
-1.985167413949966431e-01
-5.222905054688453674e-02
3.782440349459648132e-02
-3.806766588240861893e-03
1.573444604873657227e-01
2.443063445389270782e-02
8.029544353485107422e-01
5.679928231984376907e-03
-4.239802435040473938e-02
-9.258358925580978394e-02
1.326963305473327637e-02
1.550579965114593506e-01
1.311145443469285965e-02
4.668523743748664856e-02
4.378015547990798950e-02
4.011341556906700134e-02
2.162220925092697144e-01
5.292238295078277588e-02
3.758699819445610046e-02
-4.149195551872253418e-02
3.605819121003150940e-02
-6.557074189186096191e-02
2.850637584924697876e-02
6.099198013544082642e-03
2.140850556315854192e-04
-2.045623026788234711e-02
1.274285931140184402e-02
8.260034024715423584e-02
-9.055450791493058205e-04
2.852091193199157715e-02
-1.466366462409496307e-02
-6.063927710056304932e-02
1.818276941776275635e-02
-4.225204885005950928e-02
3.256148193031549454e-03
-2.225338108837604523e-02
8.535883971489965916e-04
-5.166898015886545181e-03
-2.133728004992008209e-02
-6.431039422750473022e-02
4.217080771923065186e-02
1.216838043183088303e-02
-4.905142635107040405e-02
1.432300265878438950e-02
4.118826985359191895e-02
-4.227161034941673279e-02
7.532926648855209351e-02
4.205308109521865845e-02
-6.501331180334091187e-02
-9.656020998954772949e-02
-9.690387174487113953e-03
2.118783257901668549e-02
-3.425223752856254578e-02
3.031622432172298431e-02
1.019977405667304993e-02
5.701467860490083694e-03
5.825805012136697769e-03
2.574086189270019531e-02
-1.542382314801216125e-02
-3.993964195251464844e-02
1.004106923937797546e-02
3.967157751321792603e-02
-2.814733795821666718e-02
-2.447019889950752258e-02
-1.344890147447586060e-02
-3.467190638184547424e-02
3.788603935390710831e-03
-2.276613749563694000e-02
-1.118438877165317535e-02
3.801966831088066101e-02
9.371456690132617950e-03
4.298508167266845703e-03
6.783889979124069214e-02
7.504828274250030518e-02
-8.507418446242809296e-03
4.027377814054489136e-02
-3.739495947957038879e-02
3.842272236943244934e-02
-7.421886920928955078e-02
-2.811334468424320221e-02
7.796427607536315918e-02
-3.160586208105087280e-02
-1.913215965032577515e-02
5.720956623554229736e-02
-9.713816456496715546e-03
-1.783291809260845184e-02
3.814529255032539368e-02
-3.873487189412117004e-02
-7.208520080894231796e-03
5.649752169847488403e-02
-4.501394554972648621e-02
-2.435502409934997559e-02
-1.127064973115921021e-01
7.023143768310546875e-02
-2.682289294898509979e-02
4.380281269550323486e-02
-7.474099099636077881e-02
-2.832950651645660400e-02
1.925431378185749054e-02
8.750490844249725342e-02
3.649573400616645813e-02
8.659590780735015869e-02
-2.574412152171134949e-02
3.350984072312712669e-03
-5.658371001482009888e-02
-4.336960986256599426e-02
-1.630541868507862091e-03
-5.129773169755935669e-02
1.211944445967674255e-01
1.982825621962547302e-02
2.177711203694343567e-02
6.491952389478683472e-02
-2.523402683436870575e-02
1.658408343791961670e-02
-8.186461776494979858e-02
1.048512849956750870e-02
2.817619964480400085e-02
-1.497853372711688280e-04
7.302609272301197052e-03
-2.620998304337263107e-03
1.799330301582813263e-02
-1.294993795454502106e-02
-4.484205693006515503e-02
-9.089456871151924133e-03
2.584472997114062309e-03
3.349409997463226318e-02
9.253117442131042480e-02
6.340447068214416504e-02
-1.430874969810247421e-02
4.221397265791893005e-02
5.042997747659683228e-02
-2.666343934834003448e-03
1.521551702171564102e-02
1.006515100598335266e-01
-1.443453133106231689e-01
4.270997643470764160e-02
-1.060100644826889038e-02
5.789579823613166809e-02
3.913597017526626587e-02
-6.626426428556442261e-02
-5.236536264419555664e-03
-3.893164917826652527e-02
-3.912067040801048279e-02
-5.511786043643951416e-02
6.477792281657457352e-03
3.644235804677009583e-02
-1.484395749866962433e-02
-1.160283014178276062e-02
-4.098301008343696594e-02
1.886956021189689636e-02
-2.323582582175731659e-02
-1.460573822259902954e-02
-1.008611521683633327e-03
-7.215751800686120987e-03
-6.077817524783313274e-04
-1.921524107456207275e-02
-7.077559083700180054e-02
4.589832201600074768e-02
-4.577067494392395020e-02
6.332781165838241577e-02
-2.087169699370861053e-02
-1.145182643085718155e-02
5.661110952496528625e-02
-4.674568027257919312e-02
-6.711264699697494507e-02
-1.120196375995874405e-02
7.958937436342239380e-02
-1.404291298240423203e-02
-4.288711771368980408e-02
-1.420510746538639069e-02
6.900967564433813095e-04
-7.809203583747148514e-03
-4.179655760526657104e-02
-8.268636465072631836e-02
-1.171467546373605728e-02
-1.563886366784572601e-02
-1.641782931983470917e-02
1.040679402649402618e-02
-5.921992473304271698e-03
-1.735422015190124512e-02
-1.434995606541633606e-02
1.425730157643556595e-02
-2.403363212943077087e-02
4.370399937033653259e-02
-2.039183629676699638e-03
6.852806359529495239e-02
3.487060312181711197e-03
4.197765607386827469e-03
-3.457023296505212784e-03
6.511352211236953735e-02
8.664860390126705170e-03
7.485765963792800903e-02
9.563214331865310669e-02
2.117086760699748993e-02
-5.920312181115150452e-02
2.899081259965896606e-02
7.188870012760162354e-02
3.068670071661472321e-02
1.240981835871934891e-02
6.340272724628448486e-02
5.102020874619483948e-02
3.646078333258628845e-02
-2.502667345106601715e-02
2.707513049244880676e-02
4.051033034920692444e-02
-2.624085173010826111e-02
-6.477012485265731812e-02
-5.844900012016296387e-02
1.556840492412447929e-03
-6.204665172845125198e-03
2.669273409992456436e-03
3.356005996465682983e-02
3.723868355154991150e-02
-8.521423675119876862e-03
-4.823916777968406677e-02
-3.428038209676742554e-02
3.358243778347969055e-02
5.450865998864173889e-02
-3.409989550709724426e-02
9.005921892821788788e-03
-1.025420501828193665e-01
7.738979160785675049e-02
5.218480527400970459e-02
2.567635104060173035e-02
-3.377003967761993408e-02
-1.505424734205007553e-02
3.832448273897171021e-02
-2.038827724754810333e-02
5.038965865969657898e-02
6.322353333234786987e-02
4.381757602095603943e-02
-9.591668099164962769e-02
8.263815543614327908e-04
-1.600894331932067871e-02
-2.703931927680969238e-02
-1.905978098511695862e-02
-9.696504101157188416e-03
1.909642666578292847e-02
-6.473953276872634888e-02
7.770967483520507812e-02
3.503895550966262817e-02
-1.299121417105197906e-02
4.906571656465530396e-02
2.536058612167835236e-02
1.594516448676586151e-02
3.164383023977279663e-02
8.201361447572708130e-02
-5.411185696721076965e-02
5.345809459686279297e-02
-2.773379674181342125e-03
-6.431523244827985764e-03
-3.535192832350730896e-02
-3.722506016492843628e-02
2.450725436210632324e-02
-2.355157956480979919e-02
1.394136063754558563e-02
1.096833497285842896e-02
-2.176438644528388977e-02
3.841708227992057800e-02
-2.342582121491432190e-02
5.606814473867416382e-02
2.208847925066947937e-02
2.998306229710578918e-02
2.511902153491973877e-02
7.118309289216995239e-02
8.119791746139526367e-02
-8.018273115158081055e-02
2.535757422447204590e-02
-2.297917380928993225e-02
-5.224503204226493835e-02
-1.918015070259571075e-02
-7.009454071521759033e-02
-5.135013721883296967e-03
-1.578656584024429321e-02
-6.222516763955354691e-03
-6.920833140611648560e-02
-5.968499183654785156e-02
8.112302422523498535e-02
3.917232528328895569e-02
4.582238197326660156e-02
-4.099393729120492935e-03
-2.141208760440349579e-02
8.556842803955078125e-02
-2.384775131940841675e-02
4.580535367131233215e-02
-5.126097798347473145e-02
2.987799048423767090e-02
-1.918589137494564056e-02
4.311315249651670456e-03
5.111195519566535950e-02
1.868027076125144958e-02
-1.602539326995611191e-03
4.494171589612960815e-03
4.785733669996261597e-02
-1.985437422990798950e-02
-3.706625849008560181e-02
1.933912001550197601e-02
-4.478088580071926117e-03
3.248573839664459229e-02
5.253690760582685471e-03
1.324355415999889374e-02
-5.664160102605819702e-02
-3.392324224114418030e-02
-1.934273540973663330e-02
-3.892222011927515268e-04
-6.460659205913543701e-03
9.308914840221405029e-02
-3.857985883951187134e-02
-2.616734243929386139e-02
-2.799158450216054916e-03
1.916692778468132019e-02
4.562770947813987732e-02
1.206149682402610779e-01
3.090583905577659607e-02
-2.274853922426700592e-02
3.781961277127265930e-02
3.257319331169128418e-02
-4.413316771388053894e-02
-2.222708240151405334e-02
4.189593251794576645e-03
-3.047635592520236969e-02
-4.654376581311225891e-02
-5.631920695304870605e-02
3.572696447372436523e-02
-2.666988293640315533e-04
7.757340371608734131e-02
-5.086601153016090393e-02
-6.499784439802169800e-02
8.524431288242340088e-02
1.949293538928031921e-02
-1.115960925817489624e-01
7.082010805606842041e-02
4.851514473557472229e-02
-6.163726001977920532e-02
3.805856034159660339e-02
3.553886339068412781e-02
4.491351544857025146e-03
3.925108164548873901e-02
-2.047802880406379700e-02
-1.002124138176441193e-02
2.944168448448181152e-02
6.456931680440902710e-02
5.075284093618392944e-02
-1.085515040904283524e-02
-4.243629053235054016e-03
1.260288804769515991e-02
1.825223676860332489e-03
9.796923398971557617e-02
4.115267470479011536e-02
-2.596382796764373779e-02
-2.648684941232204437e-02
-5.558022763580083847e-03
-2.611022908240556717e-03
-6.663051247596740723e-02
3.165657073259353638e-02
2.978511899709701538e-02
-6.407321896404027939e-03
2.089016698300838470e-02
-2.825435437262058258e-02
1.217846293002367020e-02
-1.207117363810539246e-02
4.644083604216575623e-02
1.148644685745239258e-01
2.111512981355190277e-02
-6.345298141241073608e-02
-9.098724462091922760e-03
-2.958749886602163315e-03
2.241040766239166260e-02
3.863612562417984009e-02
-5.754432082176208496e-02
-2.132850140333175659e-02
4.646790772676467896e-02
-5.116461589932441711e-02
4.873800277709960938e-02
-1.915243454277515411e-02
3.238182980567216873e-03
8.911917358636856079e-02
2.319569140672683716e-02
-7.314607501029968262e-02
2.152417600154876709e-02
8.510231040418148041e-03
4.900806397199630737e-02
5.738054588437080383e-02
-8.111994829960167408e-04
-2.372779138386249542e-02
1.188295613974332809e-02
5.847904249094426632e-04
1.172646805644035339e-01
-6.683241110295057297e-03
-1.669997349381446838e-03
-6.011501420289278030e-03
-1.082950308918952942e-01
-6.647715345025062561e-03
-2.289387769997119904e-02
2.287409268319606781e-02
-2.928548306226730347e-02
1.211538258939981461e-02
-3.150783106684684753e-02
-4.457211866974830627e-02
-3.731144219636917114e-02
6.195460446178913116e-03
-2.860975451767444611e-03
-6.660803407430648804e-02
-1.115211322903633118e-01
1.376458164304494858e-02
-4.486149176955223083e-02
2.025891467928886414e-02
2.031501941382884979e-02
6.647118180990219116e-02
-2.660301700234413147e-02
-1.347499806433916092e-02
2.389958873391151428e-02
9.684554534032940865e-04
2.836089581251144409e-02
1.124903559684753418e-01
5.650969222187995911e-02
6.461719516664743423e-03
-4.569995682686567307e-03
1.540909521281719208e-02
1.394092384725809097e-02
1.153080607764422894e-03
7.372712343931198120e-02
-1.870777271687984467e-02
2.850097790360450745e-02
2.407247014343738556e-02
7.953891903162002563e-02
4.208286758512258530e-03
3.202402219176292419e-02
5.078955739736557007e-02
-7.639532536268234253e-02
-1.103461068123579025e-02
-1.156653088401071727e-04
1.554141752421855927e-02
-8.205403387546539307e-02
-5.001104995608329773e-02
-1.570886373519897461e-02
8.201825618743896484e-02
2.214030921459197998e-02
-3.067522682249546051e-02
-2.000434137880802155e-02
2.882707305252552032e-02
-9.207402914762496948e-02
6.446330249309539795e-02
1.837476901710033417e-02
3.002173826098442078e-02
6.086327508091926575e-02
-2.523413300514221191e-02
-2.171026729047298431e-02
-2.345851808786392212e-02
-5.610376223921775818e-02
4.722673818469047546e-02
1.401021927595138550e-01
7.989750057458877563e-02
3.761965408921241760e-02
1.453362964093685150e-02
-4.036661237478256226e-03
-1.778028346598148346e-02
-1.303529832512140274e-02
-1.790311187505722046e-02
-9.027902781963348389e-02
-3.141264989972114563e-02
1.184076245408505201e-04
-1.931704580783843994e-03
-8.741710335016250610e-02
1.397653017193078995e-02
-1.039698254317045212e-02
1.257206965237855911e-02
2.063900046050548553e-02
-6.051905825734138489e-02
-2.378886193037033081e-02
-6.631729006767272949e-02
6.563620641827583313e-03
-2.109857089817523956e-02
-1.975416950881481171e-02
1.080596912652254105e-02
-2.109538763761520386e-02
-1.069381386041641235e-01
-2.136377431452274323e-02
2.585963532328605652e-02
1.048010680824518204e-02
-1.314717251807451248e-02
5.865008383989334106e-02
6.242382340133190155e-03
7.271036040037870407e-03
-3.206732124090194702e-02
-6.788500398397445679e-02
-4.123079031705856323e-02
-4.909782484173774719e-02
4.323340579867362976e-02
8.291734755039215088e-02
-7.392478734254837036e-02
2.615366363897919655e-03
-3.847667481750249863e-03
3.700694534927606583e-03
-2.237244043499231339e-03
-3.573907911777496338e-02
-1.045756787061691284e-02
1.252152305096387863e-02
-1.218870747834444046e-03
-2.595421858131885529e-02
-1.435502315871417522e-03
5.099160969257354736e-02
1.948549039661884308e-02
8.576131425797939301e-03
3.934013843536376953e-02
1.018824651837348938e-01
-2.902095578610897064e-02
-9.891030378639698029e-03
4.574168846011161804e-02
-2.378713339567184448e-03
2.294569462537765503e-02
1.763451099395751953e-02
4.928765445947647095e-02
3.199429437518119812e-02
-3.145821392536163330e-02
3.875154629349708557e-02
-4.108608141541481018e-02
8.513946086168289185e-02
5.626692250370979309e-02
1.946408301591873169e-02
-3.873991593718528748e-02
-4.397259652614593506e-02
-1.206494588404893875e-02
3.717734292149543762e-02
-4.822271317243576050e-02
1.276995986700057983e-02
2.687256224453449249e-02
1.549289654940366745e-02
-8.755902945995330811e-02
2.792493812739849091e-02
3.105610609054565430e-02
2.982622757554054260e-02
2.967600151896476746e-02
-5.204763263463973999e-02
-4.758789762854576111e-02
-3.111583553254604340e-02
