9.354096837341785431e-03
-1.370703894644975662e-02
-3.663401305675506592e-02
3.623149171471595764e-02
-4.742686171084642410e-03
4.021245986223220825e-02
2.109776251018047333e-02
3.462551860138773918e-03
5.073437467217445374e-03
1.597632281482219696e-02
-2.458099648356437683e-02
-4.464177880436182022e-03
2.229879982769489288e-02
9.853903204202651978e-03
-2.287050150334835052e-02
2.324266359210014343e-03
-2.143396623432636261e-02
4.210469499230384827e-02
-1.110345572233200073e-01
1.729574240744113922e-02
7.748230826109647751e-03
-2.551613189280033112e-02
9.869652986526489258e-02
-1.182091794908046722e-02
2.263468690216541290e-03
-1.758741401135921478e-02
-2.140961773693561554e-02
-3.256382420659065247e-02
-1.866372674703598022e-02
7.114907726645469666e-03
-9.706605970859527588e-02
-2.631534822285175323e-02
1.957327872514724731e-02
-2.413277328014373779e-02
4.754059482365846634e-03
-4.185607656836509705e-03
2.686557732522487640e-02
1.048579439520835876e-02
-8.413488976657390594e-03
2.171190083026885986e-02
-1.555345114320516586e-02
-1.415652316063642502e-02
3.699650987982749939e-02
-8.847421035170555115e-03
9.718833491206169128e-03
-2.042487636208534241e-02
4.084325861185789108e-03
-2.291593700647354126e-02
7.178563624620437622e-03
1.302533317357301712e-02
4.154785722494125366e-02
1.185674816370010376e-01
-8.099661767482757568e-02
-1.147290319204330444e-02
7.483511697500944138e-03
-1.051002927124500275e-02
-2.860613632947206497e-03
-4.908687435090541840e-03
3.929817080497741699e-01
3.740983828902244568e-02
1.353362575173377991e-02
-1.139435451477766037e-02
-3.178190812468528748e-02
2.082837931811809540e-02
2.490562759339809418e-02
-3.573125228285789490e-02
-3.568607615306973457e-03
-1.493085268884897232e-02
-4.180834442377090454e-02
-4.761713743209838867e-02
1.109370961785316467e-02
2.210119506344199181e-03
-3.712080791592597961e-02
6.777040660381317139e-03
-4.048478230834007263e-02
2.057007048279047012e-03
2.252767607569694519e-02
-3.370788320899009705e-02
7.987774908542633057e-03
-1.746776551008224487e-01
-1.383562758564949036e-02
-4.504058510065078735e-03
1.927220635116100311e-02
-4.854724183678627014e-02
-8.662061393260955811e-02
-7.797000929713249207e-03
-2.669026702642440796e-02
-1.915417984127998352e-02
3.844732046127319336e-02
-1.966311596333980560e-02
-2.610459923744201660e-02
-1.065429970622062683e-01
1.352329850196838379e-01
-5.379516631364822388e-03
-2.417376823723316193e-02
4.584566224366426468e-03
-1.199080049991607666e-02
-2.187088131904602051e-02
-4.453987348824739456e-03
9.921671822667121887e-03
-2.345993882045149803e-03
5.485710222274065018e-03
-2.778941579163074493e-02
5.958476103842258453e-03
5.565065424889326096e-03
-6.866318639367818832e-03
-1.599374786019325256e-02
-3.488138783723115921e-03
2.573459967970848083e-02
7.675621192902326584e-03
-1.473409775644540787e-02
1.183861517347395420e-03
1.678227633237838745e-02
-5.724730901420116425e-03
1.891682669520378113e-02
-8.348028175532817841e-03
3.391095995903015137e-02
-2.064345218241214752e-02
-1.924301311373710632e-02
7.165334653109312057e-03
1.981640979647636414e-02
4.463933408260345459e-03
-1.470002438873052597e-02
4.184562712907791138e-03
4.445772152394056320e-03
1.137344539165496826e-02
7.193202036432921886e-04
-1.165133807808160782e-02
1.934116147458553314e-02
1.158025115728378296e-03
1.787627348676323891e-03
6.508992519229650497e-03
6.181894801557064056e-03
-6.655376870185136795e-03
-1.152868475764989853e-02
-2.141496539115905762e-02
-3.222777042537927628e-03
-5.631137639284133911e-02
-8.716559410095214844e-02
-1.119825989007949829e-03
1.343683600425720215e-01
2.811638452112674713e-02
-9.455749765038490295e-03
-1.753171533346176147e-02
-4.235837608575820923e-03
-2.156421989202499390e-01
1.351617625914514065e-03
-3.578564850613474846e-03
-1.256286632269620895e-02
-6.914038676768541336e-03
4.641060158610343933e-02
8.717144839465618134e-03
2.313087880611419678e-02
-1.822544075548648834e-02
1.922290027141571045e-02
-2.045851387083530426e-02
-1.261141709983348846e-02
-3.178775077685713768e-03
5.611312389373779297e-02
3.489283472299575806e-02
-1.523453649133443832e-02
1.884310096502304077e-01
-2.536871284246444702e-02
-2.481465926393866539e-03
-6.950409442652016878e-05
-5.633221566677093506e-02
7.507777214050292969e-02
-3.991640731692314148e-02
1.029075589030981064e-02
1.861489191651344299e-02
9.622914716601371765e-03
-2.978672087192535400e-02
3.886670107021927834e-03
1.651888340711593628e-02
5.420997366309165955e-02
4.013626649975776672e-02
1.129868254065513611e-02
7.207661867141723633e-03
2.626638114452362061e-02
-3.499213606119155884e-03
6.132836639881134033e-02
-2.657056553289294243e-03
-6.334349047392606735e-03
5.154538084752857685e-04
3.233712166547775269e-02
-2.401934415102005005e-01
1.890832483768463135e-01
2.049032226204872131e-02
5.240369937382638454e-04
1.446377392858266830e-02
-6.283264607191085815e-02
-5.458876490592956543e-03
-3.022269532084465027e-02
-1.749671879224479198e-03
-8.642825298011302948e-03
-4.440306499600410461e-02
-2.380134724080562592e-02
1.688170991837978363e-02
-1.605822518467903137e-02
1.297453651204705238e-03
2.418228611350059509e-02
4.243187606334686279e-03
1.913703978061676025e-02
-1.133546419441699982e-02
-1.430844888091087341e-02
-3.628380596637725830e-02
5.594136659055948257e-03
2.518624998629093170e-02
1.117678731679916382e-02
1.190112233161926270e-01
-1.644293894059956074e-03
-7.335114758461713791e-03
6.569434888660907745e-03
3.088225610554218292e-03
-6.667305249720811844e-03
-1.624451577663421631e-02
-1.681883260607719421e-02
6.119966506958007812e-02
-1.700705103576183319e-02
1.372519601136445999e-02
-1.075899926945567131e-03
-6.105117201805114746e-01
-2.731790300458669662e-03
1.317520998418331146e-02
1.613945513963699341e-02
-1.587394997477531433e-02
-1.791525632143020630e-02
5.269003566354513168e-03
3.301666304469108582e-02
1.023885235190391541e-02
-8.750032866373658180e-04
5.871279910206794739e-02
1.263495348393917084e-02
1.942714489996433258e-02
-7.558686286211013794e-02
-5.452124401926994324e-03
5.161093082278966904e-03
1.062917523086071014e-02
-4.902423825114965439e-03
2.131521329283714294e-02
-6.879611872136592865e-03
-1.414642948657274246e-02
8.773307502269744873e-02
-7.518162578344345093e-02
-3.046432510018348694e-02
2.150959568098187447e-03
7.488577626645565033e-03
-3.134429827332496643e-02
4.082954674959182739e-02
3.258015960454940796e-02
-1.191758457571268082e-02
3.101748228073120117e-02
3.928619623184204102e-02
2.041449211537837982e-02
-7.910485379397869110e-03
1.999964192509651184e-02
-3.189065307378768921e-02
-1.083391532301902771e-01
-7.075485587120056152e-02
-1.735704019665718079e-02
9.468872845172882080e-02
3.896976262331008911e-02
-7.431288808584213257e-02
-6.682887673377990723e-02
1.271181404590606689e-01
9.664207696914672852e-03
-1.588252745568752289e-02
3.321070969104766846e-02
1.006975024938583374e-01
-6.864571571350097656e-02
2.523243054747581482e-02
-8.757479488849639893e-02
5.389662459492683411e-02
9.059698879718780518e-02
4.640904814004898071e-02
-4.291384015232324600e-03
3.568377718329429626e-02
-7.966574281454086304e-02
1.666145026683807373e-02
6.523550301790237427e-02
2.419495489448308945e-03
7.154902070760726929e-02
1.768581941723823547e-02
5.195234343409538269e-02
-3.622951358556747437e-02
-5.629762262105941772e-02
1.013834327459335327e-01
-5.439002439379692078e-02
-8.286154270172119141e-02
4.469571262598037720e-02
9.259293973445892334e-02
-2.559323050081729889e-02
2.702695317566394806e-02
5.902868509292602539e-02
-3.161973878741264343e-02
-1.719681173563003540e-01
-4.287947714328765869e-02
-4.606671258807182312e-02
-1.110613197088241577e-01
1.812956035137176514e-01
7.334410399198532104e-02
1.410708064213395119e-04
8.245709538459777832e-01
3.292105346918106079e-02
-2.413890138268470764e-02
4.132264479994773865e-02
1.851892285048961639e-02
1.071535423398017883e-01
6.340014189481735229e-02
-1.778957992792129517e-02
9.147506952285766602e-02
3.714899718761444092e-02
9.901929646730422974e-02
9.066125750541687012e-02
8.632737398147583008e-02
2.100560255348682404e-02
1.377401947975158691e-01
6.898212432861328125e-02
2.138705737888813019e-02
5.173277482390403748e-02
-1.137628406286239624e-01
-5.634815432131290436e-03
-1.742403022944927216e-02
5.046232417225837708e-02
7.599407690577208996e-04
3.171851485967636108e-02
-4.424401372671127319e-02
2.082096599042415619e-02
2.408932521939277649e-02
-2.140150405466556549e-02
-5.499879270792007446e-02
-6.114825978875160217e-02
-1.428878679871559143e-02
-7.030335720628499985e-03
-2.024817094206809998e-02
-1.057417411357164383e-02
5.866652727127075195e-02
4.761546105146408081e-02
-2.091466076672077179e-02
-2.300333231687545776e-02
1.000355035066604614e-01
-4.629493877291679382e-02
6.277447938919067383e-02
9.661830961704254150e-02
-3.221487626433372498e-03
-2.236612327396869659e-02
-1.304123550653457642e-02
3.977916389703750610e-02
-3.407001867890357971e-02
-1.376373227685689926e-02
8.016997016966342926e-03
-2.430848591029644012e-02
-3.052695840597152710e-02
3.994173556566238403e-02
-4.417342692613601685e-02
3.413863014429807663e-03
-1.822257763706147671e-03
6.836758553981781006e-02
-1.879491843283176422e-03
2.776659093797206879e-03
-2.071047388017177582e-02
-5.179606378078460693e-02
5.742724984884262085e-02
-3.324196487665176392e-02
-8.466940373182296753e-03
-6.397714838385581970e-03
2.021374925971031189e-02
7.641357928514480591e-02
7.479144632816314697e-02
4.351153224706649780e-02
-2.634292282164096832e-02
2.057870663702487946e-02
2.232080884277820587e-02
-1.911278627812862396e-02
-2.694516815245151520e-02
-2.555254613980650902e-03
1.414839923381805420e-02
-3.625188022851943970e-02
7.475721836090087891e-02
1.814476214349269867e-02
-3.430179879069328308e-02
-7.181917130947113037e-02
1.245655585080385208e-02
-5.544843152165412903e-02
7.180835586041212082e-03
-8.990684524178504944e-03
-7.174865156412124634e-02
-7.239898201078176498e-03
2.260390296578407288e-02
-3.606302663683891296e-02
8.802857249975204468e-03
-2.238751389086246490e-03
-5.243516713380813599e-02
1.979470066726207733e-02
-1.135821081697940826e-02
4.859229549765586853e-02
2.283111773431301117e-02
8.207777887582778931e-02
-2.359387464821338654e-02
-4.840625450015068054e-02
-1.937152817845344543e-02
-4.244345054030418396e-02
-1.468300260603427887e-02
-3.668483346700668335e-02
7.020854949951171875e-02
1.206722110509872437e-03
-2.093572402372956276e-03
1.572270318865776062e-02
4.705074802041053772e-02
5.148759009898640215e-05
-7.034330070018768311e-02
2.195466868579387665e-02
5.902190878987312317e-02
1.958859898149967194e-02
-1.641326816752552986e-03
6.340769678354263306e-02
3.369723632931709290e-02
-4.940398782491683960e-02
-9.975987486541271210e-03
-3.794845938682556152e-02
3.420435590669512749e-03
-3.996245935559272766e-02
6.607107818126678467e-02
1.019270066171884537e-02
2.134336531162261963e-02
-4.104381427168846130e-03
3.752877563238143921e-02
4.659784585237503052e-02
3.446878492832183838e-02
5.149927735328674316e-02
-1.129290014505386353e-01
7.119783759117126465e-02
3.957657143473625183e-02
1.065533012151718140e-01
2.608589828014373779e-02
1.037890557199716568e-03
4.623119160532951355e-02
6.048529222607612610e-02
1.664193719625473022e-02
-5.835101008415222168e-02
3.212163224816322327e-03
1.902964152395725250e-02
-3.059928491711616516e-02
-4.146711900830268860e-02
-4.943413659930229187e-02
8.330758661031723022e-02
1.020275615155696869e-02
-1.081976518034934998e-01
2.536411955952644348e-02
1.993945986032485962e-02
1.643568975850939751e-03
-6.426306907087564468e-03
-7.477482408285140991e-02
2.539013139903545380e-02
2.529117278754711151e-02
6.290774326771497726e-03
2.405823394656181335e-02
2.098049782216548920e-02
-3.988722711801528931e-02
-3.921271860599517822e-02
-1.873029768466949463e-02
6.291137635707855225e-02
2.021661214530467987e-02
-1.366140786558389664e-02
7.227382622659206390e-03
4.740572348237037659e-02
-4.127137362957000732e-02
-6.027211248874664307e-02
4.128538817167282104e-02
-6.080117076635360718e-02
-1.406206865794956684e-03
1.632371172308921814e-02
-3.924658894538879395e-02
2.730841375887393951e-02
-7.129774987697601318e-02
-2.098834514617919922e-02
-1.084377523511648178e-02
2.517776750028133392e-02
1.929923333227634430e-02
-4.569919407367706299e-02
-4.379352554678916931e-02
9.057766199111938477e-02
1.825942099094390869e-02
1.074356678873300552e-02
-1.932333409786224365e-02
5.873865913599729538e-03
-2.330332621932029724e-02
7.562766224145889282e-02
2.614101767539978027e-02
-5.219810176640748978e-03
-2.458456531167030334e-02
5.596681497991085052e-03
5.004502832889556885e-02
-2.359552867710590363e-02
-2.178862132132053375e-02
2.954540029168128967e-02
5.330416932702064514e-02
6.389790773391723633e-02
5.408294871449470520e-02
1.681720837950706482e-02
3.136305510997772217e-02
-8.371949195861816406e-02
-5.058602616190910339e-02
-1.650136336684226990e-02
4.486265778541564941e-02
-2.175686694681644440e-02
3.854241967201232910e-02
7.199820876121520996e-02
3.166995570063591003e-02
-5.071205645799636841e-02
1.312828506343066692e-03
-2.594555169343948364e-02
3.866454958915710449e-02
5.910924822092056274e-02
-5.175772309303283691e-02
5.714314058423042297e-02
-9.607144445180892944e-02
7.829615473747253418e-02
7.058293372392654419e-02
3.041440248489379883e-02
1.099276822060346603e-02
-5.424219369888305664e-02
-8.224883675575256348e-02
-1.463845930993556976e-02
4.964616149663925171e-02
1.243478655815124512e-01
-1.692544110119342804e-02
-4.181575030088424683e-02
5.999845638871192932e-02
-7.591814501211047173e-04
-4.865626245737075806e-02
2.975578233599662781e-02
5.662643164396286011e-02
5.206105113029479980e-02
-5.635216087102890015e-02
3.963652625679969788e-02
-2.386871725320816040e-02
2.191275544464588165e-02
2.893985062837600708e-02
2.645193785429000854e-02
9.265043772757053375e-03
1.652896404266357422e-02
8.101873099803924561e-03
-4.337553307414054871e-02
1.820193231105804443e-02
1.876547187566757202e-02
-1.124233659356832504e-02
-3.498978167772293091e-02
-1.137358043342828751e-02
1.135723479092121124e-02
-1.021644799038767815e-03
-3.786835446953773499e-02
2.238157205283641815e-02
-3.571018576622009277e-02
4.091950878500938416e-02
-8.205801993608474731e-02
-3.777362778782844543e-02
-9.347515180706977844e-03
8.428256027400493622e-03
-1.357079483568668365e-02
-1.563209225423634052e-03
7.953561842441558838e-02
-6.042962521314620972e-02
7.372150570154190063e-02
-6.640940904617309570e-02
-7.657524943351745605e-02
1.624309830367565155e-02
-2.384463325142860413e-02
9.540284052491188049e-03
-2.329063601791858673e-02
8.782615885138511658e-03
-4.827249422669410706e-02
-8.434358984231948853e-02
-1.579687371850013733e-02
6.874582916498184204e-02
-2.955493703484535217e-02
1.736826449632644653e-02
-3.295578807592391968e-02
2.630960382521152496e-02
4.323360696434974670e-02
4.087941721081733704e-02
-5.813024006783962250e-03
-4.535758495330810547e-02
-2.431331202387809753e-02
-1.878938078880310059e-02
8.604295551776885986e-03
-5.787784466519951820e-04
3.993193060159683228e-02
5.014070868492126465e-02
-3.309497842565178871e-03
-1.382034644484519958e-02
-8.683616295456886292e-03
-8.732892572879791260e-03
3.474344313144683838e-02
-7.636417448520660400e-02
7.564834505319595337e-02
-6.165986880660057068e-03
3.378748660907149315e-03
-6.178034469485282898e-02
-1.183737348765134811e-02
-3.596282750368118286e-02
7.723143696784973145e-02
8.507540822029113770e-02
-1.231545861810445786e-02
-1.959637366235256195e-02
-6.705952435731887817e-02
-8.240259252488613129e-03
8.245392888784408569e-02
1.124629676342010498e-01
-1.296075712889432907e-02
-8.453900367021560669e-02
8.463315665721893311e-03
1.557575073093175888e-02
-1.054941937327384949e-01
-1.269079148769378662e-01
-2.942826366052031517e-03
2.159128896892070770e-02
-4.111294448375701904e-02
-4.104682803153991699e-02
1.193957924842834473e-01
2.825506962835788727e-02
1.717880927026271820e-02
-9.144680574536323547e-03
-3.163807839155197144e-02
7.152221351861953735e-02
9.419327601790428162e-03
-2.802623435854911804e-02
-8.386454544961452484e-03
1.180563122034072876e-02
-8.919882588088512421e-03
4.235867783427238464e-02
-7.414981722831726074e-02
-3.908094018697738647e-03
2.438481897115707397e-02
-3.734271228313446045e-02
-7.815720140933990479e-02
-6.027461588382720947e-02
8.236194401979446411e-02
8.506221324205398560e-02
3.751426935195922852e-03
-3.683584276586771011e-03
-3.217297792434692383e-02
-6.163793802261352539e-02
6.854589283466339111e-02
6.919780280441045761e-03
-2.192610129714012146e-02
-6.157759577035903931e-02
1.895205862820148468e-02
-1.107992678880691528e-01
7.756801322102546692e-03
3.824774175882339478e-02
-5.619560182094573975e-02
-6.284105777740478516e-02
-6.295498460531234741e-02
-2.387711964547634125e-02
2.803279086947441101e-02
5.200394615530967712e-02
4.612945765256881714e-02
9.893693029880523682e-02
3.996167704463005066e-02
-1.006506383419036865e-01
2.480847202241420746e-02
-1.922642253339290619e-02
5.396581068634986877e-02
-4.899939522147178650e-02
-8.133573830127716064e-02
-3.633665665984153748e-02
-3.863895835820585489e-04
-4.744011443108320236e-03
2.680712938308715820e-02
2.608186379075050354e-02
-9.801473468542098999e-03
1.431139186024665833e-02
2.754160575568675995e-02
-8.811247348785400391e-02
1.762052252888679504e-02
-3.303869813680648804e-02
1.895140483975410461e-02
1.369368284940719604e-02
5.451557412743568420e-02
-5.182959884405136108e-02
2.289560250937938690e-02
-6.856549996882677078e-03
1.108689457178115845e-01
2.003984525799751282e-02
-3.302865475416183472e-02
-5.064822733402252197e-02
-3.646076843142509460e-02
-2.828260697424411774e-02
-8.974838070571422577e-03
2.566506527364253998e-02
-2.594352699816226959e-03
-1.733244210481643677e-02
-4.985821992158889771e-02
-3.793684393167495728e-02
-1.494047231972217560e-02
4.913123697042465210e-02
-3.552135825157165527e-02
-2.863954007625579834e-02
-4.511684924364089966e-02
-8.751496672630310059e-03
-7.271752506494522095e-02
7.319423835724592209e-03
-7.679353002458810806e-04
1.770718209445476532e-02
-1.074872352182865143e-02
2.717002294957637787e-02
-6.673944741487503052e-02
-7.885831594467163086e-02
2.151358174160122871e-03
9.414972364902496338e-02
1.317643187940120697e-02
-8.485363796353340149e-03
-4.597058892250061035e-02
7.824023067951202393e-02
5.592070147395133972e-02
2.416628971695899963e-02
8.531228639185428619e-03
8.172608166933059692e-02
5.169463343918323517e-03
-6.452938541769981384e-03
-2.384166233241558075e-03
1.160330045968294144e-02
-1.548690441995859146e-02
6.079913303256034851e-02
-1.054928824305534363e-02
-5.187565926462411880e-03
-6.298222579061985016e-04
6.597856432199478149e-02
1.594111509621143341e-02
8.719835430383682251e-03
2.426985837519168854e-02
7.207623124122619629e-02
-1.816604100167751312e-02
7.804641500115394592e-03
-1.079961471259593964e-02
8.302273228764533997e-03
-2.157950401306152344e-02
-1.967518962919712067e-02
-2.094043791294097900e-02
2.524735033512115479e-02
1.043894514441490173e-02
-5.626417696475982666e-02
6.807112134993076324e-03
-1.787547208368778229e-02
4.492633044719696045e-03
-1.004825718700885773e-02
9.534801542758941650e-02
3.588442131876945496e-02
1.010418590158224106e-02
3.468658775091171265e-02
3.520913422107696533e-02
-3.426055610179901123e-02
-6.529216468334197998e-02
6.930574309080839157e-04
-5.277276039123535156e-02
4.947088286280632019e-02
-1.153023215010762215e-03
1.409285888075828552e-02
-1.327015608549118042e-01
3.143949434161186218e-02
-1.663841679692268372e-02
-9.768311865627765656e-04
-6.650807335972785950e-03
2.025669999420642853e-02
1.628463715314865112e-02
-3.064896166324615479e-02
-3.741076216101646423e-02
-4.577845707535743713e-02
-8.275835216045379639e-02
4.244615137577056885e-02
-6.729939579963684082e-02
-3.103914484381675720e-02
-5.651722848415374756e-02
3.088584914803504944e-02
1.444302592426538467e-02
-8.769283071160316467e-03
1.971239596605300903e-02
3.654871135950088501e-02
-7.419295608997344971e-03
-2.887864410877227783e-02
-4.161342605948448181e-02
2.863182872533798218e-02
-4.914023727178573608e-02
4.969347640872001648e-02
4.212043434381484985e-02
-3.329118713736534119e-02
1.921768859028816223e-02
-1.627614535391330719e-02
1.928519271314144135e-02
-8.250148966908454895e-03
-2.732901833951473236e-02
-2.683405531570315361e-03
-8.188562840223312378e-02
2.578821033239364624e-02
-3.099153190851211548e-02
4.120073094964027405e-02
3.209033980965614319e-02
1.243452448397874832e-02
7.075081765651702881e-02
3.457722812891006470e-02
2.027737163007259369e-02
-2.658241242170333862e-02
-4.942652210593223572e-02
4.117138683795928955e-02
-3.280724212527275085e-02
-4.941568709909915924e-03
-2.401822619140148163e-02
-1.390163693577051163e-02
1.763337641023099422e-04
5.375239998102188110e-03
-3.620304167270660400e-03
-1.270724646747112274e-02
2.023551054298877716e-02
-2.700945176184177399e-02
-2.193181961774826050e-02
-3.845927864313125610e-02
-1.007175887934863567e-03
-1.517850626260042191e-02
3.925094846636056900e-03
-4.546697065234184265e-02
-5.760731175541877747e-02
6.385513697750866413e-04
9.290956705808639526e-02
-6.435935199260711670e-02
9.472351521253585815e-02
-2.241530083119869232e-02
1.086873747408390045e-02
3.087747469544410706e-02
-4.279438033699989319e-02
-4.982251301407814026e-02
-1.040116325020790100e-01
