6.229693070054054260e-03
6.617301609367132187e-03
5.073161795735359192e-02
-1.858376199379563332e-03
2.294044010341167450e-02
-1.451173797249794006e-02
-6.887043360620737076e-03
1.896126940846443176e-02
-3.814223036170005798e-02
-1.223998609930276871e-02
1.257441006600856781e-03
2.071342058479785919e-02
-2.195707149803638458e-02
3.361626714468002319e-02
2.081058482872322202e-04
-1.502039283514022827e-02
-4.055841360241174698e-03
-5.824954248964786530e-03
-1.496654748916625977e-01
8.291039615869522095e-03
1.821410655975341797e-02
2.697020210325717926e-02
7.007995620369911194e-03
1.369554083794355392e-03
2.878619357943534851e-03
-1.231961417943239212e-02
3.272801637649536133e-02
-2.359512075781822205e-02
-4.169140476733446121e-03
3.747705742716789246e-02
-1.386141628026962280e-01
9.279213845729827881e-03
1.006705872714519501e-02
1.808645389974117279e-02
1.337792072445154190e-02
-1.533938106149435043e-02
2.832069247961044312e-02
-1.391271222382783890e-02
1.960835652425885201e-03
2.443181117996573448e-03
1.488194451667368412e-03
6.086418870836496353e-03
1.009629219770431519e-01
3.405541926622390747e-02
1.374462712556123734e-02
-1.262481231242418289e-02
3.848727047443389893e-02
2.478937432169914246e-02
3.668995574116706848e-03
1.952695893123745918e-03
4.476346820592880249e-02
2.562370523810386658e-02
-2.942405082285404205e-02
-6.392854452133178711e-02
2.382736839354038239e-02
-1.900207251310348511e-02
1.432780828326940536e-02
-1.067404635250568390e-02
4.672565758228302002e-01
-7.064312696456909180e-02
1.818579994142055511e-02
-5.766754038631916046e-03
3.643844509497284889e-03
-4.461322724819183350e-02
-9.674844332039356232e-03
4.150971770286560059e-02
-3.844882920384407043e-02
5.724526010453701019e-03
-9.716129302978515625e-02
4.754946101456880569e-03
3.324549179524183273e-03
8.327623072545975447e-05
-2.687127888202667236e-02
3.712765872478485107e-03
-2.736907918006181717e-03
2.016541361808776855e-02
6.543344352394342422e-03
-8.055048994719982147e-03
4.963807761669158936e-03
-1.288537085056304932e-01
-1.637290418148040771e-02
-7.562587969005107880e-03
-7.773763965815305710e-03
-5.100054666399955750e-02
-1.717611216008663177e-02
-7.621713913977146149e-03
9.576974436640739441e-03
-2.053307928144931793e-02
-7.203137502074241638e-03
-1.226794254034757614e-02
-1.607183739542961121e-02
3.125826595351099968e-03
3.010721411556005478e-03
2.420355193316936493e-02
-6.477296818047761917e-03
1.589731685817241669e-02
-2.881426550447940826e-02
8.751097135245800018e-03
-5.243166536092758179e-02
2.119418000802397728e-03
3.068720456212759018e-03
3.419172391295433044e-02
-1.891674590297043324e-03
-7.604290265589952469e-03
-1.493599917739629745e-02
2.579774335026741028e-02
-1.600172743201255798e-02
-6.174467969685792923e-03
-6.547587458044290543e-03
4.298106953501701355e-02
2.412470988929271698e-02
1.086197327822446823e-02
1.352402288466691971e-02
3.105983324348926544e-02
-1.094918977469205856e-02
7.605995982885360718e-03
-4.871866852045059204e-02
-6.057984661310911179e-03
-1.660079928115010262e-03
5.254244897514581680e-03
-1.026693545281887054e-02
1.107342448085546494e-02
-4.081223625689744949e-03
-1.273386739194393158e-02
5.596866458654403687e-02
-6.239101756364107132e-03
-3.873126208782196045e-02
6.055719684809446335e-03
1.953496597707271576e-02
6.822623312473297119e-02
3.873796761035919189e-02
4.581815004348754883e-02
1.278206938877701759e-03
5.038884934037923813e-03
3.347118571400642395e-02
-1.160540431737899780e-02
9.293137118220329285e-03
-1.659717527218163013e-03
-4.138180613517761230e-02
-1.206427067518234253e-02
6.358061730861663818e-02
3.063963167369365692e-02
-1.136320829391479492e-02
4.533712752163410187e-03
-2.272105775773525238e-03
-2.057898640632629395e-01
1.913393288850784302e-02
-2.382844453677535057e-03
-1.977396570146083832e-02
1.217108312994241714e-02
-2.209687046706676483e-02
5.040769930928945541e-03
-1.913475617766380310e-02
-8.606272749602794647e-03
1.497411541640758514e-02
9.400241076946258545e-03
3.056563436985015869e-03
8.853365579852834344e-05
4.948429763317108154e-02
6.198643893003463745e-02
-3.093586117029190063e-02
1.060407608747482300e-01
-7.132783532142639160e-02
1.404239609837532043e-02
8.187043480575084686e-03
-1.439436897635459900e-02
-1.542153023183345795e-02
1.539656892418861389e-02
2.290098555386066437e-02
1.239082217216491699e-02
-2.932132780551910400e-02
1.091282814741134644e-02
-2.906022593379020691e-02
-2.446898259222507477e-02
6.523498799651861191e-03
-8.242839016020298004e-03
8.625787450000643730e-04
3.463652357459068298e-02
-6.509485095739364624e-02
1.662740856409072876e-02
3.605208545923233032e-02
-1.836292794905602932e-03
-3.632414445746690035e-04
-2.058142563328146935e-03
4.615136887878179550e-03
-1.933968663215637207e-01
5.028061568737030029e-02
1.178264245390892029e-02
2.154503948986530304e-02
2.976195327937602997e-02
-2.294722944498062134e-03
-2.032251469790935516e-02
-1.242995727807283401e-02
1.560784783214330673e-02
1.525100669823586941e-04
-2.892418764531612396e-03
9.776128828525543213e-02
-1.440536510199308395e-02
-1.581094786524772644e-02
-7.514769677072763443e-03
-4.780085384845733643e-02
-2.676645852625370026e-02
2.784244343638420105e-02
4.479962587356567383e-02
-5.145895294845104218e-03
-4.632340744137763977e-03
-2.577420137822628021e-02
-8.345601148903369904e-03
1.487963646650314331e-02
5.314652621746063232e-02
2.080471813678741455e-02
-6.784159224480390549e-03
5.073710810393095016e-03
4.355052020400762558e-03
4.145029187202453613e-02
3.603538870811462402e-02
-3.791327774524688721e-02
2.609620429575443268e-02
1.188148744404315948e-02
-2.541860379278659821e-02
1.227239705622196198e-02
-6.661176085472106934e-01
4.748690873384475708e-03
4.422840103507041931e-02
1.999065838754177094e-02
-3.466391935944557190e-04
3.481918480247259140e-03
1.504793646745383739e-03
2.422475442290306091e-02
1.313311886042356491e-02
-4.863142035901546478e-03
-2.970244735479354858e-02
6.968349218368530273e-02
-1.573471724987030029e-02
-8.697615936398506165e-03
-3.287614509463310242e-02
3.138681128621101379e-02
-1.778462156653404236e-02
1.648437697440385818e-03
-9.638424962759017944e-03
1.596694067120552063e-02
-5.448455922305583954e-03
1.382417082786560059e-01
1.679152995347976685e-02
-6.438303273171186447e-03
1.051700906828045845e-03
-1.866829954087734222e-02
-2.772510237991809845e-02
1.803959347307682037e-02
-1.607544533908367157e-02
7.979330606758594513e-03
-1.218301616609096527e-02
1.555619016289710999e-02
3.463370725512504578e-03
6.033658515661954880e-03
-1.695174910128116608e-02
-4.338850826025009155e-02
-2.817362174391746521e-02
-1.710176318883895874e-01
3.597705066204071045e-02
-5.775374919176101685e-02
-6.814059615135192871e-02
-4.523209854960441589e-02
3.357243537902832031e-02
-9.341132640838623047e-02
1.041333451867103577e-01
8.163778111338615417e-03
-2.307274611666798592e-03
9.149050712585449219e-02
-2.633993886411190033e-02
6.589325517416000366e-02
8.428627997636795044e-02
9.947737306356430054e-02
-5.979941040277481079e-02
5.887632723897695541e-03
4.344559460878372192e-02
-1.534444987773895264e-01
1.552291330881416798e-03
1.321956142783164978e-02
-1.010131537914276123e-01
3.629445564001798630e-03
1.984556950628757477e-02
-2.254588901996612549e-02
-1.027135085314512253e-02
-5.950932949781417847e-02
-1.403864622116088867e-01
8.646806329488754272e-02
-2.925870567560195923e-02
-3.625190630555152893e-02
-5.763192474842071533e-02
4.791323840618133545e-02
2.156835980713367462e-02
-7.484113425016403198e-02
-1.562297530472278595e-02
-4.441280663013458252e-02
1.340752746909856796e-02
2.904029749333858490e-02
1.387244015932083130e-01
-8.251801878213882446e-02
4.559716209769248962e-02
5.427460744976997375e-02
-9.127702564001083374e-02
7.698679566383361816e-01
-1.683237999677658081e-01
-1.433195173740386963e-01
-2.700432389974594116e-02
-9.984083473682403564e-02
-4.916725307703018188e-02
-1.782151758670806885e-01
5.077565088868141174e-02
1.258068829774856567e-01
9.968506544828414917e-02
4.629363492131233215e-02
4.590097442269325256e-02
1.607092795893549919e-03
-6.883182376623153687e-02
1.744789481163024902e-01
-6.372159719467163086e-02
-8.001957088708877563e-03
1.398649066686630249e-01
-4.866554960608482361e-02
6.883379537612199783e-03
-1.210746541619300842e-02
2.333241887390613556e-02
5.055180937051773071e-02
-2.272819355130195618e-02
5.613477434962987900e-03
-1.879042945802211761e-02
-2.664977125823497772e-02
-2.002527751028537750e-02
-1.953731989488005638e-03
-2.817415073513984680e-02
-4.306345060467720032e-02
3.318355418741703033e-03
2.624688670039176941e-02
-4.516140371561050415e-02
4.334210231900215149e-02
3.451576922088861465e-03
1.715650595724582672e-02
3.521583974361419678e-02
1.088863909244537354e-01
-2.907777205109596252e-02
4.094783589243888855e-02
6.899897754192352295e-02
-1.343899499624967575e-02
-6.637233495712280273e-02
-4.407010227441787720e-02
1.273450721055269241e-02
-6.309100240468978882e-02
-3.837550431489944458e-02
8.522859215736389160e-02
-3.099270537495613098e-02
-3.226389363408088684e-02
-2.033046074211597443e-02
-4.564054775983095169e-03
-1.872211322188377380e-02
4.081211984157562256e-02
6.202775985002517700e-02
1.701716519892215729e-02
-5.543448776006698608e-02
7.365562487393617630e-03
2.223878400400280952e-03
2.425167709589004517e-02
-3.746211528778076172e-02
8.416217751801013947e-03
-5.026274360716342926e-03
-7.028289139270782471e-03
-5.785297602415084839e-03
9.469561278820037842e-02
2.960284799337387085e-02
1.179121341556310654e-02
7.933253049850463867e-02
-3.308709710836410522e-03
5.187727510929107666e-02
-9.465563111007213593e-03
-1.263621356338262558e-02
2.197046764194965363e-02
-2.735996805131435394e-02
-1.846433803439140320e-02
6.127207353711128235e-02
-4.010958224534988403e-02
-4.820743575692176819e-02
2.003899216651916504e-02
-1.677671389188617468e-05
-3.372590243816375732e-02
1.090261936187744141e-01
-4.817923530936241150e-03
2.044119127094745636e-02
-1.521565672010183334e-02
2.393791265785694122e-02
-4.218657314777374268e-02
1.279966160655021667e-02
-5.973824113607406616e-02
1.427807379513978958e-02
-9.049566462635993958e-03
4.012057557702064514e-02
2.027318067848682404e-02
9.577454626560211182e-02
-4.274775087833404541e-02
-5.250953882932662964e-02
-2.835132554173469543e-02
-8.556367456912994385e-02
-3.582861740142107010e-03
-2.067048102617263794e-02
1.188329458236694336e-01
6.429759785532951355e-03
3.359490947332233191e-04
5.135826766490936279e-02
-1.313908770680427551e-02
1.322454307228326797e-02
-1.111809238791465759e-01
3.523456677794456482e-02
4.350259527564048767e-02
1.985685899853706360e-02
4.571539908647537231e-02
4.997487366199493408e-02
3.919125720858573914e-02
-6.793101876974105835e-02
-4.756742157042026520e-03
1.757120899856090546e-02
3.787852078676223755e-02
2.812431752681732178e-02
3.785080090165138245e-02
-9.109813719987869263e-03
-6.455789785832166672e-03
3.115351125597953796e-02
4.325556382536888123e-02
-6.527672056108713150e-03
-1.193321403115987778e-02
6.021961942315101624e-02
-1.123632416129112244e-01
5.731087923049926758e-02
4.936813935637474060e-02
1.025538146495819092e-01
2.027291245758533478e-02
-3.727219253778457642e-02
2.170734666287899017e-02
-1.690286025404930115e-02
-3.423683810979127884e-03
-5.160721391439437866e-02
1.116838492453098297e-02
1.459068618714809418e-02
3.911249805241823196e-03
-4.641440883278846741e-02
-1.014869287610054016e-01
3.554366901516914368e-02
5.549664050340652466e-02
-6.399776786565780640e-02
4.075294360518455505e-02
1.984056085348129272e-02
8.667685091495513916e-03
-2.744666673243045807e-02
-9.590363502502441406e-02
2.653639577329158783e-02
6.581947207450866699e-03
1.248142775148153305e-02
2.482363022863864899e-02
-1.031324360519647598e-02
-2.184087410569190979e-02
-3.702040389180183411e-02
7.332877814769744873e-02
-5.143966991454362869e-03
8.418276906013488770e-02
-5.039801076054573059e-02
3.050295403227210045e-03
2.922763675451278687e-02
3.589299740269780159e-03
1.951815909706056118e-03
1.154430862516164780e-02
-8.006364107131958008e-02
1.123358868062496185e-02
2.479622513055801392e-02
7.752896635793149471e-04
-8.485155995003879070e-04
-4.878481477499008179e-02
-4.594195261597633362e-02
-1.118191983550786972e-02
-2.759948745369911194e-02
6.070952862501144409e-02
3.289170190691947937e-02
-2.086446434259414673e-02
1.132874563336372375e-01
2.993070334196090698e-02
-2.996493130922317505e-02
2.242604829370975494e-02
1.847930066287517548e-02
2.354397997260093689e-02
1.071208119392395020e-01
-2.470945008099079132e-02
3.034648671746253967e-02
-1.233411021530628204e-02
-1.885957317426800728e-03
8.654290437698364258e-02
-1.380562316626310349e-03
3.265513340011239052e-03
5.092654749751091003e-02
5.692987143993377686e-02
4.052114486694335938e-02
7.951447367668151855e-02
3.403363376855850220e-02
1.946315355598926544e-02
-6.488616019487380981e-02
-2.748396806418895721e-02
5.613296525552868843e-05
1.570624858140945435e-02
-1.835929229855537415e-02
5.195815116167068481e-03
1.322473678737878799e-02
2.043863572180271149e-02
-2.761384472250938416e-02
-1.048233732581138611e-02
-2.684281207621097565e-02
3.053896874189376831e-02
8.945986628532409668e-02
-2.822393737733364105e-02
2.723373472690582275e-02
-1.262839287519454956e-01
5.828510038554668427e-04
7.283791154623031616e-02
1.884865574538707733e-02
-2.999717555940151215e-02
-5.321182683110237122e-02
-6.699863821268081665e-02
-6.817140430212020874e-02
-1.190091483294963837e-02
7.511589676141738892e-02
3.422354161739349365e-02
-1.102352142333984375e-02
-8.071511983871459961e-03
-4.879675433039665222e-02
-2.511867322027683258e-02
-1.383862271904945374e-02
-4.314730316400527954e-02
5.704071000218391418e-02
-2.766728773713111877e-02
7.070798426866531372e-02
5.224112421274185181e-03
-1.160870958119630814e-02
2.590035833418369293e-02
1.730933785438537598e-02
-2.671726047992706299e-02
1.322800200432538986e-02
3.519417345523834229e-02
-2.895734086632728577e-02
-6.123232189565896988e-03
1.079659676179289818e-03
-3.693635761737823486e-02
-5.699707195162773132e-02
-1.633502356708049774e-02
-3.506925702095031738e-02
1.315834815613925457e-03
-8.509675040841102600e-03
-2.634400315582752228e-02
-5.854215123690664768e-04
-1.428267918527126312e-02
-4.867431893944740295e-02
2.357853390276432037e-02
-8.816116489470005035e-03
-5.427137366496026516e-04
2.818986587226390839e-02
-2.651374973356723785e-02
8.515509217977523804e-02
-1.375976949930191040e-02
6.073051318526268005e-02
-3.659675642848014832e-02
-4.864117130637168884e-02
1.539230532944202423e-02
-5.441994592547416687e-02
2.199957892298698425e-02
4.527740180492401123e-02
2.808457054197788239e-02
-2.776477858424186707e-02
-7.018017023801803589e-02
6.510632485151290894e-02
3.377833589911460876e-02
-1.198204886168241501e-02
-4.353480041027069092e-02
-4.731995612382888794e-02
1.246166788041591644e-02
9.602930396795272827e-03
-1.839687116444110870e-02
-7.938493043184280396e-03
9.109426289796829224e-03
1.111865416169166565e-02
4.166666418313980103e-03
-6.309002637863159180e-03
6.623307242989540100e-03
6.919573992490768433e-02
-6.265172734856605530e-03
1.924817450344562531e-02
-8.597115986049175262e-03
-5.613826215267181396e-03
3.458699211478233337e-02
1.680751331150531769e-02
-1.375117301940917969e-01
3.675195947289466858e-02
-2.988504245877265930e-03
-4.873663932085037231e-02
-6.815457344055175781e-02
1.129651349037885666e-02
-1.343684829771518707e-02
1.331983506679534912e-01
1.212853193283081055e-02
2.159437537193298340e-02
-1.418160088360309601e-02
-3.536024689674377441e-02
-1.491083204746246338e-02
7.197383046150207520e-02
1.193013414740562439e-01
-3.503339737653732300e-02
-2.765221148729324341e-02
1.705178059637546539e-02
-1.200004015117883682e-02
-6.770306825637817383e-02
-1.211571693420410156e-01
3.613426908850669861e-02
1.228903047740459442e-02
-3.711162135004997253e-02
-1.905354857444763184e-02
3.232370689511299133e-02
4.076542332768440247e-02
7.541526854038238525e-02
-1.457207836210727692e-02
-3.596547059714794159e-03
4.228485748171806335e-02
7.770470529794692993e-02
-1.080108527094125748e-02
-5.634638480842113495e-03
-8.736145682632923126e-03
1.010294258594512939e-02
1.871033944189548492e-02
-1.526745110750198364e-01
-1.520757679827511311e-03
3.614904358983039856e-02
-9.665935486555099487e-02
-1.821318455040454865e-02
1.240543089807033539e-03
4.086603596806526184e-02
5.617779120802879333e-02
-2.181033417582511902e-02
-3.216999769210815430e-02
-3.987839818000793457e-02
-7.352751679718494415e-03
4.198710247874259949e-02
3.988882526755332947e-02
-1.972187496721744537e-02
-3.094015456736087799e-02
-2.730962447822093964e-02
-2.033886685967445374e-02
-4.209261760115623474e-02
2.396225463598966599e-03
7.284079212695360184e-03
-6.734948605298995972e-02
-3.364917635917663574e-02
9.298732504248619080e-03
2.926383912563323975e-02
1.557049690745770931e-03
2.720678970217704773e-02
8.406318724155426025e-02
1.863045990467071533e-02
-6.109267473220825195e-02
8.577654138207435608e-03
-7.215241342782974243e-02
2.375962585210800171e-02
2.590135671198368073e-02
-1.019024848937988281e-01
-2.472423017024993896e-02
4.887335374951362610e-02
-4.648450389504432678e-02
-1.926937256939709187e-03
2.055245824158191681e-02
5.369840189814567566e-03
7.102602161467075348e-03
2.679226547479629517e-02
-7.160673290491104126e-02
-4.200404044240713120e-03
-4.052660986781120300e-02
5.453686043620109558e-02
4.886213317513465881e-02
1.977666467428207397e-02
-6.587785203009843826e-03
-3.056181035935878754e-02
2.023866586387157440e-02
1.557299196720123291e-01
3.394114971160888672e-02
-4.729345440864562988e-02
1.179534848779439926e-02
-1.028754562139511108e-01
-3.309574723243713379e-02
-1.175298728048801422e-02
3.920082747936248779e-02
-8.910458534955978394e-03
-9.668216109275817871e-02
-2.588628605008125305e-02
-2.975314855575561523e-02
-4.447859153151512146e-02
-1.014106674119830132e-03
6.856081634759902954e-02
-5.586577951908111572e-02
-6.691323965787887573e-02
6.603560596704483032e-02
-6.854030489921569824e-02
1.519393268972635269e-02
-2.992198057472705841e-02
-1.740767154842615128e-03
-1.066268607974052429e-02
4.294010251760482788e-02
-4.776901751756668091e-02
-6.258954107761383057e-02
2.750176936388015747e-02
2.257405221462249756e-02
6.755740940570831299e-02
2.480707503855228424e-02
-1.666004955768585205e-02
2.944246167317032814e-03
1.490601524710655212e-02
3.992113843560218811e-02
-5.678011849522590637e-02
1.193793863058090210e-01
-1.769718714058399200e-02
-1.797478459775447845e-02
4.983328282833099365e-03
-1.941364817321300507e-02
3.672481328248977661e-02
5.838366970419883728e-02
-3.457069769501686096e-02
3.149700537323951721e-02
1.351433806121349335e-02
6.455057859420776367e-02
1.546898018568754196e-02
-4.555576667189598083e-02
-5.504404753446578979e-02
2.973716519773006439e-02
2.803063392639160156e-02
4.552892968058586121e-02
4.458912461996078491e-02
3.556578606367111206e-02
-5.388243868947029114e-02
-2.061767689883708954e-02
-1.292058173567056656e-02
1.346095092594623566e-02
2.036199718713760376e-02
-1.148206461220979691e-02
-2.023772522807121277e-02
-1.709507405757904053e-02
-2.666196785867214203e-03
5.128782615065574646e-02
7.237211614847183228e-02
-3.241503844037652016e-03
4.741987958550453186e-02
7.534261327236890793e-03
-7.887603715062141418e-03
-2.970036305487155914e-02
-6.435898691415786743e-02
2.382583543658256531e-02
4.687632247805595398e-02
1.087948679924011230e-02
-2.348518557846546173e-02
4.974950477480888367e-02
-8.857429027557373047e-02
4.070954024791717529e-02
3.480902686715126038e-02
-2.171693742275238037e-02
3.426353633403778076e-02
-2.603919617831707001e-02
8.810613304376602173e-03
-4.990684613585472107e-02
-3.151648491621017456e-02
-4.790359735488891602e-02
-4.480983316898345947e-02
6.034959107637405396e-02
-8.077083528041839600e-02
-3.534949151799082756e-03
-4.701057821512222290e-02
3.561682626605033875e-02
7.494825986213982105e-04
-5.961586534976959229e-02
6.947944313287734985e-02
-3.903912752866744995e-02
7.350988220423460007e-03
-5.398539826273918152e-02
-1.036035344004631042e-01
-1.340112555772066116e-02
-6.023313105106353760e-02
3.611132875084877014e-02
5.613459646701812744e-02
-7.082848995923995972e-02
-1.239063497632741928e-02
2.676195930689573288e-03
3.743480518460273743e-02
-2.593009360134601593e-02
-3.282147645950317383e-02
2.510429732501506805e-02
-5.972080677747726440e-02
7.412621052935719490e-04
-2.408777922391891479e-02
2.866059914231300354e-02
4.034378752112388611e-02
-5.672702100127935410e-03
2.737406082451343536e-02
2.798025123775005341e-02
-5.376264080405235291e-02
-2.341295592486858368e-02
-1.042302791029214859e-02
3.670772910118103027e-02
-2.763127721846103668e-02
2.056588232517242432e-02
1.544243097305297852e-02
-2.069938555359840393e-02
-2.303523756563663483e-02
8.572687394917011261e-03
-2.135504409670829773e-02
-4.922169819474220276e-02
2.275242004543542862e-03
3.209640085697174072e-02
6.451828777790069580e-02
-6.806658953428268433e-02
-2.956642070785164833e-03
-2.153973467648029327e-02
5.311098415404558182e-03
5.640593171119689941e-02
-3.271381137892603874e-03
2.089457120746374130e-03
-3.667817451059818268e-03
-4.791958257555961609e-02
1.141723692417144775e-01
-4.231068119406700134e-02
5.409899353981018066e-02
6.918815895915031433e-03
3.747581271454691887e-03
-1.315750880166888237e-03
-9.336732327938079834e-02
