3.359602391719818115e-02
-2.566076070070266724e-02
3.673633327707648277e-04
-3.195399418473243713e-03
4.729121457785367966e-03
1.397976744920015335e-02
1.429690606892108917e-02
-1.592651940882205963e-02
-4.272136837244033813e-02
7.896363735198974609e-03
-4.293616395443677902e-03
8.642546599730849266e-04
1.956746168434619904e-02
5.516665987670421600e-03
-1.613872870802879333e-02
-1.362330187112092972e-02
8.271633647382259369e-03
4.410965833812952042e-03
1.334813237190246582e-01
4.360920935869216919e-02
8.207933045923709869e-03
5.385790765285491943e-02
-3.717716783285140991e-02
-2.028192975558340549e-04
-5.219357553869485855e-03
6.895129918120801449e-04
-8.929895120672881603e-04
-1.349645946174860001e-02
-2.809786610305309296e-02
1.047745905816555023e-02
5.438805371522903442e-02
1.204141043126583099e-02
1.178852375596761703e-02
-1.688546128571033478e-02
7.102622650563716888e-03
1.907999254763126373e-02
-4.906218498945236206e-03
1.800624839961528778e-02
1.982019655406475067e-02
-1.876757293939590454e-02
-1.863491721451282501e-02
-1.084946095943450928e-02
-9.345325827598571777e-02
-2.462086454033851624e-02
-9.423407725989818573e-03
-2.911730436608195305e-03
-3.260214626789093018e-02
1.246481388807296753e-02
5.951979197561740875e-03
5.204555578529834747e-03
1.356292609125375748e-02
-6.843055784702301025e-02
3.760483860969543457e-02
-1.399292959831655025e-03
-4.166714847087860107e-02
-2.278203330934047699e-02
-9.901780635118484497e-03
-6.015881896018981934e-03
4.227418303489685059e-01
4.380891099572181702e-02
-2.428704686462879181e-02
3.251874446868896484e-02
1.824709400534629822e-02
-3.716972097754478455e-02
3.611897351220250130e-03
3.777843341231346130e-02
-1.637675240635871887e-02
-1.795225404202938080e-02
3.580302000045776367e-02
2.355824783444404602e-02
1.536527462303638458e-02
-1.637310022488236427e-03
1.374219893477857113e-03
4.044355009682476521e-04
1.143509289249777794e-03
1.555905211716890335e-02
-2.728540264070034027e-02
-9.788282215595245361e-03
9.166979230940341949e-03
1.067834645509719849e-01
-2.580546960234642029e-02
2.533488161861896515e-02
-5.348230246454477310e-03
8.928083628416061401e-02
3.826262801885604858e-02
8.614317514002323151e-03
1.192704122513532639e-02
5.149249918758869171e-03
4.329215735197067261e-02
-2.362112049013376236e-03
3.043502802029252052e-03
1.913315616548061371e-02
1.323100179433822632e-02
1.984128728508949280e-02
-1.835874095559120178e-02
-1.195703539997339249e-02
9.786373004317283630e-03
-2.152195759117603302e-02
3.691175580024719238e-02
-1.646394841372966766e-02
-7.850393652915954590e-03
6.419769953936338425e-03
2.831953112035989761e-03
1.350643392652273178e-02
1.004081685096025467e-02
-1.339041534811258316e-02
2.523376606404781342e-02
-1.378248352557420731e-02
3.534734994173049927e-02
-1.944158039987087250e-02
-3.883059369400143623e-03
2.399489656090736389e-02
1.067583169788122177e-02
2.169540384784340858e-03
-1.372680999338626862e-02
-3.347609192132949829e-03
-4.933215677738189697e-03
-1.766173541545867920e-02
1.862754486501216888e-02
-2.359690377488732338e-03
-3.218172350898385048e-03
-4.314938560128211975e-04
-1.190843991935253143e-02
-1.259763818234205246e-02
-2.197710424661636353e-02
1.958942972123622894e-02
-2.556284330785274506e-02
-2.100250916555523872e-03
6.248101592063903809e-03
3.705223277211189270e-02
-1.594435609877109528e-02
-1.714495196938514709e-02
-3.335941955447196960e-02
-4.316922742873430252e-03
-1.186540257185697556e-02
5.857482552528381348e-03
1.123512070626020432e-02
2.498863078653812408e-02
-8.655021339654922485e-02
7.371074985712766647e-03
-4.183070734143257141e-02
-1.106882933527231216e-02
-1.765706576406955719e-02
-1.320575177669525146e-02
-2.900379151105880737e-02
1.587938666343688965e-01
-2.033853717148303986e-02
-3.332145279273390770e-03
-1.415666099637746811e-02
-2.665692195296287537e-02
2.742057107388973236e-02
1.823617331683635712e-02
-1.987009495496749878e-02
2.157591655850410461e-02
9.251474402844905853e-03
-2.983224764466285706e-02
2.141023427248001099e-02
1.166067644953727722e-02
-5.691961571574211121e-02
-1.260415650904178619e-02
9.300793521106243134e-03
-6.921345740556716919e-02
2.591172046959400177e-02
1.754540205001831055e-02
5.608053877949714661e-03
6.517211347818374634e-02
-2.123043686151504517e-02
-1.617614738643169403e-02
1.247613807208836079e-03
1.947926729917526245e-02
2.300693653523921967e-02
-1.052315533161163330e-02
1.423021778464317322e-02
-6.597214378416538239e-03
5.309112370014190674e-02
3.464670479297637939e-02
1.853197626769542694e-02
-1.488638296723365784e-02
-4.552711546421051025e-02
9.363644639961421490e-04
7.676403038203716278e-04
-3.894356638193130493e-02
1.518379664048552513e-03
3.407712653279304504e-02
5.500511266291141510e-03
5.973058193922042847e-02
-5.288432165980339050e-02
-2.214587479829788208e-02
-6.964639760553836823e-04
2.026951499283313751e-02
4.797963425517082214e-02
3.961997106671333313e-02
2.009428339079022408e-03
-3.416437655687332153e-02
1.888107508420944214e-03
3.635732829570770264e-02
2.895348891615867615e-02
2.654865942895412445e-02
6.350408494472503662e-02
-2.973900549113750458e-02
2.282282710075378418e-02
2.759918011724948883e-02
1.367364544421434402e-02
-1.869665086269378662e-02
1.651364751160144806e-02
-3.192108497023582458e-02
5.899442359805107117e-03
1.411858759820461273e-02
2.441469579935073853e-02
-1.121624708175659180e-01
1.730523654259741306e-03
-7.316954899579286575e-03
3.275762312114238739e-03
1.437823381274938583e-02
9.536876343190670013e-03
-5.121738649904727936e-03
1.008750172331929207e-03
5.389546230435371399e-02
-2.160997316241264343e-02
4.075923003256320953e-03
1.458064303733408451e-03
-7.729259133338928223e-01
1.354223117232322693e-02
-3.205775097012519836e-02
-4.403476603329181671e-03
-7.425790186971426010e-03
1.132107991725206375e-02
-7.614155299961566925e-03
1.805323362350463867e-02
1.117677986621856689e-02
-1.456164638511836529e-03
-4.644528403878211975e-02
3.910166211426258087e-03
3.224454121664166451e-03
-1.904002018272876740e-02
7.824708154657855630e-05
-6.285354029387235641e-03
-1.034694490954279900e-03
-1.138398982584476471e-02
-6.353804375976324081e-03
-5.790062248706817627e-03
7.988163270056247711e-03
-6.700506061315536499e-02
3.295767819508910179e-03
-1.233414560556411743e-02
2.982559427618980408e-02
7.691389415413141251e-03
9.697511792182922363e-03
-9.325107559561729431e-03
-2.231593243777751923e-02
1.876567141152918339e-03
-7.285530678927898407e-03
3.719768300652503967e-02
-6.621892563998699188e-03
-2.077373676002025604e-02
-2.151967957615852356e-02
1.042901948094367981e-01
-5.484282597899436951e-02
-7.474186271429061890e-02
5.516944825649261475e-02
3.485421463847160339e-02
-3.269016370177268982e-02
5.370463058352470398e-02
-7.552022486925125122e-02
6.837523076683282852e-03
2.082648500800132751e-02
1.801598221063613892e-01
4.380247741937637329e-02
-7.531744777224957943e-04
-4.761453252285718918e-03
-4.452196136116981506e-02
4.017810896039009094e-02
5.225224047899246216e-02
6.786127388477325439e-02
-2.740613557398319244e-02
-8.326732553541660309e-03
-5.796162411570549011e-02
-2.928460575640201569e-02
-3.822071105241775513e-02
9.362835437059402466e-02
2.655577100813388824e-02
2.729311212897300720e-02
6.997335702180862427e-03
-7.426252961158752441e-02
-8.575698733329772949e-02
-2.466904744505882263e-02
2.573857307434082031e-01
3.877818956971168518e-02
-6.921024620532989502e-02
-6.969550251960754395e-02
1.039881110191345215e-01
-5.882027000188827515e-02
4.207219462841749191e-03
5.984710901975631714e-02
-9.786274284124374390e-03
2.689828351140022278e-02
-1.133862361311912537e-01
6.093249469995498657e-02
-8.910825476050376892e-03
-1.216757893562316895e-01
1.245855391025543213e-01
3.310024505481123924e-03
7.896051406860351562e-01
-1.327943056821823120e-01
-2.145184576511383057e-02
-1.428433209657669067e-01
8.444938808679580688e-03
7.441652566194534302e-02
4.106838256120681763e-02
1.624637097120285034e-01
-2.477291785180568695e-02
-6.080580502748489380e-02
1.495031863451004028e-01
-9.176905266940593719e-03
-3.164016455411911011e-02
-7.588633149862289429e-02
-7.473786175251007080e-02
-9.458343684673309326e-02
3.749043866991996765e-02
4.874339699745178223e-02
-2.569120004773139954e-02
-2.429736405611038208e-02
-6.576525978744029999e-03
-5.390232801437377930e-02
2.463267557322978973e-02
4.795484710484743118e-03
6.474890979006886482e-04
-1.002459693700075150e-02
8.262300863862037659e-03
-3.032936528325080872e-02
-6.418111920356750488e-02
2.312457002699375153e-02
2.831043861806392670e-02
6.474220752716064453e-02
1.788772642612457275e-02
2.981282537803053856e-03
-4.487965255975723267e-02
1.567456685006618500e-02
4.123230278491973877e-02
-1.869162172079086304e-02
-1.844156347215175629e-02
-8.939937688410282135e-03
-5.158208683133125305e-02
-3.029402717947959900e-02
6.828612089157104492e-02
1.059082970023155212e-01
4.160313867032527924e-03
-3.486642986536026001e-02
3.709219023585319519e-02
-5.322256684303283691e-02
2.336074225604534149e-02
1.206462457776069641e-02
-5.173983424901962280e-02
5.925114825367927551e-02
1.434347871690988541e-02
1.360811945050954819e-02
-5.010052584111690521e-03
7.692983839660882950e-03
1.773022115230560303e-02
-2.753299102187156677e-02
-5.134674161672592163e-02
6.694369018077850342e-02
5.057788267731666565e-02
-4.923453554511070251e-02
1.687591709196567535e-02
-2.945736050605773926e-02
1.053013931959867477e-02
6.078245490789413452e-02
-2.700365334749221802e-02
8.351269643753767014e-04
2.577892318367958069e-02
-1.506847143173217773e-02
1.229359023272991180e-02
-7.344624493271112442e-03
5.500178039073944092e-02
1.429940946400165558e-02
3.989608585834503174e-02
1.876935362815856934e-02
-3.344679251313209534e-02
2.443986013531684875e-02
2.094600535929203033e-02
2.267987839877605438e-02
-5.879448354244232178e-02
-1.121228747069835663e-02
1.319670025259256363e-02
5.582048743963241577e-02
3.186974674463272095e-02
-4.989325068891048431e-03
-1.573293656110763550e-02
-4.160533472895622253e-02
-7.165907416492700577e-03
-5.023316666483879089e-02
-3.505999967455863953e-02
2.949943207204341888e-02
1.845967490226030350e-03
-2.515215426683425903e-03
5.261198431253433228e-02
1.062461640685796738e-02
3.136808285489678383e-03
-1.033820882439613342e-01
9.483871981501579285e-03
-2.714732661843299866e-02
8.888893574476242065e-02
-3.443580493330955505e-02
-2.471513114869594574e-02
5.685350671410560608e-02
5.662530288100242615e-02
-1.525336224585771561e-02
-1.169023197144269943e-02
-4.604895785450935364e-02
-8.352178335189819336e-02
-2.381738834083080292e-02
1.037428826093673706e-01
-1.369094382971525192e-02
6.111949309706687927e-02
-1.977585814893245697e-02
2.192507870495319366e-02
-2.085868827998638153e-02
-5.127185583114624023e-02
-5.570116639137268066e-02
4.390017595142126083e-03
-2.117308788001537323e-02
-1.006577312946319580e-01
-3.958593308925628662e-02
-2.976459078490734100e-02
-4.206359386444091797e-02
-3.161538392305374146e-02
2.657471224665641785e-02
-9.030134230852127075e-02
-4.989875480532646179e-02
-3.363006748259067535e-03
4.722554609179496765e-02
-4.035780951380729675e-02
9.657856076955795288e-03
-3.684578835964202881e-02
-1.415224466472864151e-02
4.337143525481224060e-02
-8.883832395076751709e-02
-3.033207915723323822e-02
-1.571507938206195831e-02
-2.424247376620769501e-02
-1.134959515184164047e-02
-2.115768613293766975e-03
-3.466301038861274719e-02
-8.268204331398010254e-02
4.140799120068550110e-02
7.578634470701217651e-02
-5.645523220300674438e-02
2.339768782258033752e-02
2.839834243059158325e-02
-1.857899129390716553e-02
1.994754374027252197e-02
4.078291356563568115e-02
3.818547725677490234e-02
-1.679337210953235626e-02
-3.742592409253120422e-02
4.787940066307783127e-03
-9.143067523837089539e-03
-1.028095558285713196e-02
7.181525975465774536e-02
8.737275004386901855e-02
-1.041866489686071873e-03
9.383038617670536041e-03
3.988044708967208862e-02
-4.503161180764436722e-03
1.905194297432899475e-02
-4.050358012318611145e-02
-5.236158613115549088e-03
3.753201290965080261e-02
3.469583392143249512e-02
-4.795152321457862854e-02
-8.303669840097427368e-02
2.242940291762351990e-02
-3.421939909458160400e-02
5.372115597128868103e-02
-1.649990305304527283e-02
9.806720539927482605e-03
-4.628146439790725708e-02
-4.546375200152397156e-02
-6.167883425951004028e-02
2.263365685939788818e-02
2.281409874558448792e-02
-2.728395629674196243e-04
9.534224867820739746e-03
-6.577518302947282791e-03
1.667101867496967316e-02
-1.168892066925764084e-02
5.458210036158561707e-02
-9.372596442699432373e-02
-5.986296012997627258e-02
2.619544416666030884e-02
-8.729454874992370605e-02
-4.223412275314331055e-02
4.069973155856132507e-02
2.804518677294254303e-02
-5.159012507647275925e-03
-5.282303690910339355e-02
4.352062474936246872e-03
5.536228045821189880e-02
-4.260108992457389832e-02
6.743796169757843018e-02
-1.150194276124238968e-02
-6.633169949054718018e-02
5.454625561833381653e-02
1.570093445479869843e-02
-1.867055334150791168e-02
3.571738675236701965e-02
2.626962400972843170e-02
-1.338708796538412571e-03
9.942231699824333191e-03
2.283615618944168091e-02
4.899482056498527527e-02
1.025676145218312740e-03
3.498143330216407776e-02
-3.519775345921516418e-02
-2.330341935157775879e-02
4.968343302607536316e-03
5.773594602942466736e-03
-5.972946807742118835e-02
5.320327356457710266e-03
3.474290668964385986e-02
-3.098564781248569489e-02
-7.823111861944198608e-02
-9.875551611185073853e-02
3.989708796143531799e-02
1.054240111261606216e-02
-8.799586445093154907e-03
5.194581300020217896e-02
1.241183280944824219e-02
3.799959644675254822e-02
6.702401209622621536e-03
-2.366450056433677673e-02
-7.726025581359863281e-02
1.716091483831405640e-02
2.109590731561183929e-02
-6.996738165616989136e-02
3.670267388224601746e-02
2.262561395764350891e-02
-6.036573648452758789e-02
2.035895158769562840e-04
1.881927065551280975e-02
-2.143216133117675781e-02
-2.546022273600101471e-02
-9.464011527597904205e-03
-1.696232520043849945e-02
3.053643181920051575e-02
-1.017087325453758240e-01
-5.026577785611152649e-02
4.483515769243240356e-02
-8.068677969276905060e-03
4.876586794853210449e-02
-4.486201796680688858e-03
-3.263391926884651184e-02
8.475490845739841461e-03
-5.764438584446907043e-02
-4.572276026010513306e-02
-1.093146577477455139e-02
-5.229405593127012253e-03
-3.854074329137802124e-02
-1.237536408007144928e-02
-7.296022772789001465e-02
-2.192258276045322418e-02
4.958476126194000244e-02
4.390368238091468811e-02
1.238405238837003708e-02
-6.115509569644927979e-02
3.447153791785240173e-02
-1.095546875149011612e-02
-2.770552225410938263e-02
-4.858315456658601761e-03
-1.527213025838136673e-02
5.034936964511871338e-02
-3.682266175746917725e-02
3.374512493610382080e-02
-3.104038350284099579e-02
5.012134835124015808e-02
6.311321631073951721e-03
-9.405020624399185181e-03
-3.811438009142875671e-02
1.050350349396467209e-02
3.881761431694030762e-02
3.084894642233848572e-02
9.564892388880252838e-03
-1.378454919904470444e-02
-3.154879901558160782e-03
-8.430351316928863525e-02
3.796483203768730164e-02
-1.963375508785247803e-02
-2.497464232146739960e-02
4.779455810785293579e-02
7.867949083447456360e-03
-3.643572703003883362e-02
-3.591181337833404541e-02
1.087215635925531387e-02
-1.857322081923484802e-02
-1.638057455420494080e-02
4.219513759016990662e-02
5.539077892899513245e-02
2.565030590631067753e-04
3.591199964284896851e-02
-4.940209910273551941e-02
8.414781838655471802e-02
2.094222232699394226e-03
1.507022976875305176e-02
-3.830120712518692017e-02
-3.311768546700477600e-02
4.491436760872602463e-03
3.243935853242874146e-02
1.107621472328901291e-03
-3.193504735827445984e-02
2.253415249288082123e-02
-3.422020375728607178e-02
3.089070320129394531e-03
-1.372810732573270798e-02
-3.095901757478713989e-02
1.774232462048530579e-02
2.560705877840518951e-02
-5.381148681044578552e-02
-6.426770240068435669e-02
-3.297949954867362976e-02
-4.544189199805259705e-02
4.499476402997970581e-02
-4.068261769134551287e-04
5.187388882040977478e-02
-3.310110419988632202e-02
-1.136663253419101238e-03
-1.516282092779874802e-03
-1.826983690261840820e-02
-2.079024352133274078e-02
2.620604820549488068e-02
-3.107136860489845276e-02
-9.024377167224884033e-02
-1.373255159705877304e-02
4.764928016811609268e-03
2.505089715123176575e-02
-2.681036014109849930e-03
-9.108001738786697388e-02
3.226624801754951477e-02
2.694321423768997192e-02
2.745870128273963928e-02
-8.012431859970092773e-02
-5.612837523221969604e-02
2.060029469430446625e-02
-1.849902048707008362e-02
-4.623562842607498169e-02
-3.610233590006828308e-02
-5.205172300338745117e-02
9.604230523109436035e-03
-6.395605951547622681e-02
1.028326898813247681e-02
4.449559748172760010e-02
-6.545927375555038452e-02
-2.602407149970531464e-02
-7.258178293704986572e-02
1.283539086580276489e-02
-4.790768399834632874e-02
-1.820265431888401508e-03
-6.081239506602287292e-02
-1.892935484647750854e-02
1.929907687008380890e-02
2.206038869917392731e-02
4.665164276957511902e-02
2.955935150384902954e-02
-9.129805257543921471e-04
-1.775912009179592133e-02
-7.285902276635169983e-03
-6.363538559526205063e-03
-5.802031606435775757e-03
1.613195799291133881e-02
-1.004523038864135742e-01
1.681679114699363708e-02
-8.257876150310039520e-03
-5.631021037697792053e-02
-8.913980564102530479e-04
9.148438461124897003e-03
-1.657449454069137573e-02
-2.309199050068855286e-02
1.517192181199789047e-02
-2.617185749113559723e-02
-7.758840918540954590e-02
5.481746420264244080e-02
-1.139017520472407341e-03
-8.699606172740459442e-03
-5.177519470453262329e-02
7.579135894775390625e-02
3.964121919125318527e-03
3.493758291006088257e-02
-1.154989190399646759e-02
-7.609681040048599243e-02
1.679774001240730286e-02
5.527222156524658203e-02
1.540701836347579956e-02
-9.593403898179531097e-03
-6.314472109079360962e-02
1.376516558229923248e-02
2.899594418704509735e-02
-2.704628184437751770e-02
3.964855894446372986e-02
2.467066980898380280e-02
2.344321645796298981e-02
5.995781719684600830e-02
3.713016211986541748e-02
-2.251088432967662811e-02
-3.962764516472816467e-02
-1.026715151965618134e-03
3.371999412775039673e-02
-1.743129827082157135e-02
-2.087960764765739441e-02
-2.439302951097488403e-02
3.777484875172376633e-03
-1.225608065724372864e-01
-3.056795895099639893e-02
9.223832935094833374e-02
-4.241350665688514709e-02
-5.408015847206115723e-02
2.026359550654888153e-02
1.731297001242637634e-02
-2.019100785255432129e-01
1.118319779634475708e-01
4.374735057353973389e-02
-5.038296431303024292e-02
-1.007355228066444397e-01
-2.291140519082546234e-02
-8.968126960098743439e-03
-4.235739633440971375e-02
4.429093375802040100e-02
-1.813301630318164825e-02
2.920043841004371643e-02
7.506985217332839966e-03
1.794931851327419281e-02
2.003150759264826775e-03
1.188565883785486221e-02
-4.596573859453201294e-02
-2.466892823576927185e-02
2.742636390030384064e-02
-1.654969528317451477e-02
-8.163372427225112915e-02
4.181515797972679138e-02
-1.733055561780929565e-01
1.529666967689990997e-02
2.950455620884895325e-02
-3.630880964919924736e-03
-3.787141293287277222e-03
-4.057472199201583862e-02
6.937989499419927597e-03
7.060733158141374588e-03
-6.104815006256103516e-02
-5.817711353302001953e-02
-1.124453395605087280e-01
3.099256008863449097e-02
6.002932786941528320e-04
7.096843328326940536e-03
3.762241080403327942e-02
1.055114790797233582e-01
6.552415341138839722e-02
1.041107252240180969e-01
2.350162714719772339e-02
-1.192555204033851624e-01
-2.351194433867931366e-02
3.875286132097244263e-02
-3.071678057312965393e-02
6.980203092098236084e-02
-9.781035780906677246e-02
-3.105191886425018311e-02
-5.349605344235897064e-03
-1.267274320125579834e-01
-3.286698833107948303e-02
-2.747689560055732727e-02
-7.994737476110458374e-03
-1.204587072134017944e-01
-9.250488132238388062e-03
-8.888921700417995453e-03
7.306781411170959473e-02
3.274696879088878632e-03
7.874436676502227783e-02
3.179425001144409180e-02
-2.007014676928520203e-02
1.094453781843185425e-02
4.696536436676979065e-02
-3.711533965542912483e-03
-3.127862513065338135e-02
-6.577469408512115479e-02
1.398414075374603271e-01
3.918450698256492615e-02
2.391261234879493713e-02
-1.351664494723081589e-02
2.735874988138675690e-02
3.042348194867372513e-03
-7.263573352247476578e-03
4.184522107243537903e-02
-5.020979046821594238e-02
-1.076546218246221542e-02
-8.276001550257205963e-03
1.599248498678207397e-03
2.751925215125083923e-02
-2.715385146439075470e-02
9.812969714403152466e-03
-2.938784845173358917e-02
-9.929500520229339600e-03
1.655115559697151184e-02
6.871073506772518158e-03
-1.619768142700195312e-01
5.654207617044448853e-02
-3.317913785576820374e-02
-5.477970466017723083e-02
-3.703304380178451538e-02
-3.692271932959556580e-02
-4.955246578902006149e-03
1.617293618619441986e-02
-1.176370214670896530e-02
2.234262786805629730e-02
-6.070241704583168030e-02
-4.984368383884429932e-02
-4.892153665423393250e-02
4.946092609316110611e-03
4.321723431348800659e-02
1.152661442756652832e-02
-6.701351609081029892e-03
1.754943659761920571e-04
-9.956772439181804657e-03
3.472254425287246704e-02
-1.779928803443908691e-02
-1.085361987352371216e-01
1.864678226411342621e-02
-2.897238545119762421e-02
8.545484393835067749e-02
-1.821624301373958588e-02
4.867734853178262711e-03
-1.018652878701686859e-02
3.885068744421005249e-02
2.528735622763633728e-02
-7.339382078498601913e-03
