-5.227872170507907867e-03
2.677381504327058792e-03
-2.156865037977695465e-02
-2.786633186042308807e-02
1.089009083807468414e-02
4.721461609005928040e-02
2.719421871006488800e-02
3.379941219463944435e-03
3.519031032919883728e-02
7.557069882750511169e-03
-2.269000373780727386e-02
-2.781927399337291718e-02
9.561028331518173218e-03
-8.999587036669254303e-03
-3.541484847664833069e-02
-2.083516865968704224e-02
-1.468371413648128510e-02
1.516920630820095539e-03
1.124544963240623474e-01
3.473133221268653870e-02
3.453648183494806290e-03
3.063062205910682678e-02
-2.426220662891864777e-02
1.557870395481586456e-02
1.697370782494544983e-02
4.786392964888364077e-04
-1.317317411303520203e-02
8.232690743170678616e-04
-2.972764894366264343e-02
1.866726577281951904e-02
1.630166918039321899e-02
-6.313632475212216377e-04
1.899991929531097412e-02
-1.664783619344234467e-02
1.202502753585577011e-03
4.385208338499069214e-02
-3.104805946350097656e-02
1.823748834431171417e-02
1.364394649863243103e-02
-4.929695650935173035e-02
-9.067203849554061890e-03
6.939114537090063095e-03
-7.773163914680480957e-02
-4.699210450053215027e-02
-1.004082709550857544e-02
6.269871257245540619e-03
-2.458199113607406616e-02
-2.233160100877285004e-02
3.163971379399299622e-02
-3.999503795057535172e-03
2.803866565227508545e-02
-7.093323022127151489e-02
2.313465578481554985e-03
4.672545194625854492e-02
-1.711915247142314911e-02
2.096262294799089432e-03
-6.247129291296005249e-03
1.737768016755580902e-02
4.055784642696380615e-01
7.215043902397155762e-02
-1.795680448412895203e-02
3.451124578714370728e-02
-2.277603931725025177e-02
-1.293879095464944839e-02
2.585137821733951569e-02
2.071829047054052353e-03
1.464006607420742512e-03
-8.381162770092487335e-03
6.240432709455490112e-02
-3.214255208149552345e-03
9.828507900238037109e-03
-1.642969250679016113e-02
-2.875953912734985352e-02
1.251889578998088837e-02
-1.195265166461467743e-02
-1.540934015065431595e-02
-3.139374777674674988e-02
3.996611572802066803e-03
4.473815672099590302e-03
6.806335598230361938e-02
-2.447668649256229401e-02
4.193759337067604065e-02
2.029091492295265198e-02
4.950591176748275757e-02
4.269830137491226196e-02
-5.367004312574863434e-03
3.120506880804896355e-03
1.599160023033618927e-02
4.099881276488304138e-02
-4.562773276120424271e-03
8.516628295183181763e-03
-1.342655625194311142e-02
6.175339221954345703e-03
-8.159507997334003448e-03
-1.263749040663242340e-02
-9.292624890804290771e-03
2.957653999328613281e-02
-3.390060365200042725e-02
3.805848956108093262e-02
1.900296658277511597e-03
-1.171674579381942749e-03
9.056319482624530792e-03
2.402753103524446487e-03
-5.870291497558355331e-03
-5.562316160649061203e-03
-7.587877917103469372e-04
2.665301226079463959e-02
1.507502794265747070e-02
3.365506976842880249e-02
-2.622884884476661682e-02
-3.127087280154228210e-02
2.070591971278190613e-02
-1.069601252675056458e-02
-1.606184057891368866e-02
-1.912737451493740082e-02
6.265214178711175919e-03
2.868251875042915344e-02
-1.301965862512588501e-02
-6.639928324148058891e-04
-4.032052587717771530e-03
-8.355076424777507782e-03
-1.604096265509724617e-03
-2.294911630451679230e-02
-1.889964193105697632e-02
-5.667441710829734802e-02
5.575740244239568710e-03
5.219710059463977814e-03
1.193844154477119446e-02
1.221695449203252792e-02
3.964600339531898499e-02
-5.302877724170684814e-02
-7.713377708569169044e-04
-1.547395717352628708e-02
1.024279650300741196e-02
5.530525464564561844e-03
-3.016210719943046570e-02
-2.675555646419525146e-02
5.001912359148263931e-03
-1.096475273370742798e-01
2.406761236488819122e-02
-8.162379264831542969e-02
-6.567501462996006012e-03
-2.091097878292202950e-03
1.090765651315450668e-02
3.166592679917812347e-03
1.465943902730941772e-01
8.151803165674209595e-03
-1.215752866119146347e-02
-1.333678979426622391e-02
-2.356500364840030670e-02
2.350971661508083344e-02
3.258278965950012207e-02
-2.997989393770694733e-02
-5.624018609523773193e-03
1.851195818744599819e-03
4.669244866818189621e-03
-2.596789412200450897e-02
-8.690674789249897003e-03
-7.178715616464614868e-02
-5.431111901998519897e-03
1.557713723741471767e-03
-8.073626458644866943e-02
6.665478646755218506e-02
1.819589087972417474e-04
-9.508105926215648651e-03
4.876927286386489868e-02
8.146660402417182922e-03
-2.278520539402961731e-02
1.451802207157015800e-03
-9.103029035031795502e-03
-3.704070579260587692e-03
-9.847304783761501312e-03
7.528815418481826782e-03
2.151196124032139778e-03
3.964549675583839417e-02
1.456483732908964157e-02
2.079733647406101227e-02
-1.178948301821947098e-02
-2.931548282504081726e-02
1.142971683293581009e-03
-1.465329434722661972e-02
-2.220817096531391144e-02
6.628369446843862534e-03
4.368563741445541382e-02
3.127259761095046997e-02
4.087638854980468750e-02
-4.838753491640090942e-02
9.409074671566486359e-03
-2.034751698374748230e-03
2.649908140301704407e-02
3.832815587520599365e-02
3.960228338837623596e-02
1.327652391046285629e-02
-1.740171201527118683e-02
4.231007304042577744e-03
1.656317908782511950e-04
-2.096861787140369415e-02
2.251545339822769165e-02
-2.282637171447277069e-02
-2.948432229459285736e-02
7.295425981283187866e-02
3.062726370990276337e-02
5.966399982571601868e-02
-2.135385945439338684e-02
-1.916757971048355103e-02
-2.483650110661983490e-02
2.537088282406330109e-02
-1.165721844881772995e-02
1.365920715034008026e-02
-6.428915262222290039e-02
-3.845724835991859436e-02
-1.407495606690645218e-02
2.039258927106857300e-02
1.946057379245758057e-02
4.892319440841674805e-03
-7.769889663904905319e-03
1.312154624611139297e-02
3.537884727120399475e-02
6.293469574302434921e-03
4.173159226775169373e-02
-2.598370797932147980e-02
-7.838146090507507324e-01
1.106909755617380142e-02
-2.988179959356784821e-02
-7.062363903969526291e-03
1.149849686771631241e-02
-1.733434759080410004e-02
-2.765872748568654060e-03
3.605803009122610092e-03
-4.244408570230007172e-03
-2.377332001924514771e-02
-7.628146093338727951e-03
-2.327256515854969621e-04
-1.365948934108018875e-02
-1.729870215058326721e-02
9.699383750557899475e-03
-2.121926099061965942e-02
7.706701289862394333e-03
-1.963265612721443176e-02
-1.796402782201766968e-02
1.140512526035308838e-02
8.117774501442909241e-03
-5.651971325278282166e-02
-5.252293124794960022e-02
4.613757133483886719e-03
2.411645650863647461e-02
1.141711790114641190e-02
2.550826966762542725e-02
1.048853620886802673e-02
-6.074246484786272049e-03
6.188218481838703156e-03
2.614718675613403320e-02
3.759776428341865540e-02
9.117364883422851562e-03
-1.395377423614263535e-02
-1.084196381270885468e-02
5.041974410414695740e-02
-7.295357435941696167e-02
-7.492337375879287720e-02
4.948119074106216431e-02
6.237259879708290100e-02
-3.841484198346734047e-03
6.599736958742141724e-02
-9.958221763372421265e-02
1.238022744655609131e-02
4.810697212815284729e-02
1.618856787681579590e-01
1.306838914752006531e-02
9.483709931373596191e-03
-1.202671881765127182e-02
-2.848785929381847382e-02
4.359542205929756165e-02
6.874181330204010010e-02
6.119280681014060974e-02
-3.894793987274169922e-02
-1.232325937598943710e-02
-4.788214340806007385e-02
-5.015792697668075562e-02
-4.280075058341026306e-02
1.135913804173469543e-01
8.763024583458900452e-03
3.492983430624008179e-02
1.757642440497875214e-02
-6.320668756961822510e-02
-9.604074060916900635e-02
-2.504805102944374084e-03
2.521690726280212402e-01
2.364594675600528717e-02
-7.860832661390304565e-02
-7.349506020545959473e-02
1.561959832906723022e-01
-6.432589143514633179e-02
5.382786970585584641e-03
5.289308354258537292e-02
6.731659639626741409e-03
4.298829287290573120e-02
-1.490229219198226929e-01
4.846844822168350220e-02
-4.569595213979482651e-03
-1.105954796075820923e-01
1.374427676200866699e-01
-1.832362264394760132e-02
7.714925408363342285e-01
-1.209061965346336365e-01
-1.166743692010641098e-02
-1.545902192592620850e-01
6.693433504551649094e-03
9.560003131628036499e-02
5.339170619845390320e-02
1.558577120304107666e-01
-1.238322001881897449e-04
-4.175419360399246216e-02
1.905918717384338379e-01
1.169757079333066940e-02
-1.434902846813201904e-02
-5.044977366924285889e-02
-6.905636191368103027e-02
-7.773315161466598511e-02
3.488837555050849915e-02
3.750359639525413513e-02
-2.700063958764076233e-02
2.383710816502571106e-03
3.965218085795640945e-03
-4.319515079259872437e-02
6.312183290719985962e-02
1.291963830590248108e-02
3.385686781257390976e-03
-2.827986702322959900e-02
-8.184194564819335938e-03
-3.748582303524017334e-02
-5.245565995573997498e-02
4.337222501635551453e-02
1.017331518232822418e-02
4.234905168414115906e-02
4.083598032593727112e-02
2.325415145605802536e-03
-6.283456832170486450e-02
1.734544523060321808e-02
4.169798642396926880e-02
-7.182424888014793396e-03
-1.051796320825815201e-02
-6.829758174717426300e-03
-6.151070818305015564e-02
-1.780016534030437469e-02
8.818235248327255249e-02
1.580043584108352661e-01
7.699002046138048172e-03
-2.112167328596115112e-02
-4.035432823002338409e-03
-5.480081215500831604e-02
2.135135000571608543e-03
1.145651564002037048e-02
-2.677675336599349976e-02
3.219136595726013184e-02
3.439104184508323669e-02
7.111279759556055069e-03
1.277004601433873177e-03
5.574138835072517395e-03
-1.282842922955751419e-02
-3.829059004783630371e-02
-6.130775436758995056e-02
5.890483036637306213e-02
1.903973333537578583e-02
-3.663475438952445984e-02
3.822558373212814331e-02
-2.882382459938526154e-02
1.034706365317106247e-02
2.720149978995323181e-02
8.100070059299468994e-03
-3.236263245344161987e-02
1.314396969974040985e-02
-2.223013527691364288e-02
-1.445767993573099375e-04
-2.870204858481884003e-02
6.367681175470352173e-02
5.809730291366577148e-02
-4.130495246499776840e-03
9.225635789334774017e-03
-6.177553161978721619e-02
4.876364022493362427e-02
2.813424915075302124e-02
1.950488425791263580e-02
-9.722228348255157471e-02
-1.855061389505863190e-02
-2.650855481624603271e-02
4.902339726686477661e-02
4.262041300535202026e-02
5.732975900173187256e-03
2.913570776581764221e-02
-3.089486621320247650e-02
-1.523820217698812485e-02
-4.608045890927314758e-02
-3.799412865191698074e-03
2.707368321716785431e-02
-9.264275431632995605e-03
-1.021290314383804798e-03
3.972737491130828857e-02
2.088347636163234711e-02
1.309318374842405319e-02
-1.085787713527679443e-01
1.968938671052455902e-02
-5.080823227763175964e-02
6.042907387018203735e-02
-8.910604752600193024e-03
-4.542469233274459839e-02
6.251308321952819824e-02
3.528378903865814209e-02
-1.942374929785728455e-02
-3.859293460845947266e-02
-2.511065080761909485e-02
-1.276995055377483368e-02
-1.566459238529205322e-02
7.068377733230590820e-02
3.351327963173389435e-03
5.098277702927589417e-02
1.133202947676181793e-02
-1.945428736507892609e-02
-7.671056780964136124e-03
-5.058255791664123535e-02
-4.786220192909240723e-02
3.971548005938529968e-02
-4.011503420770168304e-03
-1.246999949216842651e-01
-8.219502866268157959e-03
-1.420202478766441345e-02
-4.571912065148353577e-02
-1.075582811608910561e-03
2.269885689020156860e-02
-6.989557296037673950e-02
-4.470772296190261841e-02
2.989586628973484039e-02
1.970908418297767639e-02
-1.390051003545522690e-02
-5.254378542304039001e-03
-2.872075326740741730e-02
-9.777124971151351929e-03
5.081045255064964294e-02
-9.535218030214309692e-02
-1.576174050569534302e-02
-3.726869821548461914e-02
-1.937752775847911835e-02
-1.332505419850349426e-02
1.722745969891548157e-02
-5.095601454377174377e-02
-4.436618089675903320e-02
2.969650365412235260e-02
8.483143895864486694e-02
-1.164720803499221802e-01
4.028575867414474487e-02
3.801456466317176819e-02
-9.711489081382751465e-03
2.083631418645381927e-02
4.074128344655036926e-02
2.985540218651294708e-02
-4.292079247534275055e-03
-5.221069604158401489e-02
9.246772155165672302e-03
-3.988830000162124634e-02
-1.688245125114917755e-02
7.380525022745132446e-02
1.075176000595092773e-01
-1.559308171272277832e-02
1.684141531586647034e-02
1.400247495621442795e-02
-4.095090087503194809e-03
2.142466045916080475e-02
-2.217281423509120941e-02
-1.010501873679459095e-03
7.007301598787307739e-02
3.944900631904602051e-02
-7.548268884420394897e-02
-5.688788741827011108e-02
2.775126881897449493e-02
-4.765831306576728821e-02
4.658036306500434875e-02
-1.511737238615751266e-02
8.461057208478450775e-03
-8.078815788030624390e-02
-1.368202175945043564e-02
-7.346020638942718506e-02
9.612677618861198425e-03
5.687160789966583252e-02
1.190384384244680405e-02
3.262901678681373596e-02
-2.581583335995674133e-03
2.472854964435100555e-02
-1.656284742057323456e-02
3.760871291160583496e-02
-7.823167741298675537e-02
-5.472715198993682861e-02
1.766022108495235443e-02
-5.335605517029762268e-02
-1.793884113430976868e-02
1.004338264465332031e-02
3.436107933521270752e-02
1.747895777225494385e-02
-2.230785787105560303e-02
1.604585722088813782e-02
3.371704742312431335e-02
-1.530782692134380341e-02
7.748751342296600342e-02
-4.456364735960960388e-02
-6.337060034275054932e-02
5.912593379616737366e-02
3.007347695529460907e-02
-1.873263902962207794e-02
2.529117465019226074e-02
4.428651183843612671e-02
4.025225061923265457e-03
6.514021009206771851e-02
4.968453943729400635e-02
4.812896624207496643e-02
1.599884778261184692e-02
1.849583350121974945e-02
-4.792590811848640442e-02
-2.787352353334426880e-02
6.625929381698369980e-03
-4.649538919329643250e-02
-3.875927627086639404e-02
-1.715393178164958954e-02
5.259931832551956177e-02
-3.623121976852416992e-02
-9.805399924516677856e-02
-6.212019920349121094e-02
-1.260043471120297909e-03
-1.025871932506561279e-02
-2.145021408796310425e-02
8.087569475173950195e-02
4.719694703817367554e-02
2.270964533090591431e-02
-1.006644032895565033e-02
-1.189429592341184616e-02
-8.065405488014221191e-02
3.850298747420310974e-02
-3.417841717600822449e-02
-4.248448461294174194e-02
3.076810948550701141e-02
9.029681794345378876e-03
-4.368628561496734619e-02
1.260637026280164719e-02
8.115709759294986725e-03
7.797673344612121582e-03
-2.563429623842239380e-02
-1.252757105976343155e-02
-4.628462716937065125e-02
4.563410766422748566e-03
-7.758055627346038818e-02
-1.581070572137832642e-02
4.580252245068550110e-02
2.439268119633197784e-02
4.658288136124610901e-02
-1.043677330017089844e-03
-7.554715871810913086e-02
-2.422248013317584991e-02
-5.984599143266677856e-02
-2.228624187409877777e-02
-3.492946550250053406e-02
-1.494441553950309753e-02
-3.409353643655776978e-02
-2.927049249410629272e-02
-4.751808941364288330e-02
-3.475268557667732239e-02
6.506285816431045532e-02
4.294245317578315735e-02
-3.314165398478507996e-03
-6.995723396539688110e-02
2.460192888975143433e-02
-2.154841832816600800e-02
-1.437631063163280487e-02
2.722834236919879913e-02
-2.782787010073661804e-02
4.815597459673881531e-02
-2.850721403956413269e-02
3.708522766828536987e-02
-5.535552278161048889e-02
4.286207631230354309e-02
-3.818671405315399170e-02
-5.367695353925228119e-03
-8.347471244633197784e-03
-9.216042817570269108e-04
1.135445572435855865e-02
4.208531603217124939e-02
1.442164462059736252e-02
-3.673773631453514099e-02
8.397223427891731262e-03
-9.379570931196212769e-02
1.020739600062370300e-02
-8.415927179157733917e-03
-2.797763422131538391e-02
2.302323281764984131e-02
1.012085005640983582e-02
-1.671960577368736267e-02
-7.195823639631271362e-02
7.069197483360767365e-03
-9.795046597719192505e-02
-2.400932833552360535e-02
4.350414127111434937e-02
4.363851994276046753e-02
-7.526554982177913189e-04
5.128680542111396790e-02
-4.147816821932792664e-02
9.605279564857482910e-02
-6.933433003723621368e-03
1.896343939006328583e-02
-3.149063885211944580e-02
-1.607448607683181763e-02
3.231396153569221497e-02
1.781295053660869598e-02
2.250516042113304138e-02
-3.699657320976257324e-02
2.686636336147785187e-02
-3.057730570435523987e-02
-3.123136237263679504e-02
-1.196006778627634048e-02
-1.210080087184906006e-01
3.759919852018356323e-02
4.265313223004341125e-02
-2.378943748772144318e-02
-3.561326488852500916e-02
-2.096264809370040894e-02
-1.953033730387687683e-02
1.677984185516834259e-02
2.615667413920164108e-03
6.991415470838546753e-02
-3.432008670642971992e-04
9.604386053979396820e-03
2.802323922514915466e-02
-2.553166449069976807e-02
-3.181362524628639221e-02
2.083933353424072266e-02
-2.921310812234878540e-02
-1.110936924815177917e-01
-1.328563131392002106e-02
-1.941587217152118683e-02
1.206513307988643646e-02
-2.244297787547111511e-02
-4.762795567512512207e-02
-4.118706099689006805e-03
2.175034768879413605e-02
4.062860086560249329e-02
-1.103458553552627563e-02
-4.244408383965492249e-02
7.725408766418695450e-03
-2.449218556284904480e-02
-3.215397894382476807e-02
-1.392991747707128525e-02
-3.986103460192680359e-02
2.670235559344291687e-02
-4.415539652109146118e-02
7.752873934805393219e-03
2.744318358600139618e-02
-8.697526901960372925e-02
-4.426810890436172485e-02
-2.617016434669494629e-02
1.164818461984395981e-02
-3.671326488256454468e-02
-1.691590808331966400e-02
-4.237209632992744446e-02
-6.184539198875427246e-02
2.264556474983692169e-02
2.634397824294865131e-04
6.266871094703674316e-02
2.939671277999877930e-03
-8.732923306524753571e-03
-5.722233094274997711e-03
-2.746099606156349182e-02
2.399091422557830811e-02
-1.482607703655958176e-02
-1.524161547422409058e-03
-8.722043782472610474e-02
4.002004861831665039e-02
-9.027868509292602539e-03
-2.545383572578430176e-02
2.438066527247428894e-02
3.328930214047431946e-02
-2.697538584470748901e-02
-3.151190280914306641e-02
2.910590171813964844e-02
-4.119824245572090149e-02
-8.731428533792495728e-02
7.031285017728805542e-02
-1.138350460678339005e-03
-7.245263550430536270e-03
-4.687147587537765503e-02
5.701728537678718567e-02
-2.028319984674453735e-02
3.150293231010437012e-02
4.149944987148046494e-03
-5.781703069806098938e-02
2.827455848455429077e-02
7.345119863748550415e-02
6.716564763337373734e-03
-5.541909858584403992e-02
-3.508568555116653442e-02
1.999489217996597290e-02
4.907359927892684937e-02
-3.207064419984817505e-02
1.931847259402275085e-02
3.577021136879920959e-02
1.478206366300582886e-02
7.456805557012557983e-02
3.515564277768135071e-02
-4.223943874239921570e-02
-5.951877310872077942e-02
-8.840465918183326721e-03
3.464116528630256653e-02
-1.756027457304298878e-03
-6.090917065739631653e-02
-1.379302423447370529e-02
7.893554866313934326e-03
-1.170171946287155151e-01
-2.359268814325332642e-02
9.433063864707946777e-02
-6.268898490816354752e-03
-4.646703973412513733e-02
-1.713010109961032867e-02
2.255038917064666748e-02
-1.701936274766921997e-01
1.336811333894729614e-01
6.033928692340850830e-02
-5.687774345278739929e-02
-7.284811139106750488e-02
-2.391208708286285400e-02
-1.233747974038124084e-02
3.470857918728142977e-04
7.551100850105285645e-02
-5.752242635935544968e-03
6.040876358747482300e-02
8.431351743638515472e-03
-4.303486086428165436e-03
-6.166789680719375610e-04
-4.087758716195821762e-03
-6.860223412513732910e-02
-2.267417497932910919e-02
4.654550552368164062e-02
-1.332140382146462798e-04
-7.986818253993988037e-02
5.309513583779335022e-02
-1.485370844602584839e-01
6.368939299136400223e-03
3.427832573652267456e-02
2.677890937775373459e-03
3.664116933941841125e-02
-6.242888048291206360e-03
2.427748218178749084e-02
9.584922343492507935e-03
-4.569510743021965027e-02
-7.558209449052810669e-02
-9.830303490161895752e-02
9.983771480619907379e-03
1.514579867944121361e-03
-2.261661458760499954e-03
1.863673329353332520e-02
6.520870327949523926e-02
5.895492061972618103e-02
1.470647305250167847e-01
5.904230289161205292e-03
-7.409214973449707031e-02
8.084040135145187378e-03
4.616617783904075623e-02
7.297428091987967491e-04
5.940112844109535217e-02
-8.748925477266311646e-02
-8.692647330462932587e-03
2.439016290009021759e-02
-5.928290635347366333e-02
-4.407753702253103256e-03
-2.190745249390602112e-02
1.390446414006873965e-04
-1.503488570451736450e-01
-8.257514797151088715e-03
-3.400900959968566895e-02
7.255806028842926025e-02
-3.601612895727157593e-02
2.346565946936607361e-02
1.279553957283496857e-02
-2.373753115534782410e-02
-1.645606476813554764e-03
1.948912627995014191e-02
-2.556549012660980225e-02
-1.203302666544914246e-02
-7.451066374778747559e-02
1.231632679700851440e-01
2.384434454143047333e-02
2.402017451822757721e-02
-6.073092110455036163e-03
3.964356705546379089e-02
1.036040764302015305e-02
-2.631438896059989929e-02
1.792998798191547394e-02
-2.569052390754222870e-02
1.401111134327948093e-03
2.531772106885910034e-02
1.088926941156387329e-02
3.244391828775405884e-02
-1.826321706175804138e-02
3.198022767901420593e-02
-1.968159712851047516e-02
-1.080326549708843231e-02
-9.028137661516666412e-03
1.079558860510587692e-02
-1.324536353349685669e-01
3.192815557122230530e-02
-4.496019799262285233e-03
-3.773945942521095276e-02
-3.176099061965942383e-02
-2.422792091965675354e-02
-1.927786879241466522e-02
9.509068913757801056e-03
7.102619856595993042e-03
2.311265468597412109e-02
-9.201947599649429321e-02
-6.122534722089767456e-02
-4.190267622470855713e-02
-8.880527690052986145e-03
5.183998495340347290e-02
-1.994524523615837097e-02
8.867738768458366394e-03
1.370262634009122849e-02
-7.326044142246246338e-03
3.266754001379013062e-02
-2.134244889020919800e-02
-1.084101572632789612e-01
7.466495037078857422e-02
-1.257392577826976776e-02
7.607648521661758423e-02
-3.224153816699981689e-02
-1.232801377773284912e-02
-4.692703112959861755e-02
5.311366170644760132e-02
2.067245729267597198e-02
-3.083370858803391457e-03
