-0.00172769
0.00626680
-0.04920455
-0.03824918
0.02010923
0.02117850
-0.00470387
-0.07271373
-0.00106075
0.02734603
-0.03112228
0.01945005
-0.00725125
-0.00910170
-0.02925809
-0.03905452
-0.01606069
-0.03960413
0.13818263
0.03456783
-0.00089489
0.01989646
0.00549871
-0.00526286
0.00217454
0.00867979
0.00268453
0.02128434
-0.01685716
0.01058021
0.03726536
-0.03825371
-0.00656971
0.00958123
-0.00471473
0.03574245
-0.00344300
0.01409475
-0.00832207
-0.02383168
-0.01991480
0.00620409
-0.09009653
-0.05158118
-0.03039806
-0.01449731
-0.06365085
0.00033609
0.04064911
0.00407397
-0.00148873
-0.01260144
-0.00636990
0.02079259
-0.04285548
-0.00750163
0.00949205
-0.00079747
0.38425437
0.08812305
-0.01613458
-0.00826451
-0.00900690
-0.01361089
0.01719489
-0.02215447
0.02864432
-0.00940037
0.08192240
0.02421174
0.01174699
-0.02179564
-0.03862630
0.00416540
0.01581942
-0.03686741
-0.06986582
-0.04318966
0.04938484
0.04604495
-0.00674284
0.01987785
0.00576603
0.06014159
-0.00530352
0.01814942
0.00343267
0.02006995
0.02640738
0.03313836
0.00864706
-0.05280968
0.07335470
0.03178127
-0.02249568
-0.01473863
0.04178039
-0.02560295
0.06677242
0.01504895
-0.02720926
-0.02287962
-0.02015865
-0.01609725
-0.02079376
-0.03552457
0.03669256
0.01802634
0.01621619
-0.05786705
-0.02635346
-0.00449156
-0.02768051
-0.01590545
-0.01559818
-0.00786833
0.01267186
-0.01390615
-0.02546162
-0.00249411
-0.01575386
-0.02133034
0.00859564
-0.01333440
-0.02262770
-0.00809779
0.03687705
-0.00056572
0.00860913
0.01574027
-0.05922081
-0.02679610
-0.02421090
0.00639890
-0.05047982
0.01709714
-0.02310891
0.00981960
-0.13014269
0.02112685
-0.04346525
-0.00168010
-0.03186022
-0.00140386
-0.03719552
0.11443432
-0.00584622
-0.02999189
-0.01672854
-0.01947400
0.04248738
0.02359588
-0.02596526
0.00907718
0.01286931
0.02535141
-0.01657390
-0.00304871
-0.05382100
0.00339743
-0.00011073
-0.03550420
0.07565995
0.02137197
-0.01138770
0.04967090
0.05816877
-0.00315628
0.00600700
-0.00365108
-0.01113781
0.00048364
-0.01250942
-0.01447698
0.00966550
0.01323876
0.00541811
0.02076877
-0.01779645
0.00972261
-0.01941130
-0.00271816
0.00988339
0.04290905
0.04034756
0.01402948
0.01865373
0.02025635
0.00173851
0.03041977
0.02077682
0.06650196
0.03184413
-0.02253338
-0.00332849
0.00298559
-0.03961106
0.01557461
0.02697005
-0.00897055
0.10863895
0.02998376
0.04632184
-0.01277181
-0.01103681
-0.06399771
0.03364023
-0.04243951
-0.00818126
-0.05060698
-0.00421641
-0.02065929
0.02827110
0.01653488
-0.02769696
-0.03720422
0.00034277
0.00567491
0.01620217
-0.00108527
-0.00274129
-0.75942034
-0.02073450
-0.07045150
0.00853048
-0.00896279
-0.00000533
-0.01765933
-0.00615031
-0.02374744
-0.03308034
0.01287839
0.01564658
-0.03187737
-0.02104278
0.00814288
-0.02455006
0.00428615
-0.01929780
-0.01301422
0.00262884
0.03909814
-0.06900687
-0.08131604
0.01749518
0.04072667
0.03042621
-0.00162354
-0.00188596
-0.01520669
-0.00214957
0.01358429
0.04988835
0.00760482
-0.01806027
-0.00608612
0.20029283
-0.01036091
0.03876710
-0.06340150
0.02787613
-0.03724300
0.02130150
0.08990797
-0.02344734
0.16242006
0.17059115
0.05539715
0.02352207
0.11545893
-0.04316512
0.22722508
0.03360372
0.09277575
-0.02963023
0.05876992
-0.16812551
-0.02698588
0.04156066
0.09720922
0.04641027
-0.02168157
0.05371478
-0.08350310
0.04392050
0.03603520
0.17951041
0.18182051
-0.02143646
-0.04350246
0.14760208
0.02725510
0.05262259
0.07593317
0.10134123
0.04711463
-0.06525927
0.02750287
-0.15191221
-0.12849496
0.11944599
0.02132946
0.61761755
-0.08199028
-0.05530480
-0.07101841
0.06470209
0.01034800
-0.26940548
0.03888901
0.06561797
-0.15143132
-0.06498089
0.08174334
-0.11224452
-0.13142928
0.00304329
-0.08901286
0.15469788
0.04549270
-0.01952679
0.01992108
-0.04176405
0.02489595
-0.00181385
-0.01312159
0.01067368
-0.07690545
0.01963649
-0.02626978
-0.03381317
-0.03039781
0.02863796
0.00711656
-0.01408657
-0.02473238
0.02151135
0.00033025
-0.01560615
-0.02818907
0.02967695
-0.03142569
0.08655311
0.02548797
0.02205478
-0.04204461
0.00726402
0.01303542
0.04162427
0.00922119
-0.02135101
0.00926721
-0.01319854
0.05021823
-0.02886203
0.02682840
-0.02077762
0.03950810
0.04190098
-0.02985641
-0.03672945
-0.01424464
0.07701223
-0.02458889
-0.02491813
-0.02093526
-0.00660041
0.04343450
0.01297151
0.01275357
0.02306598
0.04858195
-0.00676053
-0.00399912
0.00992795
-0.03284995
-0.03567923
-0.05524119
-0.04875211
0.02217005
-0.01471484
-0.06257163
-0.02166683
-0.00136951
0.02781456
0.00828109
0.02235134
-0.00980414
-0.01032153
0.01117621
-0.01749065
0.00735080
-0.05299089
-0.03227636
-0.02935158
0.02236381
0.08814856
0.05115120
-0.00550223
-0.10122601
-0.04392457
-0.04909350
0.05113536
-0.06536973
0.04136830
0.06856286
0.01861420
-0.00420349
0.02494431
-0.03055100
-0.09461205
0.00071100
0.03854069
-0.03299910
0.00547340
-0.05587804
-0.00544796
-0.05123297
-0.09636291
-0.07603535
0.03482505
-0.01233949
0.04343986
-0.03184901
0.00367353
-0.00127457
-0.02109659
-0.03336469
-0.05584987
0.02372012
-0.01653293
0.03567833
-0.03695968
-0.02714669
0.01945517
-0.01918623
-0.01976641
-0.06105353
0.02729997
0.01250235
-0.00484499
-0.00397889
0.01228916
-0.02405093
-0.09294003
0.07199582
0.01408070
-0.01311180
0.03313838
0.05216867
-0.04589960
-0.00893884
0.07464505
0.06500308
-0.00658153
-0.01891700
0.03459658
0.01673980
0.05390630
-0.02106222
-0.00575332
0.01860485
-0.03585301
-0.00163082
0.01797083
-0.01281792
-0.00528677
-0.05078207
-0.02077943
0.00606612
0.03384013
-0.01958748
-0.00671007
-0.01365229
0.09079884
-0.02722437
0.01780852
-0.03535261
0.02312814
-0.02121079
-0.03790822
0.08009854
-0.02451971
-0.00610333
-0.00966985
0.01554833
-0.04900151
0.04782731
-0.02511344
-0.01031747
0.02091200
-0.06615142
0.06236782
0.07167817
0.01280457
0.00191540
0.00316697
0.03898648
0.11062887
0.02351557
0.21604976
-0.06447698
-0.06608078
0.03747438
0.00868207
-0.01031937
0.02092857
-0.02797543
-0.00985630
0.01021892
0.01740289
0.03936840
0.01398806
-0.04821737
-0.06290410
-0.00508423
-0.05668531
0.03511989
0.06779823
0.04383719
0.00571501
-0.02902003
-0.03554349
-0.05562103
0.00961586
0.14971817
0.02394767
-0.02877522
-0.01540375
-0.02256258
-0.03395662
0.04328097
-0.06418651
0.03476512
-0.02185670
0.02686679
0.01348007
0.01536310
0.00202744
0.05904416
0.00059609
-0.08642747
0.02018048
-0.02442296
-0.04042966
0.08615405
0.02083522
0.01555172
-0.01234639
0.01621725
-0.00361322
0.02373045
-0.00270201
-0.01395922
-0.02098203
-0.04457445
-0.01385987
-0.02018148
0.00115644
0.00125464
-0.05709193
0.00361786
-0.03382966
0.07163844
-0.04761462
-0.17121983
0.02685008
-0.02202103
-0.02509980
0.00331331
-0.01763708
0.00759289
-0.09555547
0.06704255
-0.03554549
0.04870503
-0.02064679
0.00342996
0.01221120
-0.01409527
0.07866783
-0.00008093
0.02203199
0.06399208
0.02040169
0.00456063
0.00195925
0.02964101
0.07014435
0.00500045
0.02481886
-0.02385931
0.00260228
0.06663089
-0.03300594
-0.01018411
0.02514789
0.01309540
-0.03272737
-0.04907657
-0.06417274
0.05735918
0.02407440
0.04906447
-0.03107344
0.00738567
-0.00067468
0.00739934
0.04802200
-0.02085792
-0.02065232
-0.08310246
0.02076694
-0.07437068
0.06722925
-0.00052097
0.05953440
-0.00741896
0.00180741
-0.02067772
-0.00372094
0.04898449
-0.02949032
0.01092226
0.09421768
-0.00170964
-0.03307355
-0.01196401
0.03111404
-0.00610967
0.06572049
-0.10260808
-0.00223916
-0.03691432
0.01190093
-0.05048519
-0.08583914
0.02725750
0.08560507
-0.02334131
-0.02068787
-0.05657215
-0.04298456
0.04169548
-0.02940862
0.00010882
-0.02506212
0.02380425
-0.12437235
0.01612864
0.02093347
0.04902695
-0.00924132
-0.04992057
-0.01405916
-0.03093994
0.01427546
-0.01786909
0.03166066
-0.01366145
-0.00844974
0.07033509
-0.01037270
-0.01251204
0.04375258
-0.02412574
-0.00501195
0.03515254
-0.02583910
-0.02968515
0.00831983
-0.02051053
0.02349366
0.02365868
-0.12428559
-0.01197610
0.01409548
0.07271570
0.03253550
-0.00491251
-0.03216317
-0.01280677
-0.00909405
0.00864057
0.05333380
-0.02124499
0.00755255
-0.06420582
-0.03914450
0.03853138
0.02581062
-0.02575224
0.00318459
-0.05617218
0.04830984
0.05204076
-0.03472808
-0.04853532
-0.06274674
-0.07205290
-0.01682411
-0.05677995
0.09279417
-0.00239181
-0.00761531
0.02265770
0.01654985
0.08739708
-0.07254384
0.04571312
-0.05017035
0.00937762
0.04211264
-0.03722985
-0.02309764
0.04774260
0.00258727
-0.17487060
0.04785930
0.04285914
-0.03376477
-0.07976043
-0.01263034
-0.00329054
-0.02379454
-0.04423397
-0.02953577
0.00599486
0.00952532
0.03398704
0.03072244
-0.00518490
-0.02333126
0.00039846
-0.04557850
0.04803369
-0.05863228
-0.06017144
-0.17322019
-0.00460208
-0.01016813
-0.00785901
0.01495967
-0.02058752
0.01657823
0.01088333
-0.02892000
0.05069051
-0.05745199
0.02377418
0.00915297
0.04121739
0.00497370
0.01453178
0.03061964
0.00786037
0.06946767
-0.00538522
-0.01419260
-0.08010278
0.00711296
0.01620020
-0.08910383
0.00135782
0.03061718
-0.02990461
0.00126976
-0.04217342
-0.04057747
-0.16870286
0.02258705
0.01490575
0.03518327
-0.00477352
-0.01085559
0.01304530
-0.02592205
0.03583110
0.01140351
-0.07645673
-0.03270563
-0.00121796
0.16726620
-0.01838532
0.02753270
-0.01393123
0.00897380
-0.01460688
-0.06624357
0.06747936
-0.07191726
-0.02516680
-0.03845039
-0.01548179
0.06053496
-0.00513424
-0.00220076
0.00373483
-0.04932618
0.06685131
0.03960840
-0.15661104
0.01055204
-0.04937817
-0.02640252
-0.01239094
0.00627168
0.01381917
-0.00659255
0.03216006
-0.01618640
0.03209456
-0.06542350
0.04537970
0.02507215
0.03439949
-0.02973682
0.00723964
0.02549196
0.02384178
-0.02213564
-0.00698314
0.01029281
0.04947130
0.00702533
0.04235283
-0.06782017
0.04749309
-0.00612634
-0.04451708
-0.01044341
-0.03940433
