0.01456756
-0.01064232
-0.03432490
-0.02947629
0.01792571
0.01943385
-0.01027432
-0.02910508
-0.01984015
-0.00219629
0.00274655
0.01385328
0.00820267
-0.05657176
-0.01927267
-0.01514819
0.01547347
-0.03502400
0.10118213
0.02980863
0.00099789
0.03712106
-0.02913758
-0.01830816
-0.00404923
0.02188009
0.00883632
0.00944274
-0.01031506
-0.00350647
-0.02257034
-0.02273364
-0.00709151
-0.01598003
-0.00786819
0.03005994
0.00083752
0.00880319
-0.00101197
-0.02714348
0.00006657
-0.02195703
-0.05831422
-0.04066821
-0.01391914
0.03522114
-0.04783998
0.00068257
0.01218042
0.01879033
-0.00916681
-0.04669417
-0.01689485
0.01333324
-0.03250853
-0.00511360
0.02084420
-0.00286096
0.47667706
0.07606052
-0.02966227
0.00990689
0.02418543
-0.01645589
0.00706741
0.01974088
0.00382659
-0.01322206
0.03443944
0.04139397
0.00929869
-0.01048961
-0.04201534
0.00216898
-0.00256674
-0.03265105
-0.04243199
-0.02416950
0.04438468
-0.01272951
0.00190696
0.00984945
0.02185291
0.05843530
0.02793609
0.00774480
-0.00860895
0.00665765
0.02813239
0.03035218
0.00967500
-0.00176234
0.05732431
0.01340642
-0.00080009
0.00092789
0.01022567
-0.03590583
0.02921970
0.00468476
-0.00067531
-0.02739896
-0.01379541
0.01237816
0.01537176
-0.02522194
0.01496620
0.01822827
0.00059769
-0.06027044
0.01246325
0.00804685
-0.00711303
-0.01670651
-0.00600084
-0.01062750
0.03682031
-0.01610662
0.01353375
0.02061788
0.00515317
-0.00794469
0.00412774
-0.00646148
-0.02146121
-0.00443675
0.02201944
-0.02068626
0.00216845
0.05853097
-0.00843814
-0.02819473
-0.00161867
-0.01055112
-0.02369511
-0.00103452
-0.01596309
0.04577325
-0.15081124
0.01906901
-0.02250938
-0.02610435
-0.01193052
-0.00403322
-0.02582118
0.08455716
-0.03024318
0.01809422
-0.00312551
-0.03081519
0.04633038
0.02214670
-0.02338464
-0.00510919
0.00977281
-0.02310104
0.01753469
0.01275297
-0.03432222
0.00582684
0.01543776
-0.03915456
0.02313085
0.00958569
0.00373760
0.05678808
0.02207633
0.00847663
0.00567230
0.02170729
0.01194171
-0.00018899
0.01293466
-0.01705719
0.03576453
0.02246269
0.01279186
-0.01063000
-0.05325276
-0.00580420
-0.04873914
-0.01551481
-0.00369096
0.01694489
0.03675733
-0.08203425
0.10641950
0.00452484
-0.00345300
0.04030746
0.03435546
0.02251852
0.00087722
-0.01450623
0.00178977
0.02560657
0.02382296
0.03437361
0.01422709
-0.02500033
0.06958122
0.02441040
0.13439564
-0.01936214
0.01201255
-0.05518460
0.00741469
-0.00462440
-0.01345084
-0.05543406
-0.00798789
-0.00606109
0.01491301
0.00947292
-0.02690824
-0.00940305
-0.00719996
0.02752661
-0.00217958
0.01604885
0.01357721
-0.74437320
0.00861675
-0.03818873
-0.00493400
-0.01754125
0.02196020
-0.02912112
0.01205351
-0.01146341
0.00538134
-0.01733224
-0.00199847
0.00457757
-0.04724154
-0.01316305
-0.01488272
0.01271269
-0.00124332
-0.00320432
-0.01544210
0.02352965
-0.01966612
-0.04835080
0.00886967
0.00368969
0.02584970
0.02272173
-0.01392698
-0.00494712
-0.01313118
0.01133941
0.04099456
-0.00595702
-0.00930644
0.00569659
0.06002842
-0.00315790
-0.00771108
-0.03197997
0.08144498
0.04634840
0.00789585
0.09307611
-0.04451977
0.24716790
0.09146017
0.07999377
0.01408492
0.06651668
0.00491016
0.22330935
0.00461780
0.06874592
-0.05395095
0.00120040
-0.20643324
-0.07567424
0.04523570
0.01078231
-0.04236639
0.17006722
0.05276970
-0.06593210
0.06579380
0.06976954
0.16011849
0.14000146
-0.01804088
-0.11174791
0.15894033
-0.02847864
-0.03713499
0.04044205
0.11511867
0.06081922
-0.04452932
0.04176467
-0.17174000
-0.04078567
0.09621944
-0.11092881
0.61542201
-0.09649923
-0.11037393
-0.08902912
0.02486162
-0.07998373
-0.24862865
0.08877380
0.10001913
-0.11487104
-0.06818473
0.09537499
-0.12242823
-0.09960823
0.07779404
-0.05117470
0.15489109
0.01739510
-0.01540716
-0.00765070
0.00057527
-0.00031684
0.04734700
-0.01069482
-0.01503349
0.01843668
0.02036225
0.02259292
-0.08911766
-0.01120243
-0.01226770
0.01266956
0.03454065
0.05617638
-0.07662487
0.00711964
0.05344015
0.00213466
0.01273809
0.00617287
-0.03856471
-0.00487065
0.06749814
0.15102746
-0.00754075
-0.05341564
0.00373108
-0.07567178
-0.02508837
0.02048584
-0.02603499
-0.02800097
0.03285802
0.02916977
-0.02994919
-0.01419660
0.02873741
0.00405604
-0.05485301
0.07518125
-0.01700648
0.01324602
0.04909990
-0.02822311
-0.01051692
0.05257288
0.04487176
-0.05024327
0.00453432
-0.03285066
0.00344643
-0.03076997
0.08738836
0.04046357
-0.01785790
0.02293207
-0.00826810
0.01135476
-0.02392876
0.04855535
-0.00998554
0.02444304
-0.00262398
0.03682420
0.03480715
0.02066092
0.06851841
-0.01266750
-0.01887296
-0.00502467
0.03732539
0.05990567
-0.02430493
-0.01105993
-0.00362717
0.02373948
0.02045299
-0.08324402
0.04830057
-0.09433806
-0.02257856
-0.00547180
-0.03429554
-0.02649235
0.01466215
-0.06622972
0.01939881
0.00469999
0.01378290
-0.00863189
0.08524869
0.04456294
0.05854739
0.02663272
-0.03226665
-0.02742283
-0.02490063
-0.01274230
0.01213979
-0.04107177
-0.10990897
-0.00547536
-0.00808327
0.00997349
0.01666036
-0.00050891
-0.02744498
-0.06563530
0.01727621
-0.03922063
0.02772409
0.00424401
-0.01350004
0.01367493
0.02867225
-0.06415007
-0.00281115
-0.03573233
0.01130710
-0.01566552
0.04955967
-0.00601272
-0.02778330
-0.00359755
0.07673958
-0.15092087
-0.00794940
-0.05014276
0.00581122
-0.02911379
0.01416207
-0.03173552
0.03984962
-0.00434324
0.00135309
-0.03425172
-0.01220737
0.08119091
0.08685171
0.02304258
-0.02352602
-0.00482035
0.06082495
0.03110658
0.01345696
0.01959892
0.04541447
0.05787183
-0.05038102
-0.04303791
0.04259350
0.01735046
0.00852776
-0.02357900
0.02058633
-0.04610963
0.00804017
-0.07822453
0.02527121
0.05046119
0.00579875
0.00159818
-0.03455193
-0.01063975
0.01720738
0.00942436
-0.07425105
-0.02305125
0.03383994
-0.05117626
0.00183478
-0.00336417
0.02788479
-0.03907642
-0.03358325
0.05060069
0.05982822
0.00814459
0.01205744
-0.02871367
0.02298152
0.07590885
-0.01070773
-0.05900837
-0.00551033
0.04967007
0.00144352
0.01589302
0.04333885
0.01776924
0.03013799
0.04118354
-0.03553043
-0.01108933
-0.03732103
-0.02930374
-0.01177995
-0.05696038
0.04816491
-0.01485173
-0.05448318
-0.02522158
-0.02424468
-0.03423385
-0.08149020
0.08735978
0.13944559
0.01825907
-0.01308463
-0.00753812
-0.02443796
-0.01540750
-0.02140886
-0.02966410
-0.01918673
0.02672835
-0.01729874
-0.03770335
-0.02932200
0.02093155
-0.07257450
0.03652980
-0.05904357
0.01081959
-0.06433694
-0.01199780
0.03122932
0.03482154
0.04665815
0.03827352
-0.02400949
-0.01335626
-0.03542335
-0.09673106
-0.06354550
0.02105285
-0.06061090
-0.03229035
-0.00815745
0.01110899
0.07545366
-0.02681654
0.00538365
-0.07935495
0.04546747
0.02620888
-0.01735905
0.01744807
0.00099424
0.03268506
0.05167854
-0.03788037
-0.01152504
-0.02666414
0.02886163
-0.02077246
-0.02453203
0.02764896
0.00615387
0.04050338
-0.03118986
-0.01713978
0.05154917
-0.09654880
-0.00426943
0.00396814
-0.00918299
0.03891168
0.00343375
0.01603371
-0.04795824
0.01051358
-0.09478076
0.02059378
0.00207660
0.06160107
0.00789670
0.05807190
-0.06181750
0.06037804
-0.02343702
0.00543055
-0.00366180
0.01196189
0.01125425
0.05678090
0.03247218
-0.03855513
0.01132683
-0.00483131
-0.03308752
0.00217808
-0.20627385
0.03307300
0.06491137
-0.02150539
-0.00253391
-0.01477336
0.01774136
0.03938988
0.03242125
0.04025648
0.01398576
-0.06911225
0.01650345
-0.01987487
-0.02868961
0.03785208
-0.00457289
-0.12818475
0.00763406
-0.01449879
-0.03237341
-0.01309012
-0.07572610
0.03655097
-0.00577594
0.03791297
-0.01791204
-0.03338066
0.02720610
-0.02499540
-0.02842484
-0.03325957
-0.00941661
0.03633773
-0.01135855
-0.00752084
-0.01416532
-0.07745454
0.01091792
-0.07789199
-0.00869870
-0.04766285
-0.00456581
-0.01827314
-0.02165044
0.02680524
0.01992890
0.04443882
-0.03485610
-0.02909024
-0.04217645
0.04979318
-0.01955884
0.00989748
0.01570487
-0.09491954
0.04748342
0.00281571
-0.02910510
-0.00287553
0.01071009
0.01685262
-0.03343244
-0.00644240
-0.05161572
-0.02110867
-0.02309661
0.01529151
0.00818069
-0.03747882
0.03733496
-0.01249119
0.02379432
0.04080512
0.01250518
0.02140974
0.03178745
0.00334672
-0.06575370
0.01840534
0.04720676
0.03492588
-0.03341554
0.04375034
0.06424198
0.01418025
0.01621918
0.05218955
-0.04134986
-0.02145847
-0.04037017
0.04476708
0.01073109
-0.15291505
-0.10754463
-0.02868254
-0.10729729
-0.03905573
0.06547126
0.02364675
-0.05181361
0.02029120
-0.02836793
-0.13406590
0.14037919
0.02517991
-0.01464823
-0.09812168
0.04787188
0.00857819
0.00910212
0.05291319
0.01168631
0.01200309
0.00178465
-0.01803757
-0.00755122
0.02150148
-0.06394070
-0.02436065
0.06324340
-0.03598733
-0.05303274
0.07671896
-0.13599870
-0.01686868
0.03282035
-0.00680158
0.01576007
0.00575434
-0.00293367
0.03497921
-0.04324570
-0.05731075
-0.02873068
0.04309544
0.02602827
-0.02575516
0.00122323
-0.02168545
0.05674910
0.14253610
-0.00421971
0.00309563
-0.00265239
0.06572822
0.00272983
0.00156254
-0.06726330
-0.01154155
0.00500443
-0.02039531
0.00920358
-0.02480808
-0.00827658
-0.08188064
-0.03153183
-0.04878798
0.07666212
-0.02237565
0.02500715
-0.02099834
0.02039252
0.02404308
0.06865712
-0.00116258
-0.00478507
-0.00222863
0.14329477
0.06673646
-0.00880413
0.02029085
-0.01249781
-0.01455264
0.01397844
0.00610916
-0.01141369
-0.02696201
0.00550943
-0.03157968
0.00299951
-0.03979785
0.02445229
-0.02171522
-0.00331675
0.00483253
-0.02334598
-0.14970376
0.01129634
-0.05364981
-0.05522134
-0.04054522
-0.02809543
0.00572117
-0.02613928
-0.00890609
0.01302187
-0.07975744
0.02477496
-0.07984584
-0.03589261
0.07593071
-0.05903693
0.02265141
0.02679927
-0.01841768
0.03953117
-0.03350831
-0.07150726
0.11269716
-0.01221156
0.09610522
0.01498059
-0.00405880
-0.00784248
0.05202693
0.05537713
0.02193052
