0.00968021
0.00002335
-0.04868187
-0.01223452
0.01392227
0.02677621
-0.00451878
-0.06444264
-0.00954493
0.03253409
-0.02932569
0.01896763
0.00280963
-0.00186096
-0.01761415
-0.02849183
-0.00907049
-0.02829353
0.16227522
0.03469306
-0.01072414
0.01423012
0.01229246
-0.00711953
-0.00782131
0.00316775
-0.00304690
0.00559766
-0.00954001
0.00677618
0.05654655
-0.03580613
-0.00367297
0.01032241
-0.00423359
0.01688487
-0.00159797
0.02623211
-0.01423749
-0.00850262
-0.03040257
0.00542280
-0.09971241
-0.04575429
-0.02690812
-0.01586860
-0.04800322
0.00073701
0.03049786
0.00608526
-0.00259828
-0.02157853
0.00247760
0.01221372
-0.04268367
-0.00590882
0.00227799
0.00575259
0.40155900
0.10262170
-0.01433261
-0.02121577
-0.00535572
-0.01080643
0.01491282
-0.00780383
0.01783550
-0.01982646
0.07704626
0.01651805
0.02411894
-0.01571471
-0.04477223
-0.00054381
0.00748462
-0.02338897
-0.04415604
-0.04258682
0.04870351
0.06747454
-0.01066525
0.02523797
0.00140175
0.06792915
-0.00222870
0.01583505
0.00555217
0.02407450
0.02534582
0.01986874
0.00513837
-0.04612043
0.07956722
0.02507128
-0.01619918
-0.02033300
0.03558897
-0.01664163
0.06902772
0.00566907
-0.02618010
-0.00905818
-0.01772591
-0.00782111
-0.01321434
-0.04116761
0.03636185
0.01106959
0.01308470
-0.05588656
-0.03032956
0.00099350
-0.01653312
-0.01842124
-0.00590758
-0.01027248
0.00906212
-0.02083515
-0.02415060
-0.00430315
-0.01721939
-0.02433962
0.01491069
-0.00615268
-0.04012051
-0.00689522
0.03034862
-0.00778370
0.01151445
0.01765337
-0.06468476
-0.02464232
-0.02578197
0.00195783
-0.05135201
0.00568808
-0.01194190
0.00364732
-0.15002459
0.02221114
-0.04373530
-0.00900635
-0.02342665
-0.02197524
-0.02783675
0.14850585
-0.00063023
-0.02658540
-0.01600426
-0.02124918
0.04426760
0.01864832
-0.01061696
0.00873114
0.00961752
0.01382187
-0.02177809
0.00407579
-0.04961634
-0.00306552
-0.00915290
-0.03478700
0.07519434
0.02530777
-0.00781019
0.04616724
0.05604813
-0.00223716
0.00817048
-0.01250249
-0.00324275
-0.00322551
-0.00740780
-0.00584788
0.01061152
0.00885651
0.00379551
0.01631801
-0.03174695
-0.00505421
-0.01288116
-0.00891652
0.00257463
0.03216879
0.03953832
0.02767478
0.03718269
0.01616500
-0.00260247
0.02355764
0.00724122
0.05752013
0.03361953
-0.01998835
-0.00098881
0.00588353
-0.04072956
0.01635497
0.03977126
-0.00100242
0.10290263
0.02616809
0.06376658
-0.01827447
-0.01082929
-0.05870059
0.03126837
-0.02715095
-0.01003919
-0.05119963
0.00122598
-0.02183260
0.02835888
0.01014920
-0.02982467
-0.03249394
-0.00253264
0.00812524
0.01717679
-0.00973093
0.00221852
-0.74429208
-0.02073354
-0.05297877
0.01204669
-0.00799554
-0.00714066
-0.00684695
-0.00577741
-0.02339321
-0.02027390
0.01743296
0.01526980
-0.02505032
-0.03521367
0.00123512
-0.01899666
0.00794112
-0.01449028
-0.00866227
0.01373309
0.02894700
-0.08472409
-0.07848401
0.00165062
0.03385329
0.01750743
-0.00523174
-0.00798231
-0.01262494
-0.00641227
0.00980867
0.05658320
0.00303591
-0.00817239
-0.00034476
0.13618022
-0.00014305
0.07455797
-0.07114413
0.03159264
-0.00049228
0.02031326
0.11200426
-0.04225648
0.20839117
0.13722771
0.01302772
0.02760783
0.11468850
-0.03522595
0.28859544
0.04527945
0.09647805
-0.02079767
0.06786984
-0.19851658
-0.04204788
0.06051565
0.10595026
0.04681819
0.01196517
0.10515709
-0.05857262
0.04210330
0.06980714
0.12280428
0.19509347
-0.02051796
-0.05658489
0.19456528
0.00065237
0.03872028
0.02404879
0.13797468
0.11841507
-0.04690639
0.02151615
-0.15125526
-0.15004456
0.12555525
-0.01872907
0.50123388
-0.03975932
-0.07260539
-0.07956627
0.04464934
-0.02368737
-0.34485886
0.04619650
0.08144902
-0.14633268
-0.06123927
0.08933466
-0.16188078
-0.13402194
0.02529425
-0.07172312
0.16303541
-0.00418731
-0.02885642
-0.00825844
0.00337050
-0.02624331
-0.02016399
-0.00368118
-0.02510763
-0.00759752
0.03060926
-0.04941666
-0.04124459
0.01029896
-0.00681166
0.00458707
0.01071880
0.04077924
-0.02435539
0.02629577
0.00943771
-0.04357266
-0.00015721
0.01393888
-0.02088949
-0.01303820
0.07070765
0.13977443
-0.00772458
0.00043870
0.02523084
-0.00701024
0.00760983
0.05155492
-0.01982756
0.00378684
0.02070363
-0.01847584
-0.04066175
0.01038245
0.03303533
0.02607929
-0.01373614
-0.00569200
0.02126449
-0.04513607
-0.01792473
-0.04125151
0.02184597
0.06353372
-0.01432193
-0.01293818
-0.02894674
-0.03805571
0.05472659
-0.05984317
0.01160159
0.02288084
0.08399092
-0.02720385
0.02593982
0.01504297
0.03816877
0.03246412
-0.02563852
-0.06515826
-0.00214341
-0.02421041
0.00842117
-0.03015016
0.01240711
-0.05995562
0.00027604
0.01079366
0.03879645
0.02356447
0.00097269
-0.00425748
0.05988247
0.00974327
0.00148718
-0.07499013
0.03245977
-0.05472813
0.09598058
-0.03345637
-0.06753808
0.00418459
0.06150774
0.00603007
0.00438643
0.02920754
-0.02099917
-0.03857848
0.06493446
-0.02767897
-0.03050804
-0.02989549
-0.00402231
-0.02928642
-0.02698677
-0.02345996
-0.00411099
-0.03519406
-0.03073535
0.01926257
-0.02715228
-0.00535816
0.01071906
0.04504418
-0.06768193
-0.05467228
-0.05504109
0.01841936
-0.00216034
-0.00992993
-0.00525162
0.02547399
0.00444037
-0.04784836
-0.00969122
-0.01804854
0.00588715
-0.02115479
-0.01113815
-0.02715123
-0.00198683
0.04842497
0.07775410
-0.11583618
0.02685326
-0.00600995
-0.01646865
0.03569734
-0.03632884
0.03348073
-0.00732225
-0.00419472
-0.01667556
0.02175153
-0.00062743
0.08444834
0.07427011
0.03271750
-0.00288608
0.02292892
0.00741332
0.04805642
-0.00521619
-0.01749287
0.06617134
0.07751215
-0.04661966
-0.08246963
0.02908707
0.00342932
-0.04319134
0.01918810
0.01736866
-0.02610806
-0.04863201
-0.09867042
0.00638167
0.01010302
-0.01023875
0.00075516
-0.00724010
0.02255314
-0.08391946
0.02962139
-0.03449279
-0.05039892
0.01161201
-0.08248651
-0.03138790
0.04438504
0.04608271
-0.00880913
-0.02335412
0.06129374
0.08928075
-0.02386536
0.05929941
0.00514161
-0.03088500
0.07280313
-0.00243399
0.01451407
0.04846803
0.12009165
0.01170624
-0.00494612
0.04043293
0.05972242
0.02233747
0.11849698
-0.01063878
0.02831666
-0.01000621
0.03541988
-0.02373427
-0.01781021
0.04575090
-0.05042535
-0.10606243
-0.08102196
0.03590255
0.02893101
0.04993910
-0.01624434
0.06437758
0.01854041
0.01997597
-0.03356128
0.03319119
-0.01650967
0.01025297
-0.05659984
0.00471167
0.01561965
-0.02967955
0.01307753
0.04731422
-0.00006819
-0.01112645
-0.03343115
0.00002356
-0.00025981
-0.06493109
-0.01901578
0.04424989
0.00719175
0.03745283
-0.02626434
0.00352813
-0.01737569
-0.02232854
-0.07695326
-0.03998383
0.00090884
-0.03374881
0.00619277
-0.06436138
-0.01313302
0.00952401
0.02776219
-0.01731641
-0.09653759
0.01875836
0.04783248
-0.00573399
-0.01748852
-0.02010065
0.01768066
-0.01533474
-0.01500272
0.00297752
0.01844571
0.03885143
-0.02614261
0.01826383
-0.00480622
0.01130463
0.00555863
-0.02639507
-0.00236406
0.00973341
-0.09191924
0.00044000
-0.02838881
0.01074723
0.04609205
0.02631114
0.01087593
-0.02065260
0.02789235
-0.10644770
-0.01979415
0.02955375
0.05510565
0.03888353
0.00403399
-0.00904946
0.04735290
0.03616878
0.00647578
-0.01221074
-0.02189113
-0.03033345
0.01457075
0.04229292
0.00329387
0.03942559
-0.02317963
0.00917224
-0.00279279
-0.16650271
0.01031349
0.08451790
0.00491061
-0.05314390
0.01980258
0.00760882
0.01101816
-0.01707557
-0.00930156
-0.00856408
-0.00121363
0.00605624
0.00846132
0.03726464
-0.04903089
-0.00841696
-0.04619855
0.01492853
-0.03661935
-0.01935918
-0.06822298
-0.07993782
0.01982643
0.00082159
0.01250897
-0.03826263
-0.05114320
-0.02988166
-0.00749698
-0.01334167
-0.03162338
-0.00329264
0.02188525
-0.02330547
0.04789385
0.02055876
-0.10623467
-0.03266724
-0.04031307
-0.00371448
-0.05216534
0.09423657
-0.03885507
-0.04770001
0.04765192
0.03779999
0.05233516
0.00645693
0.03381915
-0.04791114
0.02766234
-0.05575647
-0.05656914
-0.00167812
-0.05532761
0.03086607
-0.02842494
-0.08102266
0.00198625
-0.02197488
-0.08135815
0.00285339
0.03570777
-0.06734668
-0.01754390
0.01251877
0.04362047
-0.04893027
-0.00398784
-0.00607309
0.01339617
-0.00767912
-0.01467205
-0.01363200
0.01510853
0.06673288
0.02324750
-0.00051442
-0.02319489
-0.02925941
0.04756219
-0.02250451
-0.04881605
0.03949985
0.00717022
0.03735888
0.01052397
-0.02438523
-0.03282981
0.07873684
0.05194049
-0.02060659
-0.11055637
-0.08656109
-0.00619856
-0.03510318
-0.06347274
0.04129148
-0.05355689
-0.00943508
0.02340025
-0.02586840
-0.16229652
0.24654843
0.02016071
-0.08208428
-0.05501324
-0.01000795
-0.05178842
-0.00749328
0.01371296
-0.05196957
-0.00610182
0.02339195
-0.02909527
0.04246446
0.00830328
0.03138575
-0.01305398
0.03435815
-0.06159532
-0.06790195
0.06719746
-0.13807096
-0.00153222
0.01836945
-0.06071353
-0.00726357
-0.00588895
-0.01340431
-0.00771749
-0.03646810
-0.05170018
-0.06607293
0.00464945
0.01353958
0.06205628
-0.01434530
0.01589743
0.02766651
0.13754812
0.03575671
-0.02153788
-0.02605582
-0.01587291
-0.03432776
0.04375318
-0.07699087
-0.03864718
-0.00007497
0.01397926
0.00239419
-0.04357595
0.01098633
-0.14039217
-0.01215457
-0.01403068
0.04628695
-0.02563857
0.07344883
-0.02462936
0.00316651
-0.02604658
0.11845926
-0.02207951
-0.02034891
-0.04271711
0.15972522
0.04082697
0.01461893
-0.01102707
0.07721987
-0.01046318
0.01992100
0.03174712
-0.02624427
-0.02936605
-0.02576756
-0.01927793
0.04339009
-0.01118480
0.03781343
-0.02318246
0.00881011
-0.02090529
0.01773648
-0.10516601
0.00663437
-0.00139495
-0.05975271
0.00469861
-0.03180926
-0.03860160
0.04941896
0.02079079
0.02926314
-0.03136666
-0.03819545
-0.04722558
-0.02561283
-0.00148458
-0.00630498
0.00543646
0.01301368
0.01108971
-0.03694432
-0.04650491
-0.09969669
0.10123574
-0.02012237
0.12501043
0.04272853
-0.00393391
0.05403579
-0.01565369
-0.01067493
0.00846335
