0.02292209
-0.01371638
-0.03692026
-0.01898506
0.01153588
0.01412787
-0.00792602
-0.02754460
-0.01668030
0.00379292
-0.00271104
0.01604456
0.01363933
-0.05274259
-0.01204845
-0.00877864
0.01579459
-0.03066988
0.10220311
0.03652230
-0.00500991
0.03936673
-0.02675282
-0.01766149
-0.00602985
0.01899208
0.00912223
0.00258612
-0.00584810
-0.00002304
-0.02337340
-0.02289099
-0.00715186
-0.00744895
-0.00400495
0.02704965
0.00262297
0.00984868
-0.00438682
-0.02646830
0.00024575
-0.02040621
-0.05888267
-0.03671879
-0.01701119
0.03565202
-0.04492510
0.00506643
0.01524572
0.01989679
-0.00810031
-0.04629002
-0.01690155
0.01235938
-0.03674835
-0.00364670
0.01660858
-0.00423798
0.47333696
0.07293100
-0.02957764
0.00936623
0.02071858
-0.02094710
0.00774882
0.02172900
0.00306200
-0.01814157
0.03693062
0.03686429
0.01756286
-0.00327488
-0.04666877
0.00281621
0.00144989
-0.03050509
-0.03714653
-0.02571804
0.04618740
0.00343832
0.00165417
0.01230437
0.02014516
0.05681248
0.02539320
0.01042908
-0.00518911
0.00889851
0.02736244
0.03143454
0.01319128
-0.00580494
0.05985381
0.01744506
-0.00074803
-0.00531705
0.00472641
-0.02983873
0.03073416
0.00501908
-0.00393188
-0.02248802
-0.01325961
0.01156053
0.01793402
-0.02674903
0.01921356
0.01296275
0.00365164
-0.05687243
0.01190064
0.00793754
-0.00805444
-0.01569231
-0.00801908
-0.00878487
0.02995278
-0.01199764
0.01137460
0.01927857
0.00734209
-0.00548570
0.00245825
-0.00237583
-0.02064654
-0.00644930
0.02511999
-0.02368734
0.00179101
0.05950332
-0.01460766
-0.03420468
-0.00984347
-0.02023178
-0.02018182
-0.00437523
-0.01749177
0.03808669
-0.15480399
0.01159390
-0.02895395
-0.02666728
-0.01213857
-0.01747774
-0.02692550
0.08821129
-0.02829927
0.01733270
-0.00560274
-0.02766824
0.04512450
0.01246638
-0.02150847
-0.00168734
0.00692398
-0.01836438
0.00477980
0.01286939
-0.03462113
0.00616076
0.00963531
-0.03850877
0.02745685
0.00573236
0.00442072
0.05706225
0.02831733
0.00959510
0.00581407
0.01607724
0.01508163
-0.00030500
0.01398383
-0.01436897
0.03651640
0.03020132
0.00998746
-0.00553736
-0.05838061
-0.00682104
-0.04286898
-0.01644145
0.00087534
0.01900444
0.03525401
-0.06665975
0.08262096
0.00313194
-0.00744252
0.04170123
0.03635089
0.02374399
0.00549969
-0.01868738
0.00771631
0.02073426
0.01983735
0.02821263
0.00934201
-0.02118263
0.07464896
0.02141913
0.12283688
-0.01968645
0.00777128
-0.05356937
0.00967614
-0.00296994
-0.01729769
-0.05403066
-0.00815955
-0.00758175
0.01407026
0.00656112
-0.02728632
-0.00479573
-0.00952589
0.02464500
0.00140374
0.01269874
0.01091116
-0.75422114
0.00268187
-0.03508339
-0.00116270
-0.01716375
0.01562008
-0.02189686
0.01333640
-0.01781837
0.00381490
-0.01866098
0.00895894
0.00113313
-0.04308598
-0.01644796
-0.01515707
0.01248160
-0.00101153
-0.00503662
-0.01246116
0.02517990
-0.02292119
-0.05139307
0.00429053
0.00564238
0.02578161
0.02305116
-0.01445213
-0.00796014
-0.01372257
0.00600140
0.04657948
-0.00694862
-0.01068287
0.00311012
0.09883864
0.03977721
0.02512207
-0.08091446
0.10611294
0.02962372
0.01230846
0.05195711
-0.08277982
0.20529808
0.09106140
0.12394521
-0.04054346
0.01100494
0.01373900
0.18877974
-0.04186301
0.01598404
-0.01410506
-0.04016602
-0.17817102
-0.10078842
0.00964116
-0.01575422
-0.05913341
0.17130600
0.04144194
-0.10145943
0.09548606
0.09814466
0.13910723
0.14487392
0.00589263
-0.10195508
0.10944583
-0.02531414
-0.01356784
0.05860210
0.10781581
0.00642785
-0.08668925
0.01642310
-0.16539153
0.03849940
0.04997730
-0.12371425
0.68437344
-0.07007688
-0.08985390
-0.08885667
0.01558313
-0.04245113
-0.16821541
0.05125609
0.07527969
-0.11556869
-0.12673573
0.07069291
-0.11621360
-0.06796146
0.08791117
-0.01697038
0.15705651
0.01912737
-0.00717552
-0.01562679
0.02523087
0.00470461
0.02023390
-0.00512643
0.00292910
-0.01258119
0.02980728
-0.01784027
-0.05142026
0.00460214
0.00667823
-0.02162253
0.03280431
0.05944795
-0.04983709
-0.00567738
0.03000519
-0.01697739
-0.02068653
0.00609215
-0.02560044
-0.05179428
0.06185016
0.13357598
0.01083412
-0.06378285
0.04710624
-0.08471402
-0.02613034
0.04195046
-0.03150276
-0.03149078
0.02283179
0.02859437
-0.05986003
-0.02499184
0.02436283
0.00621644
-0.03901364
0.02035578
-0.00408143
0.00031111
0.02440659
-0.03503766
0.01319414
0.06907884
0.01955105
-0.01542324
-0.02121347
-0.01816448
0.00099989
-0.07230163
0.07498959
0.01138387
0.05780787
-0.01333436
0.00430078
-0.00672124
-0.01314553
0.08184139
-0.00193589
0.01232068
0.02126531
0.02521616
0.01595354
-0.02760620
0.01643000
-0.02143380
0.00373091
-0.00090616
-0.02653223
0.03948838
-0.01960257
0.01559015
0.01601081
0.02745607
0.03851251
-0.08422143
0.02764058
-0.05991431
0.07041739
-0.02766122
-0.05315796
-0.01912461
0.04615280
-0.04269668
-0.00441424
-0.00820007
-0.05715631
-0.02182888
0.09735629
-0.01525090
0.01938620
-0.02253399
-0.01340940
-0.02268530
-0.00881820
-0.01363020
-0.03098003
-0.02554164
-0.08705569
0.01774507
-0.03483956
0.01903077
0.00486150
0.03862247
-0.02380417
-0.08344234
-0.04490978
-0.01945468
-0.00151238
-0.01357750
-0.01180427
-0.02074894
-0.03271247
-0.07206167
-0.04239026
0.00529619
-0.00545684
0.00015648
0.02836237
0.00339505
-0.07387269
-0.05760741
0.05865372
-0.08927996
-0.00442487
-0.08887713
-0.01807478
-0.03774966
0.01460707
-0.00830393
0.01381373
0.01398537
-0.01480342
-0.00156880
-0.01707455
0.07349826
0.01450301
0.04454823
-0.02002170
0.02298073
0.03251496
0.00868115
0.03027209
0.02816534
0.03616401
0.06921341
-0.03299276
-0.08288559
0.00992985
0.05067724
-0.00165175
-0.03294742
0.03689619
-0.02720747
-0.04605671
-0.06007518
0.03895783
0.00294585
-0.00624091
-0.01740759
-0.01233805
0.01214276
-0.01148861
0.02785990
-0.03266199
-0.06141408
0.03136284
-0.03344117
-0.00319535
0.02231042
0.04071201
-0.03131432
-0.02512589
0.00941329
0.07893159
-0.00340930
-0.00056392
0.00119096
0.02764239
0.05881096
-0.06122135
-0.06527703
0.01116495
0.05864915
0.01636378
-0.03287278
0.02953122
0.01092105
0.01951847
0.07987119
-0.01103161
-0.01613226
-0.04422333
0.02964478
-0.07057633
-0.06426903
0.04759243
0.03353917
-0.07011360
-0.05832879
0.03396689
0.00075160
-0.03297251
0.02088363
0.16983253
0.02767168
0.00026147
0.01583287
0.01495790
-0.04774494
0.03077356
-0.05982828
0.01229957
0.02387177
-0.03442785
-0.04442218
-0.00607168
0.00070176
-0.03558894
0.00725764
-0.01445710
0.05572968
-0.09701823
-0.03563769
0.03182841
0.03593303
0.05402371
0.00137164
0.01268558
-0.04517227
-0.02715271
-0.10999870
-0.04506144
0.01403254
-0.08261992
0.04031521
-0.02345343
0.03377913
0.05250377
-0.03882821
0.01397552
-0.06003222
0.07933518
0.01638907
-0.05324568
0.01863497
0.02496830
0.00662787
0.06009553
-0.03560289
0.00791113
-0.01111695
0.09179813
-0.02577793
0.01888827
0.02331204
0.01658481
0.02321337
-0.03667123
-0.01220869
0.01254339
-0.05526474
-0.00616854
-0.01325989
-0.00359965
0.05222452
-0.00420869
0.01050585
-0.04223980
0.03611185
-0.01962756
-0.03435689
0.00219633
0.05117208
0.01729267
0.03759364
-0.02167464
0.05925564
-0.04384574
-0.01754275
-0.00519722
0.01736500
-0.01027635
0.01952707
0.01931824
-0.00059264
0.04357287
-0.02397527
0.00367994
0.04309209
-0.12975219
-0.00496449
0.04874647
-0.03737855
-0.02946008
-0.05137460
0.01721945
0.04972306
0.03026302
0.00876728
-0.04021600
-0.09106300
-0.00405489
-0.01266100
0.00087921
-0.00486341
-0.00932654
-0.06163415
-0.01845100
-0.03844924
-0.03462315
0.00772390
-0.11664186
0.04241398
-0.01079153
0.03020306
-0.06495558
-0.02907832
0.02889696
-0.00520922
-0.04874466
-0.02514415
0.02555065
0.03973968
-0.00637513
-0.00357451
-0.00012545
-0.04761757
0.02003926
-0.07585478
-0.00043683
-0.09021251
0.06374633
-0.00329335
0.04031980
0.03541686
-0.00040331
0.05329866
-0.01362916
-0.03101953
-0.04172379
0.12093866
-0.08551643
-0.02127856
0.02379641
-0.10203549
0.01230390
-0.01068547
-0.04941551
0.00229087
-0.04035644
-0.00234362
-0.02369749
0.00103602
-0.05248237
-0.01785053
-0.04855397
0.00669714
-0.01945088
-0.05412333
0.01834167
0.05992331
-0.01252019
0.02245027
0.03809607
-0.01707517
0.04377212
-0.02623276
-0.03369575
-0.00855438
0.02460797
-0.00785899
-0.04647895
0.01247771
0.06054549
0.01168605
0.03694831
0.08021892
-0.00515590
0.00339800
0.01342899
0.06147254
0.01176203
-0.10553122
-0.06937772
-0.02933761
-0.03442902
-0.06090039
0.05759010
0.00670311
-0.06863611
0.04546498
-0.01300020
-0.15270080
0.14580978
0.05132718
-0.06858592
-0.05956401
0.03595858
0.00569931
-0.01071801
-0.02933034
-0.01580430
-0.03533443
0.00840174
-0.04602329
-0.00257831
0.02428723
-0.01525053
-0.01881612
0.04594869
-0.05217209
-0.04930042
0.06483854
-0.17841615
-0.01822698
0.04034365
-0.05253332
0.00688522
-0.01088727
0.00510551
0.00194086
-0.00569355
-0.03067940
-0.01331355
0.02908562
0.03355886
0.06219069
0.01550690
0.00294454
0.04398426
0.07527412
-0.00719083
-0.02929037
-0.02116246
0.04055306
-0.02152509
0.01410406
-0.07008221
-0.02511673
-0.01897907
-0.08617432
-0.00092531
-0.03644680
0.04295464
-0.11473604
-0.01387418
-0.02332726
0.04046728
-0.01976739
0.07815745
-0.02794076
0.03964822
0.02034452
0.11756271
-0.02572886
0.01223330
-0.05597677
0.17926104
0.05977771
0.04594373
0.01405474
0.01502390
0.00425480
0.04269775
0.00430617
-0.00519593
-0.00509444
0.00387447
-0.03169955
0.01611574
-0.01985481
0.01910307
-0.02039644
-0.00574762
-0.03816049
0.02292873
-0.14480340
0.01015372
-0.02769036
-0.09536128
-0.01409188
-0.04766001
-0.00175616
0.00940471
-0.00587164
0.00398243
-0.05851950
-0.01405701
-0.09207153
-0.00882959
0.03963269
-0.03878279
0.00479780
0.00837327
0.01615445
0.04669315
-0.00421927
-0.08521712
0.07842416
-0.03721803
0.10884956
0.06391484
-0.00265492
0.05885420
0.00952331
0.04350768
0.04914686
