0.00115143
0.00471020
-0.04123642
-0.02050093
0.01626040
0.01589300
-0.00231542
-0.06485526
-0.00401639
0.02718888
-0.02926948
0.01739404
-0.00438705
-0.00589979
-0.01934931
-0.03036338
-0.01447622
-0.03616535
0.15358025
0.03615768
-0.00288073
0.02501952
-0.01054961
-0.01674103
0.00187835
0.01750904
0.00197593
0.00470416
-0.00914119
0.00506859
0.04223209
-0.03358027
0.00203642
0.00464879
0.00262903
0.03059322
-0.00290822
0.01149193
-0.01167149
-0.02608350
-0.01132621
0.00139146
-0.09381287
-0.04879172
-0.02369417
-0.00448417
-0.04988285
0.00188509
0.03559188
0.00860780
0.00746109
-0.03869979
0.00205958
0.01776723
-0.04173144
-0.00813501
0.01327600
0.00674275
0.39146271
0.08284330
-0.01675627
-0.01033915
-0.00126349
-0.01917872
0.02164849
-0.00347273
0.01934401
-0.01709929
0.07795952
0.02183849
0.01047325
-0.01157534
-0.03371559
0.00287539
0.02001794
-0.03381352
-0.05132398
-0.02953385
0.04802739
0.08197612
-0.00692613
0.01763400
0.01153111
0.06402685
0.00677061
0.01177602
-0.00183920
0.01717071
0.02912368
0.03209091
0.00174954
-0.03266930
0.05952578
0.02768406
-0.01270361
-0.01489062
0.03582390
-0.03648315
0.05097188
0.01746900
-0.02347270
-0.01104896
-0.01630322
-0.01352684
-0.01314129
-0.03788942
0.03035067
0.01544257
0.02048334
-0.05639103
-0.02279972
-0.00538083
-0.02481912
-0.01623319
-0.01974494
-0.00912399
0.00797535
-0.02104106
-0.02416109
-0.00174483
-0.00967357
-0.01591323
0.00070765
-0.00682050
-0.03355603
-0.01057624
0.03392864
0.00170009
0.01535520
0.02370162
-0.05872538
-0.02798024
-0.01487879
0.00027667
-0.04219717
0.01091691
-0.02093725
0.01288965
-0.12855649
0.02020030
-0.06171420
-0.00069807
-0.02804149
-0.00920082
-0.02794109
0.14362365
-0.00820621
-0.02184504
-0.01943181
-0.01955806
0.04063105
0.02250109
-0.02414202
-0.00136006
0.01065303
0.01312708
-0.01466814
-0.00380835
-0.06123488
-0.00476948
0.00157723
-0.05876942
0.07443719
0.01268772
-0.00366622
0.05252155
0.04282226
0.00015518
0.00646119
0.00074095
-0.00479282
-0.00258021
-0.01046657
-0.01273812
0.01649885
0.01908004
-0.00016391
0.02214359
-0.03113173
0.00194541
-0.01163280
-0.00670635
0.00620399
0.03418289
0.03164364
0.03923484
-0.01151910
0.02624195
-0.00263950
0.02972743
0.03748165
0.05460037
0.02546484
-0.02585286
0.00710287
0.01205385
-0.02799393
0.02004743
0.02943998
-0.01009729
0.09329741
0.03279902
0.04822178
-0.01883976
-0.00469789
-0.05184001
0.03515983
-0.03129900
-0.01013495
-0.07463866
-0.00315294
-0.02412870
0.03285724
0.01193776
-0.02428978
-0.02335961
-0.00204962
0.00389115
0.01170086
-0.01076269
-0.00401196
-0.76220232
-0.02701246
-0.06066718
0.01703912
-0.00687189
-0.00233713
-0.01335690
-0.00295480
-0.02137378
-0.01989399
0.00438480
0.01105524
-0.02088040
-0.02349262
0.00202692
-0.02800418
0.00706377
-0.01038725
-0.00430691
0.00214164
0.03158246
-0.08328162
-0.06789481
0.01466380
0.03713369
0.02014962
0.01199740
0.00678872
-0.01815835
-0.00555802
0.01645176
0.04719929
0.00236419
-0.01511106
0.00045076
0.12118135
-0.03082774
0.05607262
-0.06392783
0.05866464
0.01300871
0.01407139
0.08855240
-0.04098106
0.20573404
0.11806153
0.00733744
0.01831483
0.10634222
-0.01809165
0.25537992
0.02883033
0.11097047
-0.03912871
0.05738321
-0.20073269
-0.06588949
0.06373338
0.08450056
-0.00041416
0.05357287
0.06609286
-0.05658308
0.04924092
0.05554542
0.15002218
0.18030563
-0.04112829
-0.07253377
0.18676168
-0.00619279
0.02732592
0.03745019
0.13540442
0.08879952
-0.04123696
0.00453674
-0.14793295
-0.13118915
0.14463353
-0.03025325
0.57619941
-0.06032500
-0.06478521
-0.09252685
0.05171422
-0.04684893
-0.29158443
0.05385377
0.09163962
-0.14640404
-0.05020759
0.09114784
-0.13803574
-0.12435733
0.02140424
-0.06747315
0.17557389
0.02051824
-0.03573857
0.01792078
-0.01771669
-0.01289963
0.03322945
-0.05087700
-0.00106093
0.01551153
-0.00436017
-0.01730006
-0.01245289
-0.02843783
-0.01626175
0.00875549
-0.02590355
0.00971076
-0.01933970
0.01867883
0.00506005
0.00585945
0.00449081
-0.00752306
0.03096071
-0.02659329
0.02368548
0.13384077
0.01680539
-0.02311474
-0.01595243
-0.01215560
-0.02601557
0.04430176
0.01957109
0.03916164
-0.01840733
-0.01460680
-0.00708916
0.02978736
0.04245163
-0.00254273
-0.02316911
-0.03295306
0.03126310
-0.02828289
-0.00257416
-0.03383792
-0.00117443
0.09004042
0.02713661
-0.03747935
-0.00480018
-0.08652250
0.05986628
-0.09840986
-0.00214340
0.03801456
0.03372177
-0.03715979
0.00322547
0.02468037
0.05778259
-0.00768048
-0.03921885
-0.00158052
-0.00826424
-0.01436216
0.01746161
0.00969843
0.05484011
-0.03281344
-0.01852744
-0.01313822
0.04189153
-0.01001119
-0.03081294
-0.04160779
0.02033157
-0.01638819
0.06486434
-0.06202452
0.00078535
-0.06624839
0.13817105
-0.01988881
-0.02981180
0.00331827
-0.00197314
-0.02548489
0.00922843
-0.02204902
-0.03786504
0.00776833
0.00119754
-0.02451898
0.00567681
-0.02090657
-0.01137021
-0.03733187
-0.01722477
-0.03944340
0.04425490
-0.02945461
-0.06311027
0.04395890
0.00378282
-0.03418085
-0.00167085
-0.00278386
-0.09660819
0.00556959
0.01180492
0.00946473
0.00207722
-0.00500576
-0.00083284
0.00583525
-0.01612129
-0.03239323
0.01537920
0.01280424
-0.00645028
-0.01845837
0.01585499
-0.02518193
-0.02057844
0.06359053
0.06695997
-0.12868898
0.03171639
0.02911801
0.00353641
-0.00937781
0.00251179
0.04167780
-0.00352967
-0.05528567
0.03190337
0.01457081
-0.02168556
0.02332576
0.02513872
0.02387413
-0.05233262
0.01097979
0.03654414
0.04212587
-0.04413272
-0.02212258
0.06602544
0.05658446
-0.01609630
-0.02734119
0.02083112
-0.02434681
0.01708660
-0.02474456
0.01033949
-0.01686476
-0.02317218
-0.07804473
-0.00861356
0.02592934
-0.00682417
-0.01050592
-0.00481797
0.02309316
-0.04821732
-0.06287699
-0.03870903
0.01363937
0.01516948
-0.07162961
0.01268977
0.03125124
-0.00690446
-0.01877418
-0.00133935
0.07683170
0.12144678
0.02740340
0.07667429
-0.01941739
0.00545480
0.05067065
0.02296240
0.00372320
0.04029128
0.09152100
0.01016705
0.03393068
0.01154118
0.04354043
0.01845591
0.04186080
-0.02465526
0.02655433
-0.01982482
0.00833408
0.01842100
0.01975088
0.03622105
-0.05047792
-0.06360930
-0.06319191
0.01575850
0.04987252
0.04537541
0.00463186
0.05539372
-0.01749071
-0.01831330
0.04289236
-0.04261297
0.01701164
0.03509575
-0.01623319
-0.00556533
0.01591324
-0.00595044
0.01212804
0.01807019
0.01988123
-0.00727379
-0.05310493
-0.04966225
-0.02965889
-0.00634576
0.01599687
0.00431302
0.00642105
0.00703085
0.03153853
-0.02567519
-0.03738690
-0.02604390
-0.08052164
-0.06251423
0.02487400
-0.01701721
-0.02066969
-0.04016488
0.01943421
0.02180323
0.01640219
-0.03227307
-0.08677889
0.04635644
0.04257190
-0.01865036
0.01556966
0.01597775
0.06333532
-0.02397867
-0.01656769
-0.02921178
-0.00028342
-0.02600617
-0.00304480
-0.01474818
0.03892841
0.05272763
-0.00562151
0.00272813
0.03038869
0.02674312
-0.03154197
0.01144841
0.01411287
0.00493164
0.00397905
0.03474679
-0.01665325
-0.05175492
0.05472202
-0.15194072
-0.01450433
0.05465781
0.02304865
-0.00472865
-0.01712339
-0.00230204
0.03803012
0.02513661
0.00551340
-0.01736966
-0.02172908
0.01865254
0.00242486
0.04402486
-0.04602529
0.01603918
-0.06024112
0.01039636
-0.03377191
-0.13125186
0.03836254
0.06867576
0.00386460
-0.02218826
-0.02003232
0.02533399
0.01763685
-0.02458544
0.03363692
-0.01526517
-0.02339083
-0.01219561
-0.01150521
0.02816739
-0.02383547
0.06010914
-0.07522712
0.02286524
-0.06802704
-0.00865161
-0.11503223
-0.15207605
-0.03225019
-0.06154946
-0.01295589
0.02426190
-0.03954175
-0.01586678
0.01318203
0.01991519
0.01666573
-0.04539537
0.04215705
-0.00185716
0.05200121
0.05168025
-0.08544596
-0.03388633
-0.08209632
-0.01596068
-0.01489096
0.05995357
-0.03691710
-0.05508632
0.02794683
0.02880268
0.04040618
0.00077961
0.02723841
0.01741325
-0.03898174
-0.00641266
-0.03360918
-0.04379532
-0.01708499
0.02134294
-0.00671093
-0.03553997
0.03281511
-0.03135680
-0.06472482
0.00129242
0.05443890
-0.00873191
-0.02251207
-0.05016500
0.02362861
-0.01548474
-0.00965144
0.03065613
-0.02468773
0.01017660
-0.01212793
-0.06106655
0.04101618
0.05979701
0.00838676
0.01125808
-0.00591675
0.05016574
0.07051076
-0.02367931
-0.06669160
0.01923758
-0.01459568
-0.00675402
-0.03863880
-0.02067489
-0.05807202
0.09855881
-0.00354000
0.02832336
-0.15167807
-0.02029735
0.01169646
-0.00784204
0.00019483
0.02779673
-0.02377659
-0.01116697
0.02562558
0.00604748
-0.18084605
0.17582658
0.03009633
-0.06347171
-0.09628260
-0.00977060
0.00388678
-0.00965289
-0.01622694
-0.03938666
-0.00510340
0.04386105
0.02475389
0.04084195
0.01097624
-0.00569567
-0.00760826
0.04754486
-0.06468537
-0.03674693
0.00835377
-0.22077255
-0.02827791
-0.01594724
0.03494804
0.02410628
0.00621444
-0.00560876
0.03771150
-0.04856797
-0.02863439
-0.02785719
-0.05110113
-0.00660117
0.02625861
0.00423697
-0.00049387
0.01500605
0.17311542
0.05392269
-0.02515590
-0.03034547
0.01797658
0.02111508
0.08938230
-0.06027350
0.01118312
-0.01199498
0.04623918
0.01518915
-0.06173727
0.00231096
-0.14064799
-0.00592829
-0.00918764
0.06324258
-0.01818581
0.05396498
-0.01536717
-0.04908662
0.01763500
0.05449438
-0.03050525
-0.03885528
-0.00818631
0.21778649
-0.00720428
-0.00453707
-0.03240107
0.04087458
-0.02785611
-0.04614831
0.02358924
-0.07760160
-0.02661168
-0.01072729
-0.03378733
0.04934229
-0.02080023
0.01039705
0.00047108
-0.04264187
0.04958467
0.01945027
-0.10415941
-0.01157036
-0.04525542
-0.00364230
-0.00779944
0.02214420
-0.02788501
0.03131071
0.01135609
0.02401603
-0.01241314
-0.05018255
-0.00340770
0.00029562
0.02453688
-0.00456454
-0.02162289
0.00859378
0.05975551
-0.05049415
-0.00615333
-0.08244531
0.14020614
0.01898491
0.10714390
-0.02830940
0.00938413
-0.02462901
-0.02688747
0.02606674
-0.03571183
