0.02399279
-0.00816729
-0.02851058
-0.01120522
0.01626255
0.02492742
-0.00118220
-0.02105071
-0.00728501
-0.00633428
0.00035104
0.00980009
0.00349186
-0.04110683
-0.01206243
-0.00647001
0.01381331
-0.02931144
0.09910110
0.03160735
0.00218015
0.04003161
-0.02779577
-0.01550136
0.00301804
0.01518108
-0.00067324
-0.00779801
-0.01062729
-0.00164348
-0.02330167
-0.02034601
-0.00471003
-0.01321655
0.00213499
0.02236385
-0.00448643
0.00013947
0.00083150
-0.02676740
0.01114984
-0.01949528
-0.04938162
-0.03711387
-0.01219105
0.03317970
-0.03557557
-0.00636803
0.00645864
0.01957148
-0.00803704
-0.04668778
-0.01271778
0.01060649
-0.02621094
-0.00499310
0.01852701
-0.00133128
0.49084541
0.07750444
-0.02785420
0.01005843
0.01575026
-0.01775610
0.01060707
0.02683575
0.00113712
-0.01501480
0.02982118
0.02380968
0.01007617
-0.00127404
-0.04995806
-0.00121691
0.00238783
-0.02689592
-0.02398018
-0.01623111
0.03990920
-0.01112569
0.00549933
0.01257868
0.02384534
0.05170011
0.02689253
0.00267552
-0.00573770
0.00918812
0.02336715
0.02869170
0.00026832
-0.00254062
0.05372419
0.01152936
0.00409474
0.00474895
0.00192912
-0.03481746
0.01826033
0.00882892
0.01038102
-0.01313676
-0.00847420
0.00714574
0.01497492
-0.02356032
0.01511677
0.01102972
0.00422110
-0.05286736
0.01562765
0.01154241
-0.01235046
-0.00944695
-0.01317258
-0.00432081
0.03158481
-0.00657291
0.01497531
0.02305561
0.00557966
-0.00274193
-0.00880867
-0.00689926
-0.03282652
-0.01098896
0.02168889
-0.02346809
-0.00031396
0.06518327
-0.01584969
-0.02505923
-0.00130298
-0.01929961
-0.01736741
-0.01402708
-0.01437088
0.03706345
-0.14940707
0.01206754
-0.02991523
-0.02443351
-0.00660776
-0.00973738
-0.02021768
0.07900422
-0.02384206
0.02386769
0.00224390
-0.02937029
0.04285288
0.01979195
-0.02532661
-0.00594576
0.00322422
-0.02019163
0.00729379
0.01259065
-0.03147207
0.00234735
0.01855810
-0.03601757
0.02036141
0.00194951
0.00718485
0.05392421
0.01899148
0.00403195
0.00460378
0.00821039
0.00970315
-0.00231430
0.01288719
-0.01666139
0.03738962
0.02837558
0.00340890
-0.00812110
-0.05793509
-0.00618915
-0.03611248
-0.00929458
-0.00485886
0.01604111
0.03389068
-0.08297828
0.10067365
0.00627616
-0.00559219
0.03358221
0.03851982
0.01448634
0.00038079
-0.01489555
0.01182593
0.02122895
0.02325359
0.03356306
0.01194194
-0.02371122
0.05758290
0.02618443
0.13414232
-0.02091235
0.00825656
-0.04668152
0.01295128
-0.00192962
-0.01286449
-0.05196095
-0.00431040
-0.01265067
0.01490432
0.00559438
-0.02600418
0.00051384
-0.00904512
0.02039737
0.00010561
0.01372498
0.01333527
-0.75229073
0.01029950
-0.02832536
-0.00350996
-0.01472375
0.01378573
-0.01211721
0.01221561
-0.01255103
0.01091349
-0.01482069
0.00066643
-0.00054706
-0.05206779
-0.01731052
-0.01149448
0.01264590
-0.00307229
-0.00512768
-0.02080888
0.01595100
-0.02024561
-0.04151247
0.00345320
0.00062118
0.01724683
0.02511712
-0.01660533
-0.01096034
-0.01281306
0.01059939
0.04465377
-0.01007618
-0.01537844
0.00594648
0.15491655
0.17693993
0.08245856
-0.08972833
0.06861529
-0.02391905
0.03327351
0.01446901
-0.16946183
0.17478810
0.11025876
0.15971236
-0.17124450
-0.04999010
-0.04735710
0.22559169
-0.02761864
-0.05465563
0.04330100
-0.06212161
-0.13904285
-0.08737968
-0.07955039
-0.04725581
-0.05131892
0.09664325
0.07428612
-0.11206581
0.08154631
0.12361348
0.04665706
0.15097149
0.01557979
-0.06208983
0.06626417
-0.00117853
0.03470564
-0.00420171
0.09914234
0.01165439
-0.16604118
0.02560351
-0.08879564
0.10773740
-0.04703651
-0.12167077
0.62792110
-0.02718220
-0.09274209
-0.05727079
-0.05658093
0.01726613
-0.17707637
-0.00976637
0.01251753
-0.11739585
-0.14894341
0.04857552
-0.16873285
-0.01260170
0.11719861
0.00978512
0.09774981
-0.05124782
0.02448334
-0.01831941
-0.02621755
-0.00658235
0.08937652
-0.02820923
-0.00670643
0.00967497
-0.01695997
0.00142714
-0.03730282
0.00214032
-0.03966009
0.01986110
0.03035425
0.05291781
-0.06987693
-0.02525352
0.05839385
0.01128849
-0.03248637
0.00584896
-0.03896686
-0.02753306
0.03130946
0.09926127
-0.02892960
-0.05098028
-0.03519197
-0.02876515
-0.02981601
-0.01103031
-0.01556990
-0.00864603
0.05835037
0.02634141
-0.03456003
-0.01729567
0.04654246
0.01526918
-0.04328529
0.02647401
-0.05216718
-0.00531309
0.04973805
-0.04665331
-0.04025035
0.01869424
0.04981691
-0.08095426
-0.01706144
-0.03422570
0.01220867
-0.05234223
0.06421553
0.03020535
-0.03640550
-0.00698360
-0.03529462
-0.02163544
-0.02100435
0.05611337
-0.04104398
0.03459206
-0.04799055
0.06197948
0.04819569
0.05270176
0.05019490
-0.01197678
-0.03392826
-0.00013617
0.10420621
0.03779231
-0.02422478
-0.00583759
0.03020378
0.02526561
0.02137515
-0.06562266
0.08769520
-0.05906710
-0.00829970
0.01558778
-0.00813535
-0.03456152
0.05461370
-0.00519310
0.03172489
0.01202863
0.10098153
-0.03674397
0.02213762
0.11105310
0.01643135
0.02850134
-0.05090863
-0.02628266
-0.02225585
0.00605318
0.03282002
-0.03155016
-0.12034131
0.00721476
-0.01153548
-0.00473895
0.01738408
0.00987697
-0.03351820
-0.03895100
0.04487314
-0.05582267
0.01075905
-0.04257314
-0.01485197
0.00542416
0.00622028
-0.07774694
0.00747634
-0.03142831
-0.01686196
-0.02956539
0.05755505
0.02355138
0.00512515
-0.01176657
0.06879337
-0.18066265
-0.00908881
-0.03050859
0.03912735
-0.04588831
0.01766883
-0.03866561
0.04662506
0.00071120
0.04132321
-0.02094344
-0.00029332
0.05381685
0.11094093
-0.04136003
-0.01262346
-0.02559905
0.06831495
0.03094302
0.04053533
0.04915555
0.02606438
0.04229581
-0.03310403
-0.03726511
0.05643785
-0.00729584
0.00190918
-0.02419531
0.09545252
-0.06911650
0.04533156
-0.04809425
0.03035795
0.04243786
-0.02084923
-0.04308458
0.01430339
0.00460589
0.02090556
-0.04924020
-0.06889000
0.01673789
0.06469769
-0.01968540
-0.00514055
0.00222076
0.01761536
-0.01692036
-0.02360566
0.04453984
0.03829367
-0.01539033
-0.00589692
-0.03838728
0.03040610
0.06863224
-0.01537693
-0.04835378
0.01577417
-0.00625977
-0.02018224
0.01858433
0.05355756
0.02474694
-0.03934328
-0.01248861
-0.00215576
0.00478445
0.01248410
-0.08129558
-0.00583136
-0.05310855
0.07212665
-0.02670983
-0.04449397
0.03293166
-0.07777513
-0.07536455
-0.08640487
0.09415859
0.01865541
-0.02037500
-0.02041586
-0.02592891
-0.05043437
0.00451412
0.00948112
-0.02022474
-0.04079205
0.01947287
-0.01298155
-0.02338430
-0.02577502
0.02653263
-0.05797553
0.01096738
-0.08276198
-0.04504218
0.01087392
-0.00643587
0.01818863
0.05439303
0.02104576
0.05337630
-0.04806314
-0.03314872
-0.04114483
-0.02643773
-0.00702173
0.01191618
-0.08231463
-0.02920956
0.01737544
-0.03689234
0.06186763
-0.03755018
0.02870871
-0.04174092
0.02652980
0.03297443
0.04411026
0.02122887
-0.03431555
0.05797446
0.05500333
-0.02730112
-0.01121037
-0.01560830
0.00967699
0.00778010
-0.05249136
0.00521440
-0.00736091
0.03542922
0.00238891
0.00019592
0.06495983
-0.06773914
-0.00726221
-0.00948083
-0.03656074
0.01160370
0.03578048
-0.00839181
-0.08211564
0.02801422
-0.04379741
-0.01174899
0.01424944
0.03665520
-0.00236901
0.02754196
-0.04153573
0.06147430
-0.10219550
0.00059767
0.00261842
0.04150950
0.04146456
0.01747585
0.03389129
-0.02693523
0.02538637
-0.00053685
-0.02658893
0.03648204
-0.19223477
0.02278093
0.04410641
0.00254207
0.01471306
-0.04010629
0.03116171
0.05050485
0.03735881
0.05714459
0.01037722
0.00433212
0.04009405
-0.05368130
-0.06378417
0.02723088
-0.02098324
-0.10037985
0.01549178
-0.04438986
0.01974726
0.00850604
-0.06786935
-0.02768773
-0.04130163
0.04202133
0.04376027
-0.01764926
0.03575539
-0.02075774
0.00057732
-0.00651649
-0.00268155
0.02469455
0.04669555
-0.02057303
0.00200765
-0.04374266
0.01552031
-0.01745058
0.02850325
-0.09794588
-0.01455135
-0.03005991
-0.08472585
0.01575777
0.05810846
0.02816621
-0.05213942
-0.01550500
-0.02654689
0.06174714
0.00999237
0.00182534
-0.01321208
-0.06499063
0.07143302
-0.01809280
-0.05268143
-0.03265412
0.08218294
-0.02860184
-0.01525418
-0.00361691
-0.05057131
-0.05032041
0.00592200
0.00209374
0.00687216
-0.03566416
0.00520287
-0.03548527
0.03731335
-0.01825019
-0.01827615
0.05222341
0.04540820
-0.01835067
-0.07980274
0.03270135
0.03629163
0.05025355
-0.05906040
0.07620548
0.05834227
0.00719867
0.00104157
0.09159212
-0.06701749
-0.06244769
-0.06938112
0.02664053
0.03170762
-0.10376481
-0.03704321
-0.01756195
-0.07600031
-0.04819246
0.02608134
0.04992109
-0.05741679
-0.04016109
-0.01112702
-0.07236547
0.02268355
-0.00487847
-0.00783418
-0.01588164
-0.00072652
0.03828934
0.02652188
0.01707902
0.04259330
0.02546071
-0.00710012
0.03140656
0.01934178
-0.02313614
-0.08866088
0.01199101
0.05071777
-0.05374291
-0.00332291
0.07332747
-0.12864175
-0.02372987
-0.01900822
-0.00219733
0.04692468
0.00571603
0.00205755
0.03338622
-0.04230861
-0.07863625
-0.02225479
0.04084935
-0.01047666
-0.02374863
0.00248901
0.00674060
0.06412012
0.15815993
0.00586117
-0.01669951
0.01252892
0.11454438
-0.01412663
0.03368573
-0.01994380
0.02636934
0.00020226
0.03777400
-0.00206812
-0.05061838
-0.00985692
-0.06365477
-0.04848060
-0.06150915
0.05977211
0.00503656
-0.02401330
-0.06594447
-0.01365381
0.00948062
0.03449228
-0.02325868
0.00487732
-0.02076547
0.13762356
0.08985737
-0.05875326
-0.00391995
-0.00096509
-0.00660597
0.00590423
-0.02484266
-0.02924902
-0.01650257
0.01887113
-0.01464948
-0.02964816
-0.03569475
0.02216521
0.00114192
0.01872412
-0.03836410
0.01685205
-0.05697487
0.00800321
0.00276131
-0.02908326
0.00269983
0.01971445
-0.00360928
-0.05398479
0.00651007
0.01724787
-0.06289438
0.04030015
-0.06223524
0.00175575
0.10871498
-0.04988236
-0.03546147
0.02202170
0.01026489
0.01401202
-0.00887981
-0.03055525
0.13113983
-0.01680176
-0.00260731
-0.05376576
0.01223662
-0.02276591
0.08118445
0.10778152
-0.02951374
