0.02104378
-0.01491119
-0.03967339
-0.01891280
0.01596355
0.02716442
-0.00830655
-0.02938649
-0.01532934
-0.00013014
-0.00238672
0.01816433
-0.00190744
-0.04924913
-0.01788842
-0.01348443
0.01164243
-0.03169499
0.12359885
0.02151987
-0.00085862
0.03628660
-0.03260518
-0.01803981
-0.00707912
0.02356346
-0.00167022
-0.00573124
-0.01191874
-0.00690351
-0.00823078
-0.01931018
-0.00773544
-0.01330152
0.00324854
0.03422194
0.00299104
0.01100804
0.00203566
-0.03487211
-0.00673769
-0.02312453
-0.06769267
-0.04270248
-0.01872784
0.02547808
-0.04651377
-0.00520260
0.01716140
0.01521149
-0.01348818
-0.05935431
-0.01006461
0.00399609
-0.03119095
-0.01189732
0.01793154
-0.00674925
0.46314523
0.08742382
-0.02051098
-0.00016782
0.03169719
-0.01585474
0.00345623
0.03065299
0.00371311
-0.01541927
0.03655177
0.03848499
0.01191843
-0.00969926
-0.04840783
-0.00437888
-0.00446313
-0.02521247
-0.03537403
-0.01936879
0.04209471
0.00018803
0.00136948
0.01538458
0.01758191
0.05815542
0.04777060
0.01669492
-0.00286457
0.00326447
0.01883892
0.03426467
0.01070820
0.00555707
0.04787045
0.01218246
-0.00808778
-0.00119606
0.01142809
-0.02232207
0.02412150
0.00745206
0.00146947
-0.01199795
-0.02344389
0.00827836
0.01403739
-0.03740416
0.01814622
0.01198300
-0.00156192
-0.06463970
0.01192017
0.00745827
-0.01501464
-0.01848674
-0.00881924
-0.01378096
0.04187121
-0.01210887
0.00412927
0.01522129
0.00377332
-0.01382908
0.00509792
-0.00506031
-0.03612375
-0.00426056
0.02081531
-0.00819628
0.00830877
0.06204094
-0.02222046
-0.03171334
-0.00503773
-0.00492395
-0.02450608
-0.00438019
-0.02736760
0.04353166
-0.13879196
0.02358053
-0.04958735
-0.02373390
-0.01416929
-0.01051361
-0.02470325
0.10991435
-0.02903064
0.01540163
-0.00288247
-0.03426575
0.04656538
0.01402380
-0.02361788
-0.00236544
0.00476909
-0.01913683
0.00930978
0.01670248
-0.04389045
-0.00724533
0.01856057
-0.05219569
0.02504688
0.01236218
0.00970756
0.05645626
0.02274488
0.00466779
-0.00040547
0.01114875
0.01085167
-0.00726516
0.00835902
-0.00656279
0.02977712
0.01560318
0.00575235
-0.00331003
-0.05554704
-0.00919940
-0.04582899
-0.01249250
-0.00348328
0.02049073
0.03702406
-0.06062985
0.09369851
0.00214779
-0.00241317
0.04096555
0.04207667
0.02990704
0.00754409
-0.01512875
0.00518724
0.02704271
0.01612153
0.03402874
0.00663967
-0.02048104
0.06815436
0.02375766
0.14338174
-0.02533175
0.00900715
-0.04510736
0.00746117
-0.00021684
-0.01760912
-0.06125217
-0.00877852
-0.01359237
0.02078218
0.01542574
-0.03491561
-0.02037558
-0.00144670
0.01807835
-0.00055587
0.00722337
0.00709056
-0.74426579
0.00291149
-0.04044241
-0.00573530
-0.01582296
0.01882098
-0.01723253
0.00926491
-0.00817895
0.00436354
-0.01517059
-0.00676651
0.00092447
-0.05214455
-0.00898949
-0.02004617
0.01952708
0.00304176
-0.00267550
-0.01338127
0.02697601
-0.03903447
-0.04669224
0.00243601
0.00834330
0.02736904
0.03104242
-0.01704343
-0.00442512
-0.01292846
0.01045162
0.03760092
-0.00633345
-0.01396547
0.00823208
0.16630439
0.06084107
0.00091303
-0.05776918
0.04390655
0.00760395
0.04349333
0.09394478
-0.05992232
0.19297346
0.15520747
0.10793391
-0.03022261
0.05711285
-0.02576720
0.22530633
0.00932197
0.03471959
-0.03257094
-0.00568856
-0.22139409
-0.05828625
0.01755813
0.04212274
-0.02361515
0.11279853
0.05632607
-0.11191557
0.04208773
0.09767660
0.20406902
0.16079421
0.02076616
-0.11982863
0.14023440
-0.02664949
-0.01111054
0.05404245
0.11604845
0.04778618
-0.12037554
0.04498111
-0.12356962
-0.04345118
0.07640682
-0.07375023
0.61241382
-0.10961568
-0.12631394
-0.07718580
0.00956897
-0.01588468
-0.21830571
0.08435135
0.04813178
-0.10920636
-0.06520443
0.08806208
-0.15051906
-0.13040251
0.05091165
-0.06996984
0.13744019
0.02160146
0.00969987
0.01816699
0.02212331
0.02869888
0.03792065
0.01179578
-0.00288435
0.02279079
-0.02155562
0.01414638
-0.05079646
-0.01274705
-0.00137044
-0.03090972
0.04498400
0.04777436
-0.05003641
-0.01838326
0.04165943
-0.00683037
-0.02126837
0.01267783
-0.03274159
-0.05192491
0.09602833
0.12302915
-0.01594421
-0.06094763
0.02629736
-0.04682130
-0.09708278
0.04383751
-0.00955274
-0.05240774
0.01433514
0.07737003
-0.04005293
-0.00719626
0.00881308
0.02083989
-0.06682144
0.01983199
-0.04537225
0.00328136
0.04274959
-0.02214302
0.00236182
0.06812075
0.03609470
-0.01641950
-0.02322060
0.00318301
-0.01347924
-0.07758367
0.07533097
0.02614357
-0.02185296
0.00962069
-0.00527691
0.00130572
-0.02129219
0.06453331
0.03708452
0.04680221
-0.01675270
0.01536207
0.05312805
-0.00037354
0.03565440
0.01810447
0.00879532
0.02721476
-0.02611675
0.05808874
-0.01351367
0.00877615
0.00761862
0.01153231
0.06278818
-0.07190570
0.01639077
-0.06883384
-0.02459485
-0.01603282
-0.06200669
-0.03126634
0.01503583
-0.09035553
0.01204759
-0.01177352
0.02912976
-0.00839291
0.03001427
0.01049399
0.03805929
-0.00058547
-0.02352437
-0.01603566
-0.03449340
-0.00663726
0.03447053
-0.02452364
-0.12895805
-0.00137624
-0.02117871
-0.00483911
0.04820795
0.01144616
0.03202206
-0.06726566
-0.02076245
-0.01741881
0.01521818
0.00929616
0.00094998
-0.00280544
-0.01539511
-0.05849703
0.00872375
0.00879883
0.00932743
-0.02390695
0.04926258
-0.01191853
-0.06861489
-0.04045630
0.01526866
-0.19338273
0.04271467
-0.10209966
0.00190371
-0.03455709
0.06399676
-0.05203163
0.02768672
-0.00687546
-0.01688672
-0.03947543
0.01936078
0.02885885
-0.04027889
0.05289663
-0.04733685
0.01596263
0.01502423
-0.00716157
0.02656352
0.01185167
0.01839201
0.05928396
-0.04247319
-0.01962087
0.01076602
0.04214438
0.05945834
-0.02956826
0.01597935
-0.02219390
0.02303862
-0.05951835
0.03522493
-0.00886635
-0.00760058
-0.03058121
-0.01734939
-0.05216403
0.03602244
-0.02883369
-0.04938767
-0.02377949
0.01982210
-0.04295170
0.04558825
-0.00041030
0.00297077
-0.03432279
-0.02906100
-0.01361614
0.06418715
0.00981364
0.02694717
-0.02204365
0.03522139
0.06055636
-0.05088245
-0.07315194
-0.02715193
0.01575371
0.02647910
-0.02025824
0.01521845
0.02633253
0.04002366
-0.02157043
-0.01718338
-0.01715380
-0.03309475
0.00671487
-0.05475074
-0.03082868
0.09984928
-0.00996665
-0.06693640
0.01231436
-0.01600748
-0.07481318
-0.07433718
0.05175010
0.14710681
0.03623477
0.01796106
0.06564641
-0.00933200
-0.02324735
0.01048808
-0.01400856
0.00229308
0.01001210
-0.02686683
-0.07300739
-0.02283309
-0.00335382
-0.07589072
0.03163734
-0.05838386
0.06813682
-0.05149334
0.03969873
0.02952155
0.05734826
0.01560143
0.03138286
0.01024283
-0.05485861
-0.06084496
-0.09844080
-0.08824267
0.01044060
-0.07503554
0.00705183
0.02013828
0.04101813
0.00403518
-0.06834407
-0.02233025
-0.10307901
0.08210009
-0.00744251
-0.02527537
0.02555913
0.05272503
0.02898967
0.04760758
-0.05543773
0.00768031
-0.02284181
0.04799914
-0.02902308
-0.01085205
0.01070455
-0.00619257
0.03396065
-0.04106669
0.01104061
0.02888437
-0.03942065
-0.00847816
-0.00096109
0.00728664
-0.02304740
0.00615535
0.04694753
-0.08832681
0.01235555
-0.03517399
-0.01577570
-0.01825789
0.06016976
0.02733228
0.05963426
-0.05879964
0.02778948
-0.03945172
-0.01597620
0.00670300
0.05854017
-0.00586573
-0.00142966
-0.01428147
-0.01410485
0.01652707
-0.02401728
-0.00707379
0.00213568
-0.19736832
0.01163813
0.11008131
-0.01760695
0.01899911
-0.04709693
0.02375561
0.02239682
0.04460625
0.00004850
0.03747419
-0.08850003
0.00834167
-0.00437262
0.01711555
0.04861194
-0.02983325
-0.04559456
-0.04254362
-0.05289479
-0.06360319
0.02822255
-0.11795221
0.04793148
-0.02876172
0.04591953
0.00381350
-0.01083799
-0.00424874
-0.02114873
-0.03741087
0.01087559
0.02508710
0.05915767
0.01993460
0.00919921
-0.04271009
-0.01472413
0.03652915
-0.06081815
0.04306617
-0.04667957
0.01419915
-0.02067559
0.03468833
0.02732743
0.01838847
0.07321161
-0.01901016
-0.05398611
-0.00169555
0.09958276
-0.05127398
0.01862670
0.01771242
-0.09534478
0.03528591
-0.01572653
-0.01929702
0.01811786
0.02990125
0.06090964
0.00787584
-0.04198078
-0.03284064
0.01036673
-0.03111889
0.00010770
0.00935983
-0.06707577
0.03418075
0.04787211
-0.01889975
0.05867497
0.05070481
-0.01620003
-0.00270176
-0.01494831
-0.02754638
0.03059836
0.07842246
0.00751339
-0.05986187
-0.01953364
0.07316025
-0.00330978
-0.00076505
0.07983691
-0.00678104
0.02088854
-0.04953445
0.03924472
-0.00411298
-0.13140926
-0.12369308
-0.01351641
-0.04404718
-0.01678484
0.05179245
0.02379970
-0.03151176
0.03771977
0.01124455
-0.08625970
0.08380391
0.03607696
-0.04501811
-0.04911375
0.06845184
-0.00574255
0.01331764
-0.00219093
0.03562764
-0.02854314
-0.03227637
-0.02856368
0.00490135
0.03997340
-0.05902851
-0.04032573
0.00073099
-0.00803219
-0.03144724
0.05880942
-0.12293361
-0.01890656
0.04089784
-0.03532402
0.00882464
-0.01428734
-0.02067215
0.07358173
-0.01596847
0.00113463
-0.02069530
0.00947873
0.04197575
0.02047876
-0.01326844
-0.04974334
0.02540235
0.02046344
0.00053924
0.04111296
0.02983188
0.07529395
0.05035947
-0.06848148
-0.05286171
-0.00412686
0.01946499
-0.02200334
0.04187244
-0.03389291
0.02014351
-0.08928701
0.00158821
-0.00325267
0.03363435
0.01124901
0.01784706
-0.01156890
0.02612648
-0.00001668
0.06646786
-0.02923295
0.00994219
-0.00598364
0.15596421
0.03943380
-0.02880475
0.01916146
-0.00153926
-0.00023552
-0.01394311
0.00875383
-0.00598572
0.01272144
0.01279394
-0.01467695
0.00197341
-0.06556968
0.01555792
-0.02179487
-0.03126739
-0.02746680
0.03037639
-0.09197661
0.01420560
-0.04708880
-0.02479320
0.00177099
-0.02967165
0.00022516
-0.00924603
-0.04798460
0.00148864
-0.01021968
0.00314417
-0.03943579
-0.03614339
0.02383684
-0.05730026
0.00062485
0.01954327
0.01266053
0.06387859
0.03997503
-0.07990796
0.18298188
-0.02160623
0.07326505
0.04720324
0.01640061
0.02882866
0.01136345
0.03318384
0.06566241
