0.00992269
-0.01226696
-0.00996254
-0.02203342
-0.00888570
0.03699436
0.00281703
0.02941537
0.01474654
-0.00001115
-0.00417118
-0.00515017
0.00187925
-0.03646886
-0.03144439
-0.02176035
0.01768488
-0.01329736
0.01427035
0.04054916
0.00955346
0.05467708
-0.03803443
-0.00424806
-0.00059402
0.00117866
0.01617071
0.01981430
-0.01973779
0.03493746
-0.11215407
0.01772698
0.02194487
-0.01671734
-0.01591699
0.05846051
-0.00967745
0.02009291
0.00203742
-0.08322599
-0.00542277
-0.00460147
-0.00765990
-0.03864560
0.00300785
0.01931397
-0.03209861
-0.00404811
0.00664751
0.02450408
0.03407994
-0.05797896
-0.04452680
0.00908263
-0.01160096
-0.00134281
0.00150527
-0.00645388
0.43925568
0.03416458
-0.01757918
0.01926912
-0.00996135
-0.02989900
0.00782681
0.02574062
-0.01252972
-0.00567408
0.01717599
0.02130289
0.01970890
0.00705245
-0.03836412
0.02690547
-0.00938421
-0.02527668
-0.03226072
0.01331461
0.00791231
-0.05310140
-0.01700619
0.01740769
0.00940079
0.01549678
0.06237924
-0.01551408
0.01341545
-0.00425431
0.03761265
0.00772408
0.00444232
-0.00888748
0.02270036
0.00807406
-0.01811451
0.00281835
-0.00709261
-0.03360303
-0.00283569
-0.00304286
0.00743495
-0.00379220
0.00178764
0.00963546
0.01147487
0.00607378
-0.00783174
0.02622360
0.01434031
-0.03353099
0.01257089
0.04005223
0.00770711
0.02163521
-0.00964023
0.00611659
0.04039728
-0.00674524
0.03004969
0.00322505
0.00055042
0.00473026
-0.00412027
-0.01041666
-0.01996491
0.00963271
-0.00241347
-0.00563833
0.01452052
0.10052360
0.00152012
0.00188718
-0.01979628
-0.02309923
0.03747490
-0.03016602
-0.03649673
0.02596307
-0.13299710
0.01963432
-0.06275813
-0.02942046
-0.00691881
0.00315397
-0.01346185
0.01962183
-0.01920873
0.00899938
-0.02331595
-0.01121969
0.02540212
0.01884707
-0.03568639
-0.01498164
0.00703787
-0.02330373
-0.01774966
0.00611314
-0.04481527
0.02024497
-0.01023594
-0.04471697
0.03325415
0.00622012
-0.00651525
0.04625154
0.01161372
-0.01655098
0.00171154
0.03264527
0.00972062
0.00281456
0.03023338
-0.01354269
0.04668349
0.03036628
0.03338809
-0.03410287
-0.06231666
0.00191786
-0.01414207
-0.03218945
0.00955984
0.02371269
0.03453419
-0.12199879
0.02280225
-0.01577717
-0.01178367
0.06655589
0.07119505
0.02040678
-0.01117434
-0.01214146
-0.00568042
-0.00061048
0.03071957
0.03157535
-0.08266747
-0.03929049
0.06887844
0.03179230
0.12649649
-0.01352730
0.00151446
-0.05370001
0.00656554
-0.00252836
-0.01765083
-0.02741856
-0.04636838
0.00657998
0.02258108
0.00303660
0.01356612
0.02186634
-0.01463428
0.04856266
-0.01922479
0.03049656
-0.02834595
-0.75946897
0.02613395
-0.00799990
-0.00274788
-0.00431441
0.00238043
-0.01468345
0.02734041
-0.00623305
-0.01814870
-0.03924414
0.01641533
-0.00604149
-0.03261831
-0.02003756
0.00183814
0.00652654
-0.00068369
-0.00526966
0.01368675
0.00954113
0.02263208
-0.05686075
-0.00325926
0.00068141
0.02760428
0.03864913
0.00014723
-0.00995056
0.00498253
0.00586107
0.03611883
0.01838125
-0.00540622
-0.01610625
-0.15979230
0.01337583
-0.01608257
0.03983465
-0.08314988
0.06579075
-0.01796515
0.10826747
0.00277179
-0.03434252
-0.00718109
0.11164692
0.02621623
0.03177615
0.11228519
0.01774545
-0.02188344
0.01343739
-0.04747956
0.01272957
0.03061926
0.01477960
-0.05688126
-0.04364343
0.05474198
0.08736946
-0.06421662
-0.12050983
0.01289298
0.06775047
0.00739235
-0.00774685
0.12973061
-0.01111556
0.10370957
-0.05466860
0.00085329
0.04145427
-0.00858867
0.05209865
0.07395204
0.11820906
0.02439063
-0.04666072
-0.06175949
-0.03828971
0.88551050
-0.09515128
-0.00000987
0.04965390
-0.00993500
0.00891413
0.00003570
0.02515491
-0.05248474
-0.04825209
-0.05660222
-0.03338539
-0.02336276
-0.00460050
0.00034089
-0.06027732
0.03162891
0.05959048
-0.03323295
0.00948074
-0.02998964
-0.06187159
0.03190712
-0.03079162
0.02759731
-0.01383529
-0.00648548
-0.04237855
-0.03229345
0.03738545
0.00002075
-0.00003289
0.02085299
-0.02252335
-0.02737273
0.01875348
0.04152391
-0.03015568
-0.03127283
-0.00631366
-0.03552448
-0.03751686
0.07980013
0.11589903
-0.00769657
-0.02594976
0.01496735
-0.07784597
0.02841191
0.02226254
-0.02907595
0.07978702
0.03073020
0.00228204
-0.00833521
0.00209894
0.07124949
-0.04145237
-0.04306178
0.01679805
0.03969372
-0.04152883
-0.00392970
-0.03832598
0.01841194
0.05522211
-0.01042859
0.01342586
-0.00426744
-0.01041010
0.04724177
-0.03575483
0.06722128
0.02521128
0.06186779
-0.02962235
-0.02420037
0.02184581
0.03533254
0.03590079
-0.06781692
0.00969081
0.04350877
0.03950370
0.03016834
0.00226353
-0.01909662
-0.04168329
-0.02174677
-0.02637711
-0.01222471
0.03952150
-0.01534505
0.00984423
0.00936050
0.01720127
0.01057820
-0.04944573
-0.00349578
-0.04428539
0.09206846
-0.02947475
-0.03171230
0.07222208
0.03418079
0.00115821
-0.00827015
-0.04993598
-0.09636214
0.00462624
0.07771474
-0.02519171
0.03996924
-0.02149221
0.00760840
-0.03416689
-0.00416444
-0.02209674
-0.00222136
-0.00210396
-0.14496735
-0.03576845
-0.01899816
-0.05553168
-0.02487554
0.02387059
-0.01931718
-0.05820787
0.01798703
0.03977001
-0.03802186
-0.01720767
-0.02212984
-0.01693840
0.01594220
-0.06616109
-0.02239387
0.00603782
-0.02736570
0.00582653
-0.00873854
-0.03321301
-0.08037933
0.01900673
0.07218710
-0.19294511
0.06332231
0.04047711
-0.03687920
0.01675966
0.05852720
0.00202235
-0.00646962
-0.04869022
0.00011112
0.02410945
-0.07445294
0.03270387
0.06732595
-0.01627984
-0.00495722
0.02840334
0.01154801
0.00469733
-0.03879510
0.02156780
0.03139257
0.03131890
-0.02190318
-0.08887095
0.03420625
-0.04820141
0.01857085
-0.03547763
0.00849150
-0.01348834
-0.05620437
-0.04646402
-0.01829237
0.01299545
-0.01406449
-0.00614549
0.02785853
0.02717367
-0.01021167
-0.01628607
-0.06099403
-0.05558180
0.04904390
-0.05325326
-0.01740583
0.01787864
0.00551264
-0.02354737
-0.01458427
0.01413066
0.06949529
-0.02418165
0.01713943
-0.02646354
-0.02648453
0.04592827
0.02642806
-0.00964720
0.02169131
0.04066865
-0.01973280
-0.01659367
0.00887920
0.02661950
-0.02157034
0.05753003
-0.02499073
-0.02858425
-0.02996549
0.00957503
-0.04129605
-0.01448988
0.05458115
-0.03656401
-0.15393011
-0.06301572
0.04316132
-0.05518577
0.01970347
0.00669800
0.04139488
-0.01648106
-0.01195820
-0.00374048
-0.06479220
0.03575476
0.06421774
-0.06457684
0.02264939
0.01759047
-0.04797589
0.00165046
0.02375654
-0.02215192
-0.01682082
-0.05214906
-0.04497975
0.01960766
-0.07099055
-0.06932731
0.02919231
-0.01110187
0.02367494
0.00908493
-0.03188401
-0.01606082
-0.04407776
-0.04942305
0.00634708
-0.01274243
-0.05014987
-0.00857281
-0.07345582
-0.01717281
0.08255985
0.03289456
0.01018802
-0.03082679
0.04186492
0.01632186
-0.03060054
0.04303268
-0.00237091
0.03606315
-0.01757702
0.04458300
-0.01212104
0.06213707
-0.00967445
-0.02414376
-0.03220355
0.01617073
0.02787684
0.05239731
0.02590387
-0.01190176
-0.01929327
-0.06741823
0.02045910
0.01007021
-0.04313825
0.00615195
0.00508273
-0.03676918
-0.05169766
0.02381276
-0.08882383
-0.01688899
0.04724534
0.00803588
-0.02707428
0.01849220
-0.03642736
0.11205761
-0.02617290
0.00811183
-0.02125769
-0.03463235
-0.01634810
0.00652242
-0.01246654
-0.03983622
0.04494707
-0.02387872
-0.02668900
0.02557643
-0.18347959
0.03440427
0.07545350
-0.03094480
-0.04435121
-0.04266043
-0.01977064
0.05082551
-0.00632535
0.04273695
-0.04239809
0.01311296
0.00289365
-0.05814568
0.01013901
-0.00544555
-0.03415599
-0.08368082
-0.05534164
-0.01388069
-0.02602743
0.00375486
-0.08071733
-0.00775093
0.00258184
0.00855126
-0.04950101
-0.06309666
0.01577952
-0.01573477
-0.06592243
-0.02361302
-0.04771008
-0.00278144
0.00040764
0.04025427
0.04992183
-0.04327992
-0.02995242
-0.06324384
0.00450734
-0.03527249
0.02501408
-0.03338786
-0.00993959
0.01660042
-0.02150142
0.03071574
0.02351612
0.01258769
-0.01466108
-0.00898770
-0.00883573
-0.02259438
0.03878127
-0.08245736
0.03580620
0.00995011
-0.09518392
0.01302639
0.02901785
-0.04295971
-0.05013480
0.02442371
-0.02100468
-0.06089071
0.04019611
-0.00516299
-0.00110468
-0.01576990
0.04182880
-0.00552961
0.03172642
-0.00231689
-0.07484757
0.01807232
0.04753479
-0.00719031
0.03065032
-0.03631405
0.00742406
0.03047883
-0.03765656
0.02890791
0.00775662
0.00059225
0.09693404
0.01624940
-0.02852716
-0.06536209
0.00364323
0.00547972
0.04164735
-0.12200351
-0.03176460
0.03343891
-0.03386485
-0.03703294
0.06383906
-0.04310596
-0.04044577
0.01019438
0.05037677
-0.17145467
0.15616490
0.03496516
-0.05649180
-0.05180524
-0.02570241
0.00155279
-0.02874031
0.01206406
-0.02551316
0.03155732
0.01772025
0.02411404
0.02246056
-0.01951425
-0.01176636
0.00625926
0.03292862
-0.04389169
-0.03490616
0.04095667
-0.13836059
0.00888829
-0.00397382
0.00068758
0.01434534
-0.01495470
0.03146227
0.00227529
-0.02854889
-0.07719810
-0.08198083
0.00296312
-0.00552580
0.03913578
0.00180429
0.09603018
0.06042358
0.10492199
0.05514286
-0.09004088
-0.01466231
0.02523251
-0.01702225
0.03260035
-0.08109025
-0.00116749
-0.03230735
-0.11788876
-0.03567656
-0.05027352
0.00871931
-0.14719087
0.00552991
-0.00293161
0.06477154
-0.02336653
0.07493263
0.00907962
-0.05211019
0.02139631
0.00789981
-0.02010556
-0.01472474
-0.10926150
0.08654290
0.03894288
0.02577908
-0.02913956
0.04518882
-0.00969265
-0.00694431
-0.00382328
-0.04494561
0.00205506
0.01352340
-0.02931392
0.03862188
-0.02319531
0.01444640
-0.01386538
-0.00713156
-0.02130185
0.01475456
-0.11317221
0.02349900
-0.00805329
-0.05812445
-0.03112420
-0.01659719
-0.01716680
0.02295776
0.00174067
0.02751249
-0.07960720
-0.10479493
-0.02942192
0.03043779
0.04851421
0.00573008
-0.01521697
0.00409800
0.01629474
0.01693998
-0.02215486
-0.07832877
0.11160034
-0.00786807
0.07329266
-0.03146497
0.00661760
0.00121546
0.02549221
0.05887060
-0.02358489
