-0.01687683
-0.02388895
-0.03626769
-0.06292613
0.00547659
0.02620594
-0.01126785
-0.01455715
-0.01690351
0.01113269
-0.01290488
0.00164782
0.01567518
-0.06711554
-0.03985540
-0.03212658
0.01756013
-0.01909547
0.06994285
0.01965908
0.00724835
0.03998211
-0.03566433
-0.00199661
-0.02039048
0.02459346
0.01340769
0.04456449
-0.01429779
0.01488429
-0.03673098
-0.00731111
0.00937630
-0.03038773
-0.02405343
0.06061491
-0.00699527
0.03326887
0.01897378
-0.05239454
-0.01990350
-0.01307664
-0.06768854
-0.05305073
-0.01277797
0.03535486
-0.06316260
-0.00179340
0.03473726
0.02054476
0.01910507
-0.05830296
-0.02654664
0.02684902
-0.03084282
-0.00484345
0.01843123
-0.00630972
0.43558556
0.05799725
-0.02090813
0.02428732
0.01492320
-0.02143918
0.00415570
0.00935618
0.00844839
-0.00882938
0.04243476
0.05644545
0.01765630
-0.02284778
-0.02390872
0.01567912
-0.02124283
-0.02751339
-0.06777096
-0.02665171
0.01783493
-0.00433778
-0.02186300
0.01552303
0.00478504
0.06568453
0.03529035
0.01046395
0.00313004
-0.00774398
0.04111807
0.02611834
0.03542408
-0.00043089
0.03778974
0.00759475
-0.02423390
-0.00994970
0.01659630
-0.03090025
0.04274739
-0.00445916
-0.02151170
-0.03701335
-0.01209075
0.01830140
0.00584364
-0.00443954
0.01968585
0.02788586
0.00761396
-0.05057083
-0.00501190
0.02071675
0.00819886
-0.01582733
-0.00622941
-0.01830092
0.04458106
-0.01633646
0.01213352
0.00955128
0.00503527
0.00169598
0.01400613
-0.00583636
-0.00589875
0.00376201
0.00772939
0.00412980
0.01855833
0.05297418
0.00613737
-0.01266876
-0.01097092
0.00322624
-0.01446544
0.00277966
-0.01994720
0.04866519
-0.13935399
0.03664938
-0.01246595
-0.03357818
-0.00935383
0.01278285
-0.01781721
0.07810381
-0.03240753
0.00528580
-0.01332696
-0.02826919
0.04343895
0.01555462
-0.03383235
0.00337275
0.00499934
-0.02470019
0.01879731
-0.00477346
-0.05413103
0.02191509
0.01055955
-0.04440652
0.03134406
0.01769574
-0.00388409
0.06102398
0.01375911
-0.00076646
-0.00297824
0.03890999
0.01209043
-0.00205526
0.02300815
-0.00107686
0.04218492
0.00765053
0.04281152
-0.02736295
-0.04537756
-0.00083227
-0.05823019
-0.03583647
0.00876461
0.03322177
0.05004489
-0.06719369
0.05537036
-0.00543142
-0.00016365
0.05962250
0.03680943
0.04411686
0.00318073
-0.01181897
-0.01987333
0.02089366
0.02421618
0.03698657
-0.00425619
-0.03994667
0.07729288
0.01888372
0.10000239
-0.00528960
0.01306853
-0.05158439
-0.00910730
-0.00158655
-0.00801352
-0.06001656
-0.03973698
0.01822448
0.01499551
0.01834766
-0.00699749
-0.01877993
0.00129774
0.04152333
-0.01372707
0.03839278
-0.00838663
-0.75321555
0.01837339
-0.05371928
-0.02062180
-0.00286321
0.03010302
-0.04472783
0.02410007
-0.00491697
-0.01477768
-0.03889053
0.00315377
0.00773633
-0.02886787
0.00380203
-0.01834853
0.01763168
0.00222521
-0.01396273
0.00978629
0.03332783
0.00022456
-0.05597805
0.01111173
0.01891627
0.05021622
0.02589122
0.00395271
0.00996567
-0.00101941
0.01897348
0.03492336
0.01767690
-0.00863884
-0.01226105
-0.06952996
0.00707299
-0.03209534
0.07273392
-0.12733716
-0.20409966
0.11064368
0.06048052
0.07722510
-0.01201055
0.01208765
-0.03640703
0.06129924
0.17556165
-0.15048192
-0.01902915
-0.15009089
0.02163708
-0.05424027
-0.04286706
-0.08535353
0.07571903
-0.18982889
0.07515839
0.12277894
-0.08688976
-0.06679936
0.00947980
-0.08015966
-0.05851760
0.07067038
0.03814169
-0.06614517
0.13250911
0.03413419
0.22717188
0.00588727
-0.08685350
0.04363077
0.02546480
-0.00768164
-0.01454464
0.01647913
-0.07357503
0.12578334
0.14384140
0.68418312
-0.11031799
0.07679625
0.13607682
0.06444522
-0.07439403
-0.02753179
0.09794524
-0.05438545
-0.09535994
0.02620642
0.07058191
0.04391176
0.02118181
-0.12876983
0.17988297
0.01609714
0.05075364
-0.03719931
-0.00967070
0.00873818
-0.06985376
0.05659371
-0.00815235
-0.00407527
-0.00259520
-0.00748924
-0.02365548
-0.03218537
0.03051879
0.01381306
0.02044287
0.02596273
-0.01885984
-0.03102041
0.02095760
0.03290623
-0.00386397
-0.00422423
-0.00776636
-0.01241631
-0.04109514
0.08269295
0.13158363
-0.00615605
-0.04655619
0.01568009
-0.08511165
0.00460237
0.03552178
-0.07808151
0.04766067
0.04168514
0.03067110
0.00556520
-0.00355828
0.04971783
-0.02408772
-0.07563830
0.00966671
0.04056824
-0.03055920
-0.00446584
-0.02318388
0.01503585
0.04429895
0.02770957
-0.01774980
0.01397400
-0.02036580
0.01359994
-0.04668494
0.05276855
0.00567057
0.06468645
-0.01185599
-0.03773246
0.00359784
0.03519697
0.04068713
-0.03946535
-0.00706684
0.01430041
0.05126641
0.06378930
-0.03144967
-0.02150142
-0.03001159
-0.03607809
-0.03178579
-0.02719923
0.02206659
-0.00794460
0.02488871
0.02112857
0.02849436
-0.00561361
-0.07873348
-0.00218501
-0.04805232
0.09815721
-0.02661350
-0.01251622
0.06490125
0.05243976
0.00147156
-0.01070236
-0.04890819
-0.10378700
0.03225723
0.08432361
-0.03576686
0.05010831
-0.00081767
0.02821717
-0.02531931
-0.03322865
-0.00972520
0.01486897
0.01490447
-0.12047594
-0.02854478
-0.04030395
-0.02025482
-0.02246697
0.04667053
-0.04512498
-0.02796995
-0.01804147
0.03231858
-0.04332810
0.01756638
-0.00530019
-0.05394526
0.00324136
-0.05237575
-0.02377354
0.00614250
-0.02528602
0.00550676
-0.02261082
-0.03233633
-0.10977326
0.01489740
0.07287403
-0.15776896
0.05147928
0.02637829
0.01339819
0.00468503
0.05869086
0.01076424
-0.02733634
-0.01323453
0.00456543
-0.00294903
-0.05159599
0.05830164
0.05479803
0.00207681
0.00389938
0.02077052
0.02152809
0.03725327
-0.00866520
-0.00519061
0.03977783
0.03325807
-0.03901714
-0.06549989
0.02599203
-0.05442021
0.03259890
-0.04120901
0.00791529
-0.01556694
-0.05449802
-0.03533504
0.02411313
0.03627063
0.01718145
-0.00439976
0.01133032
0.01383896
-0.02114413
0.02263171
-0.05872487
-0.07272829
0.04878814
-0.06763843
0.01151764
0.04939964
0.00010501
0.00406790
-0.02778395
-0.01779716
0.10464252
-0.02698465
0.04679746
-0.01877543
-0.04597904
0.04283382
0.00945738
-0.02857643
0.00094126
0.03524842
0.00750010
-0.00788526
0.01431184
0.03076200
-0.02527093
0.06682149
-0.03876797
-0.04252882
-0.03519524
-0.00695588
-0.05321395
-0.00857493
0.03020017
-0.02229512
-0.12388928
-0.08202369
0.03519677
-0.00669480
0.02208542
0.00952989
0.08720148
0.01314424
0.01452556
-0.00743907
-0.08366590
0.00351766
0.04755622
-0.05460203
0.04066754
0.02647319
-0.06140035
-0.01400387
-0.00068845
-0.01037034
-0.01949501
-0.03659834
-0.01890025
0.05239487
-0.07389868
-0.05288320
0.01475136
0.00465083
0.03255766
-0.01627196
-0.01953219
-0.02481195
-0.05817672
-0.05016294
0.00830263
-0.01879813
-0.04421822
0.01633663
-0.07649124
-0.01249117
0.07404139
0.03568491
0.00049912
-0.05552181
0.06910256
0.01147907
-0.05497582
0.02675498
0.01404352
0.01072426
-0.00953545
0.04009894
-0.00823387
0.03670529
-0.02651767
-0.01103457
-0.00943361
0.02691136
0.00848501
0.03172470
0.02479668
-0.00411399
-0.04729121
-0.07634693
0.02011432
0.00654234
-0.04308194
0.03045157
-0.00489975
-0.00905332
-0.04760908
0.03142177
-0.08902706
-0.01002751
0.04046547
0.02439200
-0.02147436
0.02081437
-0.02751890
0.09463271
-0.03420341
0.01039805
-0.02477899
-0.03032158
-0.01517051
0.00341996
-0.01428805
-0.03939199
0.05611696
-0.04038747
-0.01927274
-0.00889146
-0.15540138
0.03983903
0.05394425
-0.04502280
-0.05581608
-0.03348216
-0.03484031
0.05075033
-0.00238648
0.05285869
-0.02676333
-0.02043090
0.00870215
-0.00091683
0.02689167
0.01671596
-0.01309655
-0.07945769
-0.04403532
-0.04843386
-0.04250802
0.00074581
-0.09524912
0.03485807
0.00238402
-0.00277128
-0.04373398
-0.06142702
0.01308738
-0.02102355
-0.04493313
-0.01649126
-0.03734202
0.03628714
-0.01612707
0.01683915
0.02813477
-0.02121531
-0.00743411
-0.05698554
0.02420451
-0.02152335
0.04070268
-0.02503275
0.00965007
0.02776241
-0.00171143
0.05979553
0.02675788
-0.01893351
0.00602562
-0.00538003
-0.01598308
0.00021551
0.03696026
-0.07885078
0.01423572
0.03697247
-0.05502035
0.01254421
-0.00820945
-0.03660177
-0.01627025
0.01338735
-0.00254203
-0.06627232
0.01361778
-0.01665416
0.00015626
-0.03272109
0.06404299
0.00911838
-0.01778399
-0.00643567
-0.04497777
0.00032971
0.05710713
-0.00659701
0.00983864
-0.03118312
0.02947747
0.01561361
-0.05171086
0.01730489
0.00018121
-0.00138490
0.06838259
0.02032256
-0.01595488
-0.04210356
0.01807702
0.03243651
-0.00078731
-0.12040192
-0.02968939
0.01698558
-0.04067167
-0.04008078
0.07832742
-0.01528905
-0.05485223
0.02322049
0.02130759
-0.18266085
0.16833709
0.05212888
-0.06954252
-0.06925149
-0.01846642
0.00560719
-0.01238437
-0.01504176
-0.03067000
0.01803215
0.01632945
-0.00397970
-0.00776188
-0.00430133
-0.02253145
-0.01790182
0.02695520
-0.02725875
-0.06201416
0.03751167
-0.17001265
0.00288091
0.03586590
-0.02339933
0.01886608
-0.01740062
0.01275260
0.03354920
-0.02803536
-0.06045790
-0.08560541
0.00300778
-0.00304063
0.04835863
0.02734380
0.05749466
0.05933846
0.12210552
0.02984689
-0.08347338
0.00170351
0.03254340
0.02232238
0.04314513
-0.10612895
-0.01548704
-0.02759093
-0.10616570
-0.02904649
-0.04407351
0.01441417
-0.14614649
0.01319518
-0.01893031
0.05656557
-0.00071929
0.08218404
0.00891532
-0.02489967
0.02020635
0.00250564
-0.03303448
-0.04603069
-0.09864277
0.12736732
0.01953316
0.02602780
-0.00337405
0.02274294
-0.00468277
-0.00003850
0.01745551
-0.04577904
-0.01411722
0.00673702
-0.04058154
0.03832564
-0.00097396
0.02996965
-0.01919970
-0.03941058
-0.01320586
0.01824223
-0.13896863
0.03612687
-0.04037262
-0.05058965
-0.02871732
-0.02029029
0.00952599
0.02274306
0.00212603
0.00293614
-0.06142319
-0.08915306
-0.03782565
0.00959229
0.04365187
0.00890703
0.00639834
0.00976500
0.03278446
0.03572915
-0.00442723
-0.09590441
0.11294594
0.00138120
0.10131115
0.00215071
0.02548879
-0.00109716
0.00183785
0.03954543
0.02599107
