0.00019513
-0.01549866
-0.02207418
-0.04330776
-0.00254099
0.02742947
0.00003064
-0.00489861
-0.01578650
0.00369794
-0.01039759
-0.00684822
0.01593645
-0.04337198
-0.03611079
-0.02857411
0.01430825
-0.01318966
0.07351058
0.03676468
0.00525265
0.04959774
-0.04179978
-0.00819973
-0.00631284
0.01549133
0.01384804
0.02577283
-0.01711425
0.02362755
-0.03575833
0.00024137
0.01424212
-0.02489050
-0.01392790
0.04987385
-0.01078800
0.02462119
0.01123162
-0.05199222
-0.01291750
-0.01081350
-0.07315750
-0.04875848
-0.00674516
0.02732211
-0.04682709
-0.00170285
0.02365565
0.01706505
0.02473358
-0.06324475
-0.02217596
0.02299538
-0.02949278
-0.00400561
0.00702033
-0.00645813
0.43885484
0.04937471
-0.02447763
0.03290287
0.00152591
-0.02618182
0.01451066
0.01182409
-0.00394803
-0.00740449
0.04759511
0.03807524
0.01559521
-0.00696570
-0.01863280
0.02242429
-0.01053302
-0.02487856
-0.05480149
-0.01161271
0.01578644
0.03021449
-0.02286792
0.01867858
0.01085264
0.07007072
0.03055124
0.00052858
0.00754430
-0.00265854
0.04846279
0.01427614
0.02219832
-0.00390875
0.03856260
0.00821379
-0.02000176
-0.00744267
0.00856895
-0.03143248
0.03538147
-0.00741698
-0.00868517
-0.02609572
-0.00147819
0.01639007
0.00939370
-0.00622848
0.01012952
0.02469195
0.01979253
-0.04341210
-0.00253657
0.02858428
0.01232200
-0.00261552
-0.00853910
-0.00366134
0.02656765
-0.01193011
0.01920700
0.00569912
0.00294428
0.00183060
-0.00017719
-0.00744550
-0.01212561
0.00938991
0.00173351
-0.00076867
0.02128639
0.06054251
-0.00110347
-0.01512041
-0.01632177
-0.00837386
-0.00024189
-0.00862330
-0.01475134
0.03939853
-0.13558267
0.02888779
-0.02208808
-0.02621673
-0.01104826
0.00463446
-0.02115552
0.09652587
-0.03211622
0.00844276
-0.01300948
-0.02626429
0.03791551
0.01389459
-0.03186010
-0.00493885
0.00901134
-0.03186348
0.01321539
0.00518903
-0.05701356
0.01630121
0.00656589
-0.05751008
0.04123306
0.00932621
-0.00606205
0.05876449
0.00187926
-0.00921878
0.00036379
0.03915092
0.01105939
-0.00380753
0.02505868
-0.00716263
0.05303351
0.02996755
0.03905946
-0.03321939
-0.04757190
0.00025759
-0.03371521
-0.03966390
0.00760384
0.03452718
0.03473806
-0.04636599
0.00880870
-0.01507105
-0.00864832
0.05417602
0.05334918
0.03913812
0.00129997
-0.02254398
-0.00452752
0.02168902
0.02518919
0.03506765
-0.00233808
-0.03802505
0.07376949
0.02622697
0.07617067
-0.01157573
0.01174442
-0.05653344
0.00297924
-0.00257884
0.00367996
-0.07797368
-0.03040398
0.00993088
0.01874835
0.01419492
0.00490255
0.00657823
-0.00283355
0.05308672
-0.01944783
0.03339627
-0.00613351
-0.77104014
0.02379826
-0.04190418
-0.01259827
-0.00315504
0.01366677
-0.02958936
0.02416640
-0.00348845
-0.00927621
-0.04500202
0.00433784
0.00407467
-0.02903656
-0.00295335
-0.01530998
0.00987827
-0.00594094
-0.00912792
0.00597504
0.02086374
-0.01426099
-0.04783516
0.00515103
0.01700084
0.03725165
0.02451357
0.00643353
-0.00513683
0.00696045
0.00953728
0.04369317
0.01132242
-0.01200927
-0.01935468
0.03903966
-0.08358840
-0.11654983
0.08334243
-0.05860993
-0.06076142
-0.03844956
-0.10012168
-0.00296296
-0.05763356
0.20886227
0.06574675
0.07271691
-0.07704833
0.02007336
0.01018512
0.03582008
0.05994578
-0.06537639
0.10105288
0.04025162
-0.03947973
-0.06986120
0.08585018
0.09852119
-0.12641247
-0.04298985
-0.03912350
-0.13385144
-0.13484110
0.16895054
-0.00253803
-0.10248443
0.05212967
0.11649399
0.12049089
0.04592722
0.08044223
-0.10139176
-0.06188715
-0.06849924
0.15609659
0.04771389
-0.02955005
0.09941079
0.09004463
0.75832641
-0.09141784
0.05376451
-0.06691223
0.05986976
0.11408795
-0.03293806
0.06282124
0.00363898
-0.09060854
0.07981250
-0.03748271
0.06160414
0.03490041
-0.00469788
-0.09857699
-0.00781881
0.05821628
-0.05032985
0.02187677
-0.00080935
-0.05154958
0.05145246
-0.00733119
-0.02782455
-0.00909112
-0.00477596
-0.02699555
-0.04019663
0.03588124
0.01121863
0.01550119
0.00657802
-0.01712481
-0.04368308
0.00562150
0.02588482
-0.02145996
-0.04497383
-0.00558393
-0.06838992
-0.03518926
0.08297033
0.13296571
0.01292546
-0.03962754
-0.01246124
-0.08985014
0.02223302
0.01660963
-0.05439490
0.07110319
0.04291738
0.01430712
0.01273439
-0.00637055
0.01447029
-0.07044443
-0.04710693
0.00328764
0.03205214
-0.01990340
0.00834585
0.00006028
0.01303857
0.04528641
0.00998460
-0.01721041
-0.00555524
-0.02085315
0.03746070
-0.04614366
0.07145356
0.04317856
0.03872066
-0.01169493
-0.03919980
0.05204382
0.05318270
0.02762405
-0.06139434
0.00043024
0.03059718
0.05313512
0.05554640
-0.03238689
0.00727266
-0.04523978
-0.03581845
-0.02200623
0.01123037
0.02065904
-0.00199743
0.02346794
0.04543770
0.02735716
-0.02854042
-0.07274309
0.01431131
-0.03156170
0.08723610
-0.01821104
-0.04488365
0.04892852
0.03140095
-0.00752986
-0.02753486
-0.02511410
-0.06963570
0.01727628
0.07749282
-0.01636556
0.01017071
0.02093427
0.02707859
-0.03197345
-0.00284073
-0.00396815
-0.00350102
0.02889405
-0.10715978
-0.00156041
-0.03090033
-0.02796145
-0.01355694
0.04834035
-0.03295879
-0.05668803
0.02419147
0.04364029
0.00911117
0.00179093
0.00143366
-0.00930578
0.03924092
-0.04986194
-0.02034949
0.00472010
-0.03418274
-0.00374498
0.02518368
-0.03183524
-0.05708078
-0.00410683
0.04836643
-0.16417016
0.02807757
0.03257962
0.02226497
0.03685833
0.03287302
0.01426418
0.00651785
-0.03689703
0.01406297
-0.01409505
-0.04780368
0.07926806
0.09232283
-0.00709532
-0.01225998
0.02709541
0.02092171
0.01137659
-0.01581093
0.02701437
0.06427891
0.03034780
-0.06102710
-0.06842528
0.03316431
-0.04977687
-0.01939785
-0.02003706
0.00012535
-0.01674102
-0.06614958
-0.03475839
-0.01072194
0.04297471
0.02436804
0.00378753
0.03383817
0.03268091
-0.02403372
0.02948768
-0.06610589
-0.06473244
0.05899284
-0.06565685
-0.01622148
0.01786645
-0.01131939
-0.02188485
-0.02752029
-0.01071911
0.07490746
-0.03745997
0.02395771
-0.02758672
-0.02728544
0.04164765
0.00337583
-0.04850911
0.02770006
0.04276083
-0.01527341
0.00767770
0.04975851
0.03999657
-0.00996650
0.06863744
-0.03119367
-0.04190861
-0.01058757
-0.00938486
-0.06507925
-0.01610698
0.03428109
-0.02775309
-0.12379278
-0.04556321
0.01889636
-0.02436439
0.01080670
0.02957568
0.04751546
0.00550436
-0.01789315
-0.02437322
-0.03338022
0.02356565
0.04068066
-0.06793719
0.04567276
0.03271524
-0.04963630
-0.00499283
-0.00395859
0.01070377
-0.03232421
-0.03791079
0.02247150
0.01612773
-0.09326828
-0.06346458
0.04895227
0.00279589
0.04265823
-0.00952262
-0.05651822
-0.03720965
-0.04430909
-0.06175154
-0.02081386
-0.02417958
-0.03347162
-0.00246730
-0.06836519
-0.03776082
0.09189525
0.03903134
0.02219970
-0.04096048
0.06402405
0.01174267
-0.05428506
0.03861842
-0.01679380
0.02258648
0.00332388
0.03532530
-0.00647230
0.03764478
-0.03410453
-0.01473758
-0.02223760
0.00432617
0.00666648
0.05566320
0.02854809
-0.01599178
-0.03154043
-0.07348315
0.01733923
0.02193715
-0.04912682
0.04308734
-0.01390075
-0.01960979
-0.05836206
0.04180226
-0.11765729
-0.04024401
0.06012188
0.04276833
-0.01707174
0.02529256
-0.03367341
0.11082254
-0.03469897
-0.00693782
-0.00438663
-0.04806027
0.00498469
0.02388193
-0.01430172
-0.02362347
0.06320849
-0.01661525
-0.04213116
0.03422510
-0.18635994
0.05621845
0.02886482
-0.04379197
-0.06226587
-0.00592312
0.00516086
0.00538314
0.02260843
0.05165751
-0.04406375
0.01215379
0.03138686
-0.05229078
-0.00416918
-0.00354913
-0.03624247
-0.09838840
-0.03288858
-0.05197030
-0.01623016
-0.01577487
-0.07937235
-0.00054604
-0.01151377
0.02554131
-0.02960249
-0.06050711
0.02535356
-0.02835190
-0.04378692
-0.04906830
-0.02264666
0.02499363
-0.01731960
0.02955613
0.04499628
-0.08858237
-0.02971523
-0.05449364
0.01660577
-0.02431081
0.05697412
-0.02588109
-0.02554171
0.04279487
0.03180723
0.04560080
0.00066583
0.01081262
-0.02725431
-0.00435986
0.00802320
-0.04358575
0.01774123
-0.06734201
0.03446695
0.03350890
-0.04670546
0.03379864
0.04662541
-0.06554568
-0.05377422
0.01972785
-0.03161575
-0.07894401
0.04639803
-0.00270974
-0.00818234
-0.03072762
0.01435012
0.01552476
0.01037340
0.01182118
-0.05093080
0.01653050
0.06874742
0.00608522
0.00356973
-0.03198165
0.00776035
0.02600893
-0.04625707
0.00917575
0.04052194
0.03157090
0.07274903
0.02941667
-0.04304960
-0.07622539
-0.00508444
0.01285443
0.03797442
-0.11795145
-0.01617099
-0.01023954
-0.05402016
-0.02760450
0.07436997
-0.01430829
-0.03814200
0.01192802
0.03332796
-0.14227462
0.13183150
0.03449538
-0.06884544
-0.02616060
-0.02631008
0.01020598
0.00790917
0.04195979
-0.05169803
0.02550542
0.04754202
-0.00564672
0.00128709
-0.02216071
-0.00873672
0.00393997
0.05089526
-0.03287376
-0.05775720
0.05168753
-0.14646487
0.01567229
0.01013486
0.00492527
0.02277869
-0.00051305
0.02708000
-0.00323136
-0.04926495
-0.09553255
-0.08015533
-0.00734983
-0.02437216
0.04712224
0.04169960
0.05139423
0.10315103
0.12030517
0.01035136
-0.09241713
-0.00530564
0.03206467
-0.00439243
0.04295205
-0.10715926
-0.03061305
-0.01966219
-0.08657350
-0.02158794
-0.04962168
0.01100038
-0.13341257
0.02508874
-0.04192270
0.03239118
-0.00782323
0.04413199
-0.02127431
-0.02370806
0.00328659
0.00297442
-0.05234657
-0.00855234
-0.08920587
0.10395476
0.04044171
-0.01014249
0.00211024
0.03078682
0.00504353
0.00456334
-0.00690858
-0.04416346
0.01226925
0.01737013
-0.03621310
0.04988279
0.02812919
0.05866480
-0.03726943
-0.00202974
-0.03910853
0.00665960
-0.10746042
0.02781228
0.00660936
-0.06075105
-0.04041185
-0.04391129
-0.02232909
0.02731288
0.00245396
0.02359585
-0.08281582
-0.06997015
-0.03446679
-0.01191913
0.03582994
-0.02712818
0.00506469
-0.02593491
0.01750895
0.02371139
-0.04389556
-0.08314083
0.10664708
0.00007057
0.05617106
-0.00244271
-0.00756212
-0.02281063
0.03089559
0.02542058
0.01426925
