4.135790094733238220e-02
-1.893978565931320190e-02
1.882319897413253784e-02
1.162967178970575333e-02
-1.582346740178763866e-03
1.240281481295824051e-02
1.336805336177349091e-02
1.084895711392164230e-02
-3.526681661605834961e-02
2.506093587726354599e-03
5.222205538302659988e-03
-3.161775879561901093e-03
1.791490800678730011e-02
5.679353605955839157e-03
-8.912844583392143250e-03
-5.194257479161024094e-03
2.251746132969856262e-02
1.968487398698925972e-03
1.153236627578735352e-01
5.036384984850883484e-02
8.246631361544132233e-03
6.903894245624542236e-02
-4.784431681036949158e-02
1.085167168639600277e-03
-6.466254126280546188e-03
-4.441236145794391632e-03
7.685521617531776428e-03
-2.397484518587589264e-02
-2.716767229139804840e-02
1.164445187896490097e-02
1.888628117740154266e-02
2.275604195892810822e-02
1.848421990871429443e-02
-1.379068661481142044e-02
9.250587783753871918e-03
1.415132172405719757e-02
-8.216299116611480713e-03
1.807982288300991058e-02
1.753765158355236053e-02
-3.053057007491588593e-02
-8.553861640393733978e-03
-7.227414287626743317e-03
-5.890563130378723145e-02
-1.311998907476663589e-02
-6.147044710814952850e-03
7.583533413708209991e-03
-1.508850138634443283e-02
1.596887968480587006e-02
-5.851186346262693405e-03
1.168405450880527496e-02
1.909774169325828552e-02
-9.023391455411911011e-02
3.812521696090698242e-02
-2.966932486742734909e-03
-3.745680674910545349e-02
-2.382764033973217010e-02
-1.324558816850185394e-02
-9.413323714397847652e-04
4.398553371429443359e-01
3.083943761885166168e-02
-2.216458320617675781e-02
3.009295649826526642e-02
1.800286583602428436e-02
-4.714123532176017761e-02
-1.805186504498124123e-03
6.048733368515968323e-02
-2.833168953657150269e-02
-2.199268154799938202e-02
1.613024994730949402e-02
2.159716002643108368e-02
2.144431322813034058e-02
1.157733332365751266e-02
-6.036523729562759399e-03
2.191245555877685547e-03
5.381092894822359085e-03
2.448098920285701752e-02
-6.023886613547801971e-03
6.730707362294197083e-03
2.457384485751390457e-03
8.659671992063522339e-02
-2.918780222535133362e-02
1.968073472380638123e-02
-7.277213968336582184e-03
7.416822016239166260e-02
6.251525133848190308e-02
1.611369312740862370e-03
2.003521844744682312e-02
8.649915456771850586e-03
4.094917327165603638e-02
-1.028885226696729660e-02
-2.821857575327157974e-03
3.899547457695007324e-02
-8.914745412766933441e-03
1.924209482967853546e-02
-8.700440637767314911e-03
-1.067041605710983276e-02
-5.405705422163009644e-03
-2.380286902189254761e-02
1.278547290712594986e-02
-2.332819066941738129e-02
2.597679616883397102e-03
2.501703053712844849e-02
1.201202161610126495e-02
1.201766636222600937e-02
1.135473139584064484e-02
-3.574395552277565002e-03
1.668988913297653198e-02
-1.661811955273151398e-02
2.943052351474761963e-02
-1.090692169964313507e-02
3.689714940264821053e-03
3.704058006405830383e-02
1.250971201807260513e-02
1.277906354516744614e-02
-1.712138205766677856e-02
5.527846049517393112e-03
-7.544422987848520279e-03
-1.362031884491443634e-02
3.055679425597190857e-02
-6.533499807119369507e-03
-2.232650527730584145e-03
-2.990463282912969589e-03
-1.300356537103652954e-02
-1.538250502198934555e-02
-2.385933138430118561e-02
2.223898284137248993e-02
-3.563793376088142395e-02
-2.315862337127327919e-03
6.917258724570274353e-03
7.110256701707839966e-02
-3.462074091657996178e-03
-1.144001539796590805e-02
-3.480621427297592163e-02
-1.212013140320777893e-02
8.977293036878108978e-03
-8.203326724469661713e-03
1.306138932704925537e-02
2.750144526362419128e-02
-8.931952714920043945e-02
1.286876504309475422e-03
-6.797865778207778931e-02
-2.328735589981079102e-02
-6.047006230801343918e-03
-2.719136141240596771e-02
-1.787310838699340820e-02
1.421854048967361450e-01
-1.314657740294933319e-02
7.989262230694293976e-03
-2.218474447727203369e-02
-2.732767164707183838e-02
1.595992036163806915e-02
1.221097167581319809e-02
-2.605859935283660889e-02
1.961103267967700958e-02
4.802261479198932648e-03
-3.168333694338798523e-02
1.028887461870908737e-02
2.033466100692749023e-02
-5.492601543664932251e-02
-1.108756940811872482e-02
2.061955456156283617e-04
-8.165609091520309448e-02
1.465884130448102951e-02
1.256544794887304306e-02
1.113614346832036972e-02
7.076206803321838379e-02
-3.486346453428268433e-02
-2.360640838742256165e-02
7.362003903836011887e-03
1.518341153860092163e-02
2.444887906312942505e-02
-9.399318136274814606e-03
2.412482537329196930e-02
-1.465970929712057114e-02
5.633991584181785583e-02
3.665888682007789612e-02
1.110943686217069626e-02
-2.126919105648994446e-02
-7.348363101482391357e-02
-7.429264951497316360e-04
2.373712370172142982e-03
-4.586195200681686401e-02
1.459615654312074184e-03
2.339402213692665100e-02
-3.897547721862792969e-04
3.445502370595932007e-02
-5.753724277019500732e-02
-2.571496181190013885e-02
-6.566298659890890121e-03
2.636380121111869812e-02
6.369677186012268066e-02
2.433558367192745209e-02
4.754254128783941269e-03
-3.091480955481529236e-02
5.002861842513084412e-03
4.154489934444427490e-02
5.832631886005401611e-02
2.685664594173431396e-02
3.607589006423950195e-02
-2.865054085850715637e-02
2.069653477519750595e-03
3.256967663764953613e-02
4.675830155611038208e-02
-1.760953664779663086e-02
1.685193926095962524e-02
-1.960712298750877380e-02
8.449125103652477264e-03
2.042107656598091125e-02
1.892789080739021301e-02
-1.101710274815559387e-01
-1.996622420847415924e-03
-7.641475647687911987e-03
2.038170583546161652e-03
5.995706655085086823e-03
2.083562873303890228e-02
1.491707656532526016e-02
1.680482062511146069e-03
5.040024966001510620e-02
-2.147940918803215027e-02
6.573772523552179337e-03
-1.021359115839004517e-03
-7.612789869308471680e-01
2.586719207465648651e-02
-9.197986684739589691e-03
1.285901060327887535e-03
1.923279720358550549e-03
8.673539385199546814e-03
1.916319713927805424e-03
2.080417051911354065e-02
1.434556115418672562e-02
5.967925302684307098e-03
-6.110393628478050232e-02
1.624612696468830109e-02
-3.461107378825545311e-03
-1.809995062649250031e-02
-1.192030310630798340e-02
4.378871992230415344e-03
-1.628002966754138470e-03
-8.473042398691177368e-03
-4.323656205087900162e-03
-3.444678848609328270e-03
-3.302707104012370110e-03
-4.847393184900283813e-02
1.532117929309606552e-02
-2.304675616323947906e-02
1.557426899671554565e-02
-5.179281346499919891e-03
2.426231279969215393e-02
-1.655418984591960907e-02
-3.118898533284664154e-02
4.315546713769435883e-03
-1.368395425379276276e-02
3.211675584316253662e-02
-8.370079100131988525e-03
-1.799993403255939484e-02
-2.469209209084510803e-02
5.551737919449806213e-02
-3.987239301204681396e-02
-2.767133899033069611e-02
2.944819815456867218e-02
2.218850702047348022e-02
-5.043393000960350037e-02
4.804218560457229614e-02
-8.351135253906250000e-02
3.802295250352472067e-04
5.567176267504692078e-02
1.609514206647872925e-01
-6.238590553402900696e-02
-6.709140539169311523e-02
3.949084784835577011e-03
-4.986320808529853821e-02
8.004798740148544312e-02
8.510772138833999634e-02
7.318855822086334229e-02
-4.446556046605110168e-02
-9.328077547252178192e-03
-9.393028914928436279e-02
-7.358713448047637939e-02
1.826599473133683205e-03
6.441857665777206421e-02
9.119827300310134888e-03
6.092595402151346207e-03
-5.795300472527742386e-03
-4.586926475167274475e-02
-6.617689132690429688e-02
-3.153188852593302727e-03
2.145289629697799683e-01
5.624772235751152039e-02
-1.003141850233078003e-01
-2.268168702721595764e-02
1.875527948141098022e-01
-3.605395555496215820e-02
3.447315655648708344e-03
2.607515780255198479e-03
3.290046751499176025e-02
6.652934476733207703e-03
-1.880464106798171997e-01
1.862102933228015900e-02
3.885833919048309326e-02
-1.034802347421646118e-01
1.508758962154388428e-01
4.547829926013946533e-02
7.779626250267028809e-01
-9.764786809682846069e-02
-5.651970207691192627e-02
-9.178844839334487915e-02
-5.287548899650573730e-02
1.251097619533538818e-01
-2.136149629950523376e-02
1.326015740633010864e-01
-1.157364435493946075e-02
-2.497635968029499054e-02
2.037089914083480835e-01
1.750942133367061615e-02
1.127560343593358994e-02
-5.174899846315383911e-02
-1.701492257416248322e-02
-1.055797711014747620e-01
4.167969897389411926e-02
6.176237016916275024e-02
-2.425771020352840424e-02
-4.985555075109004974e-03
-2.048075385391712189e-02
-5.843650922179222107e-02
4.835859313607215881e-02
5.007408908568322659e-04
8.918983861804008484e-03
1.302775053773075342e-04
-1.413473859429359436e-02
-2.749725058674812317e-02
-3.412951901555061340e-02
9.654863737523555756e-03
1.022064778953790665e-02
6.109005585312843323e-02
2.336772531270980835e-02
-2.114422433078289032e-02
-4.864006116986274719e-02
1.917757093906402588e-02
4.517941176891326904e-02
-8.357306942343711853e-03
-8.016392239369452000e-04
-3.687753807753324509e-03
-3.051995113492012024e-02
-3.103264234960079193e-02
5.703924596309661865e-02
6.858035176992416382e-02
-3.215105831623077393e-02
-4.215404018759727478e-02
1.617264188826084137e-02
-6.145960837602615356e-02
4.633276537060737610e-02
9.550523245707154274e-04
-6.547764688730239868e-02
4.602514207363128662e-02
4.476374015212059021e-02
1.813641935586929321e-02
-1.483953371644020081e-02
6.895184982568025589e-03
4.041329398751258850e-02
-2.038739435374736786e-02
-7.644458860158920288e-02
5.886749923229217529e-02
3.662579879164695740e-02
-5.783670023083686829e-02
-2.953863237053155899e-03
-3.536228090524673462e-02
7.255521602928638458e-03
5.034108087420463562e-02
1.559105981141328812e-02
-1.816667616367340088e-02
3.174637258052825928e-02
1.521887490525841713e-03
2.040301263332366943e-02
-7.930747233331203461e-03
5.522862449288368225e-02
6.409767549484968185e-03
4.026961699128150940e-02
1.659757341258227825e-03
-4.113856703042984009e-02
1.736468821763992310e-02
2.775316871702671051e-02
2.295851893723011017e-02
-5.565448477864265442e-02
1.253478135913610458e-02
1.590755581855773926e-02
8.697589486837387085e-02
6.823468208312988281e-02
5.696624983102083206e-03
-1.411351282149553299e-02
-4.179210960865020752e-02
-4.580588266253471375e-02
-5.583607405424118042e-02
-2.458659000694751740e-02
3.567703068256378174e-02
3.605180885642766953e-03
8.522504940629005432e-03
4.851150885224342346e-02
2.138484828174114227e-02
-1.700795628130435944e-02
-8.831673115491867065e-02
1.248366571962833405e-02
-3.213781118392944336e-02
1.037216261029243469e-01
-1.703476719558238983e-02
-5.980045534670352936e-03
4.452218860387802124e-02
5.783903971314430237e-02
6.798768881708383560e-03
-1.683769002556800842e-02
-4.507004842162132263e-02
-9.294260293245315552e-02
-1.771629555150866508e-03
8.814740180969238281e-02
1.467251032590866089e-02
3.862692788243293762e-02
1.639834791421890259e-02
1.485492102801799774e-02
-2.706486731767654419e-02
-3.512169048190116882e-02
-1.677294634282588959e-02
1.971493475139141083e-02
-1.356641761958599091e-03
-1.026996970176696777e-01
-3.474101796746253967e-02
-6.289284676313400269e-03
-4.067358747124671936e-02
-2.225968055427074432e-02
4.570885747671127319e-02
-8.331090211868286133e-02
-5.306082218885421753e-02
-1.014914829283952713e-03
5.903793498873710632e-02
-4.084037989377975464e-02
8.201870135962963104e-03
-1.291192416101694107e-02
-4.046176094561815262e-03
2.402076497673988342e-02
-6.697537750005722046e-02
-2.840633690357208252e-02
-1.152096129953861237e-02
-2.588600851595401764e-02
-1.999333687126636505e-02
2.020789310336112976e-03
-9.863058105111122131e-03
-8.810398727655410767e-02
1.088794600218534470e-02
8.072760701179504395e-02
-8.449969440698623657e-02
3.178866580128669739e-02
1.415268611162900925e-02
1.481621991842985153e-03
1.011146511882543564e-02
3.821428120136260986e-02
8.330648764967918396e-03
-2.055904082953929901e-02
-2.522390335798263550e-02
-2.816757652908563614e-03
2.099637873470783234e-03
-2.236753143370151520e-02
7.068611681461334229e-02
9.609356522560119629e-02
-2.453431114554405212e-02
5.395376589149236679e-03
1.634720154106616974e-02
1.259388215839862823e-02
1.511073298752307892e-02
-1.904462464153766632e-02
-8.338283747434616089e-03
2.352222613990306854e-02
2.738941088318824768e-02
-4.406003281474113464e-02
-8.578307181596755981e-02
2.538706548511981964e-02
-6.088501587510108948e-02
4.171486198902130127e-02
-1.844382286071777344e-02
3.119120188057422638e-02
-3.884914517402648926e-02
-3.822718560695648193e-02
-6.185813993215560913e-02
2.250662818551063538e-02
4.326264932751655579e-02
-1.528272638097405434e-03
-3.433035686612129211e-02
2.876034192740917206e-02
2.093153819441795349e-02
-3.358715679496526718e-03
4.418366029858589172e-02
-9.578776359558105469e-02
-3.677414730191230774e-02
4.959477484226226807e-02
-7.411707937717437744e-02
-2.093126624822616577e-02
2.620294317603111267e-02
1.564908213913440704e-02
1.588301733136177063e-03
-2.067734301090240479e-02
-7.732509984634816647e-04
9.288461506366729736e-02
-4.012143984436988831e-02
5.825208872556686401e-02
-2.026800438761711121e-02
-4.507951810956001282e-02
4.878545552492141724e-02
2.527383342385292053e-02
-2.299128659069538116e-02
1.449719630181789398e-02
-4.137607757002115250e-03
-1.492986455559730530e-02
-4.222864285111427307e-03
2.811833471059799194e-02
3.171610087156295776e-02
-3.099536150693893433e-02
5.014848709106445312e-02
-2.928088419139385223e-02
-1.107282750308513641e-02
5.925063509494066238e-03
-2.104787155985832214e-02
-3.477103635668754578e-02
6.112306378781795502e-03
4.653282463550567627e-02
-2.054921723902225494e-02
-1.013860851526260376e-01
-8.131315559148788452e-02
2.192862518131732941e-02
1.697304286062717438e-02
-2.653837436810135841e-03
5.647364631295204163e-02
1.704913936555385590e-02
8.642131462693214417e-03
-1.449900865554809570e-02
-1.993309147655963898e-02
-7.775796204805374146e-02
1.847665011882781982e-02
4.001237079501152039e-02
-6.720247864723205566e-02
4.016749188303947449e-02
3.916837647557258606e-02
-5.462108552455902100e-02
8.410969749093055725e-03
1.577273756265640259e-02
-1.912106946110725403e-02
-1.908581331372261047e-02
-3.575128316879272461e-02
-2.929137833416461945e-02
3.367372602224349976e-02
-8.214125037193298340e-02
-5.563278123736381531e-02
3.594448417425155640e-02
-1.986405625939369202e-02
2.942900173366069794e-02
-9.437846019864082336e-03
-3.339935094118118286e-02
3.744547720998525620e-03
-8.707614243030548096e-02
-3.987740352749824524e-02
6.775917485356330872e-03
-2.319939248263835907e-02
-3.823316469788551331e-02
-2.235394716262817383e-02
-7.180681824684143066e-02
-3.490404039621353149e-02
7.241263985633850098e-02
2.650693431496620178e-02
5.022863857448101044e-03
-5.146383866667747498e-02
4.563876986503601074e-02
6.932999473065137863e-03
-1.680881157517433167e-02
1.070366520434617996e-02
-6.786752492189407349e-03
4.757618904113769531e-02
-2.016322501003742218e-02
3.755236789584159851e-02
-1.859634928405284882e-02
3.340504318475723267e-02
-4.599557258188724518e-03
-1.620105095207691193e-02
-2.783948928117752075e-02
-1.703619840554893017e-03
2.779871225357055664e-02
3.587744012475013733e-02
3.954082354903221130e-02
1.014425791800022125e-02
1.340886112302541733e-03
-7.033711671829223633e-02
2.614471130073070526e-02
-1.823655795305967331e-03
-3.439232707023620605e-02
4.783202335238456726e-02
2.863220311701297760e-02
-2.805055491626262665e-02
-3.413525968790054321e-02
9.700650349259376526e-03
-6.076175346970558167e-02
-8.044178597629070282e-03
4.690501838922500610e-02
3.993233665823936462e-02
-1.136214286088943481e-02
2.008589357137680054e-02
-3.723369166254997253e-02
1.146895736455917358e-01
-2.006348036229610443e-02
2.399222180247306824e-02
-9.085307829082012177e-03
-3.279955685138702393e-02
7.451131008565425873e-03
1.395857986062765121e-02
2.123172208666801453e-02
-2.144891209900379181e-02
3.281113132834434509e-02
-3.881464526057243347e-02
-1.069328375160694122e-02
-1.070058811455965042e-02
-5.961687117815017700e-02
1.546632591634988785e-02
2.962021343410015106e-02
-4.741475358605384827e-02
-5.491100624203681946e-02
-2.632914856076240540e-02
-4.200275987386703491e-02
4.561140388250350952e-02
1.636083796620368958e-02
6.067841872572898865e-02
-4.230722039937973022e-02
1.344772893935441971e-02
1.162936096079647541e-03
-4.035029187798500061e-02
-2.936793304979801178e-02
2.396866865456104279e-02
-1.742099225521087646e-02
-1.230847984552383423e-01
-2.655247598886489868e-02
-2.788069657981395721e-03
-1.553854532539844513e-02
8.633669465780258179e-03
-1.078812479972839355e-01
3.794629825279116631e-03
3.458149731159210205e-02
1.308952458202838898e-02
-6.588380038738250732e-02
-5.369199439883232117e-02
1.590093411505222321e-02
-1.311921793967485428e-02
-3.261316195130348206e-02
-2.932216599583625793e-02
-3.701378032565116882e-02
5.153161473572254181e-04
-4.198672994971275330e-02
-7.987022399902343750e-03
3.202167153358459473e-02
-3.539633005857467651e-02
-9.016697295010089874e-03
-6.623573601245880127e-02
2.934257872402667999e-02
-3.841210156679153442e-02
1.207481790333986282e-02
-6.202150881290435791e-02
9.368803584948182106e-04
9.874020703136920929e-03
7.100323680788278580e-03
3.436812013387680054e-02
1.856433600187301636e-02
-4.346185829490423203e-03
4.404133185744285583e-03
-5.693498998880386353e-03
-4.684867803007364273e-03
7.449958939105272293e-04
2.241720631718635559e-02
-1.038117930293083191e-01
2.632240019738674164e-02
-1.294292509555816650e-03
-7.070195674896240234e-02
-9.469360229559242725e-04
-7.417969871312379837e-03
-4.055081307888031006e-02
-1.959666982293128967e-02
1.934383250772953033e-02
-9.107108227908611298e-03
-6.629406660795211792e-02
2.398856543004512787e-02
-2.624982409179210663e-02
2.429279265925288200e-03
-3.488824144005775452e-02
6.651671230792999268e-02
-1.350222062319517136e-02
1.659363508224487305e-02
-2.066041901707649231e-02
-7.595954835414886475e-02
2.269529737532138824e-02
5.935478210449218750e-02
-5.263330414891242981e-03
-4.944447427988052368e-02
-3.287682309746742249e-02
1.636597514152526855e-02
4.688812047243118286e-02
-6.583718955516815186e-02
6.121591106057167053e-02
6.131707224994897842e-03
1.596855372190475464e-02
7.264324277639389038e-02
2.947218716144561768e-02
-1.822245307266712189e-02
-5.134931579232215881e-02
-1.994878984987735748e-02
2.185054123401641846e-02
3.986891359090805054e-03
-3.303168714046478271e-02
-2.560024149715900421e-02
3.522705985233187675e-03
-8.966949582099914551e-02
-2.264571376144886017e-02
7.676405459642410278e-02
-1.982838101685047150e-02
-5.777370557188987732e-02
-8.417760953307151794e-03
4.731159657239913940e-02
-2.153928577899932861e-01
1.131700053811073303e-01
3.944550454616546631e-02
-4.849447309970855713e-02
-8.220001310110092163e-02
-1.740355603396892548e-02
1.986335031688213348e-02
-1.980384811758995056e-02
2.771599590778350830e-02
-3.744692541658878326e-03
3.354499116539955139e-02
6.298589054495096207e-03
3.637630119919776917e-02
3.122447989881038666e-03
-4.687024746090173721e-03
-5.811466649174690247e-02
-2.898468170315027237e-03
4.020449146628379822e-02
-9.018265642225742340e-03
-5.629067495465278625e-02
5.233845859766006470e-02
-1.974356323480606079e-01
9.034091606736183167e-03
1.617473363876342773e-02
-1.417697593569755554e-02
1.009994652122259140e-02
-3.339059650897979736e-02
1.592310331761837006e-02
1.928555592894554138e-02
-5.232301354408264160e-02
-5.403037741780281067e-02
-1.014275550842285156e-01
3.868564963340759277e-02
1.282193511724472046e-02
1.520459726452827454e-02
1.930387131869792938e-02
7.353988289833068848e-02
5.544725805521011353e-02
1.245745494961738586e-01
3.391670808196067810e-02
-1.106944903731346130e-01
-2.240733429789543152e-02
3.337789326906204224e-02
-9.391492232680320740e-03
8.082333952188491821e-02
-9.404452145099639893e-02
-2.238534018397331238e-02
-1.572511158883571625e-02
-1.217752918601036072e-01
-4.380170628428459167e-02
-4.773520678281784058e-02
-1.476191915571689606e-02
-1.340575814247131348e-01
1.279334351420402527e-02
-4.485972598195075989e-02
8.302869647741317749e-02
2.249123528599739075e-02
7.710377871990203857e-02
7.425098679959774017e-03
-3.873300552368164062e-02
1.820934191346168518e-02
1.937291584908962250e-02
-9.177852421998977661e-03
-2.797853946685791016e-02
-9.875922650098800659e-02
1.461416631937026978e-01
3.028141520917415619e-02
3.360993415117263794e-02
-4.017600789666175842e-03
8.357288315892219543e-03
-1.137880608439445496e-02
2.054157201200723648e-03
3.558373823761940002e-02
-4.264286532998085022e-02
-3.170681372284889221e-02
3.068190533667802811e-03
-2.600462920963764191e-02
1.727280579507350922e-02
-2.666315063834190369e-02
2.900273725390434265e-02
-5.786820314824581146e-03
-1.021488569676876068e-02
-2.890798728913068771e-03
1.461241487413644791e-02
-1.706312745809555054e-01
4.817871004343032837e-02
-1.752677932381629944e-02
-4.004591330885887146e-02
-3.889160230755805969e-02
-1.149063184857368469e-02
3.119729692116379738e-03
1.094221696257591248e-02
-1.535501214675605297e-03
2.154091745615005493e-02
-7.569748163223266602e-02
-6.113076582551002502e-02
-6.124576926231384277e-02
5.172320641577243805e-03
6.988548487424850464e-02
3.620544448494911194e-03
-9.418814443051815033e-03
7.583993487060070038e-03
-2.323171822354197502e-03
6.560378521680831909e-02
-1.311508845537900925e-02
-8.306915313005447388e-02
3.076039440929889679e-02
-7.176037412136793137e-03
8.450580388307571411e-02
-4.657559841871261597e-02
2.976387552917003632e-02
-1.466758921742439270e-02
3.889340534806251526e-02
4.113778844475746155e-02
-3.703680355101823807e-03
