4.942047223448753357e-02
-4.249751567840576172e-02
2.171334624290466309e-02
3.800295665860176086e-02
4.308051895350217819e-03
5.742894951254129410e-03
2.118520438671112061e-02
9.020563447847962379e-04
-2.358181029558181763e-02
1.714951917529106140e-02
2.386167878285050392e-03
1.710196398198604584e-02
2.877082489430904388e-02
1.573035866022109985e-02
1.144062262028455734e-02
5.093592684715986252e-03
2.546256221830844879e-02
1.221789163537323475e-03
1.204431131482124329e-01
4.491711035370826721e-02
1.947078295052051544e-02
6.956011801958084106e-02
-5.111424252390861511e-02
-7.380967144854366779e-04
-1.304372958838939667e-02
-4.174202680587768555e-03
4.878353327512741089e-03
-2.577735483646392822e-02
-2.486223168671131134e-02
1.003919052891433239e-03
2.509742230176925659e-02
2.363088354468345642e-02
2.141476608812808990e-02
-1.423433516174554825e-02
4.626792855560779572e-03
2.403764426708221436e-02
-1.734232343733310699e-02
1.983498968183994293e-02
1.538862846791744232e-02
-4.606003314256668091e-02
-1.930814608931541443e-02
-6.510139442980289459e-03
-4.045053198933601379e-02
-1.907991617918014526e-02
-7.655166555196046829e-03
-1.657910086214542389e-02
-2.464838325977325439e-02
2.939014509320259094e-02
-3.398691490292549133e-02
1.659599319100379944e-02
2.231881720945239067e-03
-9.023649245500564575e-02
4.114785045385360718e-02
-2.521252445876598358e-02
-4.747160151600837708e-02
-3.052941709756851196e-02
-4.587556235492229462e-03
-3.943990450352430344e-03
4.142721593379974365e-01
2.586912550032138824e-02
-2.310620062053203583e-02
2.093511819839477539e-02
2.529907226562500000e-02
-4.691812768578529358e-02
-1.245354488492012024e-02
7.019896060228347778e-02
-5.248635541647672653e-03
-3.270680829882621765e-02
5.488218739628791809e-03
1.185197476297616959e-02
2.265430986881256104e-02
1.094975788146257401e-02
-6.723589263856410980e-03
-2.047150395810604095e-02
2.705689147114753723e-02
4.000589996576309204e-02
2.707118168473243713e-03
2.178248204290866852e-02
-1.933817169629037380e-03
8.758130669593811035e-02
-2.003720775246620178e-02
7.024788763374090195e-03
-2.242512628436088562e-02
5.089114606380462646e-02
9.113369137048721313e-02
4.453463945537805557e-03
2.017612569034099579e-02
1.046924572438001633e-02
3.261503949761390686e-02
-6.354181561619043350e-03
-2.878511138260364532e-02
3.644627332687377930e-02
-2.893734723329544067e-02
3.423978015780448914e-02
-1.054097432643175125e-02
-7.218334823846817017e-03
-3.275991417467594147e-03
-2.714625932276248932e-02
-5.943814292550086975e-03
-1.659269817173480988e-02
-9.666696190834045410e-03
3.947132825851440430e-02
1.589456386864185333e-02
1.621702872216701508e-02
1.320814434438943863e-02
-9.992586448788642883e-03
9.473050013184547424e-03
-3.734073787927627563e-02
3.340705484151840210e-02
-8.929452858865261078e-03
3.352512139827013016e-03
2.730492502450942993e-02
3.054732689633965492e-03
2.472304739058017731e-02
-2.627923153340816498e-03
-8.423445746302604675e-03
-2.779146307148039341e-04
-2.760053053498268127e-02
3.266105055809020996e-02
-1.556496834382414818e-03
-1.167032122611999512e-02
-1.785007887519896030e-03
-2.378067374229431152e-02
-1.436644233763217926e-02
-2.535543218255043030e-02
1.134010497480630875e-02
-3.928053379058837891e-02
-1.735462993383407593e-02
-4.333831835538148880e-03
7.434752583503723145e-02
-1.046263333410024643e-02
-1.370717026293277740e-02
-4.467907920479774475e-02
-2.741452492773532867e-02
5.353325977921485901e-03
1.649690978229045868e-02
-9.139359463006258011e-04
1.489430479705333710e-02
-7.748518884181976318e-02
-3.130171680822968483e-04
-1.044981256127357483e-01
-3.853297978639602661e-02
-1.070165261626243591e-02
-3.761982545256614685e-02
-3.191914036870002747e-02
1.281915903091430664e-01
-1.441893167793750763e-02
-4.444985650479793549e-03
-1.783148013055324554e-02
-1.087452657520771027e-02
1.073756138794124126e-03
1.659986376762390137e-02
-2.340617775917053223e-02
2.817052975296974182e-02
4.485032055526971817e-03
-2.655005827546119690e-02
1.948558352887630463e-02
6.906484719365835190e-03
-6.045671924948692322e-02
-1.648858562111854553e-02
5.105277989059686661e-03
-7.301272451877593994e-02
1.974968472495675087e-03
2.890527434647083282e-02
1.627265475690364838e-02
6.580650806427001953e-02
-2.711451984941959381e-02
-9.337408468127250671e-03
-3.863205434754490852e-03
8.675353601574897766e-03
4.627726227045059204e-02
-1.892764936201274395e-03
2.189207077026367188e-02
-1.608337275683879852e-02
4.710822924971580505e-02
3.586996719241142273e-02
6.652320735156536102e-03
-1.834643259644508362e-02
-7.659062743186950684e-02
-6.646733265370130539e-03
2.456018142402172089e-02
-4.210885986685752869e-02
-7.666476070880889893e-03
2.687899209558963776e-02
-1.909940689802169800e-02
6.213847175240516663e-02
-9.224911779165267944e-02
-3.276155889034271240e-02
1.521018682979047298e-03
1.998056471347808838e-02
9.372069686651229858e-02
2.837591059505939484e-02
-8.861393434926867485e-04
-3.670701012015342712e-02
5.587613675743341446e-03
3.078959882259368896e-02
5.038671195507049561e-02
2.723136357963085175e-02
1.978536881506443024e-02
-2.626848593354225159e-02
-1.639494486153125763e-02
3.597591072320938110e-02
3.412881493568420410e-02
-4.056074842810630798e-02
3.240710124373435974e-02
-6.373979616910219193e-03
6.254188716411590576e-03
3.042868152260780334e-02
1.287890411913394928e-02
-1.212250143289566040e-01
-4.049135372042655945e-03
-1.180110592395067215e-02
1.331171253696084023e-03
3.117276588454842567e-03
6.669024936854839325e-03
-2.416566479951143265e-03
-3.853514324873685837e-03
5.336106196045875549e-02
-2.912480384111404419e-02
-1.051743514835834503e-02
-2.114822715520858765e-02
-7.482358217239379883e-01
1.631660945713520050e-02
-1.729059778153896332e-02
1.790610491298139095e-03
-1.462540775537490845e-02
4.879274871200323105e-03
-1.203844090923666954e-03
8.851705119013786316e-03
1.459835749119520187e-02
-3.502979816403239965e-04
-6.328048557043075562e-02
1.992793753743171692e-02
6.395439151674509048e-03
-1.696452964097261429e-03
-1.887984760105609894e-02
6.474173627793788910e-03
-7.402975112199783325e-03
1.158891478553414345e-03
-8.409457281231880188e-03
-1.915593445301055908e-02
8.933104109019041061e-04
-5.135669186711311340e-02
2.462177909910678864e-02
-1.335706561803817749e-02
2.223789133131504059e-02
-1.255509909242391586e-02
4.287065193057060242e-02
-3.559825569391250610e-02
-4.435638710856437683e-02
-2.725887345150113106e-03
-1.636473461985588074e-02
5.288358777761459351e-03
-2.006953023374080658e-02
-1.653729192912578583e-02
-2.562442608177661896e-02
2.275999933481216431e-01
-6.305267661809921265e-02
-1.184670627117156982e-01
7.773305475711822510e-02
7.637894712388515472e-03
-1.389432996511459351e-01
-4.634715989232063293e-02
-5.589464679360389709e-02
-4.321360960602760315e-02
-7.371905446052551270e-02
1.186411902308464050e-01
1.730094105005264282e-02
2.461800910532474518e-02
-6.204953044652938843e-02
-4.109792783856391907e-02
-9.992757812142372131e-03
2.056406065821647644e-02
8.074205368757247925e-02
-1.152006071060895920e-02
7.294868677854537964e-02
2.599085215479135513e-03
4.936930537223815918e-02
-3.473185002803802490e-02
-3.040636144578456879e-02
1.183605194091796875e-02
-1.180451959371566772e-01
-4.089583083987236023e-02
-6.351956725120544434e-02
-3.182624652981758118e-02
-1.655316948890686035e-01
1.292918026447296143e-01
2.496842294931411743e-02
-3.875169157981872559e-02
-5.668724188581109047e-04
-6.019782274961471558e-02
7.142812758684158325e-02
9.574098512530326843e-03
8.456645905971527100e-02
-1.038681194186210632e-01
-6.906247138977050781e-02
5.654419874190352857e-05
5.631419271230697632e-02
-4.394411668181419373e-02
-6.439393758773803711e-02
5.996782332658767700e-02
3.404070064425468445e-02
8.278226852416992188e-01
-1.152021363377571106e-01
3.432435169816017151e-02
-8.451873064041137695e-02
5.640840157866477966e-02
3.826928511261940002e-02
9.337111376225948334e-03
1.077373698353767395e-02
-1.470041461288928986e-02
-4.979161918163299561e-02
5.394485220313072205e-02
-2.766953408718109131e-02
-2.942941151559352875e-02
-4.844953119754791260e-02
-7.383478432893753052e-02
-7.520622014999389648e-02
-6.292463093996047974e-02
7.525644451379776001e-02
-1.260034833103418350e-02
-2.086404711008071899e-02
-1.418044697493314743e-02
-4.423501342535018921e-02
4.612896218895912170e-02
1.819627545773983002e-02
-4.192932322621345520e-02
7.066614180803298950e-02
-2.545319497585296631e-02
-9.751897305250167847e-03
3.308487683534622192e-02
2.605197206139564514e-02
1.168266497552394867e-02
5.398934707045555115e-02
-8.730069734156131744e-03
-2.356479875743389130e-02
-1.031941622495651245e-01
2.509704604744911194e-02
5.411884188652038574e-02
2.829252555966377258e-02
3.657108545303344727e-02
3.550183400511741638e-02
2.198014035820960999e-02
-8.017376996576786041e-03
2.285964088514447212e-03
6.111275032162666321e-02
-7.180705666542053223e-02
-3.177071735262870789e-02
-2.670971490442752838e-02
-4.718733206391334534e-02
5.191250517964363098e-02
-8.635753765702247620e-03
3.232790157198905945e-03
2.663491852581501007e-02
1.939573884010314941e-02
6.181602552533149719e-02
8.623157627880573273e-03
-7.690948247909545898e-02
-5.899203196167945862e-02
6.264299899339675903e-02
-9.866939485073089600e-02
6.092324107885360718e-02
-2.846146374940872192e-02
2.699400670826435089e-02
1.627154834568500519e-02
1.126911956816911697e-02
-4.151995107531547546e-02
1.964945811778306961e-03
3.478525578975677490e-02
-2.338379248976707458e-02
-1.178523246198892593e-02
-3.748637437820434570e-02
-2.074944786727428436e-03
4.431669786572456360e-02
2.261280454695224762e-02
1.011332962661981583e-02
2.301195822656154633e-02
6.158298999071121216e-02
-5.043622106313705444e-02
-4.930572956800460815e-02
-1.679191552102565765e-02
2.886241674423217773e-02
-6.844623386859893799e-02
1.142768748104572296e-02
3.391207195818424225e-03
6.101355701684951782e-02
6.984702497720718384e-02
1.464399788528680801e-02
-4.144278820604085922e-03
-2.924739196896553040e-02
-4.348716139793395996e-02
-8.400560170412063599e-02
2.343262732028961182e-02
7.896251231431961060e-02
7.771190255880355835e-02
-3.354288870468735695e-03
-2.731493441388010979e-03
-2.471696957945823669e-02
-3.344646096229553223e-02
4.498236253857612610e-02
5.286855250597000122e-02
9.057794697582721710e-03
3.725012764334678650e-02
2.696551941335201263e-02
-4.460842465050518513e-04
-6.569026038050651550e-03
1.168916001915931702e-02
-2.369295805692672729e-02
4.271807521581649780e-02
-2.288365922868251801e-02
4.340853169560432434e-02
4.037806391716003418e-02
6.042579188942909241e-03
7.161317020654678345e-02
6.431887391954660416e-03
2.454847283661365509e-02
-3.903133422136306763e-02
5.962239950895309448e-02
2.029387652873992920e-02
2.106619067490100861e-02
8.534297812730073929e-04
-3.168483078479766846e-02
-6.586668640375137329e-02
-1.735351420938968658e-02
2.444491907954216003e-02
1.511603407561779022e-02
-3.181396797299385071e-02
5.161203816533088684e-02
-7.552883028984069824e-02
-1.446763146668672562e-02
5.857355892658233643e-02
2.676570438779890537e-04
-2.815689146518707275e-02
-6.756085902452468872e-02
-1.873889751732349396e-02
1.808872818946838379e-02
3.283618763089179993e-02
-2.295293472707271576e-02
-2.638901583850383759e-02
-4.470657929778099060e-02
1.550736743956804276e-02
1.531459297984838486e-02
1.843754015862941742e-02
5.283974111080169678e-02
6.800474971532821655e-02
-1.413602195680141449e-02
-1.132157351821660995e-02
-4.983657225966453552e-02
1.434875768609344959e-03
-3.354752808809280396e-02
4.621152952313423157e-02
-1.551529671996831894e-02
1.260432880371809006e-02
-7.988931238651275635e-02
-5.194646865129470825e-02
1.103351637721061707e-01
-3.231813758611679077e-02
-6.686694920063018799e-02
-6.307338178157806396e-02
7.224215567111968994e-02
-4.047348722815513611e-02
-3.998293355107307434e-02
-1.260750694200396538e-03
3.436463652178645134e-03
6.882432103157043457e-02
4.921185318380594254e-03
1.449002884328365326e-02
8.427069522440433502e-03
-1.214449387043714523e-02
5.216922983527183533e-02
-4.576811939477920532e-02
-2.285879850387573242e-02
2.489084936678409576e-02
-5.556408688426017761e-02
7.484816759824752808e-02
2.429254539310932159e-02
-2.489389618858695030e-03
-3.302242979407310486e-02
-7.074668537825345993e-03
6.430524867027997971e-03
3.321540355682373047e-02
2.283903956413269043e-02
-1.118341647088527679e-02
-3.372664749622344971e-02
-1.667096838355064392e-02
8.119751699268817902e-03
-3.475445555523037910e-03
-4.518428444862365723e-02
4.946719272993505001e-04
1.560015697032213211e-02
7.389759644865989685e-03
8.278993517160415649e-02
-8.665945380926132202e-02
-4.044244065880775452e-02
4.176894575357437134e-02
3.620257601141929626e-02
1.050022989511489868e-01
-1.630927436053752899e-02
-2.714954782277345657e-03
3.390564769506454468e-02
-8.626396954059600830e-02
-6.173583678901195526e-03
4.501121863722801208e-02
-3.425183892250061035e-02
4.974036291241645813e-02
-4.463836085051298141e-03
-2.284606918692588806e-02
5.424589384347200394e-03
7.452684454619884491e-03
-1.386887487024068832e-02
1.670510508120059967e-02
-6.744645535945892334e-02
5.647334270179271698e-03
-4.764697514474391937e-03
-5.125352740287780762e-02
-4.747799411416053772e-02
2.475312538444995880e-02
-4.575460404157638550e-02
-6.100897863507270813e-02
-1.203561760485172272e-02
1.076412722468376160e-01
8.231463283300399780e-02
-3.820384666323661804e-02
2.391758374869823456e-02
-3.250671550631523132e-02
-6.861742120236158371e-03
-7.220572233200073242e-02
1.279751360416412354e-01
1.187414377927780151e-01
3.502516075968742371e-02
-1.949233375489711761e-02
-4.391947016119956970e-02
-1.865913532674312592e-02
3.406268358230590820e-02
1.788250170648097992e-02
-3.902323916554450989e-02
-4.554672166705131531e-03
6.892908364534378052e-02
-3.758120909333229065e-02
8.191953529603779316e-04
-2.072388306260108948e-02
6.706324219703674316e-02
7.276108954101800919e-03
-8.290784806013107300e-02
-4.289700090885162354e-02
-5.254679173231124878e-02
1.108005642890930176e-02
2.864870429039001465e-02
-2.720694802701473236e-02
-2.155484259128570557e-02
-5.075671710073947906e-03
1.590953394770622253e-02
-1.089092809706926346e-02
1.587424799799919128e-02
-3.019374795258045197e-02
5.741103366017341614e-02
2.542921341955661774e-02
-4.860399756580591202e-03
5.783931538462638855e-02
-6.048826500773429871e-02
2.955985814332962036e-02
-5.825906991958618164e-02
1.476339846849441528e-01
-6.138476356863975525e-02
-1.963945478200912476e-02
1.030987128615379333e-01
2.347885398194193840e-03
3.066302649676799774e-02
5.241169594228267670e-03
2.896974980831146240e-02
4.010336101055145264e-02
9.265551925636827946e-04
9.020036458969116211e-02
-1.939799636602401733e-02
-1.678861118853092194e-02
1.313384622335433960e-02
9.023054502904415131e-03
3.446724638342857361e-02
2.671447396278381348e-02
6.395004224032163620e-03
5.407777428627014160e-02
4.770856350660324097e-03
2.292285673320293427e-02
-3.066780790686607361e-02
9.192554280161857605e-03
-4.768993332982063293e-02
-1.631907559931278229e-02
-2.355370298027992249e-02
-7.154314965009689331e-02
5.527575314044952393e-02
-3.465648368000984192e-02
-2.045789733529090881e-02
-3.543758299201726913e-03
-5.420771241188049316e-02
-1.783498935401439667e-02
2.541694603860378265e-02
1.431591343134641647e-02
1.859644427895545959e-02
-1.329397968947887421e-02
1.083439867943525314e-02
1.152392774820327759e-01
5.437370762228965759e-02
-2.727663842961192131e-03
-1.141238398849964142e-02
7.078953087329864502e-03
-4.866539314389228821e-02
4.618028923869132996e-02
2.344899624586105347e-02
3.937678411602973938e-02
-3.367466852068901062e-04
1.464705169200897217e-02
3.459253907203674316e-02
-4.353596270084381104e-02
3.626142814755439758e-02
-1.044691428542137146e-01
8.858027867972850800e-03
-9.070447087287902832e-02
1.779968291521072388e-02
3.809048328548669815e-03
2.789192646741867065e-02
-6.115339696407318115e-02
1.076903473585844040e-02
3.331228345632553101e-02
8.930647373199462891e-02
-1.047722473740577698e-01
-5.360770598053932190e-02
-3.028897196054458618e-02
3.823160007596015930e-02
-1.305942833423614502e-01
-1.400796510279178619e-02
2.007138542830944061e-02
-7.589602842926979065e-03
-3.353657945990562439e-02
6.032465770840644836e-02
-1.851273141801357269e-02
3.051919396966695786e-03
-1.482240390032529831e-02
-2.803077362477779388e-02
4.457415640354156494e-02
3.628757223486900330e-02
6.451120972633361816e-02
3.354140743613243103e-02
2.430659718811511993e-02
-1.730935089290142059e-02
3.568580746650695801e-02
-1.270476495847105980e-03
8.717032149434089661e-03
-1.156831346452236176e-02
-6.789771467447280884e-02
-5.171833187341690063e-02
-1.802868209779262543e-02
5.957036092877388000e-02
4.662032052874565125e-02
5.789437890052795410e-02
4.821754992008209229e-02
-2.752389060333371162e-03
9.114367887377738953e-03
-3.299332223832607269e-03
2.392797172069549561e-02
1.091392245143651962e-02
-1.087789461016654968e-01
-3.692201897501945496e-02
4.691519215703010559e-02
1.187271904200315475e-02
-2.867846563458442688e-02
8.786370605230331421e-02
1.857790397480130196e-03
2.254236675798892975e-02
1.914971135556697845e-02
-4.236096888780593872e-02
-1.349870953708887100e-02
9.823467582464218140e-03
-5.043439567089080811e-02
8.307015523314476013e-03
-1.061530783772468567e-02
-4.047183319926261902e-02
-6.105348002165555954e-04
-2.910056151449680328e-02
-4.066574946045875549e-02
-1.221433281898498535e-01
-4.020447283983230591e-02
4.824817925691604614e-02
4.978308454155921936e-02
-3.822766616940498352e-02
4.925170540809631348e-02
1.601875759661197662e-02
-4.232295788824558258e-03
1.342000067234039307e-02
-3.176510334014892578e-02
4.631398245692253113e-02
1.636663824319839478e-02
1.814788207411766052e-02
-8.996358513832092285e-02
6.690673530101776123e-02
-1.158838160336017609e-02
4.670035094022750854e-02
-3.378506749868392944e-02
-1.070753205567598343e-02
2.263318002223968506e-02
1.132806856185197830e-02
7.081899046897888184e-02
3.071228228509426117e-02
-9.971515089273452759e-02
1.293595787137746811e-02
-4.309560358524322510e-02
-3.951694816350936890e-02
-3.569463267922401428e-02
-7.826869934797286987e-02
5.379622057080268860e-02
-5.458397418260574341e-02
6.153750419616699219e-02
2.390260109677910805e-03
2.296708710491657257e-02
6.839548051357269287e-02
1.148616988211870193e-02
-6.393694132566452026e-02
7.812505215406417847e-02
8.682043850421905518e-02
-2.003421634435653687e-02
3.813302144408226013e-02
4.971292242407798767e-02
-1.576220267452299595e-03
4.214598610997200012e-02
-2.483041584491729736e-02
7.059255242347717285e-02
7.921502739191055298e-02
4.382510110735893250e-02
4.729351028800010681e-02
-4.918464645743370056e-02
-5.704285949468612671e-02
1.559310685843229294e-02
4.653811454772949219e-02
-3.454196080565452576e-02
-3.565052896738052368e-02
7.276557385921478271e-02
-6.521640717983245850e-02
-1.230333838611841202e-02
5.969709530472755432e-02
-4.523863270878791809e-02
-1.167860720306634903e-02
3.980667516589164734e-02
4.413922876119613647e-02
2.071118727326393127e-02
2.385582588613033295e-02
2.446578349918127060e-03
-8.059946820139884949e-03
-3.829735890030860901e-02
-2.634748257696628571e-02
4.976578429341316223e-02
5.062223225831985474e-02
3.140619024634361267e-02
-8.077765256166458130e-02
-1.301673334091901779e-02
1.804267172701656818e-03
-3.155385842546820641e-03
7.761603593826293945e-02
-6.204468756914138794e-02
2.115611918270587921e-02
-2.105417288839817047e-02
2.940498292446136475e-02
-3.520356863737106323e-02
7.091946154832839966e-02
-1.599798910319805145e-02
-2.405286766588687897e-02
-4.976296424865722656e-02
3.772543568629771471e-04
-5.324495211243629456e-02
2.012798376381397247e-02
-1.282999757677316666e-02
-1.122101023793220520e-02
-2.949737943708896637e-02
-3.822448104619979858e-02
8.745097368955612183e-02
2.012380864471197128e-03
-1.494074612855911255e-02
6.248190253973007202e-02
1.590783894062042236e-02
1.417615078389644623e-02
2.658400870859622955e-02
8.521723002195358276e-02
8.476467803120613098e-03
-1.526286602020263672e-01
2.635994739830493927e-02
-8.068013004958629608e-03
1.613379269838333130e-01
1.228999719023704529e-02
-2.643628418445587158e-02
-8.854437619447708130e-03
1.110024400986731052e-03
-1.578410528600215912e-02
3.355497866868972778e-02
6.457365117967128754e-03
1.362957339733839035e-02
2.325156470760703087e-03
-3.975183516740798950e-02
-5.578526761382818222e-03
-1.010614354163408279e-02
1.384729146957397461e-02
1.653839834034442902e-02
-3.825510665774345398e-02
-3.046967834234237671e-02
9.017282724380493164e-02
2.334392629563808441e-02
5.496471747756004333e-02
-1.416249666363000870e-02
-1.834434457123279572e-03
5.250825732946395874e-02
7.974732667207717896e-03
6.274552084505558014e-03
2.302706800401210785e-02
2.156430669128894806e-02
-4.673142358660697937e-02
-4.483492011786438525e-05
8.109131013043224812e-04
-1.366222836077213287e-02
5.582028627395629883e-02
3.939737007021903992e-02
3.078170353546738625e-03
2.236760966479778290e-02
-3.058708086609840393e-02
-3.524499759078025818e-02
-2.241043932735919952e-02
2.197747118771076202e-02
2.602712949737906456e-03
6.010557990521192551e-03
6.830406375229358673e-03
2.238474087789654732e-03
-5.624715238809585571e-02
-5.692867189645767212e-02
5.476322397589683533e-02
1.478968001902103424e-02
3.960180655121803284e-02
