-0.00030021
-0.02138088
-0.03404276
-0.02553483
0.00817548
0.02343387
-0.01547277
-0.01915835
-0.02166091
-0.00122766
0.00886484
0.00611542
0.00803695
-0.05747727
-0.01476157
-0.01014430
0.01666316
-0.01979228
0.06496876
0.01070086
0.00115754
0.03573966
-0.02748803
-0.01714143
-0.01304679
0.03056259
0.00310542
0.00964151
-0.00238716
-0.01064693
-0.04416587
-0.00520569
-0.00317464
-0.02261128
-0.00917390
0.03819201
0.01339416
0.00757301
0.01144176
-0.03681492
-0.00110520
-0.01962101
-0.02292801
-0.03109020
-0.01096641
0.03289326
-0.05339689
-0.00716910
0.00827250
0.01803862
-0.00431969
-0.03374129
-0.01268297
0.00763349
-0.02336840
-0.01040754
0.01821103
-0.00277953
0.48262385
0.06365218
-0.02297354
0.00819511
0.03612070
-0.02348842
0.00037881
0.04092445
0.00171537
-0.00090757
0.00215700
0.04989825
0.00298472
-0.00892933
-0.03199287
0.00096292
-0.01427789
-0.02324617
-0.03735572
-0.01597144
0.02833198
-0.07343484
0.00388422
0.00082625
0.00848472
0.03752482
0.04863334
0.00373385
-0.01598082
-0.00892500
0.01125020
0.02241578
0.01169157
0.01398613
0.03819295
0.01168113
-0.00805750
-0.00033536
0.00995821
-0.02983263
0.01622703
0.00893068
-0.01021367
-0.01915020
-0.02178150
0.01412444
0.00878509
-0.01877769
0.01486885
0.01962885
-0.00438458
-0.05192879
0.01325242
0.00408005
-0.00416837
-0.01973838
-0.00464816
-0.01604307
0.05882078
-0.01209090
0.00356681
0.01661769
0.01733811
-0.00237122
0.01001500
0.00147549
-0.01088730
0.00273048
0.00468557
-0.00665967
0.00044417
0.06845284
0.01193437
-0.02031976
0.00409939
0.00570232
-0.01751805
-0.00166098
-0.01705550
0.04828618
-0.11015618
0.01906083
-0.02403617
-0.02060952
-0.00426627
0.00594291
-0.01409562
0.02644618
-0.03202688
0.01279378
-0.00524627
-0.02425737
0.05844411
0.01394677
-0.01669209
0.00257620
-0.00239103
-0.02891358
0.02737002
0.00547637
-0.02285891
0.00071937
0.01492204
-0.02498427
-0.00123253
0.00299737
0.00981047
0.05664907
0.01973731
0.00500439
0.00268831
0.03187868
0.01369699
-0.01469838
0.01734095
-0.00447866
0.01975785
0.00707594
0.00648822
-0.00233277
-0.04985205
0.00318503
-0.03943995
-0.01229225
0.00949857
0.00968740
0.04957331
-0.12213325
0.12655860
0.00537156
-0.00421184
0.04920167
0.03408153
0.01246077
-0.00715265
-0.00777438
-0.00677259
0.02440450
0.04067237
0.03337145
0.00289497
-0.02948049
0.03526441
0.00789355
0.14928891
-0.01214900
0.02207498
-0.03974367
-0.00323527
0.00850296
-0.01560798
-0.03310359
-0.01672308
-0.00264687
0.01250108
0.01109935
-0.02465663
-0.02176897
0.00047302
0.02120096
-0.01144082
0.01533344
0.00321927
-0.75526756
0.00954114
-0.03208349
-0.00489900
-0.00844891
0.04093070
-0.03189169
0.02287367
0.00589111
0.00089188
-0.02066151
-0.00060418
0.01346162
-0.05371794
-0.00524369
-0.01615771
0.01493524
0.00554315
0.00284693
-0.00961402
0.02793920
0.00506841
-0.02943873
0.00147079
-0.00138628
0.03651883
0.02703322
-0.00002089
0.00778287
-0.01525886
0.01215959
0.02717431
0.01174591
-0.01035794
0.01127297
0.15698645
0.08828185
0.02760336
-0.01785954
0.06370322
-0.07424966
-0.07325447
-0.03616150
-0.11901242
0.06918652
0.11166403
0.24996710
-0.08209960
-0.08887674
-0.09339514
0.10690249
-0.05412214
-0.00934338
0.11641500
-0.00768698
0.00438798
-0.07092488
-0.08303048
-0.05187937
0.07352295
0.07330764
0.05973389
-0.09784094
0.04574396
-0.04400073
0.05786977
0.10291188
-0.04932043
0.05871060
-0.04828756
0.03688024
0.11390770
0.03516164
-0.05418925
-0.08806217
-0.01477956
0.09247656
-0.11919984
0.04192284
-0.05166042
-0.05629683
0.76690346
-0.02327804
0.02637944
-0.02562833
-0.02305064
0.05872963
-0.10510515
0.00178119
-0.00860139
-0.17096752
-0.17093140
-0.03571402
-0.05055786
0.01804648
0.10447816
-0.02993015
0.06028998
-0.01226557
0.02949232
0.00043712
-0.05129248
0.01798275
0.00230953
-0.02384798
-0.01338527
0.04275627
-0.06274878
-0.01526607
0.03509453
-0.02134251
-0.03033179
0.03990709
-0.02190459
0.00741081
-0.08081441
0.02753075
0.04167149
-0.00126287
0.00920294
0.01569414
0.00455103
0.00045786
0.02184044
0.04658372
-0.06957272
-0.01657087
0.01141237
-0.02376497
-0.00524072
0.00102384
-0.02520401
0.02841561
0.00729673
0.07486489
-0.03126698
-0.03570867
-0.05648225
0.03873159
-0.09385362
0.05034831
-0.02310036
-0.01322100
0.03085744
-0.00987931
0.00215170
0.06134181
0.01382832
0.01914654
-0.03428178
-0.01436897
0.04105884
0.02499424
0.00176833
0.06397937
-0.00394473
0.07374598
-0.03469858
-0.01988131
-0.00390536
0.05990620
-0.02058729
0.07412589
0.01571890
0.01907540
0.07766373
0.02398613
-0.00022066
-0.02053686
-0.05428223
-0.05259047
-0.00340193
0.06999149
0.04998655
0.00798525
-0.00138637
-0.03497781
-0.01152412
0.03004673
0.03785224
0.01723934
0.05255479
-0.00427562
-0.08416961
-0.05524980
0.03368734
-0.04862049
0.05839884
-0.03915131
0.05349635
-0.00991674
0.03720487
0.07403766
-0.01109948
0.02049854
-0.03323641
0.05274173
0.01033430
-0.01556517
0.02632068
-0.08482757
-0.02729611
-0.00318224
0.01112821
-0.01206618
-0.00555865
0.05649488
-0.05753360
-0.10436799
0.04582768
0.03684727
-0.03964542
-0.02267483
0.00538510
0.04551691
0.05230618
-0.04684517
0.01889792
0.02280682
-0.00837414
-0.02346641
0.05148154
0.03853402
0.07392130
-0.06418212
-0.04253338
0.03003314
0.01276852
-0.03393315
0.02336065
-0.00788979
0.02647354
-0.03997226
0.02219039
0.06228383
-0.00373901
-0.02923479
-0.04646827
0.06944411
-0.06441968
0.00317227
-0.05102090
0.04567748
0.02547319
-0.03340525
-0.01831790
-0.00305071
-0.02387780
0.08894300
-0.04591080
-0.03275625
0.02117495
0.00170931
0.10641659
0.00360788
0.02937962
0.00845912
-0.02338606
-0.04864883
0.02612686
-0.00355249
-0.01889944
-0.07010136
0.01192827
-0.00426009
0.02950340
-0.06357517
-0.01607683
0.00760266
-0.00977996
0.06641659
-0.06768941
-0.07111786
0.03594716
-0.00426160
0.09708114
-0.06160786
0.00182985
0.01314130
-0.05946314
0.00081950
0.04462231
0.03509764
-0.01185642
-0.03635435
-0.00940573
0.02328176
0.01112857
-0.05438631
0.00143391
-0.04624982
0.02342156
-0.05558635
0.01667663
-0.00437957
0.01837108
-0.01048361
-0.09220459
-0.02711079
0.13853548
0.05313399
-0.05172300
0.05599950
-0.01575746
0.01994455
-0.08619539
0.12544134
0.08180844
0.06914847
-0.01247563
0.01159592
0.04670349
0.02200511
0.00204531
-0.07217389
-0.01475146
0.08015244
0.01141636
0.01274550
-0.02053599
0.03011939
-0.02284707
-0.09028911
-0.04379838
-0.06115721
-0.00853878
0.04506162
-0.00694319
-0.00730767
0.01336580
0.02874136
0.00679456
0.02849962
-0.06198377
-0.00693249
-0.02921445
0.00384834
-0.01285385
-0.06375076
0.04486980
-0.04897802
0.09624840
-0.10239235
-0.01678225
0.05603307
0.05335268
0.01297157
-0.02817591
0.00578084
0.06755269
0.01368709
0.05877972
-0.01236014
-0.00462099
0.03653812
0.05579032
0.01386451
-0.01448438
-0.01304325
0.09386426
-0.01433397
-0.00492184
-0.01266051
0.04268260
0.00422241
-0.02664434
-0.03008886
-0.04012270
0.00414731
0.00905921
-0.01087978
-0.01336866
-0.04042170
0.00495156
0.00773897
0.00112901
0.05390727
0.00268657
0.01441477
0.07694463
0.05298366
-0.02322509
-0.01305238
0.04084683
-0.04100711
0.01797896
-0.03696984
-0.01807227
-0.02660129
-0.01932933
0.02265897
-0.00395064
0.05161268
0.02366417
-0.01391599
-0.03946699
0.01462844
0.05559198
-0.00253088
-0.02710982
-0.00514312
0.06885723
0.06654323
-0.08519870
-0.08688445
-0.01094869
-0.01962958
-0.12882884
0.00143791
0.01207135
-0.00713505
-0.05162330
0.05037485
0.01553114
-0.00506636
-0.09533085
-0.03022081
0.02407474
0.01801812
0.07627683
0.05020841
-0.02311005
-0.01126729
0.06336367
-0.00319696
0.02391445
-0.00068744
-0.07441867
-0.00339628
-0.00355337
0.06069100
0.03745664
0.01591563
0.06437255
-0.05634794
-0.00083809
-0.04253464
0.02467001
0.02066698
-0.07550040
-0.02245758
0.03064078
0.02860466
-0.01561958
0.16445220
-0.06763478
0.00269144
-0.01360900
-0.07988126
0.00065779
-0.02403077
-0.06134475
-0.02762799
0.00148627
-0.01687950
0.03514030
-0.00614561
-0.03117225
-0.08564334
-0.08121542
-0.00069582
-0.00458333
-0.07854784
0.00133150
0.07601837
0.00326848
0.04674391
-0.02831060
-0.01886831
-0.00068632
0.02080107
-0.06450760
0.05002325
0.02874504
0.07284301
-0.03567952
-0.03865843
0.09493019
0.00734250
0.04914581
0.07145252
-0.10094146
0.02196046
-0.05151493
-0.05370929
-0.02930503
-0.00657297
0.02498561
-0.04268542
0.04870989
-0.04573163
0.01979267
0.00717665
0.00312424
-0.02708470
0.09229856
0.08460515
-0.04539254
0.00655119
0.04449816
0.01647219
0.05498942
-0.01535414
0.07307892
0.10987036
0.03383080
0.00308031
-0.04144554
-0.02520765
0.05120896
0.07464343
-0.04482319
-0.04032172
0.06729227
-0.04000872
-0.02906029
0.07486270
-0.11374415
0.01266252
-0.00248476
0.02546177
0.00540276
0.01182938
-0.00024336
-0.00151299
-0.04544438
-0.02173695
0.03141948
0.04338857
0.03701359
-0.04693658
-0.01493650
0.01872534
-0.03063691
0.02860439
-0.01644665
0.03135119
-0.04131536
0.02649968
-0.05202090
0.05570708
-0.01268874
-0.02984633
-0.03553256
0.00640280
-0.00418125
-0.02436623
-0.01172887
-0.01574902
-0.01823341
-0.01892044
0.07547320
0.01450694
-0.02601506
0.04747913
0.01585543
-0.02016674
0.09198684
0.07082644
0.05868844
-0.14713715
0.11164625
0.02683721
0.13910018
-0.01800135
-0.02698983
0.00868977
-0.00460760
-0.03585139
0.03988228
-0.02265541
0.05585863
-0.01233370
-0.04278513
-0.02743217
-0.02813205
-0.00437503
0.03184577
-0.07963946
0.01413508
0.07211965
0.01381856
0.03909028
-0.02256596
-0.01206190
0.05149604
-0.00421384
-0.01053379
-0.04470021
0.06534129
-0.03620852
0.01432578
-0.00264083
-0.03072434
0.04031671
0.01392929
-0.01612672
0.00209743
0.00018565
-0.02389601
-0.02297574
-0.00512729
-0.04253599
0.03472953
-0.00470383
-0.00652153
-0.05450875
-0.00782619
0.05805910
0.02245288
0.04034943
