-0.00151719
-0.00019577
-0.05558670
0.05603601
-0.01904281
0.03481390
0.02209190
-0.00789418
0.01915066
0.02759678
-0.02792640
-0.01280519
0.02620292
0.00242999
-0.02732056
0.01304574
-0.03634357
0.04917526
-0.07458462
0.01312692
-0.00178354
-0.05229459
0.12507822
0.01154562
0.01032952
-0.03816282
-0.04100636
-0.02297558
-0.01343011
0.01171332
-0.03380099
-0.01785200
0.01397232
-0.02265881
-0.00069266
-0.01898656
0.03288945
0.01397959
0.00273471
0.04963520
-0.00708977
0.00284603
0.03047484
-0.00450188
0.00640226
-0.02826570
-0.01086352
-0.03852455
0.01386912
0.00473734
0.03941277
0.13954315
-0.04763638
0.01241210
0.00785823
0.01344230
-0.01733364
0.00685443
0.35860568
0.05893866
0.01521657
-0.01037802
-0.04825806
0.03089433
0.03291375
-0.04768033
0.00885017
-0.01339443
-0.02679476
-0.05696235
0.01765607
0.00460719
-0.01987386
0.00828360
-0.05920672
0.00293028
0.03661745
-0.04660495
0.00095411
-0.16424848
-0.00739317
0.00147385
0.01759703
-0.03763063
-0.10190833
-0.01033644
-0.02761166
-0.01974661
0.02878463
-0.02139712
-0.02008611
-0.11300412
0.13847753
-0.01582613
-0.01893916
-0.00730137
0.00211549
-0.02427712
0.02908396
0.02224776
-0.01822857
-0.00412373
-0.02646114
-0.00334395
0.00055098
0.00228453
0.01163226
0.00163416
0.01560063
0.00375102
-0.02663275
0.00613625
0.02907110
-0.00617553
0.01371159
0.00665511
0.04802732
-0.00935823
-0.03114294
-0.00209840
0.02241558
-0.00255790
-0.01733934
0.01860620
-0.00598328
0.00762019
0.00048830
-0.00454671
0.01925047
-0.04232885
0.00063325
-0.00477031
0.00330926
-0.00947050
-0.03611195
-0.02242036
0.03252667
-0.08289948
-0.04765884
0.00181654
0.13243526
0.02421276
0.00723428
-0.01683541
0.00903798
-0.18536711
0.01456966
-0.00697772
-0.00632603
-0.00024278
0.06435750
-0.00569539
0.04329031
0.00386986
0.01244086
-0.02111598
-0.03762807
-0.00995788
0.05520844
0.01731805
-0.02574614
0.17949714
-0.01418485
-0.02337186
-0.00497149
-0.05336388
0.08543155
-0.04962940
0.00575519
0.00432800
0.00491075
-0.03019665
0.00540770
0.03846386
0.04380078
0.04808309
0.00596667
0.01374289
0.06021727
0.00106143
0.08423751
-0.00016817
0.00197591
-0.00252671
0.04413201
-0.18883264
0.19203676
0.02708543
-0.01084070
-0.00932778
-0.09742123
-0.01058820
-0.01286241
0.00020524
-0.01139098
-0.04570352
-0.05013709
0.01072615
0.01396544
0.01307541
0.01469378
0.00076924
-0.00539427
0.00593729
-0.01323345
-0.03338193
0.02408639
0.01715872
-0.00632211
0.12280932
0.00175552
-0.00975978
-0.00145510
0.00048257
-0.02106208
-0.03302736
0.00170785
0.04321307
-0.00216956
0.02117394
-0.00036737
-0.62495989
-0.01444249
0.00965887
0.02186938
-0.00500466
-0.00006939
0.01933840
0.02619817
0.00473220
0.00035538
0.08724301
0.00504986
0.00727501
-0.07942872
0.01466430
0.01689039
0.00727630
-0.00940013
0.01311570
0.01491448
-0.02848415
0.05681426
-0.07582716
-0.03246561
-0.01112824
0.01503054
-0.05010203
0.05127097
0.05446813
-0.01257810
0.02975634
0.04691725
0.03080650
-0.00547753
0.01659547
0.31942877
-0.02211053
-0.13872834
0.11729454
0.14270633
0.07893932
-0.12151676
-0.09638099
-0.09315028
-0.01333407
0.12990268
0.11164337
0.03288956
-0.19288737
-0.17851169
-0.02937887
0.09846047
-0.04560355
0.01534221
0.09383336
0.10555474
0.00982267
-0.03489402
0.01378990
-0.02859386
-0.07015758
0.06831933
-0.05954709
-0.06404699
-0.08376188
0.06286836
-0.06369482
-0.05003739
0.09674078
0.01739227
0.06287453
0.04691607
0.18690364
-0.23302868
-0.13658914
-0.12605859
0.06816103
-0.17617324
-0.04174441
-0.11552931
-0.10549384
0.55119908
-0.02455232
0.07214349
-0.10635146
0.01369293
0.14648855
0.05474375
-0.15544571
0.06504457
-0.07439373
0.08082769
0.07662211
-0.06758412
0.01973245
0.02583661
-0.04918571
-0.18410750
-0.01455953
-0.01666082
-0.02420793
-0.00491136
-0.00362138
0.06584119
-0.01136743
-0.00627426
0.01938046
-0.05944411
-0.02726419
0.00859511
0.00597237
-0.00300364
0.02227639
0.01966245
-0.01307970
-0.08654165
0.02642396
0.05041415
-0.02520030
-0.06829374
-0.02756396
-0.02411695
-0.02303463
0.01897168
0.12588567
-0.05206137
-0.05768595
0.00465595
-0.05911656
-0.01191988
0.01627538
0.02248789
0.08740656
-0.00244690
0.10622486
-0.05905949
0.00330756
0.00389482
0.03949183
-0.09363500
0.00077417
0.00629750
-0.01462740
0.00089505
-0.01035184
0.00001005
0.03740988
0.01588205
-0.05157731
-0.05098042
-0.04683462
-0.00755534
-0.04378194
0.02838592
0.00708903
0.07633114
0.01738301
-0.02553851
-0.02074992
0.05241157
0.05072233
-0.11697798
0.02920385
0.07046360
-0.00809549
0.02668558
0.00206493
-0.03348073
-0.02210991
-0.03591511
-0.03295651
0.06012028
-0.01457130
0.02942173
0.01408391
0.00152560
-0.00363414
0.01476354
0.02186854
0.00796396
-0.02859658
0.13125895
-0.03631120
-0.04525509
0.01086257
0.02003935
-0.02560360
0.07964762
-0.02670232
-0.02138420
-0.04962476
0.06787452
0.00535309
-0.01346778
0.04256630
-0.05062280
0.01331916
0.01691214
-0.02319339
-0.00568334
-0.04695942
-0.10006346
0.04957211
0.00139963
-0.01692840
-0.00026735
0.06922538
-0.05749993
-0.03662153
0.04758648
0.02487030
-0.06672793
-0.06281083
0.00695720
0.00183641
-0.01901076
-0.08122608
-0.02584860
-0.00820866
-0.02388136
0.00360623
0.06848018
0.01663062
-0.00101989
-0.04325554
0.03411943
-0.05853925
-0.02377633
-0.00941166
0.02367684
0.00594999
0.07065936
-0.04264814
0.04054049
0.07993043
0.02586675
0.00075951
-0.07248422
0.07146434
-0.02246736
0.04080512
-0.06139013
0.05514983
0.06826158
0.02856273
-0.02231697
0.02964554
-0.02496007
0.04339592
-0.05094672
-0.07742561
0.02292066
-0.01172163
0.08653262
-0.04573191
0.05470116
-0.03204148
-0.05867266
-0.09282716
0.01368690
0.01894337
-0.06161457
-0.05013999
0.02111680
0.07335264
-0.00459224
-0.04718373
0.02581140
-0.03182754
0.04936759
0.06491154
-0.05943806
-0.02219813
0.01053789
-0.05715595
0.07232982
0.03087935
-0.02154222
0.01667844
-0.09469326
-0.00409605
0.03341756
0.02737038
-0.03303896
-0.07015605
0.03344725
0.00362711
-0.00950702
0.01750734
0.01612635
-0.01504713
-0.04044072
0.00519338
-0.00355090
-0.01992208
0.00838361
0.02683807
-0.07790161
-0.01051855
0.09104858
0.11728676
-0.05767421
0.03270883
0.05123316
-0.01266698
-0.03084049
0.04303497
0.09766082
0.03299891
-0.04623489
0.00011360
-0.03777399
0.03197227
-0.00208892
-0.05075389
-0.02050871
0.05719086
-0.01326172
0.02980214
-0.00349073
0.03841713
-0.00304854
-0.10246053
-0.01839740
-0.02891979
0.03579415
-0.02958397
0.02886110
0.04972885
0.01990536
0.00581659
0.00701992
-0.02765984
-0.01495560
-0.01572435
0.01346214
0.02221210
-0.04636220
-0.03219297
0.01443199
-0.04125909
0.09867313
-0.03150091
-0.02509506
0.08661793
0.06118306
0.04214650
-0.03807816
0.02360167
0.01125643
-0.00742360
0.05032459
0.01451591
0.01159642
0.02771930
0.00186766
0.04386595
0.00081986
0.00998775
0.07751798
0.00586124
0.01590136
-0.06722012
0.03946984
-0.02536093
0.02565951
-0.02525256
-0.03810355
0.02463635
-0.00286122
-0.00616996
-0.03277646
0.03002182
0.00370753
-0.00505708
0.08708217
0.02578701
0.00624562
-0.01187876
0.08789176
0.04750653
-0.02054589
-0.01646225
0.02978899
-0.02742298
0.09685198
-0.00416972
0.02586000
-0.02184504
-0.00178597
-0.04695904
0.02946009
0.05085474
-0.05398119
0.01283425
-0.05007281
0.01159147
-0.01230876
-0.03151395
-0.01035394
0.00782073
0.05962431
0.05980607
-0.10312476
-0.05859812
-0.00157405
-0.04781151
-0.09412897
-0.05002644
0.00584512
0.02470964
-0.01791175
-0.01463342
0.04393219
-0.01244125
-0.05318059
-0.01474163
0.03986489
0.02414621
0.04321598
0.00995011
-0.01015609
0.00837482
-0.00737951
0.01526468
-0.02561364
0.03147210
-0.04896338
-0.04889634
0.03049914
-0.01591980
0.01922905
0.01140467
0.03669313
-0.08453649
0.00494258
-0.00881313
0.00347864
0.02362269
-0.06708682
0.00424325
0.04434906
-0.00991196
-0.02838749
0.09569029
0.04735959
-0.04503116
0.01425805
-0.04701700
-0.01095693
-0.01287052
-0.02763339
-0.02126965
0.01815465
-0.03447292
-0.01008182
-0.01804345
-0.05861020
-0.12202092
-0.03660785
0.02808703
0.04679313
-0.08235083
0.00786756
0.03469928
-0.01901973
0.03131276
-0.05171000
0.01613010
0.00200361
-0.03336035
0.01310609
0.02725030
0.01494976
0.07522751
-0.04051642
-0.00838502
0.08497851
0.00026185
0.04288892
0.09296998
-0.09658228
-0.06121396
0.01622833
-0.00690979
0.00801513
-0.03418846
0.09272231
-0.02853641
0.08124874
-0.07172526
0.01778707
0.03878284
-0.03244130
-0.00954835
0.04874336
0.01236713
-0.03721774
0.04853107
0.02343695
0.01234225
0.02366218
0.02060962
0.03532445
0.01118900
-0.02892023
0.02937740
0.00805871
-0.03482221
0.04323794
0.02835587
-0.02626254
-0.01290568
0.02347895
-0.12895034
-0.02544633
0.06863005
-0.10758808
-0.03515771
-0.01716647
0.03463260
0.04617612
0.03537842
0.00273341
-0.05403603
-0.02166000
-0.05122761
0.03166381
0.03844601
0.01418353
0.02457973
0.01438441
0.10325293
0.00497416
0.10388737
-0.02171194
-0.04083625
-0.05057085
0.07170579
-0.04785777
0.09917045
-0.02163567
0.02396009
-0.10273496
-0.08401550
-0.05384343
-0.03249962
0.01316373
-0.10219810
0.00276440
-0.04667918
0.00271957
-0.02418936
0.01666205
-0.00522973
-0.00154663
-0.00402436
0.05671331
0.00405276
0.06366867
-0.12411404
0.07466352
0.04839199
0.11628830
-0.02349867
0.01259135
0.03828239
-0.01570225
-0.03919875
0.00845800
0.01246122
0.02996189
0.00575706
0.03282091
0.02591039
0.01033649
-0.00877401
0.01185872
-0.07084069
0.04624567
0.04634224
-0.01256784
0.03902880
-0.01374397
-0.00307096
0.00749277
-0.04585458
-0.02408794
-0.00540052
0.04186130
-0.06347574
0.01150837
0.02111554
-0.03029173
0.04286302
0.02055595
-0.04630854
0.03267680
0.02441392
-0.08118070
-0.04074706
-0.03149964
0.03851498
0.01795794
-0.03246837
0.00774186
-0.04371236
-0.05286501
0.02057364
0.07186545
-0.00187950
