-0.03746190
-0.00741456
-0.05012519
0.04306195
-0.02837843
0.01966306
-0.00251868
-0.00939280
0.01192116
0.01178697
0.01123271
-0.03009219
0.01313341
-0.02496164
-0.02098147
0.02343074
-0.02866352
0.05301216
0.00938808
-0.01134109
-0.01266883
-0.04220977
0.09228452
0.03197506
0.01110522
-0.03750826
-0.04265318
0.00067338
0.01336318
0.00056961
0.02456209
0.01916157
0.03198032
-0.04103327
-0.01223881
-0.00159504
0.05741355
0.01090468
0.02534710
0.04542913
0.01715963
0.01670960
0.04053246
0.00693318
0.02679122
-0.00163617
-0.04927437
-0.04172957
-0.00977579
0.02006111
0.04161232
0.09859771
0.02565140
0.01519562
0.03665400
0.03387400
0.00065359
0.02691682
0.39717817
0.06809305
0.00841093
0.01291125
-0.02801041
0.01394232
0.02154743
0.00245365
0.00677925
0.01136188
-0.03415199
-0.01453490
-0.00870804
0.00796275
0.00703253
0.00778165
-0.07653298
-0.00294972
0.02837369
-0.04211316
-0.00630858
-0.17016003
0.00177385
0.00398360
0.00889671
-0.00494509
-0.03088282
-0.03522559
-0.04006675
-0.03715508
0.01379308
-0.02926745
-0.02262162
-0.04750678
0.07306164
-0.02577316
-0.00987703
0.00319289
-0.00113047
-0.03966790
0.04943366
0.04844316
-0.02384056
-0.02625062
-0.03049012
-0.00090678
0.00351927
0.03465470
0.03316060
0.03618487
0.00483818
-0.00827119
-0.00046716
0.01368675
0.05433545
-0.00686909
0.00879847
0.00998255
0.08382455
0.00505287
-0.01789818
0.00618467
0.04255481
0.01721259
0.01287426
0.01940038
-0.01966921
-0.00373086
-0.03800697
-0.00110646
0.00754692
-0.03563894
0.04090125
0.00513665
0.03530597
0.00212274
-0.03905230
-0.01289897
0.07387570
-0.03967304
0.00207378
0.01635067
0.06114860
0.01837206
0.01305935
0.02405270
0.03905797
-0.09125037
0.00318438
0.00816855
-0.00003791
0.01736161
0.09424978
0.00169969
0.04638068
0.02444513
-0.00343247
-0.04039117
0.00165982
-0.03026557
0.04220435
0.00259315
-0.02486906
0.08401386
-0.02012710
-0.03587522
-0.00289408
0.00971861
0.05976242
-0.04885082
0.00427704
0.02362511
0.00631805
-0.02543818
0.02163633
0.04680860
0.02545861
0.03058264
-0.00266698
0.00018145
0.05563890
0.01032746
0.06004369
0.01109055
0.01687987
-0.02390085
0.06656610
-0.13379878
0.20099367
0.03345297
-0.02421285
-0.00973967
-0.08847753
-0.04549640
-0.02862735
0.02679030
-0.04543121
-0.01986821
-0.01080168
0.02744133
0.04303555
0.00858542
-0.03273899
-0.00724702
0.05132397
0.02971670
0.02328373
-0.03437529
0.02155458
0.01747699
-0.04079919
0.08262823
-0.01331217
-0.01348933
-0.00755266
0.00605557
-0.00966445
-0.04193970
0.00931428
0.02955714
-0.01313747
0.03884385
-0.00328394
-0.68474108
0.01089157
0.01925028
0.03074847
0.01595181
0.07317244
0.00848940
0.04930653
0.02314275
-0.00892565
0.07510368
-0.01314351
0.00629417
-0.07702467
0.01860382
0.03504531
0.00044830
0.00900038
0.00433491
0.01788338
-0.04019307
0.01540499
-0.03208537
-0.02580764
-0.03765406
0.02776080
-0.05522591
0.05685022
0.07714829
-0.01645523
0.03158408
0.03594933
0.05078671
0.00754581
0.02934966
0.03356148
0.01290687
-0.09311335
0.08606405
-0.01902479
-0.02281386
-0.09678119
0.00627401
0.05818338
0.08453453
0.04335204
-0.04198484
0.04313260
0.02190427
-0.08066455
0.08792929
-0.07207604
0.15233029
-0.09643722
0.02135355
-0.03623513
0.03614981
-0.01413418
-0.03557049
-0.00414439
0.04918609
-0.04853601
-0.00986171
-0.07154952
-0.00606601
0.06484081
0.10048474
-0.02160929
-0.03325274
0.07101969
0.05332484
-0.07104293
0.01462089
-0.00364752
0.00928874
0.01699047
0.07461153
0.00305061
-0.07857152
0.11257588
0.05123463
0.86356288
-0.02331482
0.06009994
-0.05599485
0.07141821
0.03967100
-0.12807871
0.09726956
0.02491885
-0.17582448
0.07338128
0.08107096
-0.00878893
0.02872485
-0.05248170
-0.00207801
0.01039880
-0.00338879
0.01569544
-0.04569082
-0.02939118
0.00622652
0.04627107
-0.02407848
-0.00743430
0.04294020
-0.03614791
-0.02534417
0.02602965
0.01365872
0.00247594
0.03892426
-0.00203271
-0.03184941
-0.10635087
0.01980343
0.06354345
-0.02517414
-0.02747241
-0.00563594
-0.00387883
-0.01228703
-0.00273478
0.08347917
-0.06271451
-0.03511269
0.01066273
-0.02846515
0.00984882
0.00878992
0.00334938
0.05843282
0.01993484
0.09060989
-0.04265863
-0.01779465
-0.02456011
0.06031593
-0.11023756
0.03816316
-0.00114776
-0.03082938
-0.00269927
-0.01198492
-0.02096374
0.04160364
0.02291339
-0.01521238
-0.01966304
-0.01858951
0.00028819
0.00563809
0.02673468
0.01726543
0.06858596
0.04843106
-0.03491544
-0.03204696
0.00607303
0.06248022
-0.08881511
0.02710511
0.05665584
0.02704937
0.05981942
-0.00029999
-0.04483474
-0.00636699
-0.04218260
-0.06295851
0.00482899
0.03025185
0.06828683
0.01032151
0.03929727
-0.02051787
-0.01087805
0.03125583
0.02421282
-0.02169609
0.10109394
-0.02529317
-0.05115234
-0.03654619
0.03256819
-0.04957558
0.07217859
-0.01858055
-0.00469080
-0.02637123
0.07418262
0.05652248
-0.00346612
0.03487383
-0.05092191
0.02841705
-0.00546296
-0.02214375
0.00273286
-0.05965093
-0.10170278
0.02426698
0.03450978
-0.01217640
-0.00145799
0.05731022
-0.06077652
-0.05948080
0.04201640
0.05329573
-0.06114060
-0.06375408
-0.01032510
0.01368925
0.02481951
-0.12128426
-0.04908913
-0.02513394
0.01049398
-0.00699952
0.04486461
0.05864905
0.03422203
-0.03570847
0.00079184
-0.06141483
-0.01984797
-0.06490753
0.03559774
-0.00396115
0.04981052
-0.05302117
-0.00781806
0.09234252
-0.02292083
-0.02565727
-0.01974205
0.07668348
-0.05048766
0.01154909
-0.03825941
0.03140677
0.06378511
0.01400535
-0.02040166
0.00979901
-0.02210351
0.07924467
-0.04166668
-0.08864976
0.03889748
-0.00024539
0.11195931
-0.02575396
0.04336840
-0.02830897
-0.04364320
-0.07330004
0.01985599
0.00057808
-0.05008263
-0.06194510
0.01228279
0.04355793
0.01146494
-0.05076146
0.01356683
-0.00852961
0.01165785
0.05620135
-0.07438115
-0.02453145
0.02133512
-0.03144437
0.06371180
-0.00267860
-0.01526245
-0.00634343
-0.08016614
0.01812822
0.02169505
0.01958026
-0.01011311
-0.06010934
0.01322068
0.01670220
0.01128291
-0.00534522
0.00112114
-0.03974945
-0.00550930
-0.00000480
-0.03377287
-0.03338237
-0.00496821
0.03154990
-0.08498921
0.00476296
0.13241167
0.11454519
-0.03658748
0.02051765
0.05800956
-0.05124125
-0.04330717
0.05455584
0.11045168
0.04799064
-0.03350994
-0.01528870
-0.03781887
0.03069203
0.02146367
-0.07518736
0.00338904
0.09180768
-0.00743730
0.01707060
-0.01447010
0.04572889
-0.00542613
-0.09338708
-0.02183505
-0.03012662
0.01463174
-0.01396788
-0.01322534
0.02867734
0.01651085
0.01731596
-0.01339486
-0.00670829
-0.03599738
0.01191300
0.01551827
0.04831198
-0.01167303
-0.06385358
0.03360204
-0.04686878
0.09214941
-0.06467698
-0.01962168
0.07337354
0.03118352
0.00865735
-0.00071046
0.00302494
0.02646868
-0.00487461
0.05534717
0.01003558
0.00480550
0.03251441
0.05425746
0.03000041
0.00250333
-0.00715093
0.08802944
0.01148512
0.00079124
-0.04523350
0.04831512
-0.01562791
-0.00592943
-0.04440360
-0.04721751
0.03716229
-0.00245618
-0.02872379
-0.03282663
-0.01335730
0.07195848
0.02506831
0.04741168
0.01227358
-0.00873533
-0.00752643
0.07554368
0.04076240
0.00186843
-0.01884604
0.04653038
-0.01676689
0.08088467
0.00179860
0.02987017
0.00005489
-0.00818933
-0.02539196
0.00797800
0.05780408
-0.06142293
-0.00926970
-0.06699436
-0.01782539
-0.00171299
0.00519186
-0.03256028
0.02725980
0.06514271
0.06330851
-0.10873663
-0.04868419
-0.04105911
-0.02392506
-0.10329200
-0.02645400
-0.00709967
0.03457069
-0.03084424
0.02250193
0.02484495
0.00373361
-0.07007110
-0.01377068
0.03684350
0.02886714
0.01210520
0.02701038
-0.00896842
-0.00000947
0.00043720
-0.00775110
-0.01983565
0.01485400
-0.01693767
-0.06618062
0.03151964
0.02807740
0.05015699
0.01563828
0.06829031
-0.08147940
-0.00163565
-0.01881491
0.04830463
0.03846266
-0.06449126
-0.02525507
0.05631387
-0.02242022
-0.02428877
0.13251179
-0.00334228
-0.01462784
0.02169999
-0.05982532
-0.01874884
-0.00423898
-0.04616468
-0.02820695
0.02268771
-0.01056257
0.02328248
-0.02115209
-0.06786700
-0.12499548
-0.04958756
0.01847808
0.04025846
-0.07469396
0.00863386
0.06240771
0.01354329
0.03292198
-0.05426423
0.04356747
0.01948164
-0.00247553
-0.02039043
0.05889195
0.03791187
0.07839231
-0.05240738
0.00297844
0.06029767
-0.01993651
0.05546220
0.09385330
-0.07220437
0.00111536
-0.00754015
-0.03913813
-0.01300388
-0.03746162
0.05479594
-0.00931995
0.07883020
-0.05107949
0.03230142
0.04113291
-0.00227339
-0.01621816
0.07302941
0.04436895
-0.05272914
0.02545929
0.06035264
0.01819842
0.08778990
0.00391104
0.04290997
0.03827241
-0.00941551
0.05993591
-0.03250867
-0.02987029
0.05018138
0.05760030
-0.02728135
-0.05013783
0.02173354
-0.10521489
-0.02259773
0.08318499
-0.09087080
0.00293455
-0.02302432
0.06468908
0.02332094
0.01876737
-0.00635105
-0.03032622
-0.02994971
-0.00854850
0.02216997
0.06813081
0.03396688
-0.00027726
-0.00618755
0.07484616
-0.01130064
0.06620692
-0.02933279
-0.01682366
-0.04269335
0.07339128
-0.06715523
0.07070242
-0.02645224
-0.00167842
-0.10268448
-0.10282309
-0.05188492
-0.01756909
-0.00267612
-0.05927509
-0.01348730
-0.04070772
0.01919755
0.02683141
0.01446113
0.01564083
0.01964916
0.00951079
0.07953532
0.04620297
0.04854758
-0.14135978
0.08422471
0.04135461
0.11890203
-0.01203777
-0.03402220
0.02740491
-0.02470783
-0.04285034
0.01957193
-0.02194480
0.00724498
0.02252329
-0.00055351
-0.00510523
-0.00635963
-0.00334739
0.01643623
-0.06944152
0.03167883
0.05699627
0.00227447
0.03775734
-0.01746483
0.00362004
0.01157895
-0.03104632
0.00356030
-0.01080331
0.02205231
-0.03071936
0.00343139
0.00069572
0.00716474
0.07328960
0.03167827
-0.06571923
0.05623322
0.01212972
-0.05262346
-0.01979279
-0.00711731
0.01912074
-0.01327067
-0.01309565
0.00053883
-0.04559043
-0.01524276
0.01702790
0.06173492
0.01388807
