0.02067730
-0.01142496
0.03661706
0.01735900
-0.00615244
0.00389182
0.00019593
0.02742180
-0.03121094
0.00989466
0.01379415
-0.02721266
0.01616289
0.00085370
-0.00294717
-0.00272740
0.01776788
-0.00120378
-0.01032485
0.02941400
0.00055378
0.07986762
-0.04957810
-0.00906520
-0.01690002
0.00832835
0.02356085
-0.01839271
-0.00356130
-0.00302785
-0.10896331
0.02952612
0.02915883
-0.00964083
0.00213926
0.02633847
0.00654936
0.01491747
0.00242387
-0.05861665
-0.00493123
0.00383970
0.05537039
-0.00806665
0.01174458
0.00803616
-0.00903310
0.01076726
-0.00388650
0.01573368
0.03315160
-0.06509458
0.00441421
-0.00614958
-0.01021376
-0.01764208
-0.02566496
0.02404829
0.48379377
-0.01720533
-0.01869097
0.00040274
0.01988172
-0.06357021
-0.00136702
0.08968183
-0.03255451
0.00014866
-0.05161112
0.02729043
0.01391172
0.00512453
-0.01945286
0.00644329
0.00796224
0.01609462
0.00600232
0.02974563
0.00217028
-0.06567108
-0.01896985
-0.00655438
-0.01295697
-0.00252592
0.07509352
-0.02497550
0.00195054
0.00853175
0.01760392
-0.02777423
-0.00043045
0.04585484
-0.02942584
0.01877912
0.00265876
-0.01626148
-0.00132322
-0.02773987
-0.02331021
-0.01056422
-0.00806540
0.04098691
0.00649022
0.01235753
-0.00858342
0.00262722
-0.00304218
0.00529003
0.01712909
-0.00805807
-0.00085808
0.03322748
0.00229292
-0.00087679
-0.01435406
0.00424667
0.00120945
-0.02259177
0.02540234
-0.00351633
0.00901741
0.00390459
-0.00127434
-0.00178532
0.01106992
0.02680572
-0.04451502
-0.00130608
-0.00222984
0.13024318
0.02880242
0.01765632
-0.00848784
0.00508487
0.03358498
-0.01698880
-0.00528694
0.02895303
-0.08774240
0.00122679
-0.06694988
-0.00773115
0.00533827
-0.02234314
0.00356286
-0.03666824
-0.00872602
-0.00929487
-0.02761718
-0.00819046
0.01684523
0.01772344
-0.02417882
0.00232615
-0.00541947
-0.02880953
0.00014154
0.00432018
-0.01962406
0.00548023
-0.01712329
-0.03276048
-0.02395129
-0.00097838
0.01254085
0.06653886
-0.02334130
-0.01652369
0.01665655
0.03310975
0.00625852
-0.00771784
0.02087542
-0.00907387
0.03156855
0.00307357
-0.00256570
-0.00280042
-0.10651825
0.01013249
0.01623860
-0.02247040
0.01305494
0.00521030
0.01377655
-0.13329265
0.01647133
-0.00398904
-0.01131055
0.05250516
0.07574818
-0.00277864
-0.01198650
-0.00556217
0.00040734
0.02544384
0.11145303
0.02758693
-0.03045647
-0.03282378
-0.03610523
0.00898147
0.11913254
-0.01610365
0.01788201
-0.00420086
0.00116523
0.02304510
-0.00032568
-0.04276691
-0.02598595
-0.01691958
0.01916199
0.00180833
0.02916818
0.03231351
0.00200185
0.03258787
-0.01756060
-0.00374656
-0.01736929
-0.72792792
0.02020666
0.01188147
0.01917477
0.01699005
0.01190640
-0.01256008
0.03524016
0.02458002
-0.00446186
-0.06019324
0.04293138
0.00933280
-0.01924066
-0.02245367
-0.00146048
-0.00602997
0.00427810
0.00075496
0.03371119
-0.00510959
0.05247810
0.01238042
-0.02349695
-0.00036149
-0.01566445
0.03622863
0.00790147
-0.04083737
-0.01307882
-0.00437966
0.01060738
0.01265725
0.00227264
-0.01541836
0.11040056
0.05070504
-0.07908081
0.07473884
-0.07161240
-0.13646655
-0.01099964
0.03993422
0.00274249
-0.11132592
0.10216265
0.01918680
0.02279216
0.01135913
-0.06481932
-0.00353824
-0.05952127
0.08856821
-0.03246906
0.00627774
0.03138549
0.08380692
-0.14198014
-0.08120654
0.02741203
-0.11039265
-0.06874654
-0.08535082
-0.04939538
-0.05526871
0.07883816
0.02348795
0.06667812
0.04325186
-0.01982130
0.14013310
-0.01847515
0.00344198
-0.04655357
-0.00218216
0.00826631
0.05616470
0.03871891
-0.05930566
0.04238023
0.06197127
0.85933059
-0.03569913
0.06938261
-0.00814383
0.07926429
0.04907859
-0.00280913
0.01916040
-0.07729813
-0.07378120
0.04299048
-0.01723463
-0.06026150
-0.02230957
-0.11253422
0.04358487
-0.08194484
0.00476248
-0.00895744
-0.02868977
-0.03572616
-0.05346635
0.01775282
-0.01858428
-0.03188093
0.04252858
-0.04703431
-0.02349733
0.04224591
0.00565967
0.00335815
0.05072062
-0.01346724
0.00773752
-0.08857150
0.02458734
0.06206236
0.01173134
-0.01741832
0.01660424
-0.00364017
0.01024600
0.02931614
0.08769227
-0.06354599
-0.02044532
-0.01159612
-0.06988258
0.05131400
-0.00431971
0.00242487
0.05531145
0.02022536
0.08040851
-0.00533872
-0.05815618
0.00142749
0.03868436
-0.07175906
0.05238669
-0.00011842
0.03162078
0.01451059
0.00030799
-0.01752072
0.00852565
0.01266714
-0.02404778
-0.01965033
-0.05755379
-0.00183185
0.03967055
0.03215412
0.01739140
0.03309000
0.06450757
-0.04328791
-0.03612142
0.02004921
0.03454417
-0.06297440
0.04649742
0.03688275
0.03657501
0.06267308
0.01611775
0.01439494
-0.04564096
-0.04026443
-0.05589225
0.07890630
0.02276424
0.05122681
-0.01178541
-0.01048755
-0.03449081
-0.01819665
0.05133427
0.04174313
0.01326863
0.07150131
-0.00377761
-0.04501396
-0.00495473
-0.01324039
-0.00453131
0.06040894
-0.03521348
0.02804425
0.00752989
0.02003486
0.03810227
-0.01917530
0.02417412
-0.03812636
0.05387759
0.02961946
0.00107372
0.00509318
-0.05476977
-0.05754785
-0.00761045
0.00971391
0.01909082
-0.05141020
0.03294018
-0.08771813
-0.04476620
0.08190467
-0.03259327
-0.03035848
-0.06297448
-0.00857061
0.02918529
0.00809789
0.00433718
-0.01370690
-0.01951848
-0.01611251
0.00414361
0.05985562
0.05039665
0.07623705
-0.03154777
-0.00952258
-0.02554426
-0.01481853
0.02451431
0.03181886
-0.00665645
0.03235224
-0.06238697
0.00315442
0.11326866
0.01154278
-0.04477436
-0.10069074
0.07485797
0.01279631
0.00175583
-0.04074484
0.03421481
0.07710225
-0.00945895
0.00742526
0.02470735
-0.02750599
0.05069824
-0.02272688
-0.03779731
0.03052407
-0.04725419
0.06147519
0.01829236
-0.00345886
-0.01630376
-0.04623695
0.00477806
0.01135586
0.01289733
-0.00858855
-0.03403771
-0.01652842
0.04020609
-0.01506771
-0.03625576
-0.01909182
-0.02728149
0.02827506
0.07252259
-0.08779760
-0.03668835
0.04791627
-0.02466882
0.09028520
-0.00900014
-0.00521734
0.03958370
-0.11159010
0.00441135
0.08341637
-0.00171501
0.00651120
-0.00595213
-0.00212310
0.01606510
-0.04077281
-0.01910031
0.03551234
-0.04770420
0.00114665
0.01355387
0.00748504
-0.04185279
0.04622018
-0.03886932
-0.07590171
-0.03111819
0.08463542
0.08127636
-0.03623929
0.02796367
-0.02174542
-0.01384380
-0.04905173
0.11865315
0.05882007
0.05736654
-0.00766087
-0.04553539
-0.00196191
0.00081744
0.02425808
-0.05590641
-0.03458979
0.06089419
-0.03315389
0.00612173
-0.02539523
0.04592501
-0.00519138
-0.09496278
-0.04064426
-0.07421999
0.00302398
-0.00899853
0.00996332
-0.03774591
-0.00992112
0.04156807
0.02412600
0.03516900
-0.01123453
0.00146475
0.02199974
0.00842970
0.02475438
-0.06037958
0.00023482
-0.06576174
0.15733014
-0.06741152
-0.01625397
0.11307543
0.02145231
0.09800083
-0.02126426
0.02884860
0.05281204
0.01285198
0.08685377
-0.00783847
-0.01233744
0.01744031
0.00008519
0.03390041
-0.00074545
-0.00832376
0.06375602
-0.00514265
0.02987179
-0.02506814
0.02924422
-0.04612831
-0.00505384
-0.03042385
-0.05038383
0.05837204
-0.05167434
-0.00726983
0.02811901
-0.00780272
-0.05873909
0.00605818
0.05237016
0.03000474
-0.01348385
-0.00614665
0.12905803
0.03679732
-0.02900193
-0.01099044
0.01880211
-0.06698278
0.01609145
-0.00918175
-0.00320811
-0.04166710
0.01740137
0.02198032
-0.03163680
0.04853756
-0.08316287
0.01051099
-0.08401967
0.01455848
0.02827530
0.01133592
-0.04212875
-0.00903373
0.02633949
0.08410285
-0.13801822
-0.06538814
-0.00315898
0.00243410
-0.13776898
-0.03095063
0.02155156
0.00393301
-0.02375965
0.05071645
-0.00479351
-0.00976583
-0.01592898
-0.03154974
0.02938901
0.02848072
0.06487093
0.03380033
0.02671580
-0.02115293
0.04260052
-0.00927228
0.01498435
-0.02173948
-0.06311963
-0.02384726
-0.01132568
0.01832844
0.05079633
0.03227856
0.02263735
-0.01252084
-0.00138429
-0.00969351
-0.01955197
0.01176945
-0.07629627
-0.03793238
0.04442964
0.01468098
-0.03416641
0.10218094
0.01728693
-0.00122769
-0.00801262
-0.05051681
-0.03773775
-0.00689160
-0.05480404
0.00311678
0.00959807
-0.05248197
-0.02949575
-0.02771734
-0.04432549
-0.11945321
-0.04033855
0.03446120
0.05411326
-0.08422954
0.03072565
0.02454521
0.00859104
0.02297723
-0.03115855
-0.00281050
-0.01860109
0.01064436
-0.05062978
0.06047949
-0.00937435
0.06249224
-0.02915973
0.00023883
0.05910106
0.05080673
0.05137457
0.04719439
-0.14268987
-0.00862007
-0.02523044
-0.02130660
-0.02462202
-0.06629849
0.07744527
-0.06827907
0.04051653
-0.04402923
0.01776305
0.05417116
-0.01642177
-0.03483890
0.05515760
0.06367800
-0.00669120
0.02895667
0.03886754
-0.01720419
0.02644706
-0.01280502
0.04830934
0.09083122
0.01164941
-0.00065362
-0.02187224
-0.05441323
0.01273196
0.04064659
-0.03467720
-0.01423647
0.08892769
-0.09863824
-0.02627990
0.04232036
-0.04456256
-0.02135552
0.00441436
0.04084156
0.01528109
0.02554135
0.01887109
-0.05046587
-0.02044036
-0.08380088
0.03019875
0.05294964
0.00963761
-0.07550351
0.02001867
0.03500761
0.01017937
0.13054833
-0.05222686
0.00387964
-0.03862794
0.03940202
-0.03157277
0.09911806
-0.00983054
0.00475598
-0.07949500
0.00015521
-0.05301928
0.01735479
0.01034851
-0.01380317
-0.03259379
-0.04103205
0.08338657
-0.01442805
0.00215805
0.04745603
-0.00101075
-0.01165572
0.02351699
0.06937429
0.01765913
-0.12414245
0.02200893
0.03638547
0.13190027
-0.01327036
-0.01419856
0.00362792
0.03889948
-0.00998126
0.03573603
0.01543999
0.01744718
0.00680185
-0.00725013
0.01779953
-0.02630593
-0.01117049
0.02547206
-0.05282368
-0.02088298
0.07014703
0.02250166
0.04297932
-0.03596793
-0.02822395
0.03491921
0.01138244
-0.02602411
0.00869672
0.06552615
-0.04931181
0.02398431
-0.01517888
-0.05741580
0.05825138
0.04493864
0.02320655
-0.00869135
-0.03963979
-0.06007252
-0.05253918
0.03004810
-0.02471268
0.05610019
-0.01902776
0.00422316
-0.06007946
-0.05467188
0.07462573
0.01985923
0.03534299
