3.193823248147964478e-02
-5.455448990687727928e-04
5.582556128501892090e-03
1.583278737962245941e-02
-6.904626730829477310e-03
2.863567508757114410e-02
2.158063836395740509e-02
2.469788538292050362e-03
-1.739222742617130280e-02
6.498056929558515549e-03
-1.842035353183746338e-02
-6.811227649450302124e-03
1.057227514684200287e-02
2.443269267678260803e-02
-1.046443008817732334e-03
-2.942873630672693253e-03
-1.750023453496396542e-03
1.236043404787778854e-02
1.368636339902877808e-01
5.088218674063682556e-02
-8.376424200832843781e-03
4.529800266027450562e-02
-3.568261489272117615e-02
9.243037202395498753e-04
1.111312303692102432e-02
1.368283526971936226e-03
-1.777881011366844177e-02
-3.930604085326194763e-02
-7.714943028986454010e-03
1.570863276720046997e-02
5.679484084248542786e-02
8.045228198170661926e-03
1.351881120353937149e-02
-9.825655259191989899e-03
2.335025556385517120e-02
-8.816859684884548187e-03
-2.114868536591529846e-02
1.285129878669977188e-02
1.775592193007469177e-02
-7.114614360034465790e-03
-2.822534297592937946e-04
-5.129514727741479874e-03
-7.612113654613494873e-02
-2.019324712455272675e-02
-2.256519859656691551e-03
1.086387224495410919e-02
-5.333694163709878922e-03
-1.273262221366167068e-02
1.192913111299276352e-02
-2.131075365468859673e-03
2.004168741405010223e-02
-9.691391885280609131e-02
4.634864255785942078e-02
1.284987386316061020e-02
-3.097414597868919373e-02
-6.230801809579133987e-04
-1.265595108270645142e-02
9.277537465095520020e-03
4.462775588035583496e-01
4.883073270320892334e-02
-2.574576064944267273e-02
2.387219667434692383e-02
5.845248233526945114e-04
-3.160453960299491882e-02
2.924579381942749023e-02
5.583902820944786072e-02
-1.852070912718772888e-02
-2.420523948967456818e-02
2.373583987355232239e-02
1.261072931811213493e-03
1.536687929183244705e-02
1.611324213445186615e-02
-1.377347670495510101e-02
9.257399477064609528e-03
-1.100499182939529419e-03
1.276637706905603409e-02
1.049421355128288269e-02
-3.393909893929958344e-03
4.952154587954282761e-03
1.272963285446166992e-01
-1.784801855683326721e-02
2.352646365761756897e-02
1.211400050669908524e-02
7.896515727043151855e-02
4.067778959870338440e-02
-9.874601848423480988e-03
1.520530134439468384e-02
9.460516273975372314e-03
3.865372389554977417e-02
5.188299808651208878e-03
6.011376623064279556e-03
2.991796657443046570e-02
-6.950066424906253815e-03
-4.155277740210294724e-03
5.842803511768579483e-03
-1.659039221704006195e-02
6.196870468556880951e-03
-1.672626286745071411e-02
2.098799869418144226e-02
-9.692929685115814209e-03
-2.661206759512424469e-03
2.529435604810714722e-02
2.517037466168403625e-02
6.088231690227985382e-03
1.224188972264528275e-02
-1.792293041944503784e-02
2.664772607386112213e-02
-6.777429021894931793e-03
3.644930571317672729e-02
-1.862201467156410217e-02
-1.628893613815307617e-02
2.560849860310554504e-02
1.111435797065496445e-02
-1.517155789770185947e-03
-2.311527915298938751e-02
1.339146215468645096e-02
-5.736104212701320648e-03
-4.257482476532459259e-03
1.753237470984458923e-02
-7.963810116052627563e-03
-3.313634311780333519e-03
1.681328169070184231e-03
-2.975677698850631714e-02
2.544113202020525932e-03
-4.018391296267509460e-02
5.040296819061040878e-04
-1.712982542812824249e-02
1.541630364954471588e-03
2.534125745296478271e-02
5.165218561887741089e-02
-1.943567022681236267e-02
-1.931730844080448151e-02
-2.070984616875648499e-02
-1.960404030978679657e-02
-8.989056572318077087e-03
-2.850943244993686676e-02
2.524655312299728394e-02
1.544774137437343597e-02
-9.448181092739105225e-02
1.030140556395053864e-02
-6.010754406452178955e-02
-5.342215765267610550e-03
1.507696695625782013e-03
-2.898840978741645813e-02
-6.177649367600679398e-03
1.790035367012023926e-01
-5.930934101343154907e-03
1.235872507095336914e-02
-1.459023100323975086e-03
-2.765727229416370392e-02
2.664755471050739288e-02
-1.473039621487259865e-03
-9.558355435729026794e-03
9.682914242148399353e-03
-7.962375879287719727e-03
-3.852912783622741699e-02
-3.435477847233414650e-03
1.335642579942941666e-02
-5.693038925528526306e-02
-1.570816338062286377e-02
7.906209677457809448e-03
-8.468832820653915405e-02
1.948950439691543579e-02
-4.754105582833290100e-03
1.279625669121742249e-02
5.837340652942657471e-02
-3.553532809019088745e-02
-1.066458877176046371e-02
-7.534333970397710800e-03
-6.000157911330461502e-03
9.295136667788028717e-03
-1.576626300811767578e-02
1.231202296912670135e-02
9.234382770955562592e-03
5.074645578861236572e-02
3.976217657327651978e-02
1.027387753129005432e-02
-1.431998424232006073e-02
-6.849534809589385986e-02
-9.169893339276313782e-03
1.086297258734703064e-02
-3.536287695169448853e-02
-1.354604843072593212e-03
2.134399861097335815e-02
1.212621014565229416e-02
7.444405555725097656e-02
-5.865719914436340332e-02
-8.983854204416275024e-03
-1.431605312973260880e-02
8.522341027855873108e-03
4.351260885596275330e-02
2.085277065634727478e-02
1.475414820015430450e-02
-3.747814893722534180e-02
3.020007908344268799e-02
3.085050359368324280e-02
3.912802413105964661e-02
2.407984808087348938e-02
5.587527155876159668e-02
-9.190746583044528961e-03
-1.838813070207834244e-03
3.234022855758666992e-02
4.282265529036521912e-02
-1.171524263918399811e-02
2.198897855123504996e-04
-3.327251877635717392e-03
2.498958632349967957e-02
1.641238108277320862e-02
2.158462628722190857e-02
-1.095242202281951904e-01
2.787710982374846935e-04
-8.053201250731945038e-03
9.397509507834911346e-03
3.452567150816321373e-03
1.282763201743364334e-02
1.695068366825580597e-02
-1.695492770522832870e-03
2.521490305662155151e-02
-5.336668808013200760e-03
-4.079266451299190521e-03
1.257505081593990326e-02
-7.475087642669677734e-01
-2.861301763914525509e-04
-1.051299925893545151e-02
8.996134623885154724e-03
5.410494282841682434e-03
-9.526037611067295074e-04
2.070970647037029266e-02
9.292555041611194611e-03
-6.638035178184509277e-03
2.734490111470222473e-02
-4.171474277973175049e-02
1.370212156325578690e-02
8.377031190320849419e-04
-3.334691375494003296e-02
-2.246602671220898628e-03
-1.121867820620536804e-02
7.700959220528602600e-03
-1.076376531273126602e-02
-5.690770223736763000e-03
1.457771402783691883e-03
-8.964976295828819275e-03
-6.393699347972869873e-02
9.957664646208286285e-03
-1.667601056396961212e-02
2.817669324576854706e-02
-5.406428128480911255e-03
1.723388768732547760e-02
2.405737293884158134e-03
-2.057752199470996857e-02
1.177258137613534927e-02
-8.529032580554485321e-03
4.176870733499526978e-02
-1.476032286882400513e-02
-2.168829552829265594e-02
-1.703930273652076721e-02
2.397926300764083862e-01
2.542402362450957298e-04
-1.613380610942840576e-01
1.234074383974075317e-01
4.092236235737800598e-02
-5.649673193693161011e-02
-1.221623048186302185e-01
-8.501844853162765503e-02
-1.165060549974441528e-01
-7.779759913682937622e-02
1.203659698367118835e-01
6.780212372541427612e-02
5.850744247436523438e-02
-1.646403819322586060e-01
-1.401894837617874146e-01
-3.302996978163719177e-02
4.678126424551010132e-02
-4.826313629746437073e-02
3.080870024859905243e-03
9.556583315134048462e-02
5.438458174467086792e-02
6.781921535730361938e-02
-9.462141245603561401e-02
-6.038925796747207642e-02
3.907158225774765015e-02
-9.746491163969039917e-02
3.081930056214332581e-02
-6.542653590440750122e-02
-9.903631359338760376e-02
-1.422537416219711304e-01
7.669127732515335083e-02
-4.029136151075363159e-02
-5.719536915421485901e-02
1.183232814073562622e-01
-2.374591678380966187e-02
1.410946995019912720e-01
-1.697960682213306427e-02
1.184942945837974548e-01
-2.008781731128692627e-01
-1.093551665544509888e-01
-9.957876801490783691e-02
1.228715628385543823e-01
-1.363746523857116699e-01
-3.108639456331729889e-02
-8.200857788324356079e-02
-7.919318974018096924e-02
6.666037440299987793e-01
-6.890335679054260254e-02
5.925210658460855484e-03
-3.756485506892204285e-02
-1.853786781430244446e-02
1.038727834820747375e-01
4.842961207032203674e-02
-1.034396290779113770e-01
-1.827005483210086823e-02
-1.217813137918710709e-02
2.512633241713047028e-02
6.965423375368118286e-02
-5.322218313813209534e-02
-8.007271215319633484e-03
-1.143467426300048828e-02
-1.274986658245325089e-02
-2.250737100839614868e-01
1.047701295465230942e-02
7.557916454970836639e-03
-2.927753701806068420e-02
-3.117532655596733093e-02
5.984458606690168381e-03
4.505973681807518005e-02
-3.992931917309761047e-03
-2.741755917668342590e-02
5.632068589329719543e-02
-5.771387368440628052e-02
-2.783994562923908234e-02
3.621984273195266724e-02
5.247071851044893265e-03
1.591571606695652008e-03
5.409250780940055847e-02
1.112141832709312439e-02
-2.413031272590160370e-02
-9.558589756488800049e-02
2.661750651895999908e-02
6.084439903497695923e-02
-2.067997306585311890e-02
-7.128989323973655701e-03
-6.538970395922660828e-03
-2.274137921631336212e-03
8.037018589675426483e-03
6.120079196989536285e-03
7.587856054306030273e-02
-7.436656206846237183e-02
-3.503719717264175415e-02
1.248561684042215347e-02
-1.882416941225528717e-02
1.403585891239345074e-03
-1.691155601292848587e-03
-3.615263849496841431e-02
3.916007280349731445e-02
-8.275661617517471313e-03
1.117816045880317688e-01
-4.974441230297088623e-02
7.042732089757919312e-03
-5.308910459280014038e-02
5.952594801783561707e-02
-1.133596599102020264e-01
2.246328257024288177e-02
-1.124803721904754639e-02
-2.304886654019355774e-02
-3.876937087625265121e-03
1.254312787204980850e-02
-7.296447176486253738e-03
3.742541000247001648e-02
6.580440793186426163e-03
-2.368231490254402161e-02
-2.042781375348567963e-02
-1.304458174854516983e-02
3.190971538424491882e-02
-6.344063207507133484e-03
-2.122979843989014626e-03
2.555122785270214081e-02
4.219239950180053711e-02
4.915069788694381714e-02
-1.691526919603347778e-02
-3.561082854866981506e-02
7.324293721467256546e-03
4.711032658815383911e-02
-7.471878826618194580e-02
1.823315955698490143e-02
3.340285643935203552e-02
9.909270331263542175e-03
7.847116142511367798e-02
-1.999020203948020935e-02
-2.661569975316524506e-02
-2.987619675695896149e-02
-5.212625116109848022e-02
-7.652465254068374634e-02
8.798380382359027863e-03
4.113159328699111938e-02
6.116535142064094543e-02
-5.916017689742147923e-04
3.764807805418968201e-02
-4.145195335149765015e-02
-3.286417573690414429e-02
3.524613752961158752e-02
2.842836827039718628e-02
1.888788538053631783e-03
1.111484989523887634e-01
-1.604548096656799316e-02
-5.629118159413337708e-02
-4.673798382282257080e-02
4.947154223918914795e-02
-5.073199421167373657e-02
7.890895009040832520e-02
-3.543623536825180054e-02
1.676920801401138306e-02
-1.143745519220829010e-02
6.694196909666061401e-02
4.311424866318702698e-02
-2.631120570003986359e-02
4.180984944105148315e-02
-3.588879853487014771e-02
4.045307263731956482e-02
-5.686190444976091385e-03
-2.214412391185760498e-02
5.668481346219778061e-03
-5.174707248806953430e-02
-7.761186361312866211e-02
1.569538493640720844e-03
2.069674991071224213e-02
4.515342880040407181e-03
4.430540138855576515e-04
8.074425160884857178e-02
-7.158681005239486694e-02
-7.264325767755508423e-02
3.070146217942237854e-02
7.185506075620651245e-02
-5.553949251770973206e-02
-4.081350937485694885e-02
1.144646294414997101e-02
3.175079450011253357e-02
4.605615884065628052e-02
-7.915958017110824585e-02
-1.936453394591808319e-02
-6.281536188907921314e-04
-1.928054727613925934e-03
-2.646864391863346100e-02
4.126472026109695435e-02
4.854021221399307251e-02
4.030513390898704529e-02
-4.223180562257766724e-02
-5.793385673314332962e-03
-4.496229067444801331e-02
-1.205487456172704697e-02
-5.913779884576797485e-02
4.073517024517059326e-02
1.269540842622518539e-02
5.432275310158729553e-02
-2.995286136865615845e-02
1.147642359137535095e-02
8.279787749052047729e-02
-6.604759488254785538e-03
-3.636590391397476196e-02
-1.657493412494659424e-02
1.009327545762062073e-01
-5.562370270490646362e-02
6.013331469148397446e-03
-4.630833119153976440e-02
5.385336652398109436e-02
5.338939279317855835e-02
1.810455881059169769e-02
-1.214306987822055817e-02
-8.721526712179183960e-03
-1.569234207272529602e-02
6.108509749174118042e-02
-6.683683395385742188e-02
-5.577173829078674316e-02
3.413943201303482056e-02
-6.748815998435020447e-03
1.179226115345954895e-01
-1.095195021480321884e-02
5.864171311259269714e-02
-2.904387935996055603e-02
-2.539331838488578796e-02
-8.727654814720153809e-02
2.402226813137531281e-02
-1.911470433697104454e-03
-5.653136596083641052e-02
-7.078861445188522339e-02
3.455606475472450256e-02
1.332211680710315704e-02
-8.555133827030658722e-03
-4.993458837270736694e-02
-6.190332118421792984e-03
-8.728188462555408478e-03
1.394436135888099670e-02
4.435042291879653931e-02
-8.960847556591033936e-02
-2.942566573619842529e-02
1.454346813261508942e-02
-7.520283688791096210e-04
6.964530795812606812e-02
-2.804451249539852142e-02
1.466169767081737518e-02
-2.226265147328376770e-02
-6.436064839363098145e-02
2.459214255213737488e-02
-7.080563344061374664e-03
4.087307676672935486e-02
-1.019767299294471741e-02
-5.097366124391555786e-02
1.655272394418716431e-02
4.701545462012290955e-03
1.460453122854232788e-02
-3.061639145016670227e-02
1.229711715131998062e-02
-2.853441983461380005e-02
2.616680692881345749e-03
-2.937423996627330780e-02
-3.296239301562309265e-02
-1.914291270077228546e-02
2.252705208957195282e-02
1.574105769395828247e-02
-9.579043835401535034e-02
1.427300740033388138e-02
1.433328837156295776e-01
9.650247544050216675e-02
-4.648075252771377563e-02
1.783019304275512695e-02
2.036320790648460388e-02
-1.600740104913711548e-02
-4.508244618773460388e-02
8.337490260601043701e-02
1.011070981621742249e-01
7.262773811817169189e-02
-1.685835979878902435e-02
-1.031325012445449829e-02
-7.511076051741838455e-03
3.720431774854660034e-02
1.751479133963584900e-02
-9.918744117021560669e-02
8.369603194296360016e-03
9.397928416728973389e-02
-9.299306198954582214e-03
1.771482080221176147e-02
-1.698854193091392517e-02
3.561817109584808350e-02
-1.304971147328615189e-02
-9.124629199504852295e-02
-9.397785179316997528e-03
-2.933514118194580078e-02
2.517252415418624878e-02
2.885424904525279999e-02
-3.112167352810502052e-03
2.030770853161811829e-02
4.130496084690093994e-02
-1.303084008395671844e-02
-7.725387345999479294e-03
-6.194818299263715744e-03
-4.662514477968215942e-02
2.007390372455120087e-02
-9.388010948896408081e-03
1.776755601167678833e-02
-6.681496277451515198e-03
-5.513786152005195618e-02
1.212589722126722336e-02
-7.044462859630584717e-02
9.488712996244430542e-02
-6.609659641981124878e-02
-3.825772553682327271e-02
7.150837779045104980e-02
6.319193542003631592e-02
7.464158348739147186e-03
-1.981337554752826691e-03
-1.448878552764654160e-03
3.069196082651615143e-02
1.614327426068484783e-03
3.748127818107604980e-02
-5.155292339622974396e-03
9.859384037554264069e-03
1.886931061744689941e-02
2.954222261905670166e-02
4.390010982751846313e-02
-8.998998673632740974e-04
-4.548623692244291306e-04
8.253321051597595215e-02
-5.169566720724105835e-03
-3.302158787846565247e-03
-3.094714693725109100e-02
3.712321445345878601e-02
-1.483627222478389740e-02
2.726895618252456188e-04
-2.983155660331249237e-02
-6.022690609097480774e-02
2.916655503213405609e-02
-5.912052467465400696e-03
-2.765320427715778351e-02
-4.588231816887855530e-02
-1.696926169097423553e-02
3.511578962206840515e-02
2.324006706476211548e-02
3.430721908807754517e-02
4.969762638211250305e-02
1.957307569682598114e-02
-1.867070049047470093e-02
8.584738522768020630e-02
4.938726127147674561e-02
-7.914632442407310009e-04
1.526578050106763840e-02
3.988979011774063110e-02
-2.615150250494480133e-02
7.430215924978256226e-02
-1.031215395778417587e-02
1.144712697714567184e-02
-1.113473437726497650e-02
-7.309586275368928909e-03
-1.076202467083930969e-02
1.589843850524630398e-05
4.110598564147949219e-02
-3.880488127470016479e-02
-4.573287442326545715e-03
-6.669373065233230591e-02
1.468352042138576508e-03
2.156443335115909576e-02
1.798314414918422699e-02
-3.300067037343978882e-02
5.049962084740400314e-03
8.838070183992385864e-02
7.928128540515899658e-02
-1.181832402944564819e-01
-5.486250668764114380e-02
-1.952818222343921661e-02
-1.725969836115837097e-02
-1.150360107421875000e-01
-4.486131016165018082e-03
2.113324590027332306e-03
1.622064784169197083e-02
-3.373492881655693054e-02
-1.649255864322185516e-03
3.226273134350776672e-02
8.429637178778648376e-03
-8.462977409362792969e-02
-1.765234582126140594e-02
3.992015495896339417e-02
2.390003949403762817e-02
4.609605669975280762e-02
2.289913967251777649e-02
-3.656271472573280334e-02
-2.343164570629596710e-02
2.601774781942367554e-02
7.842865772545337677e-03
-1.087224297225475311e-02
2.078608423471450806e-02
-6.004600971937179565e-02
-5.036579072475433350e-02
2.332317084074020386e-02
4.401023313403129578e-02
4.346512630581855774e-02
2.996653318405151367e-02
7.709877938032150269e-02
-7.156392186880111694e-02
3.311387822031974792e-02
-3.950391337275505066e-02
2.451999858021736145e-02
4.648756980895996094e-02
-5.391715094447135925e-02
-1.882261037826538086e-02
4.673858731985092163e-02
-3.570799308363348246e-04
-2.520460262894630432e-02
1.492824405431747437e-01
-1.838126033544540405e-02
-2.428885921835899353e-02
1.086224149912595749e-02
-6.072129309177398682e-02
-1.431046798825263977e-02
-1.318035530857741833e-03
-5.339220911264419556e-02
-3.118951059877872467e-02
2.604834176599979401e-02
-4.634238034486770630e-02
4.821210354566574097e-02
-2.215762808918952942e-02
-5.030652135610580444e-02
-1.176759824156761169e-01
-5.821212753653526306e-02
4.314098507165908813e-03
2.443536743521690369e-02
-8.341825753450393677e-02
1.655008271336555481e-02
7.318061590194702148e-02
-1.895458996295928955e-02
4.448184743523597717e-02
-3.499595448374748230e-02
2.032714895904064178e-02
1.607328839600086212e-02
1.169527601450681686e-02
-5.518623068928718567e-02
3.876939415931701660e-02
2.782891690731048584e-02
7.383614778518676758e-02
-5.192793160676956177e-02
-3.395840525627136230e-02
8.271221816539764404e-02
4.521731287240982056e-03
5.161903798580169678e-02
9.517323970794677734e-02
-7.321508228778839111e-02
7.017055060714483261e-03
-2.091463655233383179e-02
-2.307864837348461151e-02
-3.466543927788734436e-02
-2.481318265199661255e-02
4.236957430839538574e-02
-3.786345943808555603e-02
5.256411433219909668e-02
-4.624498635530471802e-02
2.420590817928314209e-02
2.240029163658618927e-02
2.523489110171794891e-02
-2.232766523957252502e-02
9.428679943084716797e-02
4.173914715647697449e-02
-4.651879891753196716e-02
2.037938125431537628e-02
4.296834021806716919e-02
2.349799312651157379e-02
5.786530673503875732e-02
-2.608228707686066628e-03
6.263200193643569946e-02
5.885038897395133972e-02
-2.478278242051601410e-03
4.394665360450744629e-02
-3.048059530556201935e-02
-2.265961468219757080e-02
5.190835148096084595e-02
5.563198775053024292e-02
-3.207649663090705872e-02
-4.741549119353294373e-02
2.692149020731449127e-02
-6.359912455081939697e-02
-3.721135109663009644e-02
8.483023196458816528e-02
-1.217726692557334900e-01
4.312383942306041718e-03
-1.764627546072006226e-02
3.326790779829025269e-02
3.667954728007316589e-02
1.823906414210796356e-02
-1.869533024728298187e-02
1.421023480361327529e-04
-4.848201572895050049e-02
-1.666141301393508911e-02
-1.037116255611181259e-02
5.384529381990432739e-02
2.593070082366466522e-02
5.551933776587247849e-03
-7.087617646902799606e-03
4.670865833759307861e-02
-2.005705796182155609e-02
6.161947920918464661e-02
-3.312975913286209106e-02
-7.831757888197898865e-03
-4.798706993460655212e-02
5.857468023896217346e-02
-5.929572507739067078e-02
7.960285991430282593e-02
-4.481006786227226257e-02
-3.503315150737762451e-02
-6.474408507347106934e-02
-4.264469444751739502e-02
-2.845763042569160461e-02
-2.919074147939682007e-02
-1.635796204209327698e-02
-5.507125705480575562e-02
3.837764728814363480e-03
-4.168454557657241821e-02
4.240434989333152771e-02
4.171110689640045166e-02
1.407036324962973595e-03
1.316869258880615234e-02
3.006606735289096832e-02
-2.137937769293785095e-02
9.055038541555404663e-02
4.288095235824584961e-02
5.970866978168487549e-02
-1.579897999763488770e-01
1.205498799681663513e-01
1.730028353631496429e-02
1.306531131267547607e-01
-9.327136911451816559e-03
-2.468789555132389069e-02
2.262029424309730530e-02
-3.790783509612083435e-02
-3.029143810272216797e-02
2.604729309678077698e-02
-2.544864080846309662e-02
1.776355132460594177e-02
-9.045093320310115814e-03
-9.027768857777118683e-03
9.558997116982936859e-03
9.894894436001777649e-03
-4.843263421207666397e-03
6.830193568021059036e-03
-6.562115252017974854e-02
2.275767736136913300e-02
4.212426021695137024e-02
1.373842731118202209e-02
4.927807673811912537e-02
-4.642240703105926514e-03
8.929432369768619537e-03
2.404070086777210236e-02
-3.276907652616500854e-02
-5.406479816883802414e-03
-2.066955901682376862e-02
2.247021906077861786e-02
-2.479677274823188782e-02
3.255739575251936913e-03
-6.473199027823284268e-05
-2.009655907750129700e-02
2.661929093301296234e-02
3.785819932818412781e-02
-4.571577161550521851e-02
3.854112699627876282e-02
6.449961569160223007e-03
-3.894964978098869324e-02
-4.267292097210884094e-02
-2.523782290518283844e-02
2.778898365795612335e-02
3.682926297187805176e-03
-3.271781373769044876e-03
-3.809344954788684845e-03
-4.467360675334930420e-02
-3.041952662169933319e-02
2.162383124232292175e-02
3.239990770816802979e-02
3.614955395460128784e-02
