1.986709237098693848e-02
1.573497429490089417e-02
-1.109763514250516891e-02
-6.999960634857416153e-03
1.516960002481937408e-02
4.464758187532424927e-02
2.254479750990867615e-02
2.570567093789577484e-02
-1.404664071742445230e-04
-1.054025348275899887e-02
-3.721483051776885986e-02
-1.441382337361574173e-02
-1.575209572911262512e-02
1.287834066897630692e-02
-2.035273052752017975e-02
-1.472121849656105042e-02
-2.754614129662513733e-02
4.044679459184408188e-03
-1.587765216827392578e-01
7.897072471678256989e-03
1.959340460598468781e-02
3.987433388829231262e-03
2.409884333610534668e-02
-2.138010598719120026e-02
1.840961910784244537e-02
8.642737753689289093e-03
1.772319339215755463e-02
-3.138749673962593079e-02
-2.771789208054542542e-02
2.155884541571140289e-02
-1.671591401100158691e-01
-1.676616631448268890e-02
1.116669643670320511e-02
3.788681467995047569e-03
8.090747520327568054e-03
9.218180552124977112e-03
4.809680394828319550e-03
-2.123203594237565994e-03
-2.922259457409381866e-02
-2.114922925829887390e-02
-2.170377597212791443e-02
-6.735382601618766785e-03
3.736307471990585327e-02
-1.429494563490152359e-02
-3.045998513698577881e-03
-1.162377838045358658e-02
4.207986965775489807e-02
-1.913067512214183807e-02
1.680528186261653900e-02
-1.363461371511220932e-03
3.447371721267700195e-02
2.648629248142242432e-02
-9.793979674577713013e-02
-1.708163321018218994e-02
3.356409072875976562e-02
-2.939701266586780548e-02
1.624976866878569126e-03
-1.379499863833189011e-02
4.313890933990478516e-01
-2.034614235162734985e-02
2.173053659498691559e-02
-3.824205324053764343e-02
-2.313588000833988190e-02
1.640956150367856026e-03
1.639464683830738068e-02
-1.604363135993480682e-02
-2.863194234669208527e-02
8.043409325182437897e-03
-4.353586211800575256e-02
-3.587930276989936829e-02
1.130726072005927563e-03
7.686969474889338017e-04
-5.413002148270606995e-02
1.232211664319038391e-02
-2.410585060715675354e-02
-2.324328944087028503e-02
2.588187577202916145e-03
2.405804116278886795e-03
2.548298565670847893e-03
-1.042402312159538269e-01
-1.145495381206274033e-02
8.339100750163197517e-04
3.062014840543270111e-02
-5.992748588323593140e-02
-4.383864626288414001e-02
-3.838347736746072769e-03
-1.565238088369369507e-02
-1.794251240789890289e-02
1.611434295773506165e-02
-1.820475794374942780e-02
-2.484699152410030365e-02
-6.993764638900756836e-02
6.515430659055709839e-02
-8.364197798073291779e-03
-2.977751567959785461e-02
1.168504450470209122e-02
-1.855600066483020782e-02
4.657771438360214233e-03
-4.965418949723243713e-02
-4.046025685966014862e-03
3.673560172319412231e-02
3.108259662985801697e-02
-2.904790267348289490e-02
-1.001427974551916122e-02
-8.204719983041286469e-03
-1.975213922560214996e-02
-3.178068250417709351e-02
8.869804441928863525e-03
1.892183674499392509e-03
1.912942971102893353e-03
-1.098411716520786285e-02
-3.482457250356674194e-03
-9.937659837305545807e-03
1.293063163757324219e-03
6.711354944854974747e-03
1.769839320331811905e-03
-9.070448577404022217e-03
-9.398411959409713745e-03
-3.286519274115562439e-02
1.451775338500738144e-02
-6.305786315351724625e-03
2.110946457833051682e-03
-2.149320021271705627e-02
-1.324371900409460068e-02
1.666430197656154633e-02
-1.692221616394817829e-03
2.174446918070316315e-02
-1.357971224933862686e-02
2.278832159936428070e-02
5.939778313040733337e-02
-6.200789008289575577e-03
2.843718975782394409e-02
1.788516901433467865e-02
1.096110418438911438e-02
3.463977947831153870e-02
-4.760288074612617493e-02
-5.121766030788421631e-02
-2.164012938737869263e-02
-1.056757420301437378e-01
9.908969514071941376e-03
8.104968070983886719e-02
3.671887516975402832e-02
-3.676508320495486259e-03
-8.620748296380043030e-03
8.481585420668125153e-03
-1.821695864200592041e-01
1.167043112218379974e-02
-1.185362972319126129e-02
-5.536827258765697479e-03
-4.070511087775230408e-03
-1.022864785045385361e-02
2.760375291109085083e-02
-1.791290380060672760e-02
-4.418478161096572876e-02
2.270083129405975342e-02
7.340476848185062408e-03
-3.791122511029243469e-02
5.323779769241809845e-03
2.133868634700775146e-02
4.047104343771934509e-02
-7.490281481295824051e-03
1.207149326801300049e-01
-9.521953761577606201e-03
-6.991638801991939545e-04
-9.425528347492218018e-03
-6.045275926589965820e-02
2.472387440502643585e-02
-6.822065450251102448e-03
4.043257795274257660e-03
3.977038431912660599e-03
-3.617527335882186890e-02
-1.730491523630917072e-03
-2.249330841004848480e-02
-1.728646457195281982e-03
3.032828122377395630e-02
1.415535807609558105e-02
9.988316334784030914e-03
1.793282106518745422e-02
-3.642465174198150635e-02
-4.802476149052381516e-03
1.339646708220243454e-02
1.567545533180236816e-02
9.264351683668792248e-04
4.360595252364873886e-03
1.441077422350645065e-02
-2.138624042272567749e-01
6.225939840078353882e-02
3.072457946836948395e-02
9.524323977530002594e-03
5.626402050256729126e-02
-6.768280640244483948e-03
3.751674201339483261e-03
-2.072578296065330505e-02
8.888748474419116974e-03
2.190484292805194855e-02
-3.604080155491828918e-02
9.537377394735813141e-03
-7.707601878792047501e-03
-7.667601853609085083e-02
-2.338135242462158203e-02
4.864913970232009888e-02
-8.926289156079292297e-03
3.460161387920379639e-02
-1.432687789201736450e-02
-4.053153470158576965e-02
-1.743981614708900452e-02
3.346996614709496498e-03
3.350750776007771492e-03
1.127966027706861496e-02
7.845891267061233521e-02
-1.513483119197189808e-03
-1.255440898239612579e-02
3.454842418432235718e-02
5.090333055704832077e-03
-8.604629896581172943e-03
3.660827875137329102e-02
-2.921217866241931915e-02
5.063873156905174255e-02
7.112642284482717514e-03
3.896246198564767838e-03
-2.039983123540878296e-02
-6.861692667007446289e-01
4.315188620239496231e-03
2.717058174312114716e-02
-4.843865055590867996e-03
-1.944446377456188202e-02
-4.427340254187583923e-02
-4.201059229671955109e-03
5.433161742985248566e-03
1.465289969928562641e-03
-1.920815370976924896e-02
1.408873125910758972e-02
1.810212619602680206e-02
-3.148026298731565475e-03
-4.052749648690223694e-02
-5.730802193284034729e-03
-5.786290392279624939e-03
1.776462607085704803e-02
-1.659143529832363129e-02
7.355963811278343201e-03
4.025184083729982376e-03
1.535820215940475464e-02
1.126095801591873169e-01
-6.818985193967819214e-02
-1.205090340226888657e-02
3.654112573713064194e-03
2.809712896123528481e-03
-1.330364262685179710e-03
2.296032570302486420e-02
5.696090403944253922e-03
-1.886329730041325092e-03
2.795874327421188354e-02
2.648310363292694092e-02
8.095455355942249298e-03
1.615554466843605042e-02
1.998366042971611023e-02
1.142422929406166077e-01
-1.840570382773876190e-02
-1.197729036211967468e-01
8.003561943769454956e-02
-1.716417632997035980e-02
-1.024434641003608704e-01
-2.429317682981491089e-02
-6.578394770622253418e-02
-2.677689120173454285e-02
-5.689508747309446335e-03
1.275218129158020020e-01
7.077419757843017578e-02
4.473423212766647339e-02
-4.123294726014137268e-02
-4.483870044350624084e-02
4.824439063668251038e-02
-2.415579045191407204e-03
9.639471769332885742e-02
-4.025803878903388977e-02
5.408733338117599487e-02
-5.446460098028182983e-02
3.364807693287730217e-03
-6.700167804956436157e-02
2.503140084445476532e-02
5.194374546408653259e-02
-2.266120910644531250e-02
-4.078699275851249695e-02
-5.904013663530349731e-02
-1.297972351312637329e-01
-1.222770735621452332e-01
1.805165708065032959e-01
3.587254136800765991e-02
-9.034286439418792725e-02
-2.944611571729183197e-02
2.983613684773445129e-02
1.434415485709905624e-02
-1.120762340724468231e-02
4.823447391390800476e-02
-6.559327989816665649e-02
1.491124741733074188e-02
-2.807426266372203827e-02
1.487726271152496338e-01
-1.255137193948030472e-02
-9.807993471622467041e-02
9.669094532728195190e-02
1.977911591529846191e-02
8.216688632965087891e-01
-1.503058075904846191e-01
1.347921136766672134e-02
-9.528561681509017944e-02
3.058133181184530258e-03
5.209400132298469543e-02
-1.211249176412820816e-02
1.464016586542129517e-01
-4.157546162605285645e-02
-9.491132199764251709e-02
7.187579572200775146e-02
1.023750985041260719e-03
-4.736140370368957520e-02
-3.779491037130355835e-02
-4.702218994498252869e-02
-7.735113054513931274e-02
-1.186057832092046738e-02
7.331161201000213623e-02
-8.818450151011347771e-04
-1.140050124377012253e-02
8.731977082788944244e-03
-6.649988889694213867e-02
2.578122913837432861e-02
-3.471768461167812347e-03
-9.812773205339908600e-03
2.396734058856964111e-02
2.108350582420825958e-02
2.140032686293125153e-02
-5.733550712466239929e-02
-8.640327490866184235e-03
1.391699630767107010e-02
3.644186258316040039e-02
6.139965727925300598e-02
6.092327088117599487e-02
-5.539540573954582214e-02
6.428176164627075195e-02
5.878742784261703491e-02
-1.287889573723077774e-02
-6.250074598938226700e-03
2.304051257669925690e-02
-2.149820886552333832e-02
-4.448382556438446045e-02
-4.777188878506422043e-03
7.379019260406494141e-02
-4.472559317946434021e-03
-1.646321453154087067e-02
3.622436895966529846e-02
-5.896392092108726501e-02
-8.016187697649002075e-02
4.639833047986030579e-02
-4.175804927945137024e-02
-2.150158211588859558e-02
5.016127228736877441e-02
-3.301655128598213196e-02
-6.672232598066329956e-02
-4.114556312561035156e-02
8.529129624366760254e-02
5.431632697582244873e-02
-7.553018629550933838e-02
2.052793279290199280e-02
2.558184321969747543e-03
-3.933114185929298401e-02
-1.234996318817138672e-02
-3.315673023462295532e-02
-1.507429126650094986e-02
1.651841774582862854e-02
-6.455002725124359131e-02
-1.910782605409622192e-02
-4.959455691277980804e-03
-6.262671202421188354e-02
9.553503245115280151e-03
-2.503974922001361847e-02
3.298132866621017456e-02
6.231760140508413315e-03
1.175626665353775024e-01
-1.872210064902901649e-03
6.022614240646362305e-02
-2.080659195780754089e-02
6.168923899531364441e-02
2.615122869610786438e-02
-6.410629302263259888e-02
-4.649901762604713440e-03
4.937116801738739014e-02
-3.119414672255516052e-02
3.109702467918395996e-02
-1.867275685071945190e-02
-4.465375840663909912e-02
-1.019123289734125137e-02
-7.579581439495086670e-02
-4.089276865124702454e-02
-1.563567481935024261e-02
2.411467581987380981e-02
-1.370220817625522614e-02
-2.841108478605747223e-02
-4.508754611015319824e-02
-4.608765244483947754e-02
1.506138779222965240e-02
-8.214567787945270538e-03
-1.211254950612783432e-02
3.963588923215866089e-02
1.371021568775177002e-01
-2.418436342850327492e-03
-5.092424154281616211e-02
-2.339474298059940338e-02
1.757146790623664856e-02
-7.636885158717632294e-03
2.700141048990190029e-04
-3.465143963694572449e-02
-6.285928189754486084e-02
-5.208132322877645493e-03
4.614865034818649292e-02
-6.794012337923049927e-02
3.805027157068252563e-02
1.373947970569133759e-02
5.781544023193418980e-04
-6.105212494730949402e-03
-4.433232918381690979e-02
1.092781499028205872e-02
1.316159847192466259e-03
-2.000320516526699066e-02
-1.346425414085388184e-01
2.178207971155643463e-02
-3.291726112365722656e-02
-1.815013960003852844e-02
-1.926806010305881500e-02
-1.392792351543903351e-02
-1.179740019142627716e-02
-5.287606641650199890e-02
5.486961081624031067e-02
-7.170571386814117432e-02
-5.956471338868141174e-02
-1.825236901640892029e-02
-1.275262795388698578e-02
-1.911497302353382111e-02
-2.508828975260257721e-02
1.087549608200788498e-02
-4.793512821197509766e-02
-1.148008089512586594e-02
-3.411871939897537231e-02
-5.167021602392196655e-02
4.188876599073410034e-02
1.054059434682130814e-02
-2.108626998960971832e-02
7.846247404813766479e-03
6.815523654222488403e-02
-9.364770352840423584e-02
-3.143893182277679443e-02
-4.802005738019943237e-02
-1.676656864583492279e-02
-1.089668739587068558e-02
5.675461888313293457e-02
4.626855661626905203e-04
1.494250353425741196e-02
-2.760984003543853760e-02
3.201105166226625443e-03
4.599300399422645569e-02
-4.877874627709388733e-03
3.305782005190849304e-02
-5.060582607984542847e-02
-1.850296929478645325e-02
-2.906014397740364075e-02
9.262349456548690796e-02
1.871221326291561127e-02
2.181599661707878113e-02
-1.387278176844120026e-02
-1.834400114603340626e-03
-1.195498183369636536e-02
-1.937553286552429199e-03
-2.574878185987472534e-02
-7.105915248394012451e-02
3.686211630702018738e-02
-1.850095391273498535e-02
3.999617695808410645e-02
-1.831819675862789154e-02
1.538209710270166397e-02
1.049412321299314499e-02
-6.149058789014816284e-02
-1.137508451938629150e-01
7.998249493539333344e-03
-6.637951731681823730e-02
-2.690407447516918182e-02
-3.674430027604103088e-02
-8.465046063065528870e-03
1.517990883439779282e-02
-7.535556796938180923e-03
-4.861565679311752319e-02
-1.764851808547973633e-02
-5.599973350763320923e-02
4.849946871399879456e-02
-4.785553365945816040e-02
-3.164878860116004944e-02
1.107099652290344238e-02
-2.264489233493804932e-02
-5.620557814836502075e-02
-5.426647886633872986e-02
4.441669955849647522e-02
-1.855489425361156464e-02
-4.624808579683303833e-02
-4.010822251439094543e-02
3.934647142887115479e-02
3.325770143419504166e-03
4.915947839617729187e-02
1.323999930173158646e-02
8.817684836685657501e-03
-3.933461382985115051e-02
-1.024669129401445389e-02
-2.414799295365810394e-02
3.821929544210433960e-02
3.868739586323499680e-03
7.496202737092971802e-02
1.172924181446433067e-03
2.622862346470355988e-02
3.258676454424858093e-02
-6.199013441801071167e-02
3.533462062478065491e-02
4.663839936256408691e-02
-2.584351040422916412e-02
-2.707719430327415466e-02
2.393857948482036591e-02
5.220033228397369385e-02
-8.319905959069728851e-03
-6.915923207998275757e-02
7.903639227151870728e-02
-9.536701440811157227e-02
4.001738131046295166e-02
-4.541783034801483154e-02
1.066290661692619324e-01
3.239007294178009033e-02
-1.205016020685434341e-02
-3.472723811864852905e-02
-3.000096231698989868e-02
-9.334021061658859253e-02
6.345077604055404663e-02
-2.837609127163887024e-02
-4.041768144816160202e-03
1.237051747739315033e-02
-1.036561187356710434e-02
2.166812494397163391e-02
9.430554509162902832e-02
1.838254556059837341e-02
-4.011621698737144470e-02
-8.680119179189205170e-03
-2.214139141142368317e-02
3.252717107534408569e-02
-5.508941411972045898e-02
2.373947575688362122e-02
5.790573731064796448e-02
6.162644922733306885e-02
1.286852080374956131e-02
1.312395930290222168e-02
1.500298269093036652e-02
-6.916429381817579269e-03
-3.059093840420246124e-02
-2.207759767770767212e-02
-3.749130666255950928e-02
9.168941527605056763e-03
-3.348558396100997925e-02
-5.903929006308317184e-03
-4.001028835773468018e-02
2.930330857634544373e-02
4.838986694812774658e-02
-1.670128852128982544e-02
-8.702939958311617374e-04
-1.746455905959010124e-03
1.593927107751369476e-02
5.888673663139343262e-02
-6.295228004455566406e-02
-4.081484675407409668e-02
-4.646241664886474609e-02
2.016812749207019806e-02
7.771240919828414917e-02
-4.643912985920906067e-02
2.362187206745147705e-02
1.967279985547065735e-02
2.314663026481866837e-03
-2.143722213804721832e-02
-1.777986995875835419e-02
-1.302776485681533813e-02
-2.174744196236133575e-02
5.244181677699089050e-02
3.251686226576566696e-03
-3.133701533079147339e-02
1.034865248948335648e-02
-3.475145623087882996e-02
3.862381353974342346e-02
-1.514348946511745453e-02
-4.700366035103797913e-02
4.527389630675315857e-02
1.897723268484696746e-04
-8.025518618524074554e-03
-2.401729300618171692e-02
1.007457636296749115e-02
8.747731149196624756e-02
1.861621439456939697e-02
5.555312335491180420e-02
2.260747365653514862e-02
2.272928319871425629e-02
-1.362112257629632950e-02
-3.439258551225066185e-03
-3.682568296790122986e-02
-4.484121501445770264e-02
1.297794561833143234e-02
1.326036406680941582e-03
8.659569174051284790e-02
-5.076214298605918884e-02
6.526432931423187256e-03
-2.687335945665836334e-02
4.332746937870979309e-02
2.791942097246646881e-02
-6.827613711357116699e-02
1.388222631067037582e-02
4.893305152654647827e-02
-5.613277107477188110e-02
-9.129001409746706486e-04
5.734660103917121887e-02
2.863182872533798218e-02
-3.807571902871131897e-02
7.607442326843738556e-03
-3.494870662689208984e-02
5.195802822709083557e-02
-2.247479511424899101e-03
3.255905210971832275e-02
-4.240573197603225708e-02
-8.863895386457443237e-02
3.054134547710418701e-02
-7.143744733184576035e-03
3.270383551716804504e-02
-6.795750930905342102e-03
-4.059736430644989014e-02
8.919224888086318970e-02
1.311441790312528610e-02
-4.810932092368602753e-03
1.107847597450017929e-02
1.874116808176040649e-02
-5.432241782546043396e-02
1.387124508619308472e-02
-6.152088567614555359e-02
-3.073083423078060150e-02
-8.799338340759277344e-02
-3.495515137910842896e-02
-2.303518913686275482e-02
-2.444818057119846344e-02
-8.579941838979721069e-02
1.053008716553449631e-02
-2.728893049061298370e-02
7.302758097648620605e-02
5.519189685583114624e-02
4.910399764776229858e-02
-1.390931289643049240e-02
-4.400663077831268311e-02
8.790026605129241943e-02
-5.909511074423789978e-02
-2.246255613863468170e-02
2.055395208299160004e-02
5.982381477952003479e-02
-2.395024895668029785e-02
1.499235047958791256e-03
2.939291112124919891e-02
3.023237548768520355e-02
7.224430888891220093e-02
7.877369970083236694e-02
-7.897354662418365479e-02
-7.998700439929962158e-02
5.003493651747703552e-02
3.050575964152812958e-02
-4.750565066933631897e-02
5.101693421602249146e-02
-4.177793487906455994e-02
2.716181427240371704e-02
-3.318885341286659241e-02
-5.183190852403640747e-02
-3.419599262997508049e-03
3.199142962694168091e-02
3.404004732146859169e-03
-6.175448000431060791e-02
-3.692209254950284958e-03
-3.816121071577072144e-02
-3.957733977586030960e-03
-3.512983024120330811e-02
3.194431588053703308e-02
4.473869130015373230e-02
-7.537953555583953857e-02
2.083556540310382843e-02
-3.212118288502097130e-03
-2.652384340763092041e-02
6.796185672283172607e-02
-5.820033140480518341e-03
-2.080228738486766815e-02
2.950428985059261322e-02
-1.973593421280384064e-02
4.837568849325180054e-02
-2.739271707832813263e-02
6.024644896388053894e-02
2.575059980154037476e-02
-6.719485856592655182e-03
-2.742957137525081635e-02
1.693980209529399872e-02
5.591069534420967102e-02
6.962766405194997787e-03
-7.977792061865329742e-03
-2.263434790074825287e-02
-5.627983808517456055e-02
7.684152573347091675e-02
3.500398620963096619e-02
1.032149605453014374e-02
-4.606749489903450012e-02
1.035462599247694016e-03
1.407052110880613327e-02
1.309856958687305450e-02
-6.917347013950347900e-02
4.379888251423835754e-02
-2.162949554622173309e-02
-1.231952384114265442e-02
8.708589710295200348e-03
-2.539740316569805145e-02
-1.780313551425933838e-01
6.292621046304702759e-02
4.326848313212394714e-02
-3.903605043888092041e-02
-6.106292828917503357e-02
1.356255915015935898e-02
-4.561905749142169952e-03
-5.402021110057830811e-02
9.827621281147003174e-03
-4.912949725985527039e-02
-8.500906080007553101e-02
-2.558884210884571075e-02
-1.014870218932628632e-02
-1.356627047061920166e-02
-9.755638893693685532e-04
6.164166552480310202e-05
-8.376250043511390686e-03
-6.574157625436782837e-02
-4.388671368360519409e-02
-2.586830407381057739e-02
6.664761900901794434e-02
-1.119263544678688049e-01
-2.307732030749320984e-02
1.274591963738203049e-02
-7.218374311923980713e-02
-2.122652484104037285e-03
-2.345501445233821869e-02
1.368134934455156326e-02
2.215437777340412140e-02
-1.880495063960552216e-02
-8.435807377099990845e-02
-6.387375295162200928e-02
-2.140643820166587830e-02
-8.419881574809551239e-03
4.591687023639678955e-02
-2.593535464257001877e-03
8.809746056795120239e-02
2.052131667733192444e-02
2.693596854805946350e-02
2.483930066227912903e-02
-6.173490360379219055e-02
-7.659389823675155640e-02
9.960296005010604858e-02
-3.410933539271354675e-02
4.988063871860504150e-02
-4.941990226507186890e-02
1.328098494559526443e-02
-3.801750019192695618e-02
-1.378629058599472046e-01
2.255086554214358330e-03
-4.796328023076057434e-03
3.962676227092742920e-02
-1.176814660429954529e-01
-8.273120038211345673e-03
2.900230325758457184e-02
2.516201511025428772e-02
2.965213730931282043e-02
1.231128796935081482e-01
-1.614172384142875671e-02
2.710018306970596313e-02
-3.009678982198238373e-02
4.119064658880233765e-02
2.134031243622303009e-02
-2.806506119668483734e-02
1.834661141037940979e-02
8.816068619489669800e-02
6.331583112478256226e-02
1.967408880591392517e-02
-1.464893459342420101e-03
6.027612090110778809e-02
-5.925054196268320084e-03
-4.385787621140480042e-02
-2.966810576617717743e-02
-8.477444760501384735e-03
-2.392986789345741272e-02
-1.144637353718280792e-02
6.388949113897979259e-04
7.601687312126159668e-02
-3.765952587127685547e-02
1.983681134879589081e-02
-9.200555272400379181e-03
-7.247327268123626709e-02
3.232415532693266869e-03
-2.094315364956855774e-02
-1.156547665596008301e-01
-2.863435307517647743e-03
-5.603841319680213928e-02
-5.159552395343780518e-02
-5.037922412157058716e-02
-1.271786540746688843e-02
1.952286250889301300e-02
3.728669136762619019e-02
1.527545275166630745e-03
2.296849712729454041e-02
-6.625064462423324585e-02
-2.096259407699108124e-02
-8.349515497684478760e-02
-4.754412546753883362e-02
3.013512492179870605e-02
3.415595367550849915e-02
2.978461049497127533e-02
6.608302146196365356e-02
1.696801558136940002e-02
1.603190600872039795e-02
-5.727237835526466370e-02
-7.780906558036804199e-02
7.930339872837066650e-02
3.265688940882682800e-02
5.498825013637542725e-02
1.740622334182262421e-02
-8.655499666929244995e-03
8.915828540921211243e-03
-7.741913944482803345e-02
1.534382253885269165e-02
6.284074485301971436e-02
