0.00521059
0.00088035
-0.01071220
0.00629068
0.01561534
0.03597948
-0.00471284
-0.00698981
-0.01905086
-0.00540088
0.00576245
-0.00545212
-0.02942638
0.02786795
-0.00863081
-0.01421856
-0.01212814
0.00048151
-0.13586603
0.00219016
0.02569040
-0.00472554
0.03259832
-0.02709018
-0.00042046
0.00915975
-0.00613681
-0.01874496
-0.00350376
0.00631274
-0.13824457
-0.00111051
0.01995835
0.00394478
0.00313751
0.01434136
0.03299032
-0.02004530
-0.01518530
-0.00272116
-0.00673693
-0.00026632
0.05762042
-0.01069268
-0.00114488
-0.01769667
0.01043557
-0.00173151
-0.00391433
0.00771644
0.03009816
0.07560394
-0.06282408
-0.05372626
0.01887992
-0.04081802
0.00454540
-0.00929825
0.43901816
0.00150093
-0.00488906
-0.01208506
-0.00788033
0.00548149
0.00771396
-0.00387219
-0.01552517
0.03269470
-0.05238787
-0.01401237
-0.00261206
0.01035155
-0.03454056
0.00840722
-0.00940452
0.00060505
-0.01097936
-0.01082860
0.00116126
-0.18948789
0.00387622
-0.01280366
-0.00655930
-0.05121275
-0.05112569
-0.01755805
-0.02332078
-0.02600534
0.00378189
-0.02357894
-0.02301201
-0.05853603
0.08294568
0.01434875
-0.03279574
0.01631347
-0.00820770
-0.01573953
-0.03179370
0.00619823
0.01771034
0.01625742
-0.02873066
0.00027831
-0.02223155
-0.01815401
-0.02443660
0.00879229
0.01772924
-0.00374326
0.02851650
-0.00713492
-0.00808243
0.02166109
-0.01015030
-0.01705673
0.00499076
-0.00740500
-0.00662877
0.00285071
0.00618916
0.02760118
0.01108891
-0.01478960
0.02218723
0.01032801
0.00337926
0.00198020
-0.00889872
0.03730565
0.01238162
0.02622355
0.01776995
0.03224288
0.00595850
-0.02017201
-0.02202680
0.00948295
-0.06221325
0.00040635
0.09670854
0.05058164
-0.02518700
0.02245694
0.00799012
-0.22740400
-0.00549193
-0.02381865
-0.02784349
-0.00077622
0.02481750
0.03553709
-0.00977884
-0.02204842
0.01245784
-0.00337474
0.01657834
-0.00869313
0.04074700
0.03028947
0.00327344
0.14053212
-0.02878484
0.01429580
-0.00524366
-0.03934811
0.03574454
-0.00517021
0.00275781
0.00616127
-0.02903116
-0.01909977
-0.00784536
-0.02823435
-0.00173419
-0.00516718
-0.00351817
0.03159835
-0.01303222
0.02768623
0.03298102
0.02622179
0.01365263
-0.01141839
0.02936258
-0.26149857
0.15373896
0.02129907
0.00533689
0.04086529
-0.01317699
0.00481664
-0.02649485
0.00597183
-0.00458349
-0.00571847
0.02040831
0.00409324
-0.02583664
-0.02111385
0.00131815
-0.00262577
0.05078643
0.00269648
0.00948242
-0.03157596
0.00158979
-0.00426674
0.01436779
0.08849051
0.01722598
-0.00871682
0.02615903
0.00545135
0.02097324
0.01483195
-0.03241102
0.03058862
-0.01721400
-0.03498365
-0.01710534
-0.65014434
0.00322583
0.01074073
0.00778546
-0.00355941
-0.00504996
0.00084057
0.01087156
0.03133840
-0.02966378
0.01737173
0.01380214
-0.00216498
-0.05792873
0.00748501
0.00598852
-0.01371396
-0.02305499
0.02108384
0.02379525
0.01358991
0.09815090
-0.03167095
-0.01156341
-0.00240699
0.00913923
-0.02019583
0.02735591
0.01617053
-0.01780809
0.01212109
0.02573609
0.01098191
0.00911377
0.02553820
0.14442004
0.05286557
-0.06157094
0.05958472
-0.03286222
-0.05082349
-0.07296401
0.00797387
-0.02632483
-0.04943524
0.06220540
0.11410806
-0.00576809
-0.01130659
-0.05222456
0.01853558
-0.00180945
0.02933681
-0.00001585
0.00954491
-0.00404635
0.10696666
-0.10178541
-0.01830718
0.01918895
-0.02950758
-0.06034032
-0.09679416
-0.05008394
-0.02964948
0.06803720
0.04041530
0.01114543
-0.04672007
-0.06138960
-0.01459078
0.02909186
0.04426172
-0.06562235
0.03569934
0.05947319
0.10458787
-0.02712857
-0.04956367
-0.07428706
0.00572451
0.88870341
-0.11748116
0.01675871
-0.00216026
-0.01595944
0.01259507
-0.02223379
0.03219622
-0.03389950
-0.12378616
-0.01517618
0.01640808
-0.12952743
-0.03222355
-0.05126150
-0.03286960
-0.01973445
0.08417236
-0.00307585
-0.01770579
0.00629110
-0.06933692
0.03162173
0.01673369
-0.02535659
0.04799948
-0.01711731
0.00928788
-0.00257766
0.05504775
0.00672078
0.01532816
0.05317279
0.03177036
-0.03776375
0.04739250
0.03852534
0.03682658
0.03696205
-0.00520353
-0.05608583
0.01929030
0.04204681
0.06498689
-0.00202531
-0.02600388
0.00155275
0.01184503
-0.01683494
0.07976438
0.00884348
-0.07240309
-0.02073102
-0.00647487
-0.00827824
-0.00661553
0.07274748
0.06299996
-0.01489056
0.02660196
-0.00745995
0.01457724
-0.01816388
0.02397789
0.00968254
-0.03274761
-0.06885656
-0.01634375
-0.00417913
0.00898445
0.03778901
0.00877147
0.00638209
0.02501909
0.09644418
0.02429978
0.02689137
-0.02934478
0.00575158
0.02066941
-0.00327394
-0.02838614
-0.02266447
-0.02814385
0.00604560
0.00848120
0.04338393
-0.02475068
-0.02613130
-0.01342314
0.01011281
0.08501167
0.01238854
-0.06711196
-0.02775749
-0.06915672
0.04583839
0.06490712
-0.01312401
0.00073417
0.05718880
0.01534516
-0.04936394
-0.06567171
-0.02491836
-0.03361240
0.01453472
-0.05041568
-0.02679093
-0.01531308
0.03150173
-0.05950116
0.02593913
0.00982002
-0.03096304
0.00457955
-0.02756513
-0.01543181
-0.02091542
-0.04436382
-0.11748956
-0.02866308
0.02556113
0.00411568
-0.01372517
-0.00094728
-0.02101794
-0.03966893
0.03074577
-0.02721403
0.01749632
0.01431653
-0.00627972
0.02631112
0.06507046
0.04134940
-0.00474954
-0.02169063
0.00770881
-0.06800907
0.00685014
-0.01958709
0.00692668
0.02130750
0.04329501
-0.18442142
0.03456898
-0.02333627
-0.00148334
0.00682693
-0.00383131
0.04129593
-0.00972191
0.01114443
-0.00680427
-0.04591490
0.01336249
0.05663853
-0.00292918
0.00719179
0.00128267
0.01532711
0.01851255
0.03818136
-0.04525980
0.00128064
0.04251763
0.02701975
-0.07738064
-0.00469098
0.00872865
0.01789653
-0.01668057
-0.00987039
-0.02862556
0.00693464
-0.00252716
-0.07318647
0.00304888
-0.06746766
-0.00953831
0.00456252
-0.01040140
-0.03085234
-0.03536306
-0.07191842
-0.03870901
-0.00531581
-0.00136531
-0.09131151
-0.05303320
0.03821109
-0.00692792
0.01123690
-0.07683871
0.01919214
0.03691399
-0.00052298
-0.07501835
0.03395896
-0.02595307
0.02809883
0.03795525
0.02916001
-0.02443222
0.02794839
0.02678477
-0.03322472
0.03575518
-0.00687964
0.04650165
0.09738623
-0.00522323
-0.00935329
0.04928018
0.01129659
-0.04224143
-0.02913717
0.07140147
-0.00967305
-0.00951068
-0.07173624
0.00413119
-0.19507024
0.09613036
-0.01858030
0.04665143
0.02385268
0.02419250
-0.03492764
-0.00351162
-0.05755803
0.13547218
-0.04060232
-0.01224104
0.01901315
0.00452252
0.01952486
0.04801660
0.04071245
-0.03504243
0.03334888
-0.01865827
0.00061393
-0.03176642
0.03673606
0.03399681
0.00068214
0.07881835
-0.02459917
-0.00202969
-0.02292353
-0.02049152
0.01488672
-0.01490497
0.01405786
0.04059975
-0.04160552
-0.07828856
-0.03171931
-0.00611899
-0.04438730
-0.02763915
0.02802577
0.00204701
0.05283022
0.01577614
0.00081395
-0.00596067
0.03202912
0.01635506
-0.05240385
0.00251759
-0.02408213
-0.00785751
-0.01848560
0.01604951
-0.00264503
-0.08082985
0.05093032
0.00718593
-0.05789382
0.03205878
-0.03052457
0.01601774
0.01125362
-0.05224604
0.03333629
-0.01626874
-0.02526540
-0.02989365
-0.03214771
-0.06371953
0.00496025
0.04516614
0.00655260
0.07039723
-0.00710195
-0.00198892
-0.05414619
0.05904091
0.03406817
-0.01389878
0.02828030
-0.07323777
0.01927494
0.00161108
0.00384656
-0.00950301
0.01314088
-0.01306374
0.01656255
-0.20890690
0.00289524
0.10342395
0.04279110
-0.00438411
0.02092919
-0.01484532
-0.00720712
0.04011472
-0.00589070
-0.06134822
-0.00377445
0.01488888
0.02918751
0.04023733
0.03535421
-0.08944466
0.07594329
-0.02411887
0.00099700
-0.08139405
0.07099328
0.01423971
0.01212811
-0.07119254
0.02399817
-0.09487996
-0.04971816
-0.02683306
-0.08663848
-0.05750796
0.01127408
-0.04032245
0.03346721
0.14504753
0.01157828
-0.00385398
0.00404103
0.02159098
0.03643339
-0.02253536
0.04662946
0.05771277
-0.05415034
-0.01754836
0.08513831
0.01560815
0.03017910
0.02982620
-0.01919937
-0.03278960
0.04424423
-0.03392854
0.01069324
0.00646254
-0.04190029
0.02112483
-0.05070432
-0.07198776
0.00394381
0.07188335
-0.01566464
-0.04375943
0.01835812
-0.05483038
0.00150449
0.05790702
0.02778795
-0.00150648
0.01516649
0.01853273
0.00418446
0.02129113
0.05998733
0.00884746
-0.00028605
0.04280553
0.06185417
-0.02324053
-0.00845246
0.02272880
-0.02002022
-0.01296947
-0.02000093
0.06028135
0.04956169
0.07954219
-0.02603670
-0.00679679
0.00298171
0.05251824
0.00851463
-0.04806893
-0.10727736
-0.13552925
0.00125236
-0.02409638
-0.02317406
0.03328061
-0.03829514
0.02963952
-0.01018804
0.02059397
-0.12868479
0.22164334
0.02476156
-0.02286114
-0.06493627
0.00575716
-0.05435836
0.01764555
0.03765059
-0.04459518
-0.02907621
-0.02812819
-0.02364483
-0.00721942
-0.02255187
0.04014206
-0.03839828
-0.03221393
-0.02733960
-0.05109385
0.04694455
0.04255585
0.00845286
0.01127221
-0.01319268
-0.01774226
0.01436412
-0.03436326
0.06458952
0.02181878
-0.06775536
-0.12545380
-0.01312161
-0.00965073
-0.01492790
-0.03776827
-0.02146450
-0.00098440
0.07659964
-0.04258911
0.03170857
-0.02058605
0.08020836
-0.04609021
-0.01008386
-0.04321376
-0.02356269
-0.02739069
-0.00474706
0.02388307
0.00779540
0.01128021
-0.04007079
-0.01290357
0.03737406
0.03876250
0.06027466
0.09439492
-0.01968419
-0.00702654
-0.03098043
0.02860120
0.07453307
0.00583282
0.00480581
-0.03835317
-0.04082233
0.00945016
0.01120294
0.01121515
-0.00806227
0.00191120
-0.03383904
-0.02500717
-0.04264501
-0.00655817
0.04380396
0.04263918
-0.08388717
0.03624997
-0.00183516
-0.03835329
0.00594845
-0.05445769
-0.10488255
-0.00407756
-0.00531885
-0.03373322
-0.00686725
-0.06299550
-0.00170245
0.01236319
-0.00250494
0.01545031
-0.05966393
-0.06851797
-0.09013745
-0.04600366
-0.00442591
0.01088424
0.04804706
0.05248874
-0.00899863
-0.00141583
-0.05928236
-0.08860985
0.09110725
-0.01761625
0.09237759
0.00780767
-0.00905601
0.04998285
-0.02943218
-0.03256590
0.01030972
