-0.00104343
-0.00861595
-0.04199785
0.02308571
-0.02072751
0.04444175
0.00602552
0.03462893
0.03840062
0.01261573
-0.01380348
-0.03641506
0.00221375
-0.02400933
-0.03193853
0.01413118
-0.02483474
0.03154427
-0.08590756
-0.00518846
0.00455523
-0.01346854
0.03016111
0.00367552
-0.00431845
-0.00502860
-0.01128479
-0.01774343
-0.00941992
0.01067423
-0.13714789
0.01834982
0.04127624
-0.01185431
-0.00570209
0.04480408
0.01910977
0.02773065
-0.01500671
-0.04505203
-0.02098823
0.01580880
0.04618721
-0.02052318
0.01135107
0.00009865
-0.00397147
-0.02647868
0.01852340
0.00684448
0.05333983
0.03057323
-0.06585741
0.00104744
0.04924002
-0.00006778
-0.01614519
0.01453355
0.40913627
0.03197115
0.01989986
-0.02861303
-0.02891041
0.01135225
0.01586255
-0.00087040
-0.01333443
0.01128798
-0.03207492
-0.02718658
0.01423337
0.00610451
-0.03609681
0.01174350
-0.05773729
-0.01216744
0.01753006
0.01750338
-0.01584764
-0.14533359
-0.01267918
0.01258429
0.01118806
-0.06503359
0.01854466
-0.01153810
-0.01324873
-0.03130935
0.00669344
-0.04460252
0.00066170
-0.05433805
0.04233332
-0.02782585
-0.02104467
-0.00570564
-0.01083711
0.00089588
-0.01319213
0.01720551
0.00525362
0.01738091
-0.04583304
0.01558383
0.01066454
0.00744518
-0.01070086
0.02805348
-0.00098508
-0.00897558
-0.00579883
0.01655989
0.01376682
-0.01158842
0.00374861
0.01020238
0.06271318
-0.01841167
-0.01955233
-0.00065198
0.01968003
0.01336472
0.00921829
0.00274516
-0.02145573
0.00790712
-0.01580837
-0.00731049
0.01760022
0.04650901
-0.00156405
0.03863227
0.02430524
0.01984822
0.03027392
-0.04203153
-0.03969085
-0.02975081
-0.07086229
0.01872797
0.00015557
0.02930743
0.01222804
-0.00408999
0.04537825
-0.12749995
0.00507515
-0.01816010
-0.00140725
0.00944161
0.03299559
0.01732552
0.00887753
-0.02718127
0.00694349
-0.01634682
-0.03972175
-0.02083447
0.00053449
0.01454879
-0.02730577
0.07068252
0.00873058
-0.02033598
-0.01101262
-0.02645650
0.05150073
-0.02986742
-0.00827244
0.01655627
-0.01552852
-0.00979838
0.01536377
0.03544504
0.03875434
0.00443252
0.01344025
0.00844108
-0.00658675
-0.00880491
0.03230254
0.00663670
0.01011115
-0.00855520
0.04131439
-0.18263786
0.07391253
0.03200663
-0.01429488
0.05260843
-0.00567210
-0.01479136
-0.03604624
0.03198267
-0.00891731
-0.03823072
-0.02199759
-0.00309838
-0.11288330
-0.03020061
0.04131428
-0.01735589
0.09055512
-0.01659617
-0.01174883
-0.02479257
-0.00321553
0.02520878
-0.03031769
0.08533953
-0.04818989
-0.01345891
0.03286401
0.00197101
0.00482372
-0.00115662
-0.01175153
0.05337282
-0.00018046
0.02205504
-0.06069916
-0.72962421
0.00778306
0.02546993
0.01130225
-0.00098170
-0.00775053
-0.00470485
0.02507711
0.01545629
-0.03650284
0.03959825
-0.00204591
0.01626505
-0.04499877
0.00777226
-0.00129993
0.00480538
0.00394961
-0.00604512
0.05501118
-0.01037986
0.06356725
-0.07807464
-0.01352956
-0.02395467
0.02071394
0.01234502
0.03805241
0.04389064
-0.02017637
0.02795780
0.01355948
0.03040885
0.02843931
0.02131728
-0.01667410
0.06889742
-0.03795664
0.09396034
-0.06501024
0.00752382
-0.05768754
-0.07724427
-0.00889221
0.00764851
-0.05848787
0.19513659
0.08556665
0.02471754
-0.03177754
-0.05919717
-0.08325458
-0.02420601
-0.08614145
0.01194787
0.12648769
0.10998123
-0.19153795
-0.15003094
0.03739619
0.01710854
-0.06755197
-0.04100558
-0.11831939
-0.01032494
-0.07079705
-0.04850915
0.03632505
0.05865188
-0.02135260
0.06962083
0.00684718
0.03251405
-0.05656194
-0.00749392
-0.04893764
0.13367970
-0.01143876
-0.04075878
-0.07407551
-0.06895316
0.80212194
-0.10923620
0.11640148
-0.03001686
0.06388850
0.03350876
0.11497700
0.03653811
-0.05814047
-0.09250704
-0.07952356
0.06196265
0.06593610
0.12758277
-0.01774632
0.04202115
-0.04747554
-0.04407474
0.01577325
-0.02249372
-0.00457586
-0.09829564
0.02501897
-0.00086984
-0.03524781
0.01143272
0.02662762
0.00153433
-0.04442528
0.01843404
0.02493407
0.05591793
0.02337167
0.02821344
-0.06264880
0.05912067
0.06201877
0.01084194
-0.02133286
0.01272862
-0.03625377
-0.05043891
-0.01890132
0.07216109
-0.00138265
-0.01202931
-0.02229421
-0.03601233
-0.04001803
0.02931158
-0.06425868
0.02702721
0.08114713
-0.06468802
-0.02990996
-0.04278219
0.09943826
0.03297402
-0.05993824
0.02268227
0.00479599
-0.05292043
-0.01528448
-0.03099068
-0.02858252
0.01223509
-0.00927419
-0.03592540
-0.00817854
-0.06373130
0.02258961
0.00702705
0.01449967
0.01898484
0.15674870
0.00144771
0.04154202
-0.01086075
0.07430591
0.03353421
-0.06845026
-0.00646716
0.02907577
0.03135612
0.04024787
-0.00746618
-0.08746618
-0.00824966
-0.08829074
-0.04487191
0.04534817
0.01899441
0.01824567
0.00062623
-0.00914102
-0.00058430
-0.02264985
0.02545823
0.01054876
0.02904491
0.12099553
0.00302453
-0.01683008
-0.04838768
0.03645781
0.06239876
-0.02396091
-0.04349308
-0.04865390
-0.00322528
0.05362665
-0.03455343
0.00165366
0.02526451
0.02505850
0.01630061
-0.04992638
0.01315072
0.00216813
-0.02670117
-0.11936262
0.02761002
-0.03579371
-0.01773626
-0.03422116
0.01353306
-0.03878964
-0.02633473
0.05299926
-0.06332230
-0.06275193
-0.03354143
-0.00070098
-0.02101417
0.02862487
0.00683295
-0.04145511
-0.03752232
-0.03905755
-0.03827796
0.03067312
0.03330427
0.01690666
-0.00282907
0.06368921
-0.09300596
-0.05948682
0.01250734
0.02326909
-0.00548328
-0.01217786
0.01860666
-0.02858082
0.01095454
-0.01024775
0.02921264
-0.00307348
0.06283882
0.08033459
-0.04837986
0.00103128
0.08570714
0.03484356
0.00796437
-0.01697389
0.00997408
-0.02379605
-0.00203333
-0.03340483
-0.07256600
0.04140140
-0.04070878
-0.00636861
-0.00154270
0.00146712
0.01507787
-0.10787302
-0.04995043
0.00645510
-0.01926832
0.00311817
-0.04240983
-0.00734210
0.04909565
-0.01828250
-0.04380573
-0.03587397
-0.03927572
0.04161976
-0.06175176
-0.03646703
0.04122699
-0.00588683
-0.03894038
-0.07081763
0.04812143
-0.01488864
-0.06119020
-0.04942087
0.04601963
0.00851607
0.03248722
0.02741062
0.01530477
-0.03160148
0.01889808
-0.03888297
0.06134836
0.02159586
0.06742447
-0.03309103
0.09199912
0.01456183
-0.06302945
0.03577979
0.01827558
-0.03203728
-0.01170196
0.01620017
0.01679656
0.00460697
-0.06416476
0.04736342
-0.10147998
0.05768313
-0.02680259
0.01276253
0.02656494
-0.02759316
-0.08276272
-0.06187453
-0.09097656
0.06980433
-0.03718250
0.00505419
0.04145500
-0.02643618
0.03828770
0.06719596
0.05304271
-0.01640786
-0.03306409
-0.00316332
-0.03197502
-0.07165499
-0.05460033
0.05778717
0.05747151
0.01700459
0.04110893
-0.00903431
-0.01325129
-0.02751287
-0.01012904
0.05290260
-0.00318100
-0.00240295
-0.04454487
-0.04685957
-0.01922492
0.05001581
-0.02973066
0.02497932
0.00720850
0.00624967
0.08214579
-0.04541390
-0.04469204
-0.05305651
0.02171611
0.08527594
-0.00333637
0.00103248
0.02011202
-0.03606744
-0.00249554
-0.00807544
-0.02433855
-0.01487607
0.06274406
0.03747323
-0.01526858
0.02811139
-0.04574176
0.03285870
-0.03449214
-0.05749821
0.06634202
-0.00074881
-0.04242730
-0.02952156
0.00808460
0.02395629
0.01573189
0.07809835
0.00445865
0.00305260
-0.02864175
-0.01173337
-0.02363790
-0.04433475
0.00204887
0.01086247
0.03434972
-0.05845624
0.00899793
0.01230418
0.04229498
0.02850707
-0.02105687
-0.00713544
0.06854328
-0.05595840
-0.00955506
0.03054444
-0.00858830
-0.06744490
0.03302875
-0.04313909
0.04565137
-0.00234770
0.04967031
-0.04433498
-0.02812738
-0.02435130
0.01947304
0.01520601
-0.00497270
-0.05938949
0.06417058
0.01449324
-0.00019373
-0.00189990
0.01145206
-0.03277713
-0.00893859
-0.08807579
-0.01883312
-0.08246031
-0.03003772
0.00961637
-0.03096388
-0.06119759
-0.02472677
-0.03858846
0.05468685
0.09443386
0.00943882
-0.00646587
-0.07691915
0.09800951
-0.02298380
-0.01315564
0.01321840
0.03241086
-0.03012593
-0.04156014
0.06267954
0.06298588
0.02177362
0.06664837
-0.04852221
-0.07811245
-0.00684012
0.03908151
-0.04688505
0.01184422
-0.03434401
0.02544047
-0.01311580
-0.05786910
-0.00074154
0.08099371
-0.03011539
-0.05199466
0.03647894
0.00038452
-0.07713930
0.00438682
0.02998881
0.04771332
-0.02996521
0.00826213
-0.01511810
0.00653762
0.01426055
-0.04293979
0.00219272
0.05484057
-0.01132520
0.03437581
-0.00977425
0.03160616
0.02429871
-0.02344036
0.01912942
0.00815386
0.05738373
0.01214297
-0.01583528
-0.05648841
-0.07307126
0.08049875
-0.00396455
0.00815902
-0.04440074
0.01692819
-0.00529395
-0.00640270
-0.06154023
0.03403036
-0.01212988
-0.01234195
-0.01953796
-0.02279820
-0.14467938
0.08168015
0.03385030
-0.02199907
-0.01646319
-0.01323829
0.02681351
-0.02651999
0.01235326
-0.06344198
-0.08480674
0.00383438
-0.02815975
-0.00693292
-0.02923521
-0.00464339
-0.00648302
-0.01500098
-0.08321690
-0.03522373
0.04797276
-0.08988521
0.00187808
-0.00086083
-0.01689403
0.01242098
-0.04056405
0.00631089
0.01248204
-0.02589877
-0.11481534
-0.07776035
-0.02045605
-0.02191582
0.01355101
0.01534936
0.10514874
0.05051729
0.12826310
0.00217414
-0.10610069
-0.09838215
0.11095262
-0.03562336
0.06363574
-0.06254224
-0.01830828
-0.09763876
-0.11805455
-0.07018356
0.00202790
0.04088698
-0.10420349
-0.03204566
-0.02288119
0.00403744
0.05105437
0.11663178
-0.01884324
0.03634967
-0.00825607
0.00546617
0.03032499
-0.04229597
-0.00007248
0.06087216
0.06482153
-0.02848594
0.00227947
0.04326902
-0.01792991
0.01172543
-0.04902710
-0.03392984
-0.02801553
-0.02362262
0.02300602
0.04794531
-0.02366491
0.02578063
-0.01177012
-0.03434122
-0.01861352
-0.03322027
-0.07544512
-0.01244340
-0.03393436
-0.04823896
-0.04971696
-0.02155651
0.01563942
0.07562700
0.02417388
0.00854297
-0.04708439
-0.03591644
-0.09633327
-0.00537594
0.06148831
0.04597148
-0.00775963
0.04407922
0.01775155
-0.01717232
-0.06237333
-0.05053046
0.05869339
-0.00119783
0.04145879
0.01693598
-0.02174349
-0.00763455
-0.03952962
0.03132584
0.04361932
