0.01296790
-0.01547274
-0.04784143
0.03009711
-0.03096511
0.05532861
0.01700847
0.01700249
0.03523063
0.01337074
-0.02938433
-0.02977170
-0.00134134
0.00851915
-0.02844447
0.00621582
-0.01950964
0.04367572
-0.07915683
0.01255502
0.01070736
-0.00674944
0.05731623
-0.01408843
-0.00834775
0.00192729
-0.02126313
-0.03669804
-0.00537937
-0.00172018
-0.11965647
-0.00529676
0.04186838
-0.02398960
0.01343063
0.03632894
0.01060692
0.02954707
-0.01489276
-0.03512803
-0.02067038
-0.00257823
0.02151924
-0.02925682
0.01428909
0.00115356
-0.00848561
-0.03305770
0.02402451
0.01972998
0.04354946
0.08409732
-0.08492620
-0.00404542
0.03081105
-0.00972561
-0.01044621
-0.00146126
0.39356911
0.05289899
0.02416583
-0.01975311
-0.03223471
0.01667088
0.02730203
-0.03171502
-0.00216715
-0.00289847
-0.00746095
-0.03626965
0.01010674
0.00635120
-0.03743925
0.00960289
-0.03843925
-0.00745022
0.01787323
0.00166722
-0.00736653
-0.13831455
-0.02361482
0.00400476
0.01082873
-0.04946193
-0.03777633
-0.00055416
-0.00223239
-0.01818152
0.02412835
-0.02868262
0.00177097
-0.08731621
0.10393687
-0.01244337
-0.02784146
-0.01519648
-0.01856075
0.01143963
-0.00111059
0.00852333
-0.00001823
0.00742505
-0.03967604
0.01469514
0.01025930
-0.01318409
-0.02387718
0.01229868
0.02463619
-0.01166991
-0.01246609
0.00560070
0.00343684
-0.02606602
0.00177154
0.00496124
0.05292321
-0.00857912
-0.02050990
-0.00379123
0.02121642
0.01005035
0.00282778
-0.00385985
-0.01723930
0.00676398
-0.01178577
-0.01488876
0.02680468
0.02616340
-0.02264394
0.01676803
0.01353328
0.00524950
0.01009447
-0.03273774
-0.04338074
-0.03308544
-0.08595904
0.00387985
0.05785142
0.03734953
-0.00220365
-0.03069480
0.02423236
-0.14956664
-0.00141369
-0.01256817
0.01015005
-0.00789286
0.04583057
-0.00126145
0.00630339
-0.03166951
0.01047470
-0.02475001
-0.02378058
-0.00803737
0.01294291
0.01654895
-0.00758994
0.11293509
0.01341193
-0.01566065
0.00238033
-0.03385030
0.07969745
-0.05341759
-0.00579279
0.01888558
-0.00569098
-0.02560942
0.02014170
0.02978661
0.05475901
0.03760939
0.00902067
-0.00256339
0.02193762
-0.00554573
0.03662562
-0.00179668
0.00637029
-0.00124836
0.03238333
-0.19420627
0.09825515
0.02066552
-0.02553412
0.03303355
-0.00712550
0.00018605
-0.03219374
0.00659064
-0.00363356
-0.03476121
-0.04807330
0.01433183
-0.07498582
-0.01621779
0.05691551
0.00371027
0.03468004
-0.03003859
-0.01254186
-0.04829443
0.00898389
0.03057621
-0.00698860
0.09187500
-0.04249772
-0.01709729
0.02838805
0.00551669
0.00446349
-0.00874011
-0.01366943
0.05316716
-0.02292387
0.00742296
-0.03450065
-0.72004473
0.00510884
0.00708153
0.01717052
-0.00420202
-0.02904961
-0.00195443
0.03423615
0.00092392
-0.01751778
0.04367553
-0.00064963
0.01500443
-0.05984297
-0.00343033
-0.02290414
0.01575768
-0.00330146
0.00460193
0.01971246
-0.00000370
0.04798421
-0.09204134
-0.01778932
0.00977399
0.02054351
0.00514357
0.03098783
0.02262169
-0.00768912
0.02526885
0.02666311
0.01837790
0.00212896
0.01889427
-0.07375281
0.07764927
-0.12569894
0.08877485
0.02936586
0.03482559
-0.11760721
-0.07110989
0.01116379
0.12987073
-0.14748970
0.14788623
0.09388041
0.01422626
0.08935892
-0.01651171
-0.06872900
-0.02566282
-0.05839753
-0.04762569
0.04644600
0.07024035
-0.03120059
-0.03200942
0.05072490
0.11815790
-0.06301256
-0.05451014
-0.08676329
0.01174508
-0.01288703
-0.02360653
0.01201537
-0.08571740
0.02158638
-0.03925088
-0.08272875
-0.00294861
-0.05852958
0.01636906
-0.03517323
0.20635639
-0.06743009
0.01787953
-0.08959420
-0.12404312
0.78319055
-0.10294057
-0.04732478
-0.04557367
-0.07886176
0.03667882
-0.00434372
0.07810488
0.06506584
-0.08369909
-0.14725563
0.09675719
0.04130805
0.11431950
0.08269981
-0.03390704
-0.03453874
0.11666631
0.02605606
-0.01672035
0.00179578
-0.11795477
0.04674833
-0.00364372
-0.02324362
-0.00019756
0.00349072
-0.00882841
-0.02900923
0.04462504
-0.00155137
0.03954979
0.06511401
0.00088189
-0.06409127
0.03608190
0.06709328
-0.00395244
-0.01531875
0.01612266
-0.03296061
-0.02875446
0.01670055
0.06811893
-0.01096578
0.01963332
-0.03812653
-0.05333044
-0.03756173
0.04361208
-0.08674712
0.01178519
0.09336754
-0.01579509
-0.01949757
-0.02660863
0.11641739
0.00835922
-0.06005318
-0.00914840
0.01237421
-0.06722847
0.02037959
-0.02880325
-0.01341822
-0.04343815
-0.01343155
-0.06738341
-0.00259108
-0.03722700
0.00744990
0.00317795
0.02419267
-0.00375352
0.08708300
-0.00568984
0.01716126
0.02293456
0.07679611
0.02817353
-0.09385683
-0.00748248
0.04036928
0.03835130
0.07076664
-0.01657208
-0.05086245
0.01395070
-0.08543894
-0.03837276
0.07850312
0.00310893
0.01045429
-0.00119192
0.00311461
-0.04427672
-0.03972823
-0.01192968
-0.00415676
-0.02402415
0.12545137
0.00916913
-0.02368171
0.00370465
0.03201032
0.06096589
-0.03254894
-0.00740626
-0.08905381
0.00749461
0.04183539
-0.06263191
0.01570150
0.03137277
0.01760790
0.02975650
-0.03943115
0.02505519
0.05008346
0.01266770
-0.10990921
0.02253532
-0.03437574
0.00188140
-0.02849139
0.00368397
-0.02330584
-0.03794109
0.04372277
-0.05597289
-0.03689412
-0.01030748
0.01822093
-0.04424118
0.03008055
0.00862551
-0.03481638
-0.03316770
-0.06030434
-0.02128624
0.01469143
0.00480008
-0.00482841
0.01170864
0.07741217
-0.07197107
-0.02611549
0.03417715
0.01899347
0.00667330
0.01722993
0.00544002
-0.02512586
-0.02398158
-0.00436406
0.01465904
-0.00537587
0.05198039
0.11494203
-0.05470492
0.00658830
0.06516028
0.02544178
0.00884457
-0.01064534
0.01221054
-0.00721245
-0.01658589
-0.03371114
-0.06247286
0.06320567
-0.06137482
-0.03397234
-0.00758986
-0.00365902
-0.02934453
-0.05959592
-0.04594304
0.00221359
-0.01080942
-0.00033530
-0.01089107
0.00153383
0.06149780
-0.00613114
-0.02784766
-0.02252334
-0.05114537
0.05248042
-0.06042277
-0.00525573
0.04618215
-0.02921947
-0.02366953
-0.07756788
0.03391155
-0.01812118
-0.06020823
-0.03758330
0.04912697
-0.00944626
0.05140446
0.03063887
0.04762465
-0.03588947
-0.02513087
-0.06043621
0.10640555
0.01347861
0.08955094
-0.03837026
0.08681349
0.02486171
-0.07677386
-0.00479567
-0.01388284
-0.02445656
-0.00286543
-0.01540062
0.01024937
-0.03328240
-0.05917631
0.02108862
-0.06009109
0.10150624
-0.03448536
-0.01674659
0.01429556
-0.00027978
-0.06172614
-0.10008600
-0.04325080
0.05616613
-0.02757020
0.03012225
0.00108729
-0.02213670
0.01583108
0.03393003
0.01852704
-0.01120730
-0.04153485
-0.00784433
-0.00185568
-0.06197442
-0.07435140
0.04212499
0.06047140
0.01385055
0.02182563
-0.02504574
-0.00386985
-0.03853388
-0.03156235
0.06033091
-0.01501093
-0.00770549
-0.03462420
-0.06529550
-0.02752676
0.08089354
-0.00019663
0.01699494
-0.00345603
-0.00341475
0.06849331
-0.02955354
-0.00819827
-0.05512711
-0.00818949
0.05801207
0.03713416
0.01590904
-0.00331500
-0.11873481
-0.00275652
0.00268508
-0.02177107
-0.05464757
0.06424028
0.04229476
-0.00836392
0.01104690
-0.06595905
0.00526241
-0.03205596
-0.06744656
0.04637669
-0.00460213
-0.02000570
-0.01103193
0.01652046
-0.08318207
0.02394133
0.07306953
-0.03833629
-0.01147094
-0.01679508
0.00092783
-0.01300669
-0.06588470
0.05251052
-0.00755941
0.02587022
-0.06538251
-0.01063798
-0.01449369
-0.00181088
0.03484537
-0.03257155
-0.05638754
0.05760352
-0.00887648
0.01415363
0.06981228
-0.00484456
-0.02503127
0.02418057
-0.03085570
0.03069632
-0.02873672
0.04987705
-0.04211354
-0.00964412
-0.00096102
0.00637253
0.02645642
0.00700641
-0.03689661
0.02012615
0.00486259
-0.01505741
-0.03099830
0.01672681
0.00511005
-0.02021667
-0.05134525
-0.01433227
-0.06818077
-0.02407353
-0.00745183
-0.04053582
-0.05132676
-0.03721176
-0.02724280
0.06553557
0.08232780
0.01407238
-0.00234823
-0.09127638
0.08173370
-0.04807201
0.00405030
0.01005255
0.01475038
0.00466573
-0.03694181
0.02073995
0.04619303
0.02872494
0.02041039
-0.06384777
-0.03612918
-0.07287653
0.09670225
-0.01949630
0.01959885
-0.02809423
0.02655295
0.02026466
-0.02103850
0.01217911
0.07196708
-0.03137261
-0.05063117
0.03280078
0.01439531
-0.08536474
0.01670849
-0.01801554
0.06401928
0.00335322
-0.00088248
-0.01960075
0.02032150
0.01435094
-0.05149796
-0.01948868
0.06104170
-0.00023584
0.02226588
-0.01969088
0.03246808
0.05056561
-0.02023845
0.03047609
0.01269847
0.04404528
0.03630145
-0.01531949
-0.06558923
-0.08729708
0.06770720
0.01237713
0.02105588
0.02891528
0.00485338
0.02428013
0.01553202
-0.04837545
0.04532208
0.00632740
-0.00772608
-0.02361470
-0.03631855
-0.19886526
0.11146756
0.01602433
-0.01871074
-0.03357387
-0.01528694
0.02983286
-0.00847308
0.00740166
-0.04431235
-0.04795745
0.01734678
-0.02911128
-0.04395148
-0.05491860
-0.01824044
0.03619008
-0.00834857
-0.04397776
-0.02299608
0.05735975
-0.08987022
0.02155058
0.00366251
-0.03291351
0.04338928
-0.02263418
0.03557747
-0.01143165
0.01284773
-0.10868760
-0.07697674
-0.01019085
-0.02598276
0.01311191
-0.00698012
0.05171353
0.04960524
0.16415298
-0.00548157
-0.07996673
-0.05707646
0.09859925
0.00884093
0.07809512
-0.03829532
-0.00866042
-0.09702307
-0.10317379
-0.06836180
0.03291242
0.02222489
-0.13481803
-0.01111336
-0.03840710
-0.00050334
0.02672346
0.05970003
-0.04250140
0.01642239
-0.03020780
-0.05163020
0.00936680
-0.05422511
-0.00693140
0.03506929
0.06513352
-0.02502951
0.02682966
0.03143511
-0.02851011
-0.01177338
-0.03843535
-0.00181701
-0.01747992
-0.01482171
0.01902117
0.04338172
0.02275529
0.01822497
0.01586386
-0.03445083
-0.02856646
-0.03072509
-0.10887767
0.01395177
-0.03428537
-0.03989560
-0.05779055
-0.03251017
0.03921517
0.06812119
0.01238495
0.00553937
-0.03716776
-0.06594016
-0.08301140
-0.03154439
0.06835570
0.03379803
-0.00164812
0.01702493
0.00584817
-0.00440520
-0.04987728
-0.04586985
0.04519392
0.02551805
0.05285763
-0.00485075
0.01388877
-0.04763721
-0.05286359
0.02408173
0.05764218
