0.00561601
-0.01241063
-0.07159097
0.04290095
-0.03423031
0.05155350
0.02016837
0.02061639
0.07656982
0.02679706
-0.03922326
-0.04240898
0.02730263
-0.01822865
-0.02976939
0.01357049
-0.02990479
0.04218928
-0.04998055
0.02152796
-0.00375517
-0.02143992
0.05894557
-0.01443032
-0.00695854
0.00583464
-0.03204394
-0.03372858
0.00355235
0.00500305
-0.12358218
-0.00918590
0.03660177
-0.01106882
0.01225098
0.04644765
0.00360486
0.03407029
-0.01827162
-0.05962617
-0.02075585
0.00397233
-0.00009014
-0.03716593
0.01041348
0.01918484
-0.00917250
-0.03494487
0.04536263
0.00934993
0.05152898
0.07262338
-0.10141384
0.02581207
0.01747434
0.01113601
-0.03058929
0.00851238
0.32913429
0.08045679
0.02602410
-0.01648645
-0.04720231
0.02433449
0.04513866
-0.05047121
-0.00310190
-0.00808402
0.03293565
-0.04211686
0.02691536
0.00713948
-0.03696409
0.01447889
-0.04852737
-0.02429619
0.02230238
0.01485347
0.00147547
-0.10863078
-0.02106937
0.02328248
0.02437417
-0.05460314
-0.03081883
-0.00635338
-0.00494903
-0.01195355
0.02372031
-0.03315584
0.02140914
-0.10007190
0.11803281
-0.02142153
-0.01544299
-0.02866983
-0.00819673
0.00686366
0.01996066
0.01516689
-0.01667175
0.00204994
-0.04372079
0.01915388
0.01939417
-0.01236449
-0.01275329
0.01782651
0.01994832
-0.02132416
-0.02509711
0.00656060
-0.00456660
-0.04741686
0.00135959
0.01380564
0.07206082
-0.01326745
-0.02596217
-0.00172995
0.02959885
0.00035115
-0.00767435
0.01173609
-0.05245579
0.01146651
0.00252911
-0.00979382
0.02873271
0.01228052
-0.05717960
0.01126228
0.00525103
0.00219742
0.01590375
-0.04772023
-0.06409594
-0.05053695
-0.09933428
0.00572511
0.01398313
0.02679031
0.01783478
-0.04030684
0.04292096
-0.10928601
0.00852572
-0.01284291
0.01341392
-0.01091603
0.05272555
-0.00157615
0.01562191
-0.04545414
0.00857922
-0.02119714
-0.05781814
-0.00991636
-0.00792612
0.00002711
-0.02183007
0.08154386
0.05584338
-0.03298857
0.00205374
-0.03389715
0.10634972
-0.05111960
0.00344553
0.01976267
-0.00280228
-0.02526078
0.02506563
0.04448600
0.06392690
0.04510746
0.00609524
0.00238643
0.03661852
-0.01298014
0.04276565
-0.00511257
0.01318152
0.00493013
0.03892500
-0.15386765
0.05313691
0.03048691
-0.03424924
0.03107044
0.00393575
-0.00306750
-0.02290132
0.00209933
0.01704312
-0.04332189
-0.10196347
0.00311908
-0.11931467
-0.02101177
0.10548526
-0.00428968
0.04543019
-0.03723886
-0.02033435
-0.05593525
0.01336036
0.02510246
-0.01776588
0.09564489
-0.06157526
-0.02310977
0.03452761
-0.00352552
-0.01174853
-0.00932667
0.00070470
0.05425385
0.00201519
0.01817509
-0.04922899
-0.69803917
-0.01176215
-0.00103527
0.02154301
0.00754159
-0.05223709
0.00857925
0.02587379
-0.01279190
-0.02141115
0.06540236
-0.00980219
0.01437355
-0.05476873
0.00166025
-0.03912524
0.01494204
-0.00376261
0.00180646
0.05572692
0.00038628
0.01452082
-0.13107340
-0.01384808
0.00017948
0.02275628
0.02165805
0.04471953
0.02725967
-0.02141174
0.03423414
0.03745892
0.02424092
0.00117081
0.02039148
-0.02408678
0.07801349
-0.00591368
0.08758862
-0.04860198
-0.05399284
-0.06408808
-0.06185167
-0.00005186
0.04876349
-0.07918362
0.08643171
0.05780282
0.05585931
0.03680899
0.01647744
-0.06220085
0.07150231
-0.09215790
-0.01254022
0.07657801
0.14188722
-0.17021595
-0.17991756
-0.00657027
-0.00408111
-0.08611594
-0.04504312
-0.09238115
-0.03070563
-0.03442080
0.02669764
0.04754877
-0.02237291
0.00133044
0.05065583
-0.06588229
-0.07127318
0.04287822
0.08934145
0.03420479
0.10440689
-0.03310947
-0.01510171
-0.01095345
-0.06279284
0.85072362
-0.11747357
0.03286115
-0.06318818
0.03577887
0.00459344
-0.01158788
0.08617776
-0.04926398
-0.08342772
-0.04418423
0.07324132
-0.04011229
0.08936720
-0.02983808
0.03317244
-0.02397651
0.00110085
0.00663744
-0.01220732
-0.01626236
-0.05487248
0.01508838
-0.00661325
-0.01467744
0.03507056
0.01646445
0.01881198
-0.04668490
0.02460163
-0.01203903
0.02093482
0.05484390
0.06923361
-0.01985515
0.04959660
0.05330747
-0.02834655
-0.03745376
0.00903476
-0.06317279
-0.03434825
0.01440932
0.04112202
-0.00649873
-0.03499936
-0.00749079
-0.03161209
-0.06445467
0.04430680
-0.04510064
-0.01385322
0.04388706
-0.06208444
-0.07016703
-0.04265304
0.11799137
0.01051365
-0.03324627
0.00225525
-0.02922508
-0.02846005
-0.01603635
-0.04406583
-0.00558579
0.03481448
-0.04072476
-0.01219262
-0.04738110
-0.04761547
0.02882268
-0.02989969
0.03413040
0.03813697
0.08813053
-0.01161993
0.06721613
-0.00482421
0.04275193
0.03722589
-0.06829741
0.00304923
0.02179837
-0.01725873
0.00697788
0.02713841
-0.01109668
-0.03185406
-0.06190383
-0.01656813
0.03675634
0.05338696
-0.01476448
-0.03078051
-0.04118388
-0.03093893
0.03628856
0.01614768
0.00316977
0.01976332
0.11005669
0.00124810
-0.03539627
-0.04357357
0.02902504
0.02047690
0.01032307
-0.02968942
-0.05932377
-0.01695460
0.03700869
-0.05039977
0.03481064
0.01516802
-0.00536519
-0.00948264
-0.02709699
0.00385194
-0.00145385
-0.03591041
-0.13136974
0.03622315
-0.02328630
-0.04286030
-0.01262300
-0.02739198
0.00948802
-0.06450096
0.04030784
-0.08574734
-0.01763375
-0.01868418
-0.01232561
-0.01505421
0.00951707
0.02764415
-0.02518569
-0.03031997
-0.04940017
-0.03540269
0.03701250
0.02815416
-0.01130889
-0.01530017
0.08011467
-0.10525969
-0.00259326
-0.00965915
-0.00317967
-0.01908435
0.02194556
0.00376335
0.00755992
-0.04061427
0.00687703
0.03646857
-0.02175961
0.01058087
-0.02284662
-0.03697121
-0.01851037
0.07922591
0.05645582
0.00065097
-0.02390308
0.04366346
-0.00138212
-0.00610477
-0.02963609
-0.05759578
0.05482818
-0.03062317
-0.01513816
-0.02305256
-0.00429955
0.00409017
-0.02198821
-0.08989496
-0.02340070
-0.07596985
-0.01759292
-0.04915512
0.00056641
0.01581332
0.00337525
-0.10281486
-0.02856413
-0.01180081
0.07400144
-0.07440340
-0.02714118
0.01968162
-0.02332164
-0.05543890
-0.07196455
0.05337118
0.00470331
-0.02446705
-0.06575344
0.02672878
0.02217835
0.05612688
0.01507007
0.02310798
-0.01772951
0.04807280
-0.01970940
0.02741498
0.00643782
0.03677532
0.01259427
0.03677095
0.04317423
-0.03596031
0.01471249
0.03379555
-0.02164510
-0.04017819
0.03239729
-0.00453078
-0.03902293
-0.06393168
0.05306091
-0.11949189
0.08447008
-0.06715683
0.01197681
0.00145461
-0.03024804
-0.04722096
-0.02900693
-0.07484956
0.10448600
-0.03838846
-0.03216903
0.03621066
0.00511327
0.02862133
0.08468482
0.04471530
-0.03155000
-0.00970688
-0.03216419
-0.01673371
-0.05743462
-0.00355153
0.05146723
0.04263217
0.00492027
0.05188570
0.01514214
-0.03070641
-0.01999712
-0.05509550
-0.03206386
0.01232374
-0.02255390
-0.06140226
-0.05509396
0.02304905
0.03009473
-0.03860617
0.04187217
0.00968450
0.01122137
0.08678500
0.00247118
-0.02688869
-0.01662736
0.04139323
0.08907600
-0.04510443
0.02504341
0.00980015
-0.01321625
-0.03965333
-0.01518076
-0.03533865
-0.03705175
0.07326882
0.02790561
-0.01294056
0.04806465
-0.03306582
0.02500901
-0.02366585
-0.06506970
0.01054625
0.01726350
-0.03792373
-0.04101766
0.00724057
0.00502088
0.02637072
0.06821765
-0.01319017
0.01381961
0.00943840
-0.03712488
-0.02294769
-0.05251301
0.00503415
0.03388512
0.05942819
-0.07063412
0.01714982
-0.02902287
0.03163998
0.02022453
-0.03647114
-0.01225429
0.05640271
-0.03039701
-0.02017007
0.09104518
0.00687132
-0.03709028
0.01877674
-0.02123118
0.06767064
0.02504897
0.00557438
-0.04852079
-0.03795310
0.01112151
-0.01554296
0.03244892
-0.00917319
-0.06484371
0.07733999
-0.00979077
-0.00709346
-0.00921501
0.01773979
-0.06664466
-0.00348895
-0.11670200
-0.00193095
-0.07637078
-0.02794597
0.01508307
-0.01727889
-0.09007423
0.00622519
-0.04349446
0.05797491
0.11961177
0.04383019
-0.00708466
-0.07034218
0.07684810
-0.07737406
-0.04047430
0.01485711
0.05149930
-0.01891251
-0.01658359
0.05272212
0.04258219
0.03004087
0.05714435
-0.04972098
-0.06776062
0.02466074
-0.00586318
-0.06009585
0.02191678
-0.03229346
0.05518234
-0.01987938
-0.07597159
-0.01703986
0.09182613
-0.02530434
-0.08123346
-0.00347061
-0.02497215
-0.00289029
-0.00460257
0.04365421
0.03642104
-0.03891440
-0.00970185
-0.03655676
0.01053952
0.02506500
-0.02676697
-0.00185118
0.04806145
0.00360908
0.06393919
-0.03050300
0.04735811
0.01444804
0.00083719
0.02114188
0.01946867
0.05819533
0.02489188
-0.01423792
-0.03340845
-0.06315745
0.07547114
0.00303101
0.03571180
-0.02199822
-0.04452717
0.02664779
0.02705954
-0.06876124
0.01804981
-0.00703525
0.01221321
0.01042384
-0.01889564
-0.19636081
0.11082160
0.00023071
-0.03094899
-0.03594378
0.01064786
0.00964059
-0.03215846
-0.03011554
-0.05700487
-0.06787276
-0.02466039
0.00152984
-0.00769896
-0.01752431
0.03029070
0.01358098
-0.02944284
-0.06975418
-0.00509063
0.06772085
-0.10932095
-0.02242194
-0.00869649
-0.04144477
-0.01993765
-0.00099854
-0.00292886
0.02285257
0.00423110
-0.09318718
-0.06491032
-0.02978991
-0.00407720
0.02449194
-0.02203521
0.04132420
0.02911931
0.06928507
0.03410264
-0.05022479
-0.08108374
0.12865429
-0.02144526
0.03374280
-0.00614375
0.01226019
-0.06048791
-0.08625796
-0.00840334
-0.01464996
0.06762394
-0.14785106
-0.04914023
0.03492074
0.01416441
0.04005775
0.11338826
-0.04328682
-0.00361478
0.00037225
0.02539639
0.03161479
-0.05294174
0.02457511
0.07954687
0.06757756
-0.04088797
0.01582363
0.05068635
-0.02131028
-0.01999071
-0.06620989
-0.03113703
-0.02407042
-0.00857974
-0.00184670
0.06052686
-0.06050107
0.02355435
-0.00405177
-0.03173103
-0.01888990
-0.01416787
-0.10843784
-0.01734613
-0.03909795
-0.04490568
-0.04230252
-0.04283781
0.01028951
0.04059215
0.03412298
0.03822467
-0.08591895
-0.06660059
-0.09395386
-0.02269419
0.04520772
0.02704601
0.00798569
0.03976763
0.02987701
-0.01308159
-0.04091058
-0.04952226
0.06462941
-0.01753715
0.07434505
-0.01488710
-0.01947043
0.03242014
-0.05392583
0.04145781
0.01720955
