-0.00783544
-0.00674023
-0.03746106
0.02762673
-0.02299466
0.03759117
0.00640516
0.03446492
0.04405120
0.01348612
-0.01339123
-0.04439631
0.00593102
-0.02538226
-0.03078731
0.01297145
-0.02863361
0.03067204
-0.07836558
-0.00204510
-0.00007922
-0.00592784
0.02796314
0.00135248
-0.00176754
-0.00133606
-0.01437362
-0.01953790
-0.00372150
0.01119202
-0.14456931
0.02282031
0.04172203
-0.01221348
0.00013481
0.04702069
0.02468769
0.02408331
-0.01066848
-0.05671937
-0.01397327
0.01673249
0.05214669
-0.01570850
0.01838843
0.00653096
-0.00548538
-0.02850139
0.02690667
0.00443082
0.05997727
0.03540909
-0.06309286
0.00701401
0.04643845
0.00421143
-0.02432909
0.01902849
0.39991412
0.03276298
0.02268651
-0.02285367
-0.02867687
0.00003038
0.02285889
0.00276031
-0.02086725
0.01275179
-0.02372987
-0.02170311
0.01448318
0.00480623
-0.03082914
0.01224117
-0.05580687
-0.01525214
0.02026269
0.02309480
-0.01084321
-0.15188426
-0.01133939
0.01821036
0.01180616
-0.06394117
0.01635333
-0.02069419
-0.01382960
-0.02717322
0.00374608
-0.04537919
0.00614892
-0.04787088
0.04741433
-0.02417552
-0.01656045
-0.01030061
-0.00886962
-0.00467449
-0.00625740
0.02262955
-0.00227827
0.01711986
-0.04711790
0.01238917
0.00890399
0.01166145
-0.00752593
0.03079314
-0.00046447
-0.00953213
-0.00591829
0.01700191
0.00854493
-0.02102561
-0.00063670
0.01385876
0.06107581
-0.01578677
-0.02157291
-0.00155176
0.02511790
0.01198525
0.00523486
0.00747982
-0.02841260
0.01179686
-0.02079610
-0.00134068
0.01879960
0.05126167
-0.00915981
0.03644643
0.02327712
0.02070142
0.03457753
-0.04601226
-0.03969494
-0.02872798
-0.06886481
0.01529107
-0.01290063
0.03205614
0.01845059
-0.00225578
0.05215243
-0.13018033
0.01142243
-0.01809955
-0.00111574
0.00790730
0.04272700
0.01842961
0.00879443
-0.03042063
0.00597361
-0.01747715
-0.04781274
-0.02008857
0.00109857
0.00763507
-0.03314153
0.05669137
0.01913742
-0.02993439
-0.00429004
-0.01348700
0.05805663
-0.03557347
0.00367948
0.02504019
-0.01518518
-0.01335704
0.01564517
0.03768964
0.04115818
0.00917873
0.00397340
0.01353113
-0.00518862
-0.00440745
0.03995543
0.00721732
0.01783755
-0.00698832
0.04610844
-0.19210573
0.07373421
0.03537181
-0.01942455
0.05077207
0.00447033
-0.02148200
-0.03535343
0.02981557
-0.00586998
-0.03265615
-0.02321566
0.00032829
-0.11370780
-0.03193142
0.04316370
-0.01824297
0.10000079
-0.01103605
-0.01012149
-0.03151136
0.00055908
0.02152767
-0.03342479
0.08531749
-0.05348838
-0.02287450
0.03322693
0.00216584
0.00303263
0.00478119
-0.00412212
0.05078761
0.00391850
0.02170871
-0.05675220
-0.72002262
0.00165674
0.02555504
0.02111519
0.01052030
-0.00886751
-0.00160546
0.03363333
0.01440884
-0.03495336
0.04230583
0.00170917
0.01304633
-0.04679873
0.00358565
-0.00625983
0.00376049
0.00546715
-0.00296335
0.06909928
-0.01167895
0.05445560
-0.08017123
-0.01511465
-0.02516073
0.01653470
0.01300950
0.04912538
0.03377060
-0.02517493
0.03069116
0.02283425
0.03800168
0.02130537
0.02368347
-0.08183146
0.06928968
-0.05157935
0.10749210
-0.05299201
0.02937268
-0.03520328
-0.05624902
-0.05986809
0.04823224
-0.05069444
0.19630660
0.10704602
0.02035705
-0.03700152
-0.04543498
-0.05145357
-0.07818204
-0.05450009
-0.01119134
0.11604899
0.10556021
-0.20773950
-0.10996930
0.05086558
0.03555201
-0.04158343
-0.02147290
-0.14693187
-0.00650228
-0.07456867
-0.08539931
0.01523582
0.06226839
0.02098165
0.06770343
0.00068656
-0.00814703
-0.06491783
0.04889930
-0.04682774
0.17191894
-0.06242822
-0.04328511
-0.09728854
-0.11860550
0.79137039
-0.12598206
0.08413676
-0.03530820
0.01666889
-0.02827224
0.05746977
0.04418430
-0.02533298
-0.05749755
-0.08623920
0.07074335
0.00726029
0.11237169
0.02164656
0.06545046
-0.04587219
-0.04547848
0.00541473
-0.01836956
-0.00871209
-0.07353363
0.01093701
-0.01078901
-0.04576676
0.02039788
0.01292448
0.00704697
-0.04069678
-0.01243809
0.00880917
0.05663015
0.00915082
0.03054473
-0.06780837
0.06578437
0.06325621
0.01461728
-0.04055894
0.00890096
-0.04541031
-0.03039844
-0.03275949
0.08924291
-0.01481892
-0.01575839
-0.03166164
-0.05223971
-0.05041781
0.02757697
-0.05631346
0.05644357
0.05891601
-0.05087373
-0.03299212
-0.03052454
0.07823006
0.01441931
-0.06104312
0.01683079
0.01408570
-0.05684114
-0.00301261
-0.03731330
-0.03063721
0.03014686
-0.02404132
-0.03690600
-0.01258661
-0.07753377
0.01477436
0.00777370
0.00530843
0.01926914
0.12348595
0.01218407
0.04083198
0.01855689
0.09027255
0.01324630
-0.08147309
0.00572170
0.04873343
0.02291353
0.03329935
0.00344992
-0.05255821
-0.01236233
-0.09121838
-0.05281398
0.05400348
-0.00228109
0.01663022
-0.00635744
-0.02399054
-0.00690937
-0.02112542
0.03096046
0.01559826
0.03780051
0.13555998
-0.00237211
-0.02193565
-0.04113137
0.00474989
0.04855258
-0.01682455
-0.04192888
-0.05415847
-0.01186147
0.05528235
-0.03392052
0.00698813
0.04496262
0.02088782
0.02305681
-0.04698398
0.01732045
0.02264673
-0.03391365
-0.12744908
0.04012132
-0.03218335
-0.02154439
-0.04140859
-0.01330279
-0.02862842
-0.02186763
0.08084909
-0.07332492
-0.05294749
-0.01844794
-0.00157069
-0.01067797
0.02097256
0.00459271
-0.02988300
-0.04136825
-0.05220456
-0.03435365
0.05642070
0.03652840
0.03028926
0.00356034
0.05392639
-0.08861398
-0.07804359
0.03368982
0.02250806
-0.00348431
-0.00346278
0.01589402
0.00218329
0.00512395
0.01839911
0.03565065
-0.01204505
0.05687820
0.05702699
-0.04294152
-0.01619465
0.10097951
0.04232927
0.00095906
-0.02017772
0.01895321
-0.02224422
-0.01967571
-0.02985063
-0.06459130
0.04759458
-0.04491995
0.01678989
0.00263751
-0.00540073
0.02064734
-0.09970029
-0.07160255
-0.00224727
-0.02251951
0.00090213
-0.04760038
-0.00694463
0.06430109
-0.00920930
-0.05119400
-0.01896706
-0.03629119
0.03967670
-0.03527832
-0.04332532
0.01830823
-0.00552920
-0.05226758
-0.04434248
0.06145196
-0.05265417
-0.04379892
-0.06343880
0.04199303
0.02811055
0.02469289
0.02516782
0.01453515
-0.03631756
0.00899962
-0.06356310
0.08045743
0.01975126
0.06352633
-0.02014537
0.05161960
0.03264476
-0.04749268
0.03993756
0.02959219
-0.02143818
-0.00765929
0.01611038
0.03934281
0.01753430
-0.04899371
0.04925920
-0.09068754
0.04134408
-0.01847689
0.02390482
0.03919885
-0.04747452
-0.07915991
-0.05234556
-0.07415449
0.03490781
-0.02964608
-0.00445435
0.05280275
-0.00770318
0.04994742
0.06933714
0.05960794
-0.00571687
-0.05355986
-0.00340052
-0.05380876
-0.05783672
-0.05018947
0.06782389
0.06337300
0.01099640
0.04995207
-0.01193545
0.00661673
-0.01951002
-0.03518818
0.02178974
0.00110894
0.00569060
-0.05089314
-0.02202772
-0.00900567
0.05727377
-0.03179134
0.01557152
0.02432747
0.00073321
0.08435341
-0.06030978
-0.04832427
-0.04671141
0.02275514
0.09316893
0.00012429
0.01259421
0.02336652
-0.05938295
0.00116003
-0.00586177
-0.03098279
0.02179088
0.05315979
0.04193171
-0.02673502
0.04406710
-0.03809359
0.03383766
-0.03036451
-0.05569517
0.06357303
-0.01013857
-0.04114658
-0.02438014
0.00865905
0.02885313
0.02668068
0.07927857
0.01450968
-0.00429344
-0.03984805
-0.00687597
-0.03286347
-0.03912280
-0.00772405
0.02710636
0.02559830
-0.03965595
0.01403030
0.01635649
0.02132469
0.01280984
-0.02921566
0.00276246
0.05371221
-0.04171996
-0.00763409
-0.00031925
-0.00863916
-0.05437864
0.04973238
-0.03588620
0.02711111
-0.00685113
0.05278369
-0.04678987
-0.05320712
-0.02232705
-0.00135012
0.00057096
-0.02153035
-0.04934541
0.08092926
0.02949584
0.01752662
0.03810983
-0.00769208
-0.03523247
-0.01453086
-0.07864657
-0.02486796
-0.05991234
-0.02387800
0.00809172
-0.00728523
-0.05003494
-0.02470257
-0.03733799
0.05631019
0.06208443
0.01453398
-0.00179406
-0.09378669
0.08669075
-0.05109632
-0.02591360
0.02264128
0.01278875
-0.02625274
-0.04412452
0.04841858
0.05713409
0.01601847
0.06302629
-0.03749415
-0.07400622
-0.01804667
0.07283714
-0.05548019
0.00558270
-0.02847926
0.02298711
-0.02285346
-0.03274974
0.00210317
0.08639608
-0.02043728
-0.07531335
0.03313575
0.00088736
-0.08290216
-0.01578698
0.02919456
0.06770001
-0.05924011
0.00668892
-0.02903270
0.02058808
0.02540445
-0.05606548
-0.01651678
0.04957642
-0.00922589
0.05294337
-0.00374868
0.03071739
0.03634827
-0.00740562
0.00043605
0.02426875
0.06620018
-0.01092348
-0.02828036
-0.08085663
-0.08230479
0.08299310
-0.01553391
0.02160552
-0.04188484
0.05877033
-0.01907141
0.02064670
-0.05498071
0.01403473
-0.00359887
-0.01697110
-0.02006105
-0.02112660
-0.12533379
0.00905602
0.03312210
-0.00280048
-0.01381015
-0.00956962
0.03502268
-0.02067031
0.03627383
-0.07095075
-0.09198700
0.02039163
-0.02382002
-0.01145943
-0.02579938
-0.00090159
0.00414118
-0.01682514
-0.09434398
-0.03486064
0.04441446
-0.10376613
-0.01177318
-0.00457428
-0.00005516
0.00191385
-0.03350623
0.02105039
-0.01634976
-0.04104413
-0.11162791
-0.04904653
-0.01185489
-0.02940780
-0.00602913
0.01915007
0.11962298
0.04753220
0.10779482
0.00332245
-0.11040955
-0.11202370
0.11420393
-0.03023493
0.08126737
-0.05552478
-0.01148635
-0.10255165
-0.11806584
-0.07449486
0.00168336
0.03625793
-0.09806762
-0.03104552
-0.01895302
-0.01237793
0.03914669
0.10288990
-0.01075799
0.02412425
-0.00942709
0.00536968
0.03771239
-0.04353638
0.00989793
0.06374186
0.06012050
-0.02203261
0.00926212
0.03613551
-0.01826796
-0.01480000
-0.05426850
-0.02881384
-0.01840657
-0.00450403
0.02194978
0.05076696
-0.02187091
0.00875934
0.00246295
-0.02732457
-0.01528495
-0.03619204
-0.05316067
-0.01694671
-0.03622810
-0.04416307
-0.06989313
-0.01234419
0.01509011
0.04772618
0.01652696
0.03587107
-0.05662375
-0.00496929
-0.07671791
-0.03460206
0.06890575
0.04109327
0.00925996
0.02669792
0.01353639
-0.04921741
-0.08218647
-0.03912102
0.07004282
0.02512382
0.02324873
0.01405762
-0.02934046
-0.04171385
-0.03467479
0.02455025
0.03125281
