0.02513117
-0.01258944
-0.06415910
0.03537981
-0.02891792
0.06827153
0.02415293
0.03111664
0.07235669
0.01328644
-0.03443790
-0.03058927
0.00490823
-0.00704833
-0.03321097
0.01579333
-0.02465331
0.03847555
-0.06496930
0.00835759
0.01071492
-0.02235794
0.05119476
-0.00176393
-0.00218498
-0.00744307
-0.02734529
-0.04223400
-0.01770669
0.00251993
-0.11957671
-0.00900281
0.03806446
-0.01113513
0.00950825
0.04815734
-0.00654761
0.03126916
-0.02315581
-0.05012022
-0.02503718
0.00325382
0.01125481
-0.03943193
0.00240477
0.00028010
-0.00135366
-0.03525430
0.02546740
0.01625857
0.03710311
0.05177953
-0.09535454
0.01045040
0.03976282
-0.00146508
-0.01370520
-0.00111166
0.36955562
0.07229151
0.02848792
-0.02926328
-0.04522014
0.03662328
0.02550231
-0.03925010
0.00793293
-0.00623334
0.00189037
-0.05828223
0.01815592
0.00683463
-0.06029077
0.00901877
-0.04357269
-0.01433582
0.02345484
0.01948373
-0.01206214
-0.11410815
-0.02092930
0.01493169
0.02275024
-0.06924793
-0.00093039
0.00996287
-0.00271453
-0.01612097
0.02265484
-0.03243572
0.00045581
-0.09988010
0.07793075
-0.02464465
-0.02400396
-0.01172630
-0.01897101
0.01843949
-0.01030821
0.01087002
0.01439292
0.01908247
-0.04509458
0.01610747
0.01811087
-0.01391248
-0.01991680
0.00963173
0.01528042
-0.01124136
-0.01753330
0.00706326
-0.00624922
-0.02509718
0.00936487
0.01020557
0.07377141
-0.01015916
-0.02129106
0.00496177
0.01753301
0.00360237
-0.00516757
-0.00690095
-0.04365811
0.00164713
0.00567831
-0.02237083
0.02354283
0.02834401
-0.04256514
0.02010028
0.01005643
0.00090454
0.02305366
-0.04335961
-0.07173775
-0.05224544
-0.09785682
0.00674781
0.00594429
0.02832466
0.00322088
-0.03831606
0.02773008
-0.11143311
0.00203036
-0.01319610
0.01582845
-0.00395595
0.02715909
-0.00162501
0.00480774
-0.03719687
0.00867465
-0.00672299
-0.05179511
-0.00992075
-0.00870966
0.00905632
-0.00914518
0.09633545
0.02495794
-0.01976624
-0.00793333
-0.04897134
0.08295388
-0.04782480
-0.01748131
-0.00392081
-0.00846755
-0.01776402
0.02107059
0.03467734
0.05627383
0.03408501
0.01592990
-0.00539003
0.01730822
-0.01593891
0.02802925
0.00374231
-0.00240231
0.00445519
0.02879703
-0.15017912
0.05739306
0.02196721
-0.02180235
0.03616380
-0.00161655
0.00279247
-0.03032150
0.01418308
0.00801629
-0.05523987
-0.07972389
-0.00064374
-0.13301520
-0.02112781
0.08183644
-0.00107207
0.05997960
-0.04964693
-0.02965651
-0.03077061
0.00540873
0.02950579
-0.01599137
0.09590205
-0.05451519
-0.01650190
0.03243130
0.00025621
-0.00445587
-0.01718528
-0.01262649
0.05759313
-0.00653447
0.02819701
-0.06120443
-0.71386653
0.00739223
0.00786131
0.00461613
-0.01552938
-0.04816652
0.00754394
0.01390467
-0.00836984
-0.02982274
0.05591385
-0.01025319
0.01474000
-0.04992549
0.00366001
-0.02465787
0.01560524
-0.00401714
-0.00645165
0.01635531
-0.00022135
0.03990556
-0.11265445
-0.01168508
-0.00008244
0.02269013
0.02885250
0.02024757
0.03322372
-0.01001476
0.03103328
0.01154750
0.01184384
0.01073333
0.01556087
0.05152157
0.11149500
-0.03774308
0.06525359
0.01929763
-0.04434567
-0.09324275
-0.12687668
-0.01074705
0.11971138
-0.11858579
0.17408791
0.07273613
0.00521714
-0.01199401
-0.02035463
-0.04423437
-0.03662539
-0.03843448
-0.01944267
0.11756634
0.14054294
-0.18073268
-0.17984386
-0.00064078
0.02573929
-0.05470797
-0.07478964
-0.09323680
-0.03399256
-0.00754433
0.00638209
0.06361841
-0.05962943
-0.06294867
0.00039251
-0.03353231
-0.03560072
0.00324385
0.03221248
-0.01193652
0.11844897
-0.10567503
0.02176005
-0.07302946
-0.14924017
0.78501439
-0.13651568
0.05479329
-0.12264834
0.00427504
0.07057335
0.04805512
0.07275503
0.00305191
-0.05768038
-0.03147982
0.08834239
0.00395036
0.12333173
0.01165818
0.03776971
-0.03827699
0.01171561
0.02249268
-0.01270131
-0.00444488
-0.09653524
0.02011420
-0.01965670
-0.01291490
0.02756791
0.04631347
0.03422320
-0.06157258
0.01143179
0.01512980
0.03070758
0.05823864
0.05362480
-0.05071852
0.05103182
0.05967559
0.01059092
0.02986006
0.02569232
-0.00817300
-0.03876237
-0.01585139
0.02386756
0.01308317
0.01742032
0.01768160
-0.02444574
-0.01508687
0.02065800
-0.05959996
-0.03725750
0.07878567
-0.07313654
-0.05883877
-0.02429262
0.11113769
0.06645617
-0.05262559
0.03269345
-0.00601943
-0.06402932
-0.00111450
-0.03809940
-0.03007142
-0.00279790
-0.01861647
-0.02839603
0.01039010
-0.04886172
0.02526009
-0.02368543
-0.00249750
0.01733821
0.14098313
0.00761590
0.09580158
-0.01846727
0.06953881
0.02571819
-0.05532597
-0.00599383
0.03206540
-0.00673857
0.02303146
-0.01777337
-0.06196185
-0.03343809
-0.06328590
-0.05030749
0.00290835
0.02256978
-0.02738209
-0.02372213
-0.06075037
-0.03025080
-0.00682912
0.03947571
0.00419455
0.03095350
0.08663940
0.01882866
-0.01859845
-0.06030040
0.02750662
0.04828691
-0.03260318
-0.03807606
-0.07904892
-0.00524957
0.03880917
-0.05658294
0.00966344
0.04492645
-0.00186730
0.01520866
-0.01186025
0.01631927
0.01169712
-0.03553021
-0.09274743
0.01956302
-0.00402270
-0.01411399
-0.01810138
-0.00365905
0.00129563
-0.02864656
0.04821470
-0.08752406
-0.04000628
-0.00860242
-0.01615218
-0.01826337
0.00017483
0.04956330
-0.06526211
-0.04499167
-0.02381329
-0.04941219
-0.00098834
0.05426287
-0.00531528
-0.00450791
0.08962375
-0.09013416
-0.04928511
-0.03155161
-0.00840166
-0.02692664
0.00656474
0.01292592
-0.01173932
-0.03871368
-0.01811572
0.04919937
-0.01440232
0.04132875
0.01750304
-0.05534240
0.00510531
0.08971480
0.01185410
0.01881597
-0.01338438
-0.01880668
-0.00517312
-0.03112900
-0.00956083
-0.06925850
0.03867232
-0.01498145
-0.03062788
0.01522882
0.01237474
0.00443745
-0.06831325
-0.08860257
0.02570018
-0.04054380
-0.01676122
-0.03197834
-0.00718683
0.00054951
-0.01330198
-0.04810791
-0.04737763
-0.03802682
0.03030374
-0.05460488
-0.02905566
0.00634525
-0.01194629
-0.02527425
-0.07571263
0.07354964
0.01063330
-0.06383539
-0.08115789
0.04960860
0.00977771
0.05614417
0.04590349
0.04548076
-0.06368549
0.02286505
-0.04313790
0.04693029
-0.00534957
0.06191278
0.00716544
0.07914195
0.04203084
-0.04291259
0.01754471
0.02264762
0.02384941
-0.02362235
-0.02413116
0.01600251
-0.01448521
-0.08586685
0.07181998
-0.09859958
0.07877705
-0.05428021
0.06009883
0.02525931
-0.02719314
-0.04499594
-0.02828385
-0.11147816
0.09441296
-0.02833874
-0.01329718
0.01288847
0.00590062
0.02291885
0.08585692
0.04546776
-0.03716486
0.00710212
-0.01470595
-0.00054600
-0.07804308
-0.02050458
0.03209107
0.02938911
0.00028794
0.03564195
0.00801809
0.00612425
-0.01635120
-0.02231910
-0.00106624
0.03791059
-0.01788701
-0.06299420
-0.06746177
0.03527541
0.05114969
-0.03259561
0.01988483
0.02076750
-0.00125149
0.07868522
-0.01637615
-0.04944783
-0.04966260
0.00394635
0.10252840
-0.05640543
0.03497241
-0.01264362
-0.00323332
-0.01263973
-0.00422124
-0.02279560
-0.04945943
0.05431528
0.00893469
-0.03195403
0.03665012
-0.00837795
0.03028219
-0.05062856
-0.05388157
0.03908097
0.02000212
-0.04051914
-0.00829999
0.00249534
0.00491681
0.05481656
0.04967990
-0.00213896
0.01091865
-0.01892612
-0.01556053
-0.01264150
-0.05396140
0.03665611
0.01691529
0.06288827
-0.07062812
-0.01593841
0.00308263
0.05854390
0.01572046
-0.00883663
-0.00425923
0.06271685
-0.07865602
-0.02878679
0.08132155
0.02375239
-0.03375393
0.04154987
-0.05188531
0.06252062
-0.03019465
0.03810722
-0.04626489
-0.04587607
0.01302407
-0.00255525
0.05638246
0.01420383
-0.03088550
0.03475240
0.02048652
0.00387297
-0.04138309
0.01565951
-0.01456905
0.00535799
-0.06946699
-0.04356302
-0.09211116
-0.01225786
0.00860481
-0.04299002
-0.05280187
-0.00008960
-0.05371528
0.03325301
0.12530936
0.02052499
-0.00470641
-0.07728236
0.09878445
-0.05293484
-0.04332066
0.02500408
0.05269872
-0.01509377
0.00307836
0.02753365
0.02390460
0.00447868
0.06949221
-0.05278856
-0.07391309
-0.01266860
0.02203749
-0.04638337
0.02558356
-0.00939987
0.03575276
-0.02259056
-0.05366817
-0.00568577
0.03590401
-0.01390370
-0.05204703
0.01631566
0.00373753
0.00205415
-0.02167179
0.02363414
0.03603395
-0.01155826
-0.00024681
-0.03839603
-0.02629156
0.05479313
0.00194839
-0.01422184
0.04191948
-0.02895807
0.01847309
-0.01122762
0.03141527
0.03323228
-0.00515487
0.02377834
-0.01753743
0.07202483
0.00667159
-0.01943382
-0.02168460
-0.04872820
0.08762378
0.01875993
0.01604075
-0.07343645
-0.04960604
0.02012732
-0.00453035
-0.06625419
0.01186326
-0.00510238
0.00277289
-0.00023961
-0.03753977
-0.17033890
0.15679300
0.03592247
-0.00456345
-0.03621466
0.05006859
0.01996408
-0.04100008
0.00089049
-0.04689320
-0.09582916
-0.01726855
-0.00614950
-0.02369382
-0.00532006
-0.00232454
-0.02884475
-0.01744637
-0.03573274
-0.00729373
0.05718290
-0.03785460
-0.02426954
0.00238360
-0.04525296
0.02801654
-0.02974943
0.01896777
0.04833299
0.00638279
-0.08620607
-0.07158884
-0.03244759
-0.00705399
0.02885064
-0.01718597
0.04694226
0.00130469
0.07904135
0.00391937
-0.06431693
-0.10212492
0.08486022
-0.01175646
0.01420736
-0.02471374
0.00038766
-0.04667087
-0.12117447
-0.02790678
0.02453447
0.02882713
-0.08445621
-0.03195490
-0.01192465
0.03065034
0.03260872
0.12710927
-0.03521007
0.04034705
-0.04314046
0.01077001
0.05294916
-0.04263377
0.03068715
0.01196183
0.06450609
-0.02102356
0.02065976
0.05483790
-0.02728534
0.00680783
-0.04882124
0.01182449
-0.03308554
-0.02102305
0.00313068
0.03687822
-0.03028405
0.01046379
0.01325941
-0.05593390
0.01156942
-0.04533476
-0.12601429
-0.01263632
-0.06195955
-0.01740698
-0.04486539
-0.01636723
0.04399534
0.07103035
0.01673101
-0.00006857
-0.05174357
-0.04265976
-0.11470215
-0.01622107
0.04262791
0.06021766
-0.00899955
0.04993031
0.00325267
0.03248436
-0.05617915
-0.04876403
0.06086541
0.01779646
0.10206576
0.01642793
-0.01293476
0.00773137
-0.05146613
0.02527032
0.06051629
