0.03828054
-0.01443832
-0.01519968
0.01336121
-0.00131049
0.02174505
0.02224807
0.04745920
0.01907504
0.00275726
-0.01138935
-0.02907002
0.00500573
-0.02180889
-0.03531536
0.01532600
-0.02430992
0.01757799
-0.12564965
0.00160978
0.01537214
0.01655195
-0.00032737
0.00606405
-0.00233115
-0.01263552
0.02430567
-0.03978666
-0.04375763
-0.00614528
-0.15548304
0.00979960
0.03871166
0.00006084
-0.00098791
0.05060862
0.01266068
0.02832594
-0.02968267
-0.04929586
-0.03798879
0.00383497
0.05943286
-0.01667496
-0.00473913
-0.02091660
0.02114925
-0.00264934
0.01605666
0.00745473
0.03491349
-0.00490590
-0.06876990
-0.00176717
0.05270867
-0.02652704
-0.01956601
0.01371239
0.40048626
-0.02491136
0.02925457
-0.03854609
-0.00377171
-0.00434389
-0.01784467
0.01180691
-0.02210443
0.00413561
-0.06160343
-0.03248382
0.01119705
-0.01517258
-0.05017444
-0.00112697
-0.03160275
-0.00161847
0.01363532
0.03403585
-0.01217257
-0.09896016
-0.03143081
0.00949178
0.01650383
-0.08753253
0.04504991
0.01657317
-0.01700111
-0.01457439
0.01512339
-0.05375463
-0.01232166
-0.03850513
-0.01428231
-0.01387169
-0.02863812
-0.00729146
-0.01241482
0.01305481
-0.05090979
0.00606095
0.03300461
0.05103518
-0.05663921
0.00883587
0.00474110
-0.00299192
-0.02413884
-0.00303854
-0.00028675
0.00858265
-0.01874307
0.01041401
-0.01291066
-0.01945206
0.02010655
0.00410094
0.02297286
-0.03103404
-0.02268696
0.01369332
0.00640865
-0.00048609
0.00182582
-0.02426703
0.01096610
0.01083390
-0.00646916
-0.01649746
0.00760725
0.07222526
-0.00590924
0.03996971
0.01299275
0.02931226
0.05995944
-0.02666005
-0.07337534
-0.03583040
-0.06167680
0.00640790
-0.02613356
0.03293998
-0.00827993
-0.02819900
0.01496757
-0.13920374
0.00998267
-0.02975206
-0.00460947
0.00851812
-0.01941364
0.02013476
-0.01684306
-0.02593587
0.01546495
0.02264201
-0.05913168
-0.00916175
-0.00225010
0.01690998
-0.03243513
0.06483208
-0.01493018
-0.00187300
-0.01456630
-0.03200343
0.02595049
-0.03142101
-0.00356339
0.00158201
-0.01745665
0.00399755
0.00072089
0.02060281
0.03493618
-0.00376499
0.01304759
0.01842046
-0.03867467
-0.00784989
0.00858259
0.01146178
0.00016292
0.00562359
-0.00078875
-0.14046180
-0.02051527
0.02743348
0.00025405
0.06160127
0.01388343
-0.00210129
-0.03360952
0.03533044
-0.00953792
-0.04349132
0.01916582
-0.01289838
-0.14270106
-0.03381042
0.03631009
-0.02350339
0.05053280
-0.05313531
-0.04061689
0.00702474
-0.01397540
0.02853296
-0.01774864
0.06882136
-0.04585057
-0.02691243
0.03207761
0.01670269
0.00276186
0.00425751
-0.01118604
0.06942654
0.00314505
0.04194204
-0.07035552
-0.72661459
0.02420548
0.04052316
-0.00267890
-0.02496703
-0.03246339
-0.02038026
0.01546696
0.02014027
-0.05667862
0.01460352
0.01871652
0.00867295
0.00039264
-0.00787126
0.00055176
0.00750274
0.00242868
-0.01492133
0.02201263
-0.00030856
0.09561432
-0.06304629
-0.01457639
-0.01290529
-0.00045940
0.03550825
0.00322982
0.00821096
-0.01707791
0.03055195
-0.01700568
0.01476075
0.03941657
0.00968249
-0.00606238
0.06439513
-0.00827131
0.09567330
-0.13234620
-0.10889017
0.02657610
0.00026795
-0.02957880
-0.09093809
0.06544335
0.09349860
0.03385955
0.02512758
-0.06878685
-0.03448860
-0.05100393
0.01506484
-0.04149446
0.02032759
0.06916077
0.09888844
-0.19995956
-0.15330762
0.07017090
-0.07766043
-0.03130439
0.00197126
-0.07938834
-0.06781485
-0.06203514
-0.04310058
0.03658748
0.15808058
-0.01223626
0.19802326
-0.00137996
-0.01951074
-0.05075058
-0.04464774
-0.06926925
0.05497409
0.01876712
-0.01795751
0.00647733
0.02499625
0.82106513
-0.06976022
0.05980013
0.04372574
0.09057621
0.01964608
0.03288034
-0.00868286
-0.11064411
-0.03165935
-0.02054025
0.01382944
0.05074077
0.07853485
-0.03567594
0.07728253
-0.07153761
-0.07792342
-0.01200211
-0.02526253
-0.02806783
-0.06397578
-0.00202272
-0.01905223
-0.00753737
0.02480038
0.01920583
0.02229497
-0.05460436
-0.01947690
0.01574063
0.06787025
0.04195948
0.04526709
-0.04867934
0.06444167
0.05589107
-0.00910914
-0.01039257
-0.00057111
-0.01521193
-0.00478884
-0.00807384
0.11568984
-0.03007862
0.01096591
0.02864548
-0.07866720
-0.05460485
0.03806373
-0.02487881
0.00002725
0.04307601
-0.01177887
-0.06152808
-0.02629613
0.09015536
0.08326978
-0.07533683
0.04713928
0.01465237
-0.04088416
-0.03160166
-0.03016648
0.00756968
0.02752456
-0.05543755
-0.02415604
0.00160352
-0.09939795
0.00577194
-0.01574062
0.02798876
0.00101739
0.12682967
0.00477387
0.07560114
-0.04919365
0.06586269
0.00605593
-0.07498233
-0.00089538
0.05578012
-0.04109622
0.00616897
-0.01244748
-0.03259704
-0.01390634
-0.07873297
-0.03946706
0.01751737
0.00210283
-0.01401080
-0.03044484
-0.06970808
-0.05452167
0.02321364
0.00859272
-0.01165177
0.01319215
0.15276797
-0.00846678
-0.06750865
-0.02294013
-0.01499154
-0.01074750
0.01864794
-0.05753051
-0.03941290
-0.03741980
0.05484625
-0.04514192
0.02081083
0.03588264
0.00365808
0.00239161
-0.02659884
-0.01623145
0.00165544
-0.04153799
-0.12985444
0.00577918
-0.03564791
-0.00445625
-0.02197431
-0.01368864
-0.04200613
-0.06043445
0.05843743
-0.05390155
-0.06832091
0.00000677
0.00678401
0.01702598
-0.00097715
0.01852217
-0.03136839
-0.00532712
-0.00632131
-0.05505990
0.03721118
0.02018829
-0.00248665
0.04661246
0.07237107
-0.02134412
-0.04974298
-0.00018613
-0.01737699
0.00220816
0.04274734
-0.00243026
0.02156352
-0.01182308
-0.01295816
0.05560941
-0.05068278
0.05247610
-0.00541629
-0.00026354
-0.02999556
0.06725097
0.02167123
0.02347486
-0.05731188
-0.00775186
-0.00742692
0.01260360
-0.02206929
-0.07185399
0.01654425
-0.03141091
0.04835755
-0.01464036
0.00524858
0.02377792
-0.08086693
-0.12315769
0.01466184
-0.03983170
-0.01448356
-0.02113057
-0.01783589
0.02462682
-0.02181135
-0.06123443
-0.02658606
-0.04820422
0.02456831
-0.03753928
-0.05143033
-0.00064549
-0.00466976
-0.06724302
-0.03219173
0.05854869
-0.01262128
-0.05055862
-0.04254390
0.03649012
0.00072073
0.02065774
0.01389144
0.00843854
-0.02402407
0.02038905
-0.03071816
0.06201714
-0.00008755
0.07074630
-0.01673477
0.05663492
0.02257959
-0.02080770
0.05299135
0.03676938
-0.01186768
-0.02736185
0.02410304
0.05282304
-0.00723406
-0.06762495
0.08199439
-0.04698719
0.02139797
-0.02044294
0.11034839
0.03414363
-0.00465576
-0.02634371
-0.04695650
-0.07690333
0.03854728
-0.05375952
-0.00730845
0.03049353
-0.00647700
0.04992825
0.08410459
0.00327695
-0.03399558
-0.02730625
-0.02883798
0.01652979
-0.03951333
-0.00762463
0.04787682
0.04342040
0.02546487
0.00661939
0.02286327
0.02507530
-0.01822828
-0.03404301
-0.02305026
0.02427961
-0.02664945
-0.04016155
-0.03430122
0.00099209
0.07408276
-0.01200174
-0.01059456
0.02370961
0.00002943
0.08526538
-0.05223785
-0.04791575
-0.03006756
0.02696777
0.05115906
-0.05082972
0.02312358
0.02493680
0.00238346
-0.01248268
-0.03090595
-0.01033104
0.00008290
0.02989116
0.00947305
-0.05538124
0.02651405
-0.05768902
0.03494719
-0.03233003
-0.03327912
0.05456480
-0.01016628
-0.02251466
-0.01154638
0.01138917
0.05795273
0.00463806
0.07172135
0.02918904
0.04082693
-0.03773252
0.00902725
-0.04493507
0.00584695
0.01821600
0.00214584
0.03059758
-0.02801695
0.01129425
-0.01228644
0.00657257
-0.00112443
-0.06185503
0.01597688
-0.00395048
0.03190492
0.00773291
0.02074338
0.00734797
-0.03106418
0.00284826
-0.04433638
0.02049324
-0.01303011
0.03473623
-0.06058739
-0.10182933
-0.00145267
-0.01395153
0.01790949
-0.01003737
0.00051703
0.07949936
0.02684233
0.00703755
0.02549457
-0.00239263
-0.06325831
0.01269478
-0.04132675
-0.03074951
-0.06205559
-0.04137188
-0.02801177
-0.01684616
-0.05811874
-0.00884066
-0.05147096
0.05614995
0.00952887
0.03769838
-0.00320083
-0.07344031
0.07452871
-0.06686459
-0.03833194
0.03486153
0.03276634
-0.04373688
-0.03106733
0.05084168
0.01747395
0.03923991
0.09508894
-0.03950472
-0.08612933
0.03582012
0.05214305
-0.02920532
0.04810698
-0.05713387
0.00276714
-0.03296117
-0.04159151
-0.04704707
0.02061747
-0.01536720
-0.05727659
0.00634348
-0.05813878
-0.02196496
-0.05426065
0.01767872
0.05917097
-0.09259379
0.02983894
-0.02560284
0.01108683
0.08436974
-0.04345542
-0.00602997
-0.00076232
-0.01207022
0.04321864
-0.03486283
0.06376468
0.04814080
0.00410271
-0.01364902
0.01351552
0.06560311
-0.00810909
0.00189897
-0.04114638
-0.04937530
0.08918264
0.03305637
-0.00553686
-0.03128676
0.03173543
0.00667850
-0.00453422
-0.09063502
0.04671708
-0.04765811
-0.02227297
0.01383128
-0.02781688
-0.17381512
0.05916601
0.01768752
-0.02025840
-0.09791618
-0.00996662
-0.03062761
-0.04702961
0.04946278
-0.04480609
-0.06363207
-0.00962329
-0.00120542
-0.01592575
-0.00132822
-0.00413566
-0.00834043
-0.03367178
-0.06888040
-0.02489858
0.06646226
-0.13718104
0.01402282
-0.00082530
-0.04449804
-0.01173382
-0.00804162
0.03356294
0.00192641
-0.02604265
-0.09052435
-0.06445711
-0.02169657
-0.00621914
0.02019320
0.00095470
0.10122942
0.00103327
0.09349302
0.02845903
-0.06888627
-0.06828954
0.09253980
-0.02590287
0.08865030
-0.04564131
0.02115636
-0.06190866
-0.11986256
-0.01987810
-0.00259699
0.02050362
-0.09878842
-0.01148326
-0.01247171
0.04924276
0.01667630
0.13227166
-0.00760022
0.00789907
-0.01229247
0.02722274
0.03763070
-0.02806361
0.02124785
0.11239427
0.05397932
0.03768171
-0.03522249
0.04219712
-0.00547526
-0.02504634
-0.02387735
-0.00559877
-0.03754643
-0.01013037
-0.01268884
0.05973230
-0.02566191
-0.01190409
-0.00074357
-0.04547552
0.02535095
-0.03647445
-0.10932009
0.00417141
-0.07791680
-0.04369296
-0.06469824
-0.00084059
0.01005294
0.01070183
-0.01424585
0.05600753
-0.07084507
0.00052754
-0.08259189
-0.06141444
0.02218941
0.05648323
0.03641719
0.04781148
-0.02043757
-0.01603284
-0.08698635
-0.07115506
0.02167576
0.03448031
0.05698185
0.00421431
-0.00162305
-0.02340873
-0.04205562
0.01714571
0.03092344
