0.01990270
-0.00227994
-0.02352521
0.01959622
-0.00545079
0.03724657
0.01038699
0.01676872
-0.03208774
-0.00010733
-0.00633851
-0.01639767
-0.00123104
0.01136571
-0.01296903
0.00099822
-0.01674591
0.03811251
-0.10748529
0.00263636
0.00651631
-0.01753074
0.05827292
0.00103677
0.00898825
-0.01624972
-0.00079391
-0.01879954
-0.01501071
0.00467299
-0.08470440
0.01213696
0.02505045
-0.01437969
-0.00327881
-0.00422857
0.03497449
0.01165801
-0.00690451
0.01885155
-0.02558389
-0.00230181
0.04783589
0.00106490
0.01113783
-0.02488021
-0.00199372
-0.01178625
-0.01581996
0.00636293
0.03266171
0.06494068
-0.04357357
-0.02986274
0.03779412
-0.01611502
-0.00888947
0.00093454
0.44171122
0.00645943
0.02291173
-0.02453125
-0.00690893
0.00786571
0.00285635
0.00463422
-0.02179549
0.01203197
-0.07750816
-0.02550188
-0.00651647
0.00996490
-0.01984793
0.01132003
-0.06153797
0.00046817
0.01906185
-0.01731331
-0.01044236
-0.16512600
-0.01503236
-0.00605121
0.00741050
-0.04968063
-0.02171401
-0.02110031
-0.02030190
-0.03136707
0.01128047
-0.03388109
-0.03267324
-0.06005825
0.06568078
-0.01285371
-0.02703469
0.00335364
-0.01794768
-0.00240201
-0.01586215
0.00237336
0.01035895
0.01152312
-0.02418442
-0.00215163
0.00601530
-0.00527278
-0.01320339
0.01203555
0.00589673
0.00529174
-0.00580553
0.00186238
0.03413746
0.01310174
0.02056089
0.00292982
0.03497924
-0.01286334
-0.01676294
0.00940116
0.00993107
0.00813130
0.00683585
-0.00747545
0.01734722
0.00377484
-0.02740063
-0.02175939
0.01181951
0.01747638
0.04006021
0.02831963
0.01738028
0.00461846
0.00208733
-0.02077867
0.00517731
-0.02927053
-0.04359741
0.00566061
0.09635223
0.03229951
-0.00712134
-0.00311576
0.00618317
-0.16956896
-0.00711508
-0.01422179
-0.00212458
0.01440995
0.02389028
0.02486619
0.02672869
-0.00335519
0.01395433
-0.03172156
0.00594050
-0.00301803
0.04115329
0.02546649
-0.01776115
0.14116244
-0.04808182
0.00385247
-0.00456253
-0.04490880
0.03179488
-0.02255119
-0.00940626
0.02049975
-0.00988937
0.00053225
-0.00549359
0.02088251
0.02580096
0.01616963
0.01348457
0.00276578
-0.00555594
-0.00115558
0.04462513
0.01170187
0.00208664
-0.01881850
0.02341239
-0.20178436
0.14912850
0.01605877
-0.00109610
0.03118129
-0.05440290
-0.01877539
-0.03755065
0.01250322
-0.01286760
-0.03195052
0.01463024
0.00176908
-0.02217374
-0.00890031
-0.00935449
-0.00591132
0.03636500
-0.00452163
-0.00669224
-0.01809015
0.00027282
0.03069179
-0.00235941
0.09502824
-0.00246191
-0.00814377
0.01300595
0.00213954
0.00541977
-0.01301411
-0.02361204
0.05600905
-0.02072774
0.00495095
-0.02354897
-0.70562828
0.01432218
0.03486931
0.01098395
-0.02238641
0.01269236
-0.00700472
0.02431213
0.02090533
-0.01786254
0.03042258
-0.00069520
0.01207290
-0.05788264
0.00589608
0.01910324
0.00373752
-0.00954425
0.00454406
0.00055179
-0.01112837
0.09177822
-0.03504383
-0.02390751
-0.00339970
0.01381679
-0.03589207
0.01948699
0.04947298
-0.00379898
0.00930345
0.00952852
0.02214689
0.02429609
0.01650758
-0.03500612
0.08201004
-0.13306251
0.14001143
0.06401560
-0.01690085
-0.10608335
-0.11996913
-0.00852162
0.14977922
-0.17385542
0.16106951
0.08331650
0.01346837
0.03149981
-0.03961625
-0.06450646
-0.03664430
-0.05778726
-0.04491892
0.10213834
0.11223179
-0.09357308
-0.04588942
0.05804208
0.07883909
-0.06046600
-0.05898932
-0.10242108
-0.04843725
-0.02561729
-0.03008044
-0.00595359
-0.05630217
-0.03590997
0.00022673
-0.08395570
-0.03091355
-0.08716052
0.02132704
-0.04355931
0.21043234
-0.13069420
0.00111764
-0.11178345
-0.15744849
0.71946770
-0.14151210
-0.01080464
-0.08684999
-0.08139559
0.03076750
0.03524176
0.08016717
0.04270873
-0.08279601
-0.12571014
0.10585432
0.03014070
0.16074799
0.04043849
-0.00565502
-0.07821191
0.09275553
0.01347995
-0.03127678
-0.02251236
-0.11360172
0.03801624
-0.01676816
-0.01743445
0.00062459
-0.00934970
-0.02704170
-0.03309391
0.02156079
-0.01161561
0.03593047
0.02820024
-0.00070216
-0.08007105
0.03784303
0.05988578
0.01396028
-0.01766534
-0.00704284
-0.01523790
-0.02032421
0.04901817
0.11102762
-0.01408674
0.01101248
-0.03547946
-0.08019926
-0.03786446
0.05169353
-0.06826305
0.04495985
0.07365048
0.04305840
0.00412642
-0.01989983
0.08696922
0.02543385
-0.08979890
0.01575785
0.02357299
-0.03519922
0.01405572
0.00129031
-0.01057474
-0.02422742
0.02940099
-0.06927607
0.00739617
-0.03812171
0.03697715
-0.02096884
0.01987278
0.00167744
0.09581875
0.01473530
-0.01798120
-0.01607619
0.06955648
0.03480219
-0.06852271
-0.01707406
0.02405577
0.01602500
0.08169492
-0.04114686
-0.05708774
-0.00305941
-0.08551648
-0.01883042
0.09607958
0.00647404
0.00522156
0.02146642
-0.01403192
0.00578023
-0.02955688
0.00805380
0.00850670
-0.02237580
0.08255694
-0.00611711
-0.04274928
0.01118505
0.04231812
0.05705198
-0.01364155
-0.05124025
-0.04575840
0.01335767
0.05301952
-0.02964872
-0.01691605
0.04516402
0.02981097
0.02512484
-0.01746114
0.01231261
0.02917977
-0.03371273
-0.08920882
-0.02911946
-0.06795491
0.01931056
-0.02904058
0.07541811
-0.04053125
-0.04555612
0.03728681
-0.01332722
-0.05861236
-0.01059301
0.03387723
0.00687630
0.05041950
-0.01074345
-0.00120119
-0.00046602
-0.03310108
-0.02184304
0.01709143
-0.02420095
-0.01163586
0.01718027
0.06454162
-0.05326428
-0.03903566
0.07714369
0.03523256
0.01289487
0.02991870
0.00266556
-0.01296497
0.01125547
-0.00924809
-0.01235793
-0.05981622
0.09697314
0.15346280
-0.00212506
-0.02045882
0.05004434
0.00627806
0.02863203
-0.01395570
-0.02598223
-0.00595227
0.04303887
-0.04404891
-0.07107755
0.05353095
-0.05948455
-0.00863682
0.00611609
0.01139711
0.00829010
-0.10700386
-0.03848819
0.04379411
0.06067804
0.00354865
-0.02136710
0.01830636
0.04358809
-0.04164338
-0.02299580
-0.05545384
-0.07764120
0.03117677
-0.02979975
-0.00788146
0.03220063
-0.01855011
-0.02345506
-0.05119338
0.01049692
0.03686606
-0.07265265
0.00930195
0.03842182
-0.01237893
0.06282683
0.01012390
-0.01565295
-0.01573541
-0.02252712
-0.01971445
0.04501844
0.03933990
0.09828217
-0.07191896
0.10042315
-0.03508614
-0.05227292
0.02115896
-0.03536255
-0.04857371
0.01323714
0.02041287
-0.02435085
-0.06945963
-0.01384268
0.00542454
-0.02468672
0.04479648
0.02200598
0.01252139
0.03705624
0.02332947
-0.04012714
-0.08194467
-0.02814315
0.06247615
-0.04807532
0.03129920
0.02135465
-0.02580296
0.02804701
-0.00964625
0.01471700
-0.01427164
-0.04873485
-0.01281745
0.00727927
-0.04293766
-0.08284002
0.03981398
0.06617606
0.04996042
0.00388253
-0.03162534
-0.00207529
-0.06559322
-0.00541999
0.09509143
-0.02381887
-0.02815700
-0.03178191
-0.07073834
-0.07645103
0.09229301
-0.01803061
-0.00552228
-0.01464006
0.04759595
0.06079732
-0.07410567
-0.00036457
-0.03347830
-0.00593438
0.02777532
0.04207974
-0.02792260
0.01410937
-0.09277599
0.04817414
-0.04038232
0.00487676
-0.02263558
0.02574449
0.04140545
-0.00379821
0.02427730
-0.07683855
0.01159291
-0.02812058
-0.05738298
0.04927767
-0.01210386
-0.00598466
-0.05508514
0.00640557
-0.11683164
-0.00530620
0.07873227
0.03969139
-0.00542712
-0.03908763
-0.02004503
0.03772246
-0.03535470
0.06237149
0.00396967
-0.02947733
-0.03564830
-0.02754782
-0.01600687
-0.04026410
0.05308719
-0.01834482
-0.04775406
0.01586220
-0.00172412
0.04745144
0.05558397
0.02323238
-0.03980934
-0.00789826
-0.02645699
-0.00165122
0.02146566
0.06977674
-0.01777267
-0.01758672
-0.01893362
0.01496196
0.01179765
0.02303655
-0.01938279
-0.02766727
0.01204122
-0.06441201
-0.02312092
0.00180511
-0.02413623
-0.01259637
-0.02091889
-0.02483442
-0.02443608
-0.04537924
-0.03428473
-0.06009113
-0.02019750
-0.04420915
-0.02307117
0.06461447
0.01667138
-0.00618445
-0.01302991
-0.05723413
0.05842817
0.01467901
0.04458957
-0.01966593
0.03124741
-0.03718962
-0.08098603
0.03312908
0.04275027
0.05546686
0.01661869
-0.02913475
-0.03478482
-0.01857117
0.06646535
-0.01693337
0.00760470
-0.04161078
0.01958484
0.03754147
-0.05898046
-0.01212092
0.06149014
-0.06937290
0.02358628
0.04033447
0.01455022
-0.12183087
0.01403026
-0.01172421
0.03801136
-0.03180735
0.01767237
-0.00492962
-0.02168703
0.05271672
-0.03409196
0.01024520
0.04015667
-0.02880887
0.01007585
0.00290758
0.02460576
0.06158704
-0.02711730
0.01596411
0.03422374
0.04619934
0.00555372
0.02786322
-0.05833215
-0.07513672
0.01215699
0.02086892
-0.01939907
0.00454815
-0.00948556
-0.01791952
-0.04157115
-0.05300541
0.04562201
-0.01215782
-0.03182412
-0.02371103
-0.01093581
-0.13359123
0.13337065
0.03083128
-0.04952931
-0.02466340
-0.03705318
0.00941122
0.01428521
0.05310604
-0.02892211
-0.02152846
0.02024929
-0.02765172
-0.01677156
-0.04184156
-0.06091246
-0.00948797
0.02184925
-0.04222741
-0.04100660
0.05348350
-0.11811282
0.04678963
-0.00363318
-0.01434069
0.07241011
-0.02969871
0.02483836
0.01782940
-0.01276722
-0.12368365
-0.10554710
-0.01541821
-0.03806002
0.02982760
0.01838970
0.08108276
0.05350550
0.18815264
0.00076846
-0.07426257
-0.06319831
0.08557695
-0.01216638
0.04094556
-0.09487081
-0.03987493
-0.07520300
-0.07057050
-0.07634210
-0.01544500
-0.00315509
-0.09586962
-0.00516360
-0.07679271
0.02951730
0.01089387
0.02649811
-0.01666555
0.02223860
-0.03975499
-0.02678677
-0.02347282
-0.01584206
-0.05495374
0.06970954
0.05648696
-0.01871458
-0.00961488
0.02634701
-0.00383554
0.02996788
-0.01095317
-0.00947342
-0.03595338
0.01758684
-0.01020488
0.03047201
0.04281752
0.02965937
-0.03451253
-0.01023313
-0.03587383
-0.01576326
-0.09247451
-0.00081928
-0.01617947
-0.03104671
-0.06063486
-0.02290452
0.00412083
0.05409086
-0.02034845
0.00888141
-0.04848428
-0.04922526
-0.05326249
-0.02329507
0.03166291
0.02710373
-0.00960663
0.02823692
-0.00021133
-0.01662785
-0.06975962
-0.08409616
0.03660302
0.02624412
0.01842185
0.01714383
-0.01558932
-0.07045963
-0.00864242
0.04927197
0.05338765
