1.139826048165559769e-02
6.129113491624593735e-03
-4.160841181874275208e-02
1.901781186461448669e-02
-1.851773448288440704e-02
6.003279238939285278e-02
2.207145281136035919e-02
4.959487169981002808e-02
8.114880323410034180e-02
3.930266480892896652e-03
-4.107680916786193848e-02
-3.764407336711883545e-02
-1.190343638882040977e-03
-8.608162403106689453e-03
-2.258515171706676483e-02
6.304590962827205658e-03
-2.103366330265998840e-02
1.312473975121974945e-02
-9.209246188402175903e-02
1.637362688779830933e-02
7.047722581773996353e-03
-1.258168253116309643e-03
1.333352085202932358e-02
-1.377612352371215820e-02
3.087111748754978180e-03
1.335373707115650177e-02
-5.737778730690479279e-03
-3.902257233858108521e-02
-1.117682456970214844e-02
1.369576901197433472e-02
-1.759747117757797241e-01
-4.417017567902803421e-03
3.400770947337150574e-02
2.775359665974974632e-03
1.555175893008708954e-02
5.531945079565048218e-02
-1.774977333843708038e-02
2.368034049868583679e-02
-2.876437455415725708e-02
-8.295563608407974243e-02
-1.541730482131242752e-02
4.832210019230842590e-03
2.289280667901039124e-02
-3.871047496795654297e-02
2.184818964451551437e-03
1.717599295079708099e-02
2.252995781600475311e-02
-3.278421238064765930e-02
3.714754432439804077e-02
7.702840492129325867e-03
4.940854012966156006e-02
5.743644665926694870e-03
-1.102062165737152100e-01
1.732615567743778229e-02
3.741870447993278503e-02
-2.760932315140962601e-03
-4.822241142392158508e-03
7.369952509179711342e-04
3.669321238994598389e-01
3.771062195301055908e-02
2.689716778695583344e-02
-3.415646404027938843e-02
-4.128992557525634766e-02
1.484138891100883484e-02
3.038213588297367096e-02
-2.179801464080810547e-02
-1.127896364778280258e-02
-4.569025768432766199e-04
6.738621741533279419e-03
-4.528100416064262390e-02
1.746421679854393005e-02
6.812177132815122604e-03
-6.391267478466033936e-02
1.505074091255664825e-02
-2.923710830509662628e-02
-3.135402500629425049e-02
1.984309218823909760e-02
4.150146245956420898e-02
-7.655791472643613815e-03
-8.726786077022552490e-02
-2.159251458942890167e-02
1.898171752691268921e-02
2.837408334016799927e-02
-7.194863259792327881e-02
1.746398583054542542e-02
2.589129842817783356e-03
3.828122862614691257e-04
-9.780000895261764526e-03
1.633022725582122803e-02
-2.598696947097778320e-02
3.609601641073822975e-03
-7.103491574525833130e-02
4.985517635941505432e-02
-2.392087876796722412e-02
-1.825885847210884094e-02
-9.601538069546222687e-03
-2.302835322916507721e-02
1.459374092519283295e-02
-3.244345262646675110e-02
7.145698647946119308e-03
2.040846832096576691e-02
2.970637381076812744e-02
-3.579054400324821472e-02
5.413642618805170059e-03
3.137435298413038254e-03
-1.531360112130641937e-02
-3.048027306795120239e-02
2.144110947847366333e-02
3.727350383996963501e-03
-1.169779803603887558e-02
-2.184017002582550049e-02
9.224328212440013885e-03
-2.021244354546070099e-02
-2.779099345207214355e-02
7.597714284202083945e-05
1.571113802492618561e-02
5.014600604772567749e-02
-5.554917268455028534e-03
-2.976767346262931824e-02
4.320888314396142960e-03
6.850439123809337616e-03
7.574345218017697334e-04
-1.666793413460254669e-02
-7.380432914942502975e-03
-4.471900686621665955e-02
-2.341595711186528206e-03
1.393018197268247604e-02
-1.123389415442943573e-02
3.726484626531600952e-02
6.907870620489120483e-02
-5.334665998816490173e-02
2.405120432376861572e-02
1.756807044148445129e-02
3.795600263401865959e-03
5.361526831984519958e-02
-6.167306378483772278e-02
-9.286693483591079712e-02
-3.294237703084945679e-02
-1.205922812223434448e-01
1.184441056102514267e-02
-3.254840523004531860e-02
2.212987467646598816e-02
1.517207454890012741e-02
-4.412247613072395325e-02
3.908171132206916809e-02
-1.039855703711509705e-01
1.336796954274177551e-02
-1.080385874956846237e-02
4.850503057241439819e-03
-6.009957287460565567e-03
6.323075853288173676e-03
-4.066509194672107697e-03
-1.407498121261596680e-02
-6.144892424345016479e-02
6.673092953860759735e-03
5.310508422553539276e-03
-7.008346915245056152e-02
-3.970670513808727264e-03
-2.250014618039131165e-02
9.872883558273315430e-03
-1.282583829015493393e-02
4.794041812419891357e-02
4.479289054870605469e-02
-2.922933176159858704e-02
-2.691020490601658821e-03
-4.001877456903457642e-02
6.268698722124099731e-02
-2.598924189805984497e-02
-6.318540312349796295e-03
2.170651277992874384e-04
-2.916243113577365875e-02
-9.878349490463733673e-03
8.985116146504878998e-03
2.156103029847145081e-02
4.399693757295608521e-02
2.348542027175426483e-02
9.039376862347126007e-03
4.818552173674106598e-03
-1.656868308782577515e-02
-1.307707373052835464e-02
1.002840977162122726e-02
1.546390005387365818e-03
6.892710924148559570e-03
1.322237309068441391e-02
2.471331879496574402e-02
-1.566965132951736450e-01
-6.048107519745826721e-03
3.160721436142921448e-02
-1.888983696699142456e-02
5.554457008838653564e-02
3.848888725042343140e-02
2.086189342662692070e-03
-1.277374289929866791e-02
1.412013545632362366e-02
2.832352183759212494e-02
-4.657467827200889587e-02
-5.717822164297103882e-02
-6.648671813309192657e-03
-1.697993427515029907e-01
-2.835230343043804169e-02
9.997747838497161865e-02
-1.114910747855901718e-02
7.968262583017349243e-02
-4.341981559991836548e-02
-3.546736016869544983e-02
-2.700089477002620697e-02
3.376990789547562599e-03
1.509851682931184769e-02
-1.805453374981880188e-02
7.636769115924835205e-02
-6.083534285426139832e-02
-1.852782070636749268e-02
4.927352815866470337e-02
3.229449968785047531e-03
-1.812853268347680569e-03
1.751996576786041260e-02
-1.782916672527790070e-02
4.710074141621589661e-02
1.202449668198823929e-02
2.731746248900890350e-02
-6.049730256199836731e-02
-6.987307071685791016e-01
5.356545560061931610e-03
1.726704835891723633e-02
4.099816083908081055e-03
8.465480641461908817e-05
-6.520978361368179321e-02
6.723263766616582870e-03
9.111598134040832520e-03
-1.119359768927097321e-02
-3.094327077269554138e-02
3.275969624519348145e-02
1.167791779153048992e-03
8.649350638734176755e-05
-3.417944908142089844e-02
-8.295360021293163300e-03
-3.326088935136795044e-02
2.094657160341739655e-02
-4.763754550367593765e-03
-6.994532421231269836e-03
2.561982907354831696e-02
1.204502955079078674e-02
4.965989291667938232e-02
-1.139251366257667542e-01
-6.380900740623474121e-03
-3.364507341757416725e-03
1.305837370455265045e-02
5.331764742732048035e-02
2.986396476626396179e-02
1.208769623190164566e-02
-3.042496740818023682e-03
3.185676783323287964e-02
1.707772165536880493e-02
1.366886496543884277e-02
1.684317737817764282e-02
1.463914662599563599e-02
1.132223904132843018e-01
-3.375425189733505249e-02
-9.391745924949645996e-02
7.652649283409118652e-02
-3.119686990976333618e-02
-7.461706548929214478e-02
2.558238618075847626e-02
-5.479474738240242004e-02
-1.366577576845884323e-02
9.324218146502971649e-03
1.412174552679061890e-01
4.974787682294845581e-02
1.149505469948053360e-02
2.914478816092014313e-02
2.713885344564914703e-02
5.801512300968170166e-02
3.327250480651855469e-02
8.921166509389877319e-02
-8.694124966859817505e-02
-2.268227515742182732e-03
-1.045315489172935486e-01
1.308156363666057587e-02
-6.115028634667396545e-02
6.042233482003211975e-02
3.297553583979606628e-02
-3.516113385558128357e-02
-6.854881346225738525e-02
-7.502833753824234009e-02
-1.288602203130722046e-01
-6.234003975987434387e-02
1.891642361879348755e-01
3.112610802054405212e-02
-9.121519327163696289e-02
-6.044979020953178406e-02
8.889938890933990479e-02
-8.328471332788467407e-03
-3.651207312941551208e-02
4.112558066844940186e-02
-2.175575308501720428e-02
6.441654264926910400e-02
-9.295716136693954468e-02
1.224751397967338562e-01
1.992945373058319092e-02
-1.024977937340736389e-01
9.456064552068710327e-02
3.106062114238739014e-02
8.059683442115783691e-01
-1.729633510112762451e-01
-4.254501685500144958e-02
-9.831626713275909424e-02
-2.587461844086647034e-02
4.773044586181640625e-02
-2.832632977515459061e-03
1.477652043104171753e-01
-4.151406884193420410e-02
-6.603758037090301514e-02
6.687799841165542603e-02
3.599015250802040100e-02
-4.389602690935134888e-02
-5.566681548953056335e-02
-5.598310381174087524e-02
-8.976081013679504395e-02
2.152573876082897186e-02
1.096991971135139465e-01
-3.792918520048260689e-03
-1.045951992273330688e-02
6.204978097230195999e-03
-6.898295879364013672e-02
1.430720090866088867e-02
-9.945775382220745087e-03
-2.373030781745910645e-02
1.626504771411418915e-02
4.345856234431266785e-02
3.488560765981674194e-02
-6.555838137865066528e-02
-6.549489218741655350e-03
2.351568080484867096e-02
4.637098312377929688e-02
7.094459980726242065e-02
5.558747053146362305e-02
-4.673147201538085938e-02
5.836186930537223816e-02
6.500714272260665894e-02
-1.145976874977350235e-02
3.127635223791003227e-03
1.676145568490028381e-02
-1.766830682754516602e-02
-2.990738302469253540e-02
-1.354868523776531219e-02
7.171209156513214111e-02
3.588708117604255676e-03
-1.933744875714182854e-03
2.450820244848728180e-02
-5.986992642283439636e-02
-6.678854674100875854e-02
4.050315171480178833e-02
-5.440849438309669495e-02
-2.350424602627754211e-02
5.884632468223571777e-02
-5.659769475460052490e-02
-6.213649734854698181e-02
-2.506747469305992126e-02
9.528248757123947144e-02
5.627165362238883972e-02
-7.082016021013259888e-02
3.350851312279701233e-02
-1.964175328612327576e-02
-4.245726764202117920e-02
-3.209342015907168388e-03
-3.857509791851043701e-02
-3.447767347097396851e-02
1.047126576304435730e-02
-5.273495241999626160e-02
-1.137547381222248077e-02
1.324414275586605072e-02
-8.027166873216629028e-02
-3.253618255257606506e-03
-2.081842161715030670e-02
2.033824846148490906e-02
3.937181551009416580e-03
1.123946458101272583e-01
-1.236790558323264122e-03
7.937913388013839722e-02
-1.219716668128967285e-02
7.126131653785705566e-02
1.193344593048095703e-02
-7.834652811288833618e-02
-1.356766931712627411e-02
5.511900410056114197e-02
-3.364301845431327820e-02
1.904720626771450043e-02
-1.524032745510339737e-02
-3.859616070985794067e-02
-1.727506518363952637e-02
-6.433591246604919434e-02
-4.648173600435256958e-02
-5.066437181085348129e-03
5.342386197298765182e-03
-2.389218099415302277e-02
-3.793116658926010132e-02
-5.338699743151664734e-02
-5.298365652561187744e-02
-4.331770818680524826e-03
-7.137218955904245377e-03
-7.359544746577739716e-03
3.467884659767150879e-02
1.323884576559066772e-01
5.538815632462501526e-03
-3.659466654062271118e-02
-2.204263396561145782e-02
-4.897767677903175354e-03
1.063957717269659042e-02
-7.904044352471828461e-03
-1.428624242544174194e-02
-7.744554430246353149e-02
7.035591173917055130e-03
3.293107450008392334e-02
-6.677601486444473267e-02
3.296315297484397888e-02
2.411937713623046875e-02
3.948317025788128376e-04
5.778254475444555283e-03
-4.364778846502304077e-02
1.670527644455432892e-02
2.011875435709953308e-02
-3.249847097322344780e-03
-1.337369978427886963e-01
4.660277068614959717e-02
-2.559380047023296356e-02
-3.193226829171180725e-02
-7.981347851455211639e-03
-4.130491986870765686e-02
-1.465629693120718002e-02
-3.957149758934974670e-02
5.613423511385917664e-02
-9.672236442565917969e-02
-4.272503033280372620e-02
-5.891238339245319366e-03
-2.431949973106384277e-02
-2.328322455286979675e-02
-2.393602207303047180e-02
4.550584033131599426e-02
-6.065806373953819275e-02
-3.826348856091499329e-02
-3.255701065063476562e-02
-4.401582479476928711e-02
2.944490499794483185e-02
2.764501608908176422e-02
-1.524152047932147980e-02
2.260459214448928833e-02
8.504924178123474121e-02
-9.322328120470046997e-02
-2.859452739357948303e-02
-3.348355367779731750e-02
-1.157497335225343704e-02
-1.991979405283927917e-02
4.527048394083976746e-02
-4.917172715067863464e-03
2.521164715290069580e-03
-2.947658300399780273e-02
-3.426754148676991463e-03
4.225878044962882996e-02
-5.487935617566108704e-03
1.935876905918121338e-02
-4.107812419533729553e-02
-4.490365833044052124e-02
-5.771696101874113083e-03
8.471771329641342163e-02
1.736909709870815277e-02
2.439629100263118744e-02
2.747419057413935661e-03
-8.626797236502170563e-03
-1.209328323602676392e-02
-2.335513010621070862e-02
-1.891811750829219818e-02
-5.830195918679237366e-02
4.062008857727050781e-02
-4.000506550073623657e-02
1.512069348245859146e-02
-6.305570714175701141e-03
-3.507878398522734642e-03
2.623200998641550541e-04
-4.893038421869277954e-02
-1.039996594190597534e-01
-1.543576829135417938e-03
-6.267478317022323608e-02
-2.143077552318572998e-02
-2.466308511793613434e-02
-1.217790879309177399e-02
2.511541172862052917e-02
-6.329365540295839310e-03
-4.822923988103866577e-02
-1.444344781339168549e-02
-6.064000353217124939e-02
2.641359902918338776e-02
-5.297725275158882141e-02
-2.346363477408885956e-02
1.451082061976194382e-02
-2.147840522229671478e-02
-5.025961250066757202e-02
-5.233788117766380310e-02
6.270290911197662354e-02
-2.265733666718006134e-02
-4.470797628164291382e-02
-5.058130249381065369e-02
4.102354124188423157e-02
-8.218789007514715195e-04
4.744585603475570679e-02
1.456124242395162582e-02
2.495030313730239868e-02
-5.098130926489830017e-02
7.036929484456777573e-03
-3.666125610470771790e-02
6.755653023719787598e-02
-2.090815454721450806e-03
7.899973541498184204e-02
1.435827929526567459e-02
3.367105126380920410e-02
3.202882781624794006e-02
-6.335577368736267090e-02
2.074380964040756226e-02
4.137501493096351624e-02
6.352394819259643555e-03
-3.039319254457950592e-02
4.612401127815246582e-03
4.107797145843505859e-02
-7.675394415855407715e-03
-8.485073596239089966e-02
8.988447487354278564e-02
-9.742380678653717041e-02
5.489124730229377747e-02
-5.682721361517906189e-02
8.969963341951370239e-02
3.475418314337730408e-02
-8.707712404429912567e-03
-5.692736804485321045e-02
-4.226043820381164551e-02
-9.243477135896682739e-02
5.439488217234611511e-02
-1.634762994945049286e-02
-1.370732020586729050e-02
1.200622692704200745e-02
-8.443444035947322845e-03
1.942205056548118591e-02
9.725983440876007080e-02
2.555526606738567352e-02
-3.705726191401481628e-02
-8.676301687955856323e-03
-2.107962407171726227e-02
1.642416231334209442e-02
-5.419730022549629211e-02
8.828793652355670929e-03
5.527860298752784729e-02
5.244506523013114929e-02
-5.763229914009571075e-03
3.713622316718101501e-02
1.389798428863286972e-02
1.436693035066127777e-02
-1.007093675434589386e-02
-3.443979471921920776e-02
-3.605711832642555237e-02
1.809704676270484924e-02
-1.096603926271200180e-02
-3.416839241981506348e-02
-3.115892037749290466e-02
3.933718800544738770e-02
4.638795554637908936e-02
-7.379691116511821747e-03
2.917556790634989738e-03
2.702925819903612137e-03
-3.042587544769048691e-03
7.560794800519943237e-02
-4.611769691109657288e-02
-5.629489943385124207e-02
-5.277943611145019531e-02
2.243781834840774536e-02
8.339041471481323242e-02
-5.076056346297264099e-02
3.764430433511734009e-02
-4.247449687682092190e-04
-1.773755066096782684e-02
-2.404011599719524384e-02
-5.341324023902416229e-03
-3.842300549149513245e-02
-2.941369079053401947e-02
5.503727868199348450e-02
6.986899767071008682e-03
-3.188379108905792236e-02
1.339893788099288940e-02
-2.784370444715023041e-02
2.465184777975082397e-02
-2.458160184323787689e-02
-4.203957691788673401e-02
3.345202654600143433e-02
-5.108700133860111237e-03
-5.391053389757871628e-03
-2.265324443578720093e-02
2.702989382669329643e-03
6.034292653203010559e-02
4.437569528818130493e-02
5.426976829767227173e-02
5.208053160458803177e-03
1.241029612720012665e-02
2.861170563846826553e-03
-3.434524871408939362e-03
-3.366870433092117310e-02
-3.600168600678443909e-02
1.153146009892225266e-02
-1.927976729348301888e-03
8.110548555850982666e-02
-5.267342552542686462e-02
1.691884547472000122e-02
-2.812459319829940796e-02
4.838629812002182007e-02
1.798161678016185760e-02
-5.456288531422615051e-02
5.292734131217002869e-03
2.725904062390327454e-02
-5.513256788253784180e-02
-1.181083545088768005e-02
5.348969623446464539e-02
1.634518057107925415e-02
-3.043135628104209900e-02
3.491507843136787415e-02
-3.308448195457458496e-02
5.217652767896652222e-02
-3.115192987024784088e-02
3.927608579397201538e-02
-3.111780621111392975e-02
-7.923711836338043213e-02
3.666013851761817932e-02
-2.735922462306916714e-04
3.235086426138877869e-02
-1.931621134281158447e-02
-2.730313129723072052e-02
7.916514575481414795e-02
3.080772049725055695e-02
4.547347314655780792e-03
1.667231670580804348e-03
-2.523669274523854256e-03
-3.418512269854545593e-02
1.868007518351078033e-02
-7.760746031999588013e-02
-3.182949125766754150e-02
-8.694542944431304932e-02
-1.575396768748760223e-02
-1.396003365516662598e-02
-1.053718943148851395e-02
-7.690905779600143433e-02
9.183910675346851349e-03
-4.134840145707130432e-02
6.359443813562393188e-02
8.102502673864364624e-02
4.369766265153884888e-02
-1.298489980399608612e-02
-7.299267500638961792e-02
9.009091556072235107e-02
-7.844282686710357666e-02
-4.570943117141723633e-02
5.422381684184074402e-02
4.771270230412483215e-02
-5.113814491778612137e-03
5.495822988450527191e-03
2.080345712602138519e-02
2.560784667730331421e-02
4.632767289876937866e-02
8.437556773424148560e-02
-6.509499251842498779e-02
-8.719485253095626831e-02
-7.899594493210315704e-03
5.657006800174713135e-02
-5.685183405876159668e-02
4.957294464111328125e-02
-1.925848610699176788e-02
2.970820479094982147e-02
-2.596120350062847137e-02
-2.299026399850845337e-02
1.702552777715027332e-03
4.199153184890747070e-02
-5.987832788378000259e-03
-7.891197502613067627e-02
-1.217136532068252563e-02
-2.393160760402679443e-02
5.577958188951015472e-03
-3.692976757884025574e-02
4.167600348591804504e-02
6.285750120878219604e-02
-5.146686360239982605e-02
1.383006572723388672e-02
-4.006876051425933838e-02
-2.179647237062454224e-02
6.295558810234069824e-02
1.086115604266524315e-03
-1.572721637785434723e-02
1.923251152038574219e-02
-1.576067693531513214e-02
5.083668977022171021e-02
-2.642551064491271973e-02
4.347353056073188782e-02
2.328746020793914795e-02
-8.052284247241914272e-04
-1.238099392503499985e-02
-3.526704153046011925e-03
5.848311632871627808e-02
-3.776922356337308884e-03
-2.533346787095069885e-02
-3.674315288662910461e-02
-5.824024602770805359e-02
8.414380997419357300e-02
2.412617951631546021e-02
8.082048036158084869e-03
-4.990530386567115784e-02
6.395150907337665558e-03
2.687824703752994537e-02
2.932861819863319397e-02
-6.367377191781997681e-02
3.425144031643867493e-02
5.322654615156352520e-04
5.999797489494085312e-03
3.438933519646525383e-03
-4.699874669313430786e-02
-1.887948364019393921e-01
7.526844739913940430e-02
1.866745948791503906e-02
-1.872113719582557678e-02
-5.088241770863533020e-02
2.775186300277709961e-02
-8.449069224298000336e-03
-5.973302945494651794e-02
2.043728018179535866e-03
-5.233625695109367371e-02
-7.595856487751007080e-02
-2.285699732601642609e-02
-9.982959367334842682e-03
-1.139899436384439468e-02
4.670290742069482803e-03
4.137506708502769470e-03
-7.542976643890142441e-03
-5.694617703557014465e-02
-4.428657144308090210e-02
-2.674857713282108307e-02
6.388515233993530273e-02
-9.362216293811798096e-02
-3.283430263400077820e-02
2.299946360290050507e-02
-5.460055917501449585e-02
-2.712601795792579651e-03
-1.387045439332723618e-02
3.069721907377243042e-02
1.661511696875095367e-02
-1.641704700887203217e-02
-8.258272707462310791e-02
-6.079937517642974854e-02
-2.464455924928188324e-02
-7.197476923465728760e-03
1.677571237087249756e-02
-1.477385312318801880e-02
7.217942923307418823e-02
1.818537712097167969e-02
4.510294273495674133e-02
2.714504115283489227e-02
-6.645795702934265137e-02
-6.712831556797027588e-02
1.075893491506576538e-01
-1.879352959804236889e-03
5.838238075375556946e-02
-1.648853719234466553e-02
2.285305783152580261e-02
-3.749352693557739258e-02
-1.326405853033065796e-01
-7.163314148783683777e-03
2.273051068186759949e-03
3.866442665457725525e-02
-1.287354230880737305e-01
-1.841889321804046631e-02
2.482843957841396332e-02
9.683869779109954834e-03
2.905098907649517059e-02
1.238255351781845093e-01
-1.471695862710475922e-02
2.312482707202434540e-02
-2.081790193915367126e-02
4.923391621559858322e-03
2.121047303080558777e-02
-5.967654660344123840e-02
3.428331390023231506e-02
6.529667228460311890e-02
7.293527573347091675e-02
5.467441398650407791e-03
1.555657386779785156e-02
6.485866010189056396e-02
-9.393464773893356323e-03
-4.161947593092918396e-02
-2.327760867774486542e-02
1.728845178149640560e-03
-1.440561376512050629e-02
-1.095829159021377563e-02
-9.044072590768337250e-03
7.065548002719879150e-02
-2.175366692245006561e-02
6.063373759388923645e-03
-1.624316326342523098e-03
-6.945278495550155640e-02
7.040354423224925995e-03
-2.725897915661334991e-02
-1.082407310605049133e-01
1.355691533535718918e-02
-6.620849668979644775e-02
-2.228390425443649292e-02
-4.974306002259254456e-02
1.654725871048867702e-03
2.758684568107128143e-02
3.037926927208900452e-02
2.568879723548889160e-02
2.371041476726531982e-02
-6.853432208299636841e-02
-2.129049785435199738e-02
-8.238551765680313110e-02
-4.423341527581214905e-02
3.537935018539428711e-02
5.417050421237945557e-02
4.112490639090538025e-02
5.281054228544235229e-02
-6.590286735445261002e-03
7.146225776523351669e-03
-6.344359368085861206e-02
-5.478062108159065247e-02
8.684474974870681763e-02
3.541797026991844177e-02
7.635180652141571045e-02
2.532991766929626465e-02
-7.270945236086845398e-03
-1.505821291357278824e-02
-7.902064174413681030e-02
-5.153124220669269562e-03
5.357855930924415588e-02
