1.177505310624837875e-02
6.301205605268478394e-03
-2.097088471055030823e-02
-3.622064134106040001e-03
1.020117383450269699e-02
5.423223134130239487e-03
1.290275715291500092e-02
-3.073293901979923248e-02
-2.059791982173919678e-02
1.843117736279964447e-02
-1.949336938560009003e-02
3.420160501264035702e-04
7.410114165395498276e-03
7.043320685625076294e-03
-2.761037461459636688e-02
-1.499665342271327972e-02
-4.048096388578414917e-02
2.376559376716613770e-02
9.695567190647125244e-02
1.886421628296375275e-02
-2.919437922537326813e-02
-3.989353310316801071e-03
2.773335203528404236e-02
1.618299447000026703e-02
1.734099164605140686e-02
-1.511456631124019623e-02
-1.795549876987934113e-02
-1.949675567448139191e-02
-1.719356141984462738e-02
1.874259300529956818e-02
1.021134182810783386e-01
-1.702910102903842926e-02
-3.796048928052186966e-03
-1.242246478796005249e-02
2.406440908089280128e-03
-3.727316111326217651e-02
3.353158710524439812e-03
1.440513692796230316e-02
5.955341272056102753e-03
5.474775657057762146e-02
-1.377874147146940231e-02
6.159380078315734863e-03
-5.482937768101692200e-02
-9.724535979330539703e-03
-9.226926602423191071e-03
-4.956268705427646637e-03
-1.754231401719152927e-03
-2.567501366138458252e-02
3.273493051528930664e-02
-1.790583878755569458e-02
4.777621477842330933e-03
-2.132694236934185028e-02
4.982451722025871277e-02
4.251327365636825562e-02
-1.780522800981998444e-02
2.178254164755344391e-02
-2.836333215236663818e-02
2.507383003830909729e-02
4.333215355873107910e-01
3.887037187814712524e-02
-9.531645104289054871e-03
7.334316615015268326e-03
-1.426723040640354156e-02
-9.398488909937441349e-04
3.484041988849639893e-02
2.401797566562891006e-03
-4.237505607306957245e-03
-2.228264510631561279e-02
8.884506300091743469e-03
-8.217319846153259277e-03
1.313408650457859039e-02
-1.107785012573003769e-02
-1.856026588939130306e-03
7.060685660690069199e-03
-2.475106157362461090e-02
4.494071006774902344e-03
3.412212012335658073e-03
-4.277715459465980530e-02
2.682184055447578430e-02
1.040087938308715820e-01
-7.237907964736223221e-03
1.861795224249362946e-02
2.935300767421722412e-02
4.679335281252861023e-02
-3.284126147627830505e-02
-6.489134393632411957e-03
-1.106366794556379318e-02
8.513688109815120697e-03
2.487741969525814056e-02
8.370233117602765560e-04
1.912286318838596344e-02
-1.066315826028585434e-02
1.691303402185440063e-02
-1.389106735587120056e-02
6.720000877976417542e-03
-2.085567824542522430e-02
4.654281958937644958e-02
-1.359730400145053864e-02
4.673563688993453979e-02
6.695465650409460068e-03
-2.022814005613327026e-02
4.096137359738349915e-03
-3.408327233046293259e-03
2.086051972582936287e-03
1.002372894436120987e-02
-1.114070415496826172e-02
4.456477239727973938e-02
2.208823338150978088e-03
2.255893312394618988e-02
-2.455206029117107391e-02
-3.221761807799339294e-02
1.297887414693832397e-02
1.075138896703720093e-02
-2.677120268344879150e-02
-7.054830435663461685e-03
3.382501192390918732e-03
-1.470321044325828552e-02
-2.537247166037559509e-02
-6.824644748121500015e-03
-4.252488724887371063e-03
2.425189828500151634e-03
-1.641367748379707336e-02
-1.578033342957496643e-02
1.461384911090135574e-02
-6.091027520596981049e-03
5.427217576652765274e-03
9.922990575432777405e-03
1.431766618043184280e-02
1.115866098552942276e-02
-2.914388291537761688e-02
-1.872006990015506744e-02
-6.149614695459604263e-03
-1.966632716357707977e-02
1.083301473408937454e-02
-4.595414176583290100e-02
-1.952305063605308533e-02
4.647517576813697815e-02
-1.996446400880813599e-02
-3.303981944918632507e-02
2.472988702356815338e-02
1.195897534489631653e-02
1.492794696241617203e-02
4.079419188201427460e-03
1.444769836962223053e-02
9.224397945217788219e-04
1.063447818160057068e-01
1.669977419078350067e-02
-4.998353309929370880e-03
-3.201719839125871658e-03
-2.205556072294712067e-02
3.374828770756721497e-02
2.713648229837417603e-02
1.617808826267719269e-02
1.979086361825466156e-02
-1.904701581224799156e-03
-1.366220600903034210e-02
-2.822986803948879242e-02
3.223483217880129814e-03
-1.528343744575977325e-02
-3.889351617544889450e-03
-1.969406567513942719e-02
-1.360544282943010330e-02
6.183607503771781921e-03
-1.421348773874342442e-03
-7.820041850209236145e-03
2.215225435793399811e-02
-8.645432535558938980e-04
-9.529585950076580048e-03
1.189331989735364914e-02
-1.991645433008670807e-02
6.689539179205894470e-03
-2.082087099552154541e-02
-6.272808648645877838e-03
3.052141144871711731e-02
2.705354429781436920e-02
1.523885875940322876e-02
1.016547996550798416e-02
9.140262380242347717e-03
-8.078386075794696808e-03
-1.295101363211870193e-02
1.836674660444259644e-02
-1.190025452524423599e-02
-6.164986640214920044e-03
6.132016889750957489e-03
2.184736356139183044e-02
1.133428663015365601e-01
-5.530085042119026184e-02
1.447890419512987137e-02
-2.820618450641632080e-03
-1.523930393159389496e-02
-5.011160671710968018e-02
1.244831737130880356e-02
2.968981629237532616e-03
-1.980807073414325714e-02
1.027010940015316010e-02
7.307665888220071793e-03
5.305761005729436874e-03
1.857835613191127777e-02
8.283866941928863525e-02
7.633597590029239655e-03
-7.975901477038860321e-03
2.501991949975490570e-02
-4.744651913642883301e-02
9.038774296641349792e-03
-3.009492903947830200e-02
1.193909067660570145e-02
2.883808501064777374e-02
-5.531603004783391953e-03
1.207433640956878662e-02
-4.169391468167304993e-02
1.482576131820678711e-02
-1.542749628424644470e-02
-2.576128812506794930e-03
4.788820166140794754e-03
-1.634348556399345398e-02
-7.948140613734722137e-03
2.240265719592571259e-02
1.100166514515876770e-02
2.137383259832859039e-02
5.115261767059564590e-03
2.166552841663360596e-02
-8.058353066444396973e-01
-2.869291976094245911e-02
-8.575058542191982269e-03
1.440789736807346344e-02
2.781987190246582031e-03
4.828466335311532021e-04
1.311872154474258423e-02
3.758367151021957397e-03
-1.109352521598339081e-02
2.144445478916168213e-02
2.068287506699562073e-02
1.582766696810722351e-02
6.722557358443737030e-03
-1.675039343535900116e-02
1.567880623042583466e-02
-2.339893253520131111e-03
1.212729141116142273e-02
3.211899427697062492e-03
2.876012586057186127e-03
3.040418215095996857e-02
-1.876784116029739380e-02
-3.778719529509544373e-02
-8.385884575545787811e-03
-1.504222396761178970e-02
2.224943600594997406e-02
-7.750599179416894913e-03
-2.681203745305538177e-02
2.215314283967018127e-02
6.417036522179841995e-03
-9.977953508496284485e-03
1.753803342580795288e-02
4.235058277845382690e-02
7.513250689953565598e-03
-1.942639052867889404e-02
1.546338084153831005e-03
-4.917650017887353897e-03
5.318243801593780518e-02
-1.590587943792343140e-01
8.428069204092025757e-02
8.997754752635955811e-02
7.791379839181900024e-02
-1.625531315803527832e-01
-4.680673405528068542e-02
-1.379041373729705811e-01
1.546098738908767700e-01
-3.723532706499099731e-02
6.249924376606941223e-02
7.955245673656463623e-02
-1.235308051109313965e-01
-2.208907390013337135e-03
5.604803562164306641e-02
5.113276652991771698e-03
-1.253985315561294556e-01
-2.943865768611431122e-02
4.629598185420036316e-02
-5.554504692554473877e-02
-2.705965749919414520e-02
3.098629228770732880e-02
-8.260739594697952271e-02
-2.474449761211872101e-02
1.055348142981529236e-01
2.530897781252861023e-02
-8.508484810590744019e-02
-8.992487937211990356e-02
-8.131930371746420860e-04
2.305899187922477722e-02
-3.827010095119476318e-02
-2.350347861647605896e-02
-3.995627164840698242e-02
7.831480354070663452e-02
2.396800555288791656e-02
-8.782786875963211060e-02
4.407652840018272400e-02
-1.114751771092414856e-01
2.090528048574924469e-02
-7.356219738721847534e-02
1.951661854982376099e-01
-1.172837838530540466e-01
-3.546551987528800964e-02
-8.667615056037902832e-02
-2.210566401481628418e-01
7.156482934951782227e-01
-9.770669043064117432e-02
-6.996167451143264771e-02
-6.492913514375686646e-02
-1.473339796066284180e-01
7.246024161577224731e-02
-9.861440956592559814e-02
-1.205515954643487930e-02
1.239416375756263733e-01
-1.920698024332523346e-02
-3.383975848555564880e-02
1.282175779342651367e-01
-4.835782572627067566e-02
1.420461572706699371e-02
1.105872541666030884e-01
-6.681384891271591187e-02
-1.073267310857772827e-01
1.047048941254615784e-01
3.540053218603134155e-02
-2.937003411352634430e-02
-3.231889754533767700e-02
4.596485570073127747e-02
5.897774547338485718e-02
1.180625427514314651e-02
3.826465085148811340e-02
-7.649495452642440796e-02
3.388082236051559448e-02
5.286918487399816513e-03
-1.204353850334882736e-02
-1.629272126592695713e-03
2.430067770183086395e-02
1.856675720773637295e-03
-7.373183500021696091e-03
-4.784864187240600586e-02
-2.039304561913013458e-02
-3.735451027750968933e-02
-4.487661644816398621e-02
-1.738151907920837402e-02
1.297170296311378479e-02
-3.576087951660156250e-02
6.965994089841842651e-02
-2.495170570909976959e-02
-6.711363792419433594e-02
-1.023560017347335815e-02
5.077391490340232849e-02
6.373703945428133011e-03
4.010748118162155151e-02
6.159385666251182556e-03
-1.996477507054805756e-02
3.239795193076133728e-02
4.826435819268226624e-02
3.309009596705436707e-02
3.364005312323570251e-02
9.981896728277206421e-03
-1.391991786658763885e-02
5.485193431377410889e-02
-2.857973799109458923e-02
-5.897646397352218628e-02
-5.683962255716323853e-02
-4.237652290612459183e-03
4.439596086740493774e-03
-1.528266537934541702e-02
8.868093602359294891e-03
5.405576527118682861e-02
-1.950051449239253998e-02
-1.392394956201314926e-02
7.012684643268585205e-02
-2.529708668589591980e-02
2.679029665887355804e-02
6.534437648952007294e-03
-3.943803161382675171e-02
-1.817172393202781677e-02
-1.578109338879585266e-02
4.232578445225954056e-03
-2.123733609914779663e-02
-1.145575381815433502e-02
-6.816560029983520508e-02
5.626383051276206970e-02
-6.803848594427108765e-02
2.930663526058197021e-03
5.499251652508974075e-03
5.872518941760063171e-02
-5.123890936374664307e-03
5.171596258878707886e-02
1.776316389441490173e-02
-2.850805036723613739e-02
-8.394815772771835327e-02
6.058376654982566833e-02
-3.233267739415168762e-02
8.827026002109050751e-03
-5.250398814678192139e-02
-3.808324411511421204e-02
-1.500191446393728256e-02
4.099859669804573059e-02
-2.045042067766189575e-02
-3.922265022993087769e-02
6.980115175247192383e-02
1.008794829249382019e-02
-4.567135870456695557e-02
-6.902574002742767334e-02
-3.238210454583168030e-02
-2.781260199844837189e-02
5.151712894439697266e-02
1.756102778017520905e-02
2.823575399816036224e-02
-2.656472846865653992e-02
-2.358191460371017456e-02
-1.965405978262424469e-02
-6.114121060818433762e-03
-9.085843339562416077e-03
4.437826573848724365e-03
4.077804461121559143e-02
3.445120994001626968e-03
-4.318335279822349548e-02
-6.373809278011322021e-02
-8.168102242052555084e-03
3.277912735939025879e-02
-6.779892742633819580e-02
3.303997963666915894e-02
-5.136754829436540604e-03
2.386576123535633087e-02
3.582190349698066711e-02
5.496576055884361267e-02
4.445640742778778076e-02
3.309549018740653992e-02
6.226626690477132797e-03
-1.554628368467092514e-02
4.011873528361320496e-02
-1.972155459225177765e-02
4.834320396184921265e-02
-5.906644463539123535e-02
-6.639806181192398071e-02
2.191536128520965576e-02
-4.824014008045196533e-02
-1.793946023099124432e-03
-1.610378921031951904e-01
-3.511960059404373169e-02
1.476029958575963974e-02
1.705621555447578430e-02
8.745531551539897919e-03
7.444796618074178696e-03
-2.797044068574905396e-02
-9.075438976287841797e-02
-5.607319250702857971e-02
-3.168450668454170227e-02
7.626416534185409546e-02
-3.625616058707237244e-02
-2.481856383383274078e-02
-5.620446056127548218e-02
-4.427890852093696594e-02
6.915825605392456055e-02
2.943550236523151398e-02
-1.651160791516304016e-02
1.759402267634868622e-02
-2.599469944834709167e-02
-4.641767218708992004e-02
7.288004457950592041e-02
1.315840240567922592e-02
-1.052186936140060425e-01
8.936068974435329437e-03
-1.363157574087381363e-02
-4.121226817369461060e-02
2.727878279983997345e-02
-5.762432701885700226e-03
2.370306663215160370e-02
-1.211265195161104202e-02
-6.259131431579589844e-02
-1.489334623329341412e-03
-4.389591515064239502e-02
-2.284312061965465546e-02
-1.821762509644031525e-02
1.776915788650512695e-02
1.013748049736022949e-01
-6.989551335573196411e-02
4.746702685952186584e-02
-3.834148868918418884e-02
-2.675118111073970795e-02
2.993839792907238007e-02
1.660879328846931458e-02
5.786756426095962524e-02
-2.142205834388732910e-03
-2.175879292190074921e-02
-8.950106799602508545e-03
2.692134305834770203e-02
1.402343716472387314e-02
-3.870772942900657654e-02
5.729421600699424744e-02
4.796378314495086670e-02
9.849384427070617676e-03
1.319988910108804703e-02
4.645436629652976990e-02
2.724668197333812714e-02
1.138322241604328156e-02
1.942635327577590942e-02
1.761112920939922333e-02
2.302167378365993500e-02
6.352704763412475586e-02
2.090536803007125854e-02
7.817343622446060181e-02
-2.161663956940174103e-02
-4.961027950048446655e-02
3.978683426976203918e-02
7.577272132039070129e-03
-1.781080290675163269e-02
1.120402198284864426e-02
-3.199018537998199463e-02
5.114286765456199646e-02
7.164685428142547607e-02
3.163204528391361237e-03
-1.607011631131172180e-02
-6.124839186668395996e-03
-1.010706946253776550e-01
-7.133925706148147583e-02
-1.862286031246185303e-02
-5.973910540342330933e-02
-7.132063154131174088e-03
1.041196566075086594e-02
3.280605375766754150e-02
-7.632971741259098053e-03
6.128132715821266174e-02
9.371560811996459961e-02
4.239564761519432068e-02
2.727975323796272278e-02
5.072977766394615173e-02
-6.175611913204193115e-02
-2.293337322771549225e-02
1.407563835382461548e-01
-9.651495143771171570e-03
5.377450026571750641e-03
9.635537117719650269e-02
-1.035223007202148438e-01
1.867695339024066925e-02
1.070994976907968521e-02
-4.244008741807192564e-04
5.666355602443218231e-03
-4.754129797220230103e-02
2.787493169307708740e-02
1.941244490444660187e-02
-6.311320513486862183e-02
-2.398936636745929718e-02
7.035422604531049728e-03
8.599126711487770081e-03
1.208313927054405212e-02
8.068042248487472534e-02
3.018641658127307892e-02
3.635384514927864075e-02
-6.010141596198081970e-02
6.598785519599914551e-02
3.362019732594490051e-02
6.966017186641693115e-02
-3.716453164815902710e-02
-4.738019779324531555e-02
2.699319971725344658e-03
1.186611969023942947e-02
5.697695910930633545e-02
1.390318851917982101e-02
-4.627019632607698441e-03
-4.360887035727500916e-02
9.645050764083862305e-02
-3.609339147806167603e-02
2.097777090966701508e-03
-2.674469538033008575e-02
2.050207182765007019e-02
3.294136375188827515e-03
4.768852889537811279e-02
-8.820876479148864746e-02
6.837069056928157806e-03
7.626079488545656204e-03
-8.009370416402816772e-03
-4.247676581144332886e-02
-5.996085330843925476e-02
1.024807766079902649e-01
-1.753483712673187256e-02
6.764364987611770630e-02
-4.982639104127883911e-03
3.733867034316062927e-02
3.815554082393646240e-02
-6.804538425058126450e-03
4.588594287633895874e-02
-1.076038926839828491e-02
1.993281766772270203e-02
9.548226371407508850e-03
9.106013923883438110e-02
7.075028121471405029e-02
-6.808893755078315735e-03
-6.514907348901033401e-03
6.374360062181949615e-03
-8.638110011816024780e-03
5.124742910265922546e-02
-1.840654946863651276e-02
-1.635117270052433014e-02
4.127373173832893372e-02
8.308079838752746582e-02
-4.747761413455009460e-03
-2.276014536619186401e-02
-4.524857550859451294e-02
-3.163003548979759216e-02
-7.346448022872209549e-03
-3.949993988499045372e-04
-1.464288868010044098e-02
2.620576322078704834e-02
8.531985804438591003e-03
-6.200320087373256683e-03
6.093323603272438049e-02
8.365928381681442261e-02
4.532688297331333160e-03
4.055764153599739075e-02
-2.004806511104106903e-02
-4.122977331280708313e-02
-5.627132952213287354e-02
3.836551448330283165e-03
2.357680350542068481e-02
7.211079448461532593e-02
-2.413864247500896454e-02
-3.595275804400444031e-02
-8.951481431722640991e-03
3.631779551506042480e-02
-6.920074671506881714e-02
-8.370257914066314697e-03
5.998720973730087280e-02
1.707990467548370361e-02
2.528520999476313591e-03
7.332413457334041595e-03
-8.241823315620422363e-02
-8.927086740732192993e-02
3.232649713754653931e-02
3.700369969010353088e-02
1.805664598941802979e-02
4.952559247612953186e-02
-2.751836739480495453e-02
1.272146124392747879e-02
-3.414198383688926697e-02
2.060155570507049561e-02
2.415511291474103928e-03
2.222022158093750477e-04
-3.441587090492248535e-03
5.650945939123630524e-03
1.295248977839946747e-02
5.812758952379226685e-02
3.113959170877933502e-02
-1.823434419929981232e-02
4.577378928661346436e-02
1.785206422209739685e-02
1.716830581426620483e-02
-4.853589832782745361e-02
2.966221049427986145e-02
5.662824958562850952e-02
-9.788372367620468140e-02
1.301290001720190048e-02
7.836207002401351929e-02
3.661184012889862061e-02
3.510298579931259155e-02
2.333752810955047607e-02
-7.055304944515228271e-02
-5.597139708697795868e-03
3.984701633453369141e-02
4.696432873606681824e-02
-4.517637193202972412e-02
-6.421895697712898254e-03
-3.676149644888937473e-04
-5.541573278605937958e-03
-6.975136697292327881e-02
7.606777548789978027e-02
4.689003527164459229e-02
-2.000718610361218452e-03
9.836330264806747437e-02
-4.164362326264381409e-02
-1.866118982434272766e-03
-3.089646063745021820e-02
1.356302667409181595e-02
9.240140765905380249e-02
-1.687323907390236855e-03
-6.528580933809280396e-02
2.305242046713829041e-02
7.968473434448242188e-02
7.065334916114807129e-02
6.397812813520431519e-02
-1.683713868260383606e-02
-5.903720110654830933e-02
-7.803627103567123413e-02
-4.004655405879020691e-03
-6.465864833444356918e-03
-1.386122964322566986e-02
1.478111092001199722e-02
1.022283639758825302e-02
-7.308338768780231476e-03
2.677323110401630402e-02
4.806663095951080322e-02
2.103939466178417206e-02
-8.180008269846439362e-03
1.288789603859186172e-02
-1.589169539511203766e-02
8.324402570724487305e-02
3.857903555035591125e-02
-9.746628999710083008e-02
8.307622745633125305e-03
-1.378441974520683289e-02
-1.352639049291610718e-01
-3.104906156659126282e-02
3.446936607360839844e-02
1.094890385866165161e-01
4.664928093552589417e-02
1.967656053602695465e-02
-4.031390696763992310e-02
-4.379065241664648056e-03
-3.620165959000587463e-02
3.528696298599243164e-02
4.074831679463386536e-02
-5.553803406655788422e-03
5.114902555942535400e-02
4.046024754643440247e-02
5.035493150353431702e-02
6.486834026873111725e-03
3.617914393544197083e-02
-3.211473301053047180e-02
5.211944133043289185e-02
-1.456229686737060547e-01
4.849361255764961243e-02
-6.399830803275108337e-03
1.548691745847463608e-02
5.363431945443153381e-02
5.748224258422851562e-02
1.052361633628606796e-02
-9.626055508852005005e-02
1.188803464174270630e-02
4.755346477031707764e-02
-6.270060688257217407e-02
-2.875271812081336975e-02
-2.507806383073329926e-02
1.466797385364770889e-02
-4.216102138161659241e-02
-8.640928193926811218e-03
-1.447523292154073715e-02
2.203652635216712952e-02
-1.837128773331642151e-02
-7.219886034727096558e-02
-2.994174696505069733e-02
-1.795768924057483673e-02
-4.702154174447059631e-02
1.077258288860321045e-01
7.599491626024246216e-02
1.864588446915149689e-02
3.673806041479110718e-02
9.577226825058460236e-03
6.582350470125675201e-04
1.002468168735504150e-01
7.573451101779937744e-02
2.931536361575126648e-02
3.117439337074756622e-02
5.182426795363426208e-02
1.971709914505481720e-02
-7.579874712973833084e-03
-1.722055673599243164e-02
-2.509197592735290527e-02
-1.084687653928995132e-02
5.835554376244544983e-02
-1.273249555379152298e-02
1.221000682562589645e-02
9.081783937290310860e-04
-1.164356619119644165e-02
-2.060493454337120056e-02
1.626045443117618561e-02
-3.956460580229759216e-02
-3.408339247107505798e-02
2.495490573346614838e-02
2.679341100156307220e-02
-1.785446703433990479e-02
1.101511493325233459e-01
-3.192364703863859177e-03
1.398109551519155502e-02
-5.787773989140987396e-03
5.794128775596618652e-02
-9.333425015211105347e-02
-2.592534013092517853e-02
2.379092760384082794e-02
5.038299411535263062e-02
5.053810775279998779e-03
-3.516840934753417969e-02
6.817648559808731079e-02
1.044721924699842930e-03
5.227291584014892578e-02
-7.688537007197737694e-04
1.088710315525531769e-02
2.031003683805465698e-02
-6.398572027683258057e-02
-1.288585271686315536e-02
-4.088452830910682678e-02
-2.413158677518367767e-02
-3.054850548505783081e-02
-3.992021083831787109e-02
6.318064406514167786e-03
1.658806949853897095e-02
-1.694564148783683777e-02
1.340121310204267502e-02
1.868393272161483765e-02
2.578646410256624222e-03
-2.822338417172431946e-02
2.895718207582831383e-03
4.721604660153388977e-02
8.242045529186725616e-03
-2.725723199546337128e-03
-7.234530895948410034e-02
3.466078266501426697e-02
3.902893885970115662e-02
3.746837005019187927e-02
2.081073075532913208e-02
5.233759805560112000e-02
-1.717726700007915497e-02
-8.404614776372909546e-02
2.800440602004528046e-02
6.933446042239665985e-03
7.961738109588623047e-02
1.146014481782913208e-01
6.751642376184463501e-02
-2.804378792643547058e-02
-8.563091605901718140e-02
6.864656507968902588e-02
4.249649494886398315e-02
1.939596794545650482e-02
4.667362570762634277e-02
-1.259786169975996017e-02
-9.087289683520793915e-03
-4.376709833741188049e-02
-7.041368633508682251e-02
-3.474365174770355225e-02
7.048071175813674927e-02
-5.668016150593757629e-03
-3.037449158728122711e-02
4.639988392591476440e-02
-2.709206193685531616e-02
