6.670215725898742676e-02
7.162858732044696808e-03
1.854515634477138519e-02
1.173516642302274704e-02
1.065257843583822250e-02
-7.663804572075605392e-03
2.638190926518291235e-04
-3.118673106655478477e-03
-4.300783202052116394e-02
-1.018166355788707733e-02
8.483118377625942230e-03
2.002508612349629402e-03
-1.035524066537618637e-02
2.102016098797321320e-02
2.304528467357158661e-02
5.924804136157035828e-03
1.403342839330434799e-02
-1.188998017460107803e-02
1.025943434797227383e-03
6.380975246429443359e-02
-6.200392730534076691e-03
6.718257814645767212e-02
-3.388843312859535217e-02
7.451500277966260910e-03
1.709635742008686066e-02
-1.122237648814916611e-02
1.907681860029697418e-02
-4.814770072698593140e-02
-9.553129784762859344e-03
1.430341321974992752e-02
-4.049684107303619385e-02
5.560457706451416016e-03
9.298778139054775238e-03
3.136580064892768860e-02
2.675477042794227600e-02
-1.843566820025444031e-02
3.320983145385980606e-03
-1.580519042909145355e-02
9.585059247910976410e-03
1.046780589967966080e-02
3.081888332962989807e-02
8.517267182469367981e-03
1.728465966880321503e-02
5.332797300070524216e-03
-3.266287967562675476e-02
1.861070469021797180e-02
1.864253077656030655e-03
7.028367836028337479e-03
4.863773472607135773e-03
1.146097667515277863e-02
5.915126763284206390e-03
-7.380088418722152710e-02
3.060172125697135925e-02
-7.930232095532119274e-04
-2.025431580841541290e-02
-1.092166267335414886e-02
-7.059207651764154434e-03
6.934762001037597656e-03
4.882584810256958008e-01
-2.208305522799491882e-02
-2.515592984855175018e-02
2.280845679342746735e-02
1.459397468715906143e-02
-5.560895055532455444e-02
-1.135071157477796078e-03
7.030827552080154419e-02
-2.615256048738956451e-02
-1.188503694720566273e-03
-3.842448815703392029e-02
1.244738046079874039e-02
1.314411871135234833e-02
3.303150832653045654e-02
-3.910340741276741028e-02
2.024618163704872131e-02
1.954708807170391083e-02
1.309783197939395905e-02
2.714612754061818123e-03
-1.955037005245685577e-02
1.717556640505790710e-02
3.724733367562294006e-02
-1.673802547156810760e-02
-3.389745252206921577e-03
5.995033774524927139e-03
2.010958082973957062e-02
2.283082716166973114e-02
-1.358357071876525879e-02
1.546040270477533340e-02
-2.335052005946636200e-03
1.444914471358060837e-02
1.220159418880939484e-02
1.043285359628498554e-03
2.639166265726089478e-02
-2.304686605930328369e-02
2.644987218081951141e-02
1.485025137662887573e-02
-1.541160047054290771e-02
-1.867539435625076294e-02
-1.411210000514984131e-02
-1.223836652934551239e-02
-2.128724008798599243e-03
1.129627227783203125e-02
2.905973978340625763e-02
2.220464497804641724e-02
-8.519953116774559021e-03
3.338687354698777199e-03
-9.998786263167858124e-03
3.158334270119667053e-02
-1.551791187375783920e-02
2.869501337409019470e-02
-5.759743042290210724e-03
1.163112837821245193e-02
2.765741012990474701e-02
1.158846789621748030e-04
2.384242229163646698e-02
-4.280366748571395874e-02
2.667522430419921875e-02
-4.201401397585868835e-02
2.165234461426734924e-02
3.640260919928550720e-02
1.532541774213314056e-02
8.386604487895965576e-03
1.954049989581108093e-02
-1.834208890795707703e-02
-2.350719459354877472e-02
4.068182036280632019e-02
-1.159943826496601105e-02
-9.053854271769523621e-03
-1.013146247714757919e-02
-1.055761147290468216e-02
8.701805770397186279e-02
2.653414011001586914e-02
-9.307015687227249146e-03
-2.578616701066493988e-02
-2.333525009453296661e-02
-3.035791916772723198e-03
-3.308240696787834167e-02
3.171218931674957275e-02
3.055265918374061584e-02
-8.059088140726089478e-02
-2.619570121169090271e-02
-1.771452836692333221e-02
-1.632749685086309910e-03
-9.919370524585247040e-03
-4.008001089096069336e-02
-2.251858823001384735e-02
-3.657741006463766098e-03
-1.006238348782062531e-02
2.122688293457031250e-02
-9.540134109556674957e-03
-7.103909738361835480e-03
1.045865658670663834e-02
-7.368864491581916809e-03
-2.972974814474582672e-02
2.704781480133533478e-02
-3.326857462525367737e-02
-1.156958565115928650e-02
-7.196086458861827850e-03
2.321427129209041595e-02
-1.708915643393993378e-02
1.453444734215736389e-02
-1.686937641352415085e-03
-1.158897392451763153e-02
-2.844324149191379547e-02
-4.999620374292135239e-03
1.487933564931154251e-02
5.917491391301155090e-02
-3.678102791309356689e-02
7.401213981211185455e-03
-3.080819733440876007e-03
-2.274123206734657288e-02
-1.032165344804525375e-02
-1.633411389775574207e-03
1.164141297340393066e-02
-1.831686124205589294e-02
2.223009243607521057e-02
2.999567240476608276e-02
-8.675067685544490814e-03
1.725621335208415985e-02
-1.085915192961692810e-01
2.080023288726806641e-02
5.066766869276762009e-03
-1.289578713476657867e-02
1.885212212800979614e-02
7.009080611169338226e-03
1.344443019479513168e-02
-2.550720795989036560e-02
-6.087376177310943604e-02
2.533980878069996834e-03
-1.172995381057262421e-02
3.915178030729293823e-02
3.484569862484931946e-02
3.225628053769469261e-03
1.486556511372327805e-02
-3.092534653842449188e-02
3.873602673411369324e-02
2.722205780446529388e-02
1.052000373601913452e-01
-4.484096716623753309e-04
3.132141381502151489e-02
-1.036958768963813782e-02
-3.391491621732711792e-02
1.614393107593059540e-02
2.466141805052757263e-02
3.726670285686850548e-03
-5.882588215172290802e-03
9.257539175450801849e-03
7.207133341580629349e-03
-1.898044254630804062e-03
7.840841077268123627e-03
-5.914813280105590820e-02
2.549662254750728607e-02
-6.399448961019515991e-03
7.631216198205947876e-03
-6.332351826131343842e-03
3.129721805453300476e-02
4.546863585710525513e-02
-1.454224996268749237e-02
-5.369507125578820705e-04
1.081494893878698349e-02
-2.361197955906391144e-03
7.125540170818567276e-03
-7.630565166473388672e-01
1.215584762394428253e-02
8.558393456041812897e-03
2.891779178753495216e-03
2.758558373898267746e-03
2.031543664634227753e-02
3.133491799235343933e-02
1.242305431514978409e-02
-5.996046587824821472e-03
5.430941935628652573e-03
-5.929816141724586487e-02
6.431544572114944458e-02
-3.014897927641868591e-02
-1.066079176962375641e-02
-5.514601711183786392e-03
1.867792196571826935e-02
-8.802265860140323639e-03
-2.212330140173435211e-02
-2.604345977306365967e-02
-1.382349431514739990e-02
-2.156718168407678604e-03
4.934084042906761169e-02
2.636512927711009979e-02
-2.933843061327934265e-02
1.731328107416629791e-02
2.282875124365091324e-03
7.186316885054111481e-03
-2.938350103795528412e-02
-3.092713654041290283e-02
1.177750062197446823e-03
-3.522068262100219727e-02
4.146041721105575562e-02
-1.216253545135259628e-02
-2.494728751480579376e-02
-2.948404103517532349e-02
-1.626144908368587494e-02
8.119090646505355835e-02
-2.281227521598339081e-02
-8.564507588744163513e-03
2.787077985703945160e-02
-8.000174909830093384e-02
-2.798986434936523438e-02
-8.927874267101287842e-03
-1.055798120796680450e-02
1.171769015491008759e-02
-9.093341976404190063e-02
-6.215979158878326416e-02
-6.171022355556488037e-02
-2.368837222456932068e-02
4.584984853863716125e-02
1.919814944267272949e-02
-4.622552171349525452e-02
1.635272614657878876e-02
1.836672611534595490e-02
-4.402485862374305725e-02
-5.580753553658723831e-03
-1.701351068913936615e-02
-1.503144158050417900e-03
-7.131722569465637207e-02
1.398581895045936108e-03
2.609264478087425232e-02
3.949849680066108704e-02
-9.605179727077484131e-02
-7.396700326353311539e-03
5.669530108571052551e-02
-5.620411410927772522e-02
4.255045577883720398e-02
4.326399415731430054e-02
1.007874775677919388e-02
5.636799708008766174e-02
2.101904898881912231e-02
-5.467182770371437073e-02
-5.246920883655548096e-02
2.710216678678989410e-02
4.956268705427646637e-03
-8.263075351715087891e-02
8.171602152287960052e-03
5.647022277116775513e-02
4.843858256936073303e-02
-4.182342812418937683e-02
-3.582668676972389221e-02
9.237192273139953613e-01
6.527941673994064331e-02
-3.087293542921543121e-02
7.574816793203353882e-02
-9.918697178363800049e-02
1.271272152662277222e-01
-1.278528105467557907e-02
-1.539060473442077637e-02
-2.711439505219459534e-02
7.152810692787170410e-03
-3.997530788183212280e-02
5.228081345558166504e-02
-2.993304282426834106e-02
5.607103556394577026e-02
1.046954374760389328e-02
3.865728154778480530e-02
-7.186455279588699341e-02
3.742328658699989319e-02
1.587267033755779266e-02
-1.118799205869436264e-02
-3.030518628656864166e-02
5.254312604665756226e-02
5.496430769562721252e-02
8.126543834805488586e-03
2.574016340076923370e-02
-5.903593823313713074e-02
3.350224718451499939e-02
1.765211112797260284e-02
-1.796962507069110870e-02
-1.219215989112854004e-02
1.423741225153207779e-02
-8.152674883604049683e-03
3.214894095435738564e-04
-4.408131539821624756e-02
-1.565149985253810883e-02
-2.672580443322658539e-02
-4.540981352329254150e-02
-2.381895296275615692e-02
3.731471300125122070e-02
-2.785714901983737946e-02
7.776909321546554565e-02
-2.490618824958801270e-02
-5.879747495055198669e-02
-1.138080004602670670e-02
5.049049109220504761e-02
1.399491634219884872e-02
5.070538446307182312e-02
1.169162709265947342e-02
-3.067353926599025726e-02
4.505551233887672424e-02
6.084699928760528564e-02
-1.277636387385427952e-03
1.266500167548656464e-02
2.472135610878467560e-02
-1.455833204090595245e-02
4.851580038666725159e-02
-4.440896213054656982e-02
-3.663669899106025696e-02
-7.203678041696548462e-02
-1.319197192788124084e-02
5.309403873980045319e-03
-1.157313119620084763e-02
6.020881701260805130e-03
6.387913972139358521e-02
-2.591993845999240875e-02
-2.298121713101863861e-02
5.462475866079330444e-02
-1.198506075888872147e-02
2.843010425567626953e-02
1.274807658046483994e-02
-2.522327192127704620e-02
-3.881512954831123352e-02
-2.971970848739147186e-02
7.801388390362262726e-03
-2.066072262823581696e-02
-7.098296657204627991e-03
-5.873238667845726013e-02
5.345258489251136780e-02
-5.964868143200874329e-02
-8.542308583855628967e-03
1.432859618216753006e-02
3.628125041723251343e-02
-8.891428820788860321e-03
1.169454306364059448e-02
2.767174132168292999e-02
-4.436292871832847595e-02
-6.745064258575439453e-02
5.766730010509490967e-02
-3.394729644060134888e-02
2.029292099177837372e-02
-7.597495615482330322e-02
-3.061707131564617157e-02
-1.283788122236728668e-02
1.909416168928146362e-02
-2.435584180057048798e-02
-5.417725071310997009e-02
7.543534785509109497e-02
2.014207839965820312e-02
-5.893307179212570190e-02
-5.746869742870330811e-02
-2.690116129815578461e-02
-3.191498667001724243e-02
2.907074242830276489e-02
1.836222223937511444e-02
2.685454674065113068e-02
-4.750749096274375916e-02
-1.546704955399036407e-02
-1.288851257413625717e-02
-1.603022404015064240e-02
6.556192878633737564e-03
-1.637641526758670807e-02
1.473445259034633636e-02
1.235535455634817481e-04
-4.019531980156898499e-02
-7.056095451116561890e-02
-1.678169891238212585e-02
4.197887703776359558e-02
-5.690816789865493774e-02
3.452901914715766907e-02
-8.262826129794120789e-03
2.451743744313716888e-02
2.913808263838291168e-02
5.345512926578521729e-02
4.333852231502532959e-02
4.862823709845542908e-02
1.283738482743501663e-02
-2.761738840490579605e-03
2.611948736011981964e-02
-2.681423909962177277e-02
6.101558357477188110e-02
-5.456135794520378113e-02
-5.319820716977119446e-02
3.122643381357192993e-02
-3.057669661939144135e-02
5.642132833600044250e-03
-1.377259790897369385e-01
-3.562368452548980713e-02
3.181264549493789673e-02
1.326670404523611069e-02
1.682443893514573574e-03
1.990721357287839055e-04
-4.163787886500358582e-02
-9.840059280395507812e-02
-4.774395376443862915e-02
-3.373013436794281006e-02
6.850422173738479614e-02
-2.401671558618545532e-02
-4.499824717640876770e-02
-5.891043320298194885e-02
-2.894023805856704712e-02
7.688421010971069336e-02
2.895601093769073486e-02
-1.843233965337276459e-02
-2.329839160665869713e-03
-3.057268820703029633e-02
-5.160990729928016663e-02
6.973491609096527100e-02
1.580845005810260773e-02
-1.390141993761062622e-01
3.264744952321052551e-02
-2.397146262228488922e-02
-2.565092593431472778e-02
1.273480057716369629e-02
-4.395120777189731598e-03
4.913061391562223434e-03
-4.158356413245201111e-02
-5.321246013045310974e-02
9.316569194197654724e-03
-4.793312773108482361e-02
-2.390597574412822723e-02
-1.438045315444469452e-02
2.137009426951408386e-02
1.068304404616355896e-01
-6.207834556698799133e-02
3.257157653570175171e-02
-2.633906900882720947e-02
-1.095103193074464798e-02
-3.269708249717950821e-03
1.434950064867734909e-02
4.315512254834175110e-02
-2.030790969729423523e-02
-1.088843308389186859e-02
-4.847212694585323334e-03
3.151355776935815811e-03
4.504711832851171494e-03
-3.742882609367370605e-02
5.749220401048660278e-02
2.981611341238021851e-02
8.225119672715663910e-03
2.830515848472714424e-03
4.468412697315216064e-02
1.990486681461334229e-02
-1.163268741220235825e-02
2.166335657238960266e-02
1.612342335283756256e-02
1.050087064504623413e-02
8.688285201787948608e-02
2.494790032505989075e-02
8.798698335886001587e-02
-1.155948638916015625e-02
-5.313757807016372681e-02
4.408542811870574951e-02
1.308374106884002686e-02
-1.386713515967130661e-02
7.464292459189891815e-03
-2.454917319118976593e-02
7.470223307609558105e-02
5.358909070491790771e-02
-4.345581401139497757e-03
-9.494181722402572632e-03
2.952062711119651794e-02
-9.506347775459289551e-02
-7.372314482927322388e-02
-1.696780510246753693e-02
-5.800906941294670105e-02
1.160100474953651428e-02
1.155921351164579391e-02
4.465541988611221313e-02
-4.932126495987176895e-03
5.874690786004066467e-02
7.753645628690719604e-02
2.953025698661804199e-02
4.599209874868392944e-02
5.333861336112022400e-02
-4.187260195612907410e-02
-3.313789144158363342e-02
1.767661124467849731e-01
1.453190227039158344e-03
2.498972788453102112e-02
1.238414943218231201e-01
-8.166044205427169800e-02
1.505505293607711792e-02
2.336484938859939575e-02
6.381290964782238007e-03
1.128438208252191544e-02
-5.447602272033691406e-02
4.363564401865005493e-02
2.858329005539417267e-02
-4.551452770829200745e-02
-2.143146470189094543e-02
2.287788083776831627e-03
1.761484518647193909e-02
2.101577259600162506e-02
1.050997003912925720e-01
2.559058740735054016e-02
7.422725111246109009e-02
-6.968125700950622559e-02
6.190531700849533081e-02
2.475325018167495728e-02
4.730164259672164917e-02
-2.993666566908359528e-02
-5.569147691130638123e-02
-1.670488901436328888e-02
1.507599558681249619e-02
1.199557632207870483e-02
2.416073903441429138e-02
6.706933956593275070e-03
-4.220274835824966431e-02
7.550275325775146484e-02
-1.292636431753635406e-02
-2.302621956914663315e-03
-2.304320037364959717e-02
2.625978086143732071e-04
-6.570449098944664001e-03
6.425148993730545044e-02
-9.784431010484695435e-02
-2.588619478046894073e-03
-6.459000054746866226e-03
-1.908505801111459732e-03
-4.244315624237060547e-02
-6.434332579374313354e-02
8.072916418313980103e-02
-6.338191684335470200e-03
5.133487656712532043e-02
5.125015974044799805e-03
4.279706627130508423e-02
3.485916927456855774e-02
-1.108417287468910217e-02
3.469518944621086121e-02
-2.272711135447025299e-02
1.381355896592140198e-02
2.053156308829784393e-02
7.989750057458877563e-02
7.572565227746963501e-02
-5.566257983446121216e-03
-8.049065363593399525e-04
3.493267111480236053e-03
-1.375716272741556168e-02
3.847859427332878113e-02
-5.351464264094829559e-03
-2.626891806721687317e-02
3.739535436034202576e-02
7.553872466087341309e-02
-8.748350082896649837e-04
-2.557593397796154022e-02
-2.382968738675117493e-02
-2.003244310617446899e-02
-1.334626972675323486e-02
9.543738560751080513e-04
-1.983981765806674957e-02
5.430130288004875183e-02
2.868236228823661804e-02
1.006868667900562286e-02
6.432120501995086670e-02
7.798471301794052124e-02
2.440454438328742981e-03
1.734636165201663971e-02
-9.624445810914039612e-03
-2.841265872120857239e-02
-6.763273477554321289e-02
-4.231602419167757034e-03
1.010530628263950348e-02
6.434689462184906006e-02
-9.946801699697971344e-03
-1.539677474647760391e-02
1.466241199523210526e-02
4.193400964140892029e-02
-5.489576235413551331e-02
-1.310352515429258347e-02
4.966496676206588745e-02
3.208918869495391846e-02
-2.505378331989049911e-03
7.567891851067543030e-03
-9.764612466096878052e-02
-6.832123547792434692e-02
3.405832499265670776e-02
6.533392518758773804e-02
1.753342710435390472e-02
6.061173230409622192e-02
-2.651883289217948914e-02
1.682674326002597809e-02
-6.285624951124191284e-02
6.547585129737854004e-03
-4.570960998535156250e-03
-1.212097518146038055e-02
1.357250381261110306e-02
1.382723101414740086e-03
-7.125605479814112186e-04
4.344216361641883850e-02
2.920468337833881378e-02
-5.162688717246055603e-02
3.852204605937004089e-02
1.748270913958549500e-02
3.347647935152053833e-02
-4.363157600164413452e-02
3.830142319202423096e-02
5.064351856708526611e-02
-7.502768933773040771e-02
1.805915497243404388e-02
8.198865503072738647e-02
3.246514871716499329e-02
3.406026586890220642e-02
2.998686581850051880e-02
-5.141879618167877197e-02
3.272956982254981995e-02
3.846343606710433960e-02
5.658498033881187439e-02
-4.587033018469810486e-02
-6.360196508467197418e-03
2.798593975603580475e-02
4.162720404565334320e-03
-7.449069619178771973e-02
8.146888762712478638e-02
5.292339995503425598e-02
-1.502665411680936813e-02
8.418765664100646973e-02
-3.636410459876060486e-02
2.459404617547988892e-02
-3.190067410469055176e-02
1.786010898649692535e-02
8.943837881088256836e-02
1.123366877436637878e-02
-8.124238252639770508e-02
1.641007140278816223e-02
8.737150579690933228e-02
5.558485910296440125e-02
5.731212347745895386e-02
6.285403389483690262e-03
-7.462335377931594849e-02
-6.205171719193458557e-02
-1.923658326268196106e-02
-1.017155591398477554e-02
-2.115015499293804169e-02
2.719974704086780548e-02
-2.973281592130661011e-02
2.665946073830127716e-02
4.050632938742637634e-02
4.849357157945632935e-02
1.785599999129772186e-02
1.563879312016069889e-03
1.010700501501560211e-02
-7.666796911507844925e-03
8.728153258562088013e-02
4.300666227936744690e-02
-9.474261850118637085e-02
-3.333687782287597656e-02
-1.506140362471342087e-02
-1.223719716072082520e-01
-3.646580874919891357e-02
2.722432650625705719e-02
1.248231232166290283e-01
5.866991728544235229e-02
2.071804180741310120e-02
-3.361603990197181702e-02
-1.851156540215015411e-02
-3.897456079721450806e-02
8.711299858987331390e-03
4.864906147122383118e-02
-4.169972613453865051e-03
5.727630853652954102e-02
3.833574801683425903e-02
4.342046752572059631e-02
3.731061890721321106e-02
4.308480769395828247e-02
-2.573731727898120880e-02
3.139869868755340576e-02
-9.350681304931640625e-02
5.070464685559272766e-02
-2.713137678802013397e-02
2.603139029815793037e-03
7.794675230979919434e-02
2.987950667738914490e-02
8.545163087546825409e-03
-8.692876249551773071e-02
-4.823540803045034409e-03
5.932973325252532959e-02
-7.289702445268630981e-02
-2.571025118231773376e-02
-2.451572194695472717e-02
3.239883482456207275e-02
-3.445937857031822205e-02
-3.305939957499504089e-02
-3.321866691112518311e-02
4.456850141286849976e-02
-1.957017742097377777e-02
-5.888752639293670654e-02
-2.816713228821754456e-02
-1.999901048839092255e-02
-4.677909240126609802e-02
8.919538557529449463e-02
6.818623840808868408e-02
2.870390936732292175e-02
2.900454029440879822e-02
2.668547257781028748e-02
4.183852113783359528e-03
1.176390871405601501e-01
6.162386015057563782e-02
8.652915246784687042e-03
2.576147392392158508e-02
7.486602663993835449e-02
7.044820114970207214e-03
-2.982836775481700897e-02
-3.266068175435066223e-02
-5.345247313380241394e-02
-1.518274098634719849e-02
8.333333581686019897e-02
-1.779656298458576202e-02
1.690267585217952728e-03
6.388031877577304840e-03
-3.305647149682044983e-02
-3.240275382995605469e-02
4.279963206499814987e-03
-7.348144892603158951e-03
-3.025142848491668701e-02
5.421263352036476135e-02
2.613034471869468689e-02
-1.787746697664260864e-02
9.639736264944076538e-02
9.237078018486499786e-03
2.345691993832588196e-02
3.453385783359408379e-03
6.507051736116409302e-02
-8.134634047746658325e-02
-3.059016726911067963e-02
1.751973479986190796e-02
2.179809473454952240e-02
2.598141878843307495e-02
-4.571275785565376282e-02
6.294792145490646362e-02
5.000362172722816467e-03
5.774273350834846497e-02
-1.616455614566802979e-02
1.011050585657358170e-02
3.079146333038806915e-02
-5.918110534548759460e-02
5.829418543726205826e-03
-7.416485249996185303e-02
-1.003350783139467239e-02
-2.021083422005176544e-02
-4.913497343659400940e-02
2.699380973353981972e-03
-4.006864037364721298e-03
4.081867169588804245e-03
2.162300981581211090e-02
4.193192720413208008e-02
-1.500200014561414719e-02
-5.036155134439468384e-02
1.949902065098285675e-02
5.134651064872741699e-02
-2.127105928957462311e-02
-7.683186791837215424e-03
-7.767398655414581299e-02
5.424969270825386047e-02
4.074698314070701599e-02
3.417710214853286743e-02
1.488931197673082352e-02
6.809540092945098877e-02
-3.188475593924522400e-02
-8.695028722286224365e-02
2.839131280779838562e-02
-2.242118353024125099e-03
7.762946188449859619e-02
8.927208185195922852e-02
2.765760198235511780e-02
-2.576072700321674347e-02
-8.151516318321228027e-02
7.835120707750320435e-02
5.395400151610374451e-02
2.765921689569950104e-02
3.685127198696136475e-02
-3.989329934120178223e-02
1.459400728344917297e-02
-3.821213170886039734e-02
-2.988320216536521912e-02
-2.538426220417022705e-02
6.691638380289077759e-02
-3.440749133005738258e-03
-6.780634820461273193e-02
1.693882420659065247e-02
-2.563947346061468124e-03
