1.990636624395847321e-02
-1.379566360265016556e-02
-4.824213217943906784e-03
2.976068481802940369e-02
-7.153158076107501984e-03
2.748829871416091919e-02
2.264745160937309265e-02
-1.958308555185794830e-02
-5.910562817007303238e-03
1.558041013777256012e-02
-2.183515578508377075e-02
-3.403707873076200485e-03
3.999081905931234360e-03
5.006135255098342896e-02
-1.881214324384927750e-03
-7.452274207025766373e-03
-1.700444705784320831e-02
2.564679458737373352e-02
1.601974964141845703e-01
3.854749351739883423e-02
-1.590400375425815582e-02
3.280059993267059326e-02
-8.578552864491939545e-03
-9.697976522147655487e-03
1.281129941344261169e-02
-1.052514067851006985e-03
-3.057668358087539673e-02
-4.852728173136711121e-02
-9.050579741597175598e-03
1.043466292321681976e-02
9.423462301492691040e-02
1.943272400239948183e-05
2.031638287007808685e-02
-1.906573399901390076e-02
3.141519054770469666e-02
-9.647440165281295776e-03
-1.308558229357004166e-02
1.766217686235904694e-02
8.770804852247238159e-03
-2.873767865821719170e-03
-1.054114662110805511e-02
-6.577681633643805981e-04
-1.030803844332695007e-01
-2.863665111362934113e-02
3.212338080629706383e-03
-1.550153084099292755e-02
-3.788812085986137390e-03
-2.668405324220657349e-02
5.901824682950973511e-03
-3.792598610743880272e-03
2.014703489840030670e-02
-5.338092148303985596e-02
4.175188019871711731e-02
3.795847063884139061e-03
-2.747614495456218719e-02
-8.018196240300312638e-06
-1.129680871963500977e-02
1.520675327628850937e-02
3.790475428104400635e-01
6.114981323480606079e-02
-1.553747151046991348e-02
1.407342031598091125e-02
-8.930422365665435791e-03
-2.071635052561759949e-02
3.805790841579437256e-02
2.625157125294208527e-02
-1.356142479926347733e-02
-2.621862851083278656e-02
5.789270251989364624e-02
-1.467986125499010086e-02
8.834472857415676117e-03
1.199880242347717285e-02
-2.748242404777556658e-04
-6.635176832787692547e-04
3.368426347151398659e-03
1.116533111780881882e-02
1.655750907957553864e-02
-5.190764088183641434e-03
1.766441762447357178e-02
1.726892739534378052e-01
-1.668955944478511810e-02
3.022979572415351868e-02
1.006880216300487518e-02
8.204323798418045044e-02
4.552235361188650131e-03
-1.475156098604202271e-02
9.093124419450759888e-03
1.089336816221475601e-02
3.235061839222908020e-02
-4.863056819885969162e-03
-1.326784398406744003e-02
3.869670210406184196e-03
2.935088239610195160e-02
-1.648190780542790890e-03
5.112336017191410065e-03
-1.417786255478858948e-02
1.923255622386932373e-02
-1.470853295177221298e-02
3.501519560813903809e-02
4.393169656395912170e-03
-9.949342347681522369e-03
2.010665461421012878e-02
8.839819580316543579e-03
3.131784498691558838e-03
9.069510735571384430e-03
-3.136470168828964233e-02
1.640259847044944763e-02
-1.824139500968158245e-03
4.458393156528472900e-02
-2.911391668021678925e-02
-2.352616749703884125e-02
2.137394249439239502e-02
5.350325722247362137e-03
-9.701089002192020416e-03
-1.565307937562465668e-02
5.323729943484067917e-03
-9.584638290107250214e-03
-1.600552164018154144e-02
3.335210727527737617e-03
-1.364766433835029602e-02
-3.646297845989465714e-03
-4.504058044403791428e-03
-2.595396898686885834e-02
2.404130995273590088e-03
-5.770686641335487366e-02
4.757439717650413513e-03
-1.107387617230415344e-02
8.100055158138275146e-03
2.723551914095878601e-02
1.270490325987339020e-02
-5.950526148080825806e-02
-1.230851374566555023e-02
-1.655223220586776733e-02
-6.129869725555181503e-03
-2.109975181519985199e-02
-2.710220962762832642e-02
1.812354288995265961e-02
-2.443191595375537872e-03
-7.891895622014999390e-02
1.695086248219013214e-02
-5.506411194801330566e-02
6.324607878923416138e-03
-5.678375251591205597e-03
-1.605822518467903137e-02
-1.187115092761814594e-03
1.994848698377609253e-01
3.720065578818321228e-03
1.115231192670762539e-03
1.502012833952903748e-03
-2.858089283108711243e-02
4.146082699298858643e-02
1.417410839349031448e-02
5.656170658767223358e-03
-4.921046551316976547e-03
-8.686276152729988098e-03
-3.365552052855491638e-02
-5.746858194470405579e-03
9.565771557390689850e-03
-5.199383199214935303e-02
-2.643494494259357452e-02
5.105329677462577820e-03
-8.334101736545562744e-02
5.502494052052497864e-02
4.655613563954830170e-03
1.422976795583963394e-02
4.524709656834602356e-02
-3.326266072690486908e-03
-1.738140173256397247e-02
4.552157595753669739e-03
-5.109185818582773209e-03
1.921955309808254242e-02
-3.076679445803165436e-02
6.533910520374774933e-03
2.074197679758071899e-02
4.329621419310569763e-02
3.364904224872589111e-02
-3.726155962795019150e-03
-7.112418767064809799e-03
-2.477184124290943146e-02
-1.692530326545238495e-02
3.516697883605957031e-02
-2.867238782346248627e-02
-9.557979181408882141e-03
1.978841051459312439e-02
6.622122135013341904e-03
1.358785182237625122e-01
-1.148595064878463745e-01
-4.062405496370047331e-04
-1.459591928869485855e-02
-8.830166421830654144e-03
3.590093553066253662e-02
2.157901227474212646e-02
5.192819982767105103e-03
-3.624849393963813782e-02
2.171374671161174774e-02
2.132490277290344238e-02
-1.233344338834285736e-02
3.531264886260032654e-02
7.028558850288391113e-02
1.424673595465719700e-03
2.366444282233715057e-02
3.371387720108032227e-02
-3.027919307351112366e-02
-2.092878334224224091e-02
-1.532616443000733852e-03
-2.462968789041042328e-02
3.034369274973869324e-02
1.117468718439340591e-02
2.239499427378177643e-02
-1.046484559774398804e-01
3.576755989342927933e-03
-2.918312884867191315e-02
2.011027559638023376e-02
9.032209403812885284e-03
2.364376327022910118e-03
7.909956388175487518e-03
3.886660095304250717e-03
2.988956682384014130e-02
-8.277462795376777649e-03
-1.563730277121067047e-02
1.455528754740953445e-02
-7.415624260902404785e-01
-1.089417468756437302e-02
-1.312575954943895340e-02
2.273846231400966644e-02
9.266047738492488861e-03
-1.726348139345645905e-02
2.534772641956806183e-02
1.654988341033458710e-02
-1.122336398111656308e-04
2.490862272679805756e-02
-4.302247893065214157e-03
-1.054969965480268002e-03
3.461338579654693604e-03
-3.682535141706466675e-02
-5.816556513309478760e-03
-1.694019325077533722e-02
1.351829152554273605e-02
8.807484991848468781e-04
6.180682219564914703e-03
5.094331223517656326e-03
-1.634329929947853088e-02
-1.151624023914337158e-01
-1.325696427375078201e-02
-1.903861761093139648e-02
3.256938233971595764e-02
-1.195506937801837921e-02
6.444008089601993561e-03
1.297339517623186111e-02
-2.632599696516990662e-02
6.439443212002515793e-03
8.492181077599525452e-04
5.687586963176727295e-02
-5.465713329613208771e-03
-2.868059091269969940e-02
-2.540549496188759804e-03
7.653130590915679932e-02
5.378261208534240723e-02
-6.317666172981262207e-02
3.195283189415931702e-02
3.411002829670906067e-02
1.972318440675735474e-02
-9.959106147289276123e-02
-9.758296608924865723e-02
-5.085095018148422241e-02
6.609043921343982220e-04
-4.854558035731315613e-03
6.511393189430236816e-02
2.210175432264804840e-02
-1.230203285813331604e-01
-1.509944815188646317e-02
-1.913478970527648926e-02
-5.241129547357559204e-02
-2.656779810786247253e-02
3.080197423696517944e-02
-3.924749419093132019e-02
2.976603992283344269e-02
5.679052323102951050e-03
-1.279791165143251419e-02
-1.861307397484779358e-02
8.894726634025573730e-03
2.829011157155036926e-02
2.125135809183120728e-02
-1.845444366335868835e-02
-4.320598766207695007e-02
3.334020031616091728e-03
-4.342851415276527405e-02
-1.415643747895956039e-02
-3.779106959700584412e-02
9.338730014860630035e-03
1.051113102585077286e-02
1.489190105348825455e-02
-1.851408369839191437e-02
5.736254528164863586e-02
-9.644902497529983521e-02
-6.971415877342224121e-02
-9.586206823587417603e-02
9.116349369287490845e-02
-8.254047483205795288e-02
9.757630527019500732e-02
-6.377353519201278687e-02
-8.303423970937728882e-02
9.025816917419433594e-01
2.895802631974220276e-02
-2.120048739016056061e-02
-4.202854260802268982e-02
-3.329211845993995667e-02
9.639470279216766357e-02
2.135746926069259644e-02
-2.024565823376178741e-02
5.142817646265029907e-02
-5.963881686329841614e-02
-7.941586524248123169e-02
6.790590286254882812e-02
-1.858166977763175964e-02
6.788052618503570557e-02
8.934101462364196777e-02
1.544298045337200165e-02
-6.911753863096237183e-02
2.622768655419349670e-02
3.267886117100715637e-02
-1.267682295292615891e-02
-4.327277839183807373e-02
5.461961776018142700e-02
5.367745459079742432e-02
-1.600188785232603550e-03
2.583359740674495697e-02
-5.175474658608436584e-02
3.319103270769119263e-02
1.269638445228338242e-02
-1.722002401947975159e-02
-1.089216396212577820e-02
1.934809051454067230e-02
-2.045149356126785278e-02
-5.817032419145107269e-03
-4.244631901383399963e-02
-2.606671303510665894e-02
-2.907946519553661346e-02
-3.848999366164207458e-02
-2.077830210328102112e-02
3.612871468067169189e-02
-3.012431785464286804e-02
8.058792352676391602e-02
-1.712408848106861115e-02
-5.422339960932731628e-02
1.140877883881330490e-02
4.966827109456062317e-02
2.235898002982139587e-02
5.020644515752792358e-02
1.282720826566219330e-02
-3.900891169905662537e-02
4.544995725154876709e-02
4.133085161447525024e-02
9.478798136115074158e-03
1.765855401754379272e-02
3.517925739288330078e-02
-2.730088867247104645e-02
4.398206993937492371e-02
-5.423204228281974792e-02
-3.801382333040237427e-02
-7.327856123447418213e-02
-1.497653312981128693e-02
5.430310964584350586e-03
-1.533742342144250870e-02
6.913391873240470886e-03
7.200301438570022583e-02
-2.390759252011775970e-02
-2.432950213551521301e-02
5.562754720449447632e-02
-1.928393542766571045e-02
2.692649886012077332e-02
1.888915710151195526e-02
-2.284601144492626190e-02
-4.099283367395401001e-02
-3.142218664288520813e-02
1.627567969262599945e-02
-2.266772277653217316e-02
-9.128073230385780334e-03
-5.513048171997070312e-02
4.660000652074813843e-02
-5.756160244345664978e-02
-5.732414778321981430e-03
-6.640742532908916473e-03
4.060657694935798645e-02
-1.010933239012956619e-02
5.624475888907909393e-03
2.937726676464080811e-02
-5.687383189797401428e-02
-6.686739623546600342e-02
4.718743264675140381e-02
-3.497970476746559143e-02
1.125939935445785522e-02
-5.827483162283897400e-02
-2.645581774413585663e-02
-7.878798991441726685e-03
2.205699309706687927e-02
-1.218641176819801331e-02
-5.792810395359992981e-02
5.325956270098686218e-02
1.601022668182849884e-02
-4.561287537217140198e-02
-5.303357541561126709e-02
-2.943868562579154968e-02
-2.389147318899631500e-02
2.311814576387405396e-02
7.485998328775167465e-03
3.255068510770797729e-02
-4.211794584989547729e-02
-8.982664905488491058e-03
-2.057672850787639618e-02
3.205346409231424332e-03
7.720333058387041092e-03
-7.853993447497487068e-04
2.345767244696617126e-02
-1.144711207598447800e-02
-3.659325465559959412e-02
-7.324300706386566162e-02
-4.692149348556995392e-03
3.812885656952857971e-02
-5.480999127030372620e-02
3.453406319022178650e-02
-2.099139615893363953e-02
3.063857741653919220e-02
1.922387629747390747e-02
5.393971502780914307e-02
6.010125577449798584e-02
3.948643431067466736e-02
2.167406491935253143e-02
-3.579897806048393250e-03
7.677513640373945236e-03
-2.942800056189298630e-03
5.721269547939300537e-02
-5.531316250562667847e-02
-7.041034847497940063e-02
3.012357279658317566e-02
-2.568932436406612396e-02
1.547460816800594330e-02
-1.513452082872390747e-01
-3.031233325600624084e-02
3.465697541832923889e-02
1.401031110435724258e-02
-1.559771713800728321e-03
3.940837923437356949e-03
-3.595250099897384644e-02
-7.365082204341888428e-02
-5.689809471368789673e-02
-3.043485060334205627e-02
5.601631477475166321e-02
-3.934343904256820679e-02
-3.941380605101585388e-02
-6.440742313861846924e-02
-3.972630202770233154e-02
7.529094815254211426e-02
3.353187814354896545e-02
-7.664494216442108154e-03
6.462103687226772308e-03
-3.405797481536865234e-02
-5.294429138302803040e-02
7.083840668201446533e-02
4.402381181716918945e-02
-1.170714572072029114e-01
2.042999863624572754e-02
-3.330482915043830872e-02
-1.321456860750913620e-02
2.496135979890823364e-02
-7.148973643779754639e-03
1.221078913658857346e-02
-4.621480032801628113e-02
-4.806255921721458435e-02
1.251719053834676743e-02
-3.980640321969985962e-02
-1.783315278589725494e-02
-3.417849773541092873e-03
3.685800731182098389e-02
1.194566041231155396e-01
-6.370432674884796143e-02
5.136570706963539124e-02
-3.041568025946617126e-02
-2.184263430535793304e-02
-7.811553776264190674e-03
1.853516884148120880e-02
5.913132056593894958e-02
-3.309876099228858948e-02
-1.640361174941062927e-02
2.307463902980089188e-03
5.489731207489967346e-03
3.390818310435861349e-04
-4.347517341375350952e-02
6.073456257581710815e-02
2.534277923405170441e-02
1.104972045868635178e-02
1.956234313547611237e-02
3.247183188796043396e-02
2.151003479957580566e-02
-4.232881590723991394e-03
2.165564522147178650e-02
1.643835008144378662e-02
1.589358597993850708e-02
7.464408874511718750e-02
1.117335911840200424e-02
8.678401261568069458e-02
-6.133976858109235764e-03
-4.662885516881942749e-02
5.535426735877990723e-02
1.248726155608892441e-02
-1.560832839459180832e-02
8.521785028278827667e-03
-1.673143915832042694e-02
6.388302892446517944e-02
5.474432557821273804e-02
7.115967106074094772e-03
-1.565764076076447964e-03
2.285676077008247375e-02
-1.062043756246566772e-01
-7.766821235418319702e-02
-1.926263794302940369e-02
-5.317988619208335876e-02
7.242302875965833664e-03
1.265718508511781693e-02
4.185813292860984802e-02
2.905141096562147141e-03
7.391830533742904663e-02
6.998588144779205322e-02
3.742324188351631165e-02
2.935487963259220123e-02
5.919291079044342041e-02
-5.153419077396392822e-02
-2.110236324369907379e-02
1.899365484714508057e-01
1.303087640553712845e-02
1.645327545702457428e-02
1.177655681967735291e-01
-7.718822360038757324e-02
2.128607407212257385e-02
4.391310270875692368e-03
-1.275123003870248795e-02
1.142411865293979645e-02
-4.005758836865425110e-02
4.928430169820785522e-02
2.307902649044990540e-02
-5.303864181041717529e-02
-1.386296655982732773e-02
-1.795318676158785820e-03
2.120407484471797943e-02
2.282917127013206482e-02
9.873679280281066895e-02
3.919580578804016113e-02
7.228194177150726318e-02
-7.513023912906646729e-02
7.516020536422729492e-02
4.088758304715156555e-02
4.971059784293174744e-02
-3.855554386973381042e-02
-4.924285411834716797e-02
-1.078021340072154999e-02
2.746437676250934601e-02
2.393651939928531647e-02
2.170115150511264801e-02
6.577073596417903900e-03
-4.335245490074157715e-02
6.970268487930297852e-02
-3.404394909739494324e-02
1.229647360742092133e-02
-3.185479715466499329e-02
4.767227452248334885e-03
-7.926103658974170685e-03
6.965925544500350952e-02
-9.774614125490188599e-02
-3.672369057312607765e-03
-9.712266037240624428e-04
-1.036733854562044144e-02
-5.382495373487472534e-02
-4.914032295346260071e-02
8.252602815628051758e-02
-9.867302142083644867e-03
5.288803949952125549e-02
-6.135407020337879658e-04
5.005199834704399109e-02
3.655280172824859619e-02
-9.813249111175537109e-03
5.228819325566291809e-02
-1.705840416252613068e-02
6.029081065207719803e-03
2.344811148941516876e-02
8.738289773464202881e-02
7.470468431711196899e-02
-1.961651071906089783e-02
3.746185684576630592e-03
3.619838040322065353e-03
-1.214293111115694046e-02
3.351017087697982788e-02
-1.732922531664371490e-02
-3.061620891094207764e-02
3.902864456176757812e-02
6.036970391869544983e-02
6.851355079561471939e-03
-3.170019388198852539e-02
-8.721072226762771606e-03
-2.137711271643638611e-02
-2.206306718289852142e-02
7.933134213089942932e-03
-7.427645847201347351e-03
2.844888158142566681e-02
4.349833354353904724e-02
9.138206019997596741e-03
5.943145230412483215e-02
7.809731364250183105e-02
-3.525555366650223732e-03
1.967998221516609192e-02
-7.667690049856901169e-03
-3.287588432431221008e-02
-6.348796933889389038e-02
-1.511190365999937057e-02
2.842961065471172333e-02
3.709313645958900452e-02
-2.682583779096603394e-02
-2.385646477341651917e-02
3.268147632479667664e-02
4.857157915830612183e-02
-4.426970705389976501e-02
-9.608477354049682617e-03
4.925528541207313538e-02
3.779384121298789978e-02
1.671574637293815613e-02
4.183040000498294830e-03
-1.007213518023490906e-01
-7.209304720163345337e-02
1.562851108610630035e-02
5.506923422217369080e-02
1.713987439870834351e-02
6.328748166561126709e-02
-3.368962928652763367e-02
1.859590224921703339e-02
-7.327742874622344971e-02
2.967217192053794861e-02
-1.222967635840177536e-02
5.027436651289463043e-03
1.267295447178184986e-03
2.211531996726989746e-02
7.838683086447417736e-04
6.683931499719619751e-02
3.578910231590270996e-02
-5.777584016323089600e-02
2.467543818056583405e-02
1.766772009432315826e-02
3.219691663980484009e-02
-3.453967347741127014e-02
3.876960650086402893e-02
3.019949421286582947e-02
-8.026152104139328003e-02
2.162992581725120544e-02
8.482840657234191895e-02
3.491257503628730774e-02
5.202912911772727966e-02
3.650621324777603149e-02
-7.473436743021011353e-02
3.674262762069702148e-02
4.330566525459289551e-02
3.078851103782653809e-02
-4.010871797800064087e-02
-6.251910235732793808e-03
2.269224077463150024e-02
-3.012947272509336472e-03
-6.807983666658401489e-02
5.739217251539230347e-02
7.585316896438598633e-02
-2.264812961220741272e-02
7.317637652158737183e-02
-3.201659023761749268e-02
1.416492369025945663e-02
-3.158492594957351685e-02
1.751213520765304565e-02
8.175430446863174438e-02
1.046596840023994446e-02
-7.367359101772308350e-02
8.092528209090232849e-03
8.588499575853347778e-02
6.167975440621376038e-02
5.763211473822593689e-02
-1.906272955238819122e-02
-7.929100096225738525e-02
-6.616015732288360596e-02
-1.542981993407011032e-02
-2.675510197877883911e-02
-2.241229824721813202e-02
3.967680782079696655e-02
-2.212491072714328766e-02
3.091633319854736328e-02
4.534845799207687378e-02
4.747632145881652832e-02
1.785722747445106506e-02
-4.758756142109632492e-03
1.371520105749368668e-03
-3.308612853288650513e-03
8.310899883508682251e-02
3.661836311221122742e-02
-9.115955978631973267e-02
-3.870519623160362244e-02
6.032598321326076984e-04
-1.186960265040397644e-01
-4.457319527864456177e-02
3.383715078234672546e-02
1.212427392601966858e-01
5.997753143310546875e-02
1.246376335620880127e-02
-4.015979915857315063e-02
-1.429954636842012405e-02
-4.415306821465492249e-02
7.767168805003166199e-03
3.354509547352790833e-02
-1.125541143119335175e-02
4.456858336925506592e-02
2.828274480998516083e-02
3.785242885351181030e-02
4.282634332776069641e-02
3.824960440397262573e-02
-2.694695256650447845e-02
5.433212965726852417e-02
-8.933714032173156738e-02
4.197771102190017700e-02
-1.827336847782135010e-02
1.806363463401794434e-02
7.625476270914077759e-02
2.805317379534244537e-02
2.247175201773643494e-02
-7.446428388357162476e-02
-1.158614829182624817e-02
4.952575266361236572e-02
-7.039251178503036499e-02
-2.887403219938278198e-02
-1.532643102109432220e-02
2.031757496297359467e-02
-3.902527317404747009e-02
-3.839726373553276062e-02
-3.107133880257606506e-02
4.200204089283943176e-02
-2.616856247186660767e-02
-4.640813916921615601e-02
-2.729213237762451172e-02
-1.548731233924627304e-02
-5.206209793686866760e-02
8.581562340259552002e-02
9.236659854650497437e-02
3.350284323096275330e-02
4.490776732563972473e-02
2.276602387428283691e-02
-1.103415433317422867e-02
9.754016250371932983e-02
6.259905546903610229e-02
1.978476718068122864e-02
1.783758215606212616e-02
8.928766846656799316e-02
6.734181195497512817e-03
-1.104948110878467560e-02
-2.687815017998218536e-02
-2.982997894287109375e-02
-2.034178003668785095e-02
8.159593492746353149e-02
-2.608768083155155182e-02
2.637452445924282074e-03
-1.544607523828744888e-02
-3.742512688040733337e-02
-3.947249799966812134e-02
-6.546740885823965073e-03
-5.202025175094604492e-03
-1.080601476132869720e-02
4.227639362215995789e-02
2.560019493103027344e-02
-2.480320818722248077e-02
8.812878280878067017e-02
1.203171163797378540e-02
1.332922931760549545e-02
5.220639053732156754e-03
5.620023608207702637e-02
-1.018398702144622803e-01
-3.728234767913818359e-02
4.030217602849006653e-02
1.119797769933938980e-02
3.983474895358085632e-02
-5.069721490144729614e-02
8.216577023267745972e-02
1.268029445782303810e-03
6.599618494510650635e-02
-8.652845397591590881e-03
1.645453087985515594e-02
2.146254293620586395e-02
-5.235886946320533752e-02
6.308568175882101059e-03
-7.907789945602416992e-02
-2.182055264711380005e-02
-9.027529507875442505e-03
-4.870403185486793518e-02
9.962520562112331390e-03
-2.976181451231241226e-03
-1.640872447751462460e-03
4.016466438770294189e-02
3.723096102476119995e-02
-6.952342111617326736e-03
-5.054980516433715820e-02
4.983597900718450546e-03
3.883271664381027222e-02
-1.686987280845642090e-02
-5.648775957524776459e-03
-5.867561697959899902e-02
3.968778252601623535e-02
3.178877383470535278e-02
2.800719439983367920e-02
1.304176077246665955e-02
6.289917975664138794e-02
-2.868229709565639496e-02
-8.741519600152969360e-02
3.070092573761940002e-02
5.269940942525863647e-03
8.273378759622573853e-02
9.870295226573944092e-02
3.488848730921745300e-02
-2.350305579602718353e-02
-8.617214113473892212e-02
8.141692727804183960e-02
4.436359182000160217e-02
1.315859891474246979e-02
2.275403030216693878e-02
-3.199626505374908447e-02
3.817064687609672546e-02
-3.173945099115371704e-02
-3.759791329503059387e-02
-3.065149858593940735e-02
4.841304942965507507e-02
-1.730609871447086334e-02
-5.613354966044425964e-02
2.782855369150638580e-02
1.733767101541161537e-03
