-9.079406037926673889e-03
-1.584717258810997009e-02
-3.432670235633850098e-02
2.294266968965530396e-02
-2.717461623251438141e-02
-1.075178664177656174e-02
3.063010750338435173e-03
-6.708421558141708374e-02
-1.690055802464485168e-02
4.913887009024620056e-02
-4.718953371047973633e-02
-5.406694021075963974e-03
2.345833368599414825e-02
4.923377186059951782e-02
1.798483170568943024e-02
-5.516185890883207321e-03
-7.970418781042098999e-03
4.072201997041702271e-02
1.737944334745407104e-01
1.288846973329782486e-02
-1.820255257189273834e-02
1.772680133581161499e-02
1.071743434295058250e-03
-2.983750589191913605e-02
-5.819785874336957932e-03
4.333739727735519409e-02
-1.284026633948087692e-02
-3.348350524902343750e-02
3.443479910492897034e-02
-1.229748595505952835e-02
1.218424141407012939e-01
-1.605684868991374969e-02
-5.965320160612463951e-04
-1.891767419874668121e-02
3.492194786667823792e-02
-1.131473761051893234e-02
-4.182118456810712814e-03
1.882214285433292389e-02
5.207944195717573166e-03
-6.948615889996290207e-03
6.486334837973117828e-03
2.457212097942829132e-02
-5.281569063663482666e-02
-1.780724525451660156e-02
-3.030406078323721886e-03
5.045143421739339828e-03
-5.521605536341667175e-02
-1.437900774180889130e-02
1.099638640880584717e-02
-1.203957665711641312e-02
3.309888392686843872e-02
7.772107608616352081e-03
5.708678439259529114e-02
1.809346489608287811e-02
-3.726715222001075745e-02
2.450974192470312119e-03
-6.028923206031322479e-03
-1.982524991035461426e-03
2.603560686111450195e-01
5.062640085816383362e-02
1.063314080238342285e-02
-1.370552461594343185e-02
-1.694150082767009735e-02
-1.924842037260532379e-02
5.385925248265266418e-02
2.405950985848903656e-02
4.899914562702178955e-02
-3.167592734098434448e-02
3.777341172099113464e-02
7.439502049237489700e-03
-1.758081838488578796e-02
3.641799837350845337e-02
4.006915166974067688e-02
-4.004755523055791855e-03
1.095575559884309769e-02
-2.159843919798731804e-03
5.725569091737270355e-03
-1.152202393859624863e-02
2.074457891285419464e-02
1.355930119752883911e-01
-9.778466774150729179e-04
-4.658699035644531250e-02
-9.615013841539621353e-04
4.799009487032890320e-02
1.464263163506984711e-02
-2.074978500604629517e-02
1.804083772003650665e-02
-6.983506958931684494e-03
9.039377793669700623e-03
1.619993150234222412e-02
-8.655504323542118073e-03
-1.198312081396579742e-02
9.509764611721038818e-03
9.215521626174449921e-03
1.935201510787010193e-02
-2.512628585100173950e-02
1.411710958927869797e-02
-1.527347508817911148e-02
4.326951503753662109e-02
1.591482758522033691e-02
-5.640076845884323120e-02
-7.137761916965246201e-03
5.071011837571859360e-03
-1.217788178473711014e-02
6.691304035484790802e-03
-2.316575869917869568e-02
2.126312069594860077e-02
1.227807719260454178e-02
2.296622656285762787e-02
-3.482620045542716980e-02
-3.162264078855514526e-02
-4.591866163536906242e-04
1.669074222445487976e-02
-2.760821208357810974e-02
-2.059467881917953491e-02
1.088599395006895065e-02
2.722687274217605591e-02
-1.320772431790828705e-02
-3.454714640974998474e-02
-2.774966508150100708e-02
1.759830117225646973e-02
-3.277878090739250183e-02
-1.275519002228975296e-02
3.302028775215148926e-02
-6.627058610320091248e-03
1.900346763432025909e-02
-2.081111259758472443e-02
1.953951828181743622e-02
4.292564466595649719e-02
-2.110736258327960968e-02
-1.034363172948360443e-02
-2.268476597964763641e-02
-4.884395282715559006e-03
-1.613287627696990967e-02
-7.194876670837402344e-02
2.597245946526527405e-02
3.566783666610717773e-02
-6.544114090502262115e-03
2.168961241841316223e-02
1.003778912127017975e-02
-6.488004326820373535e-02
8.226159960031509399e-03
1.468769740313291550e-02
-2.330284006893634796e-02
3.656393615528941154e-03
1.509216427803039551e-01
-2.630922198295593262e-02
3.635225584730505943e-03
2.123250998556613922e-02
1.984460745006799698e-03
5.538637191057205200e-02
1.071914844214916229e-02
1.968714781105518341e-02
1.306362543255090714e-02
3.024933161213994026e-03
-4.022246599197387695e-02
3.915350139141082764e-02
-5.701287649571895599e-03
-5.089559778571128845e-02
-2.474091574549674988e-02
3.061528317630290985e-02
-6.767011433839797974e-02
1.790640130639076233e-02
-2.398569136857986450e-02
2.431338839232921600e-02
5.211472883820533752e-02
2.148835174739360809e-02
-9.985763579607009888e-03
-1.063022180460393429e-03
2.541481330990791321e-02
3.097634762525558472e-02
-2.394111640751361847e-02
-2.096875570714473724e-03
4.612480849027633667e-02
4.160030186176300049e-02
3.679968789219856262e-02
-2.855961397290229797e-02
3.694670740514993668e-03
2.650731615722179413e-02
-2.112127095460891724e-02
4.487405344843864441e-02
-3.882864490151405334e-02
-7.292320951819419861e-03
-5.124267656356096268e-03
-2.914712764322757721e-03
1.971596032381057739e-01
-1.717284023761749268e-01
9.065681137144565582e-03
-1.191298384219408035e-02
-6.563637871295213699e-03
5.224275216460227966e-02
8.405323140323162079e-03
-2.215369604527950287e-03
-4.702745005488395691e-02
2.530433237552642822e-02
1.469528861343860626e-02
-2.047310397028923035e-02
2.156899124383926392e-02
9.163901209831237793e-02
-8.520855568349361420e-03
-3.434462845325469971e-02
2.291563898324966431e-02
-1.184933781623840332e-01
-3.405321622267365456e-03
2.900909446179866791e-02
-8.694348856806755066e-03
2.287730574607849121e-02
2.594243735074996948e-02
1.601504534482955933e-02
-1.199042126536369324e-01
-2.587820636108517647e-03
-2.769793011248111725e-02
1.324248779565095901e-02
-1.796224527060985565e-02
-1.198196318000555038e-02
-2.519932948052883148e-02
2.508467994630336761e-02
-4.086634144186973572e-03
-1.651434227824211121e-02
-4.734836146235466003e-02
1.760956132784485817e-03
-7.468754649162292480e-01
-3.871247544884681702e-02
-5.396853387355804443e-02
4.931118711829185486e-02
2.551156096160411835e-02
2.273580059409141541e-02
5.283529404550790787e-03
2.543538250029087067e-02
-1.170216407626867294e-02
3.692932799458503723e-02
-9.514313191175460815e-03
5.739439744502305984e-03
2.477496117353439331e-02
-3.001104807481169701e-03
1.126185990869998932e-02
-4.205533117055892944e-02
2.393988519906997681e-02
2.738147042691707611e-02
1.192752365022897720e-02
-3.108893707394599915e-02
-2.642068080604076385e-03
-1.170437633991241455e-01
1.175603712908923626e-03
-1.090839412063360214e-02
3.735596686601638794e-02
1.116797793656587601e-02
7.840213947929441929e-04
4.757810756564140320e-02
-1.688658446073532104e-02
1.105040125548839569e-02
-1.070075668394565582e-02
3.213444957509636879e-03
8.013133890926837921e-03
-4.098202660679817200e-02
-7.785595953464508057e-03
8.314888179302215576e-02
9.878902137279510498e-02
2.035491727292537689e-02
1.535973511636257172e-02
6.578717380762100220e-02
-5.403177440166473389e-02
8.072910457849502563e-02
2.507552877068519592e-02
-3.587476164102554321e-02
-3.094728477299213409e-02
7.748832553625106812e-02
-4.840964078903198242e-02
-2.362585961818695068e-01
-8.489450067281723022e-02
-3.945362195372581482e-02
1.075958460569381714e-01
9.017481654882431030e-02
8.649017661809921265e-02
9.605587460100650787e-03
5.484835058450698853e-02
-1.981264911592006683e-02
-1.177391558885574341e-01
2.725997380912303925e-02
-3.019685484468936920e-02
-7.345397770404815674e-02
3.443859890103340149e-02
9.233041852712631226e-02
-1.358508467674255371e-01
8.536965399980545044e-02
6.189751625061035156e-02
1.170393973588943481e-01
6.858725100755691528e-02
1.097389534115791321e-01
-3.914616256952285767e-02
1.258236467838287354e-01
-5.907174572348594666e-02
1.696483790874481201e-02
-3.913523629307746887e-02
3.203628957271575928e-02
-1.199764478951692581e-02
-1.342193335294723511e-01
-6.077758222818374634e-02
1.236657574772834778e-01
-5.282517522573471069e-02
2.653308026492595673e-02
6.509251543320715427e-04
7.652095556259155273e-01
2.032566443085670471e-02
-3.831458464264869690e-02
-2.913805842399597168e-02
-7.436444610357284546e-02
1.849866956472396851e-01
-3.399566933512687683e-02
-1.302537508308887482e-03
-7.930473983287811279e-02
-1.319634262472391129e-02
1.878996640443801880e-01
-7.407309859991073608e-02
-1.104527264833450317e-01
-2.280836366117000580e-02
-2.703846618533134460e-02
-1.034444272518157959e-01
-6.956146657466888428e-02
-4.486368224024772644e-02
-4.303012415766716003e-02
-2.875617332756519318e-02
-2.314766496419906616e-02
-4.091570526361465454e-02
2.927970141172409058e-02
2.699277736246585846e-02
-5.603925790637731552e-03
4.142403230071067810e-02
-3.253217041492462158e-02
2.973671630024909973e-02
-1.090628094971179962e-02
-3.792753815650939941e-02
-4.278143122792243958e-02
1.892826333642005920e-02
3.821222484111785889e-02
6.671699136495590210e-02
1.755328150466084480e-03
3.818576782941818237e-02
2.151234820485115051e-02
-2.878392487764358521e-02
7.714515924453735352e-02
5.525074899196624756e-03
-4.806647822260856628e-02
5.688804760575294495e-02
1.955943740904331207e-02
-4.333632998168468475e-03
-1.796458102762699127e-02
3.438181057572364807e-02
3.687669709324836731e-02
-2.015470713376998901e-02
-3.816241223830729723e-05
2.933466993272304535e-02
6.816753186285495758e-03
-9.789344668388366699e-02
-4.416004195809364319e-02
3.786139935255050659e-02
-5.871661379933357239e-02
2.743866667151451111e-02
1.921072788536548615e-02
2.963125938549637794e-03
-1.749236322939395905e-02
1.982478983700275421e-02
6.164216250181198120e-02
-2.342619188129901886e-02
-4.020469263195991516e-02
2.101228944957256317e-02
-8.657444413984194398e-05
-9.237732738256454468e-02
-7.004068046808242798e-02
2.973669208586215973e-03
-9.533288888633251190e-03
5.512478947639465332e-02
1.989507861435413361e-02
9.370214305818080902e-03
1.714937388896942139e-02
3.472773358225822449e-02
-6.908545643091201782e-02
9.009194560348987579e-03
2.862982451915740967e-02
3.603500546887516975e-03
-4.294449090957641602e-02
-3.330665081739425659e-02
-9.210491552948951721e-03
-9.675897657871246338e-03
-5.346291139721870422e-02
-6.286200881004333496e-02
-1.497382577508687973e-02
1.303652301430702209e-02
7.064562290906906128e-02
-4.183242097496986389e-02
-3.921042755246162415e-02
-1.637774147093296051e-02
-4.550854489207267761e-02
2.072002179920673370e-02
-2.850601263344287872e-02
-7.664658874273300171e-02
-5.047468468546867371e-02
-8.813083916902542114e-02
6.307173520326614380e-02
-5.575417075306177139e-03
-1.622662134468555450e-02
4.918154329061508179e-02
6.625189911574125290e-03
-5.034171044826507568e-03
-5.995735898613929749e-02
-1.110179629176855087e-02
-2.495802240446209908e-03
-6.459742784500122070e-02
5.397707223892211914e-02
-3.434236347675323486e-02
-1.748188398778438568e-02
-3.891122341156005859e-02
-4.018544219434261322e-03
-1.038174983114004135e-02
4.680992290377616882e-02
1.843946427106857300e-02
-2.716405689716339111e-02
-4.701861366629600525e-02
8.906115777790546417e-03
-3.867703303694725037e-02
5.861993506550788879e-02
-6.981682032346725464e-02
-5.155042186379432678e-02
-8.420688658952713013e-02
-9.133711457252502441e-03
4.723503440618515015e-02
1.518550515174865723e-02
-2.628183737397193909e-02
-6.589966826140880585e-03
-7.144417613744735718e-02
2.199133392423391342e-03
1.679911650717258453e-02
-1.653811149299144745e-02
4.185266792774200439e-02
-1.872628368437290192e-02
5.066851526498794556e-02
5.640145763754844666e-02
-5.233391188085079193e-03
9.912407025694847107e-03
4.729204624891281128e-02
-3.543202951550483704e-02
-4.884504899382591248e-02
3.397170081734657288e-02
-5.692068487405776978e-02
-4.444520175457000732e-02
4.388435930013656616e-02
4.151973500847816467e-02
-9.511137008666992188e-02
3.953667357563972473e-03
-9.870323352515697479e-03
-5.055957660079002380e-02
-2.164017222821712494e-02
4.600582271814346313e-02
3.803371638059616089e-02
6.281912326812744141e-02
-2.900716476142406464e-02
6.975717097520828247e-02
-2.921072579920291901e-02
-6.562192924320697784e-03
3.232399374246597290e-02
-2.379595674574375153e-02
4.894494265317916870e-02
-4.051653668284416199e-02
4.615031927824020386e-02
8.932706899940967560e-03
3.751573711633682251e-02
-5.929071828722953796e-02
-5.375566333532333374e-02
1.934485137462615967e-02
-2.589876530691981316e-04
-4.297625645995140076e-02
1.644447259604930878e-02
-1.735267229378223419e-02
1.926052011549472809e-02
5.192735791206359863e-02
-3.390707820653915405e-02
2.913512475788593292e-02
-4.664847254753112793e-02
9.307094663381576538e-02
-1.533692330121994019e-01
-1.239383872598409653e-02
-2.886757627129554749e-02
-2.759881131350994110e-02
-1.205130107700824738e-02
6.478879600763320923e-03
-4.123279452323913574e-02
-4.565373435616493225e-02
6.232216488569974899e-03
-3.893741220235824585e-02
7.380940951406955719e-04
2.418459951877593994e-02
-5.291493237018585205e-02
-3.978703916072845459e-02
3.890975844115018845e-03
-1.231553871184587479e-02
-3.184696892276406288e-03
-3.829288110136985779e-02
7.368698716163635254e-03
3.019410371780395508e-02
4.481154959648847580e-03
-9.110718034207820892e-03
2.120583085343241692e-03
-4.704250022768974304e-02
8.596643060445785522e-02
2.337269857525825500e-02
3.691016137599945068e-02
3.358931466937065125e-02
-3.373371064662933350e-02
4.443988949060440063e-02
-2.784259989857673645e-02
5.571173876523971558e-02
1.994276233017444611e-02
8.373954892158508301e-02
-6.698355823755264282e-02
1.275285053998231888e-02
4.395488277077674866e-02
2.757156454026699066e-02
-1.797653362154960632e-02
-1.016795262694358826e-02
5.906097125262022018e-03
-1.223510038107633591e-02
4.144833609461784363e-02
4.605815932154655457e-02
-5.584979802370071411e-02
2.176016196608543396e-02
-8.050040155649185181e-02
2.647878974676132202e-02
-1.452099438756704330e-02
1.123985797166824341e-01
3.399478644132614136e-02
5.023365095257759094e-02
4.557311907410621643e-02
-6.030946504324674606e-03
1.007745973765850067e-03
6.949879974126815796e-02
-2.853075228631496429e-02
-6.187399849295616150e-02
-1.243861857801675797e-02
-3.899824339896440506e-03
2.935795485973358154e-02
4.632300511002540588e-02
-2.086568251252174377e-02
-4.152614250779151917e-02
9.452113509178161621e-02
-1.412235852330923080e-02
7.183624058961868286e-02
1.569405896589159966e-03
1.001374348998069763e-01
1.705926284193992615e-02
2.648974303156137466e-03
5.295285955071449280e-02
-3.270276635885238647e-02
1.650073938071727753e-02
-3.040503943338990211e-03
-4.963347315788269043e-02
6.445041298866271973e-02
-9.771681576967239380e-02
-1.094243116676807404e-02
-3.779938677325844765e-03
-2.663311176002025604e-02
-9.934496134519577026e-02
-2.055441215634346008e-02
-1.298537477850914001e-02
3.439310938119888306e-02
-2.899137139320373535e-02
3.338846191763877869e-02
1.885997317731380463e-02
-3.139387071132659912e-02
4.277369752526283264e-02
-3.425810486078262329e-02
-1.904066652059555054e-03
-4.733377601951360703e-03
-6.231577321887016296e-02
-2.837533690035343170e-02
2.862273715436458588e-03
1.126539893448352814e-02
3.864168655127286911e-03
-4.049568902701139450e-03
-2.232130058109760284e-02
-1.802258775569498539e-03
-5.844091624021530151e-02
1.309241913259029388e-02
-3.845607489347457886e-02
1.546520856209099293e-03
5.612137168645858765e-02
-5.817395448684692383e-02
-1.615567691624164581e-02
4.635256156325340271e-02
5.390941631048917770e-03
2.456691302359104156e-02
-1.508250460028648376e-02
3.069318272173404694e-02
3.168319165706634521e-02
1.890891976654529572e-02
8.202707767486572266e-02
2.721706870943307877e-03
1.399045903235673904e-02
3.789407759904861450e-02
4.494419321417808533e-02
-1.802244782447814941e-02
1.109334826469421387e-02
-1.784773543477058411e-02
2.257619611918926239e-02
1.068837791681289673e-01
-4.629491362720727921e-03
4.556423798203468323e-02
-3.076324053108692169e-02
2.041368186473846436e-02
-4.658252000808715820e-02
-4.314286634325981140e-02
-4.596053808927536011e-02
-5.415432155132293701e-02
-2.375942282378673553e-02
-5.130579322576522827e-02
-1.684744060039520264e-01
2.465644851326942444e-02
-1.199841685593128204e-02
6.442775577306747437e-02
4.681330174207687378e-02
5.087458528578281403e-03
-1.501649525016546249e-02
-1.166267436929047108e-03
4.355400428175926208e-02
3.194300457835197449e-03
-5.942242965102195740e-02
-1.314969733357429504e-02
7.317516952753067017e-02
-1.755043864250183105e-02
3.611794114112854004e-02
6.418883800506591797e-02
-5.662245675921440125e-02
-7.479689083993434906e-03
3.007950074970722198e-02
-4.605264216661453247e-02
5.082345381379127502e-02
4.460100084543228149e-02
7.549165934324264526e-02
4.346762970089912415e-02
8.572331629693508148e-03
3.430088981986045837e-02
-7.015019655227661133e-02
-4.781340807676315308e-02
-1.035797223448753357e-01
-7.580237835645675659e-02
-4.985293000936508179e-02
5.744965746998786926e-02
-1.450862456113100052e-02
3.853991255164146423e-02
5.555428192019462585e-02
2.216604538261890411e-02
-1.904167421162128448e-02
2.519001252949237823e-02
-1.354473736137151718e-02
2.609634958207607269e-02
3.572207409888505936e-03
1.942721940577030182e-02
6.451424956321716309e-02
2.004116773605346680e-03
-3.094221092760562897e-02
-8.453810587525367737e-03
4.446121305227279663e-02
7.247937470674514771e-02
5.326833110302686691e-03
-3.952876105904579163e-02
-2.674175798892974854e-02
7.976000756025314331e-02
-2.361219748854637146e-02
1.825585216283798218e-02
-1.141565665602684021e-02
-2.909691259264945984e-02
-1.033259648829698563e-02
-3.492639586329460144e-02
-5.102256685495376587e-02
-1.119714695960283279e-02
5.332718137651681900e-03
-1.480026263743638992e-02
-1.401705015450716019e-02
1.710825134068727493e-03
-5.061565339565277100e-02
5.612953379750251770e-02
2.827345766127109528e-02
-2.572834305465221405e-02
-1.100217085331678391e-02
-6.479316949844360352e-02
2.434125542640686035e-02
-1.486284192651510239e-02
-2.383677783655002713e-04
5.708299204707145691e-02
2.231372706592082977e-02
1.237923093140125275e-02
-1.457571610808372498e-02
5.952198430895805359e-02
-5.586095899343490601e-02
-4.645241424441337585e-02
1.902149245142936707e-02
2.688294043764472008e-04
-2.544637024402618408e-02
-2.401878498494625092e-02
3.388295322656631470e-02
4.319908097386360168e-02
-6.469830987043678761e-04
2.473086933605372906e-04
5.699066445231437683e-02
1.052656862884759903e-02
3.985964227467775345e-03
3.689606115221977234e-02
-3.441949933767318726e-02
-9.223634749650955200e-02
-4.790233820676803589e-02
3.663935139775276184e-02
-9.563272446393966675e-02
-4.962225630879402161e-02
3.041756898164749146e-02
-3.675669431686401367e-02
4.840303584933280945e-02
1.944234222173690796e-02
-1.653059944510459900e-02
-9.841255098581314087e-02
2.849873900413513184e-02
-2.083997614681720734e-02
-6.809838116168975830e-02
-8.797249943017959595e-02
-5.236760713160037994e-03
-6.119782477617263794e-02
-3.716161008924245834e-03
5.915301293134689331e-02
1.106996182352304459e-02
3.529926016926765442e-02
-6.114196777343750000e-02
6.387390941381454468e-02
-4.907372966408729553e-02
-2.499979734420776367e-02
-1.013902761042118073e-02
4.278453998267650604e-03
-7.061114907264709473e-02
8.298122137784957886e-02
-2.252021618187427521e-02
3.542300686240196228e-02
6.003893166780471802e-02
-2.029982395470142365e-03
-2.147469855844974518e-02
-8.014468848705291748e-02
-1.743086241185665131e-02
2.534173615276813507e-02
-1.380135770887136459e-02
2.793261036276817322e-02
7.553658448159694672e-03
-2.161196991801261902e-02
-1.088325455784797668e-01
1.018968597054481506e-02
-2.103847078979015350e-02
6.735523045063018799e-02
1.001293398439884186e-02
1.010977756232023239e-02
-2.689106017351150513e-02
-1.259019598364830017e-02
1.016769930720329285e-02
1.487570255994796753e-02
1.974642742425203323e-03
3.142978623509407043e-02
-4.612486064434051514e-02
1.629420556128025055e-02
-5.379954352974891663e-02
3.113538958132266998e-03
9.986592829227447510e-02
1.401719357818365097e-02
1.053964719176292419e-01
2.159871347248554230e-02
1.446164026856422424e-02
1.241759285330772400e-01
3.751674667000770569e-02
3.436476737260818481e-02
7.401786744594573975e-02
6.557339429855346680e-02
6.619777996093034744e-03
-2.119435369968414307e-02
-3.021708503365516663e-02
-4.001641646027565002e-02
5.504031106829643250e-02
-2.536766231060028076e-03
-1.267503388226032257e-02
4.673665016889572144e-02
-6.895402818918228149e-02
-6.092487368732690811e-03
-8.274634368717670441e-03
-3.035428933799266815e-02
1.171021373011171818e-03
1.873772591352462769e-02
-8.843964338302612305e-02
3.247569873929023743e-02
5.407128483057022095e-03
-6.419602036476135254e-02
1.435565948486328125e-02
-9.635750204324722290e-03
4.467566683888435364e-02
9.967833757400512695e-03
4.837812110781669617e-02
-1.755915023386478424e-02
-5.562850832939147949e-02
4.925450682640075684e-02
-3.860697150230407715e-03
-1.692885607481002808e-01
4.224495962262153625e-03
-3.350289911031723022e-02
1.218148134648799896e-02
-6.280255317687988281e-02
-6.013987958431243896e-02
2.401832491159439087e-03
-5.454428866505622864e-02
-7.722578197717666626e-02
5.639754235744476318e-02
-4.327103123068809509e-02
4.683012887835502625e-02
-6.460626423358917236e-02
-7.048491388559341431e-02
-1.476860977709293365e-02
5.828449036926031113e-03
5.733069777488708496e-02
5.118099972605705261e-02
-1.387485582381486893e-02
5.679975450038909912e-02
-6.829396635293960571e-02
-7.700492441654205322e-02
7.571461051702499390e-02
1.349286083132028580e-02
3.234723582863807678e-02
-9.012237936258316040e-02
1.868416182696819305e-02
2.618488110601902008e-02
-4.909935593605041504e-02
-3.355593234300613403e-02
-4.536418244242668152e-02
