9.531312622129917145e-03
-2.111772820353507996e-02
1.954953558743000031e-02
3.577050939202308655e-02
-1.177090592682361603e-02
-9.176714229397475719e-04
2.619249746203422546e-02
3.952949866652488708e-02
7.346255332231521606e-02
2.344607748091220856e-02
-2.147826552391052246e-02
-6.645782385021448135e-03
1.880924031138420105e-02
6.637743674218654633e-03
3.979089669883251190e-03
4.695768002420663834e-03
1.429101685062050819e-03
-1.013746485114097595e-02
-1.090605277568101883e-02
4.895200952887535095e-02
-1.900636358186602592e-03
6.723151355981826782e-02
-5.697172135114669800e-02
-3.752194344997406006e-02
-1.955425599589943886e-03
2.750560827553272247e-02
9.919603355228900909e-03
-2.851781249046325684e-02
-5.600147414952516556e-03
-3.529046429321169853e-03
-1.335409879684448242e-01
4.075054079294204712e-03
2.260272577404975891e-02
-1.384016126394271851e-02
2.159695513546466827e-02
5.600844323635101318e-02
-4.414568096399307251e-02
1.375745702534914017e-02
-2.354378625750541687e-02
-1.214555352926254272e-01
8.783251978456974030e-03
-6.234676111489534378e-03
4.671582579612731934e-02
-4.339760169386863708e-02
1.242927275598049164e-02
1.562940701842308044e-02
2.314202021807432175e-03
-1.179781090468168259e-02
1.204425934702157974e-02
1.364542730152606964e-02
3.108420781791210175e-02
-4.524064809083938599e-02
-5.487909913063049316e-02
1.899670436978340149e-02
-3.222925961017608643e-02
1.569496962474659085e-04
-5.981968715786933899e-04
1.514994911849498749e-02
3.287055194377899170e-01
-1.025614514946937561e-02
-1.593038253486156464e-02
2.743120421655476093e-04
-1.537092681974172592e-02
-3.015961870551109314e-02
3.546228632330894470e-02
2.703122794628143311e-02
9.307336062192916870e-03
-2.888374961912631989e-02
2.326769754290580750e-02
-1.478168927133083344e-02
2.689724229276180267e-02
1.220470201224088669e-02
-1.360669452697038651e-02
-1.013353466987609863e-02
5.146828293800354004e-02
-1.520276721566915512e-02
2.294373139739036560e-02
7.297808676958084106e-02
2.458980493247509003e-02
2.163156494498252869e-02
1.937880297191441059e-03
-6.800323724746704102e-03
1.332660391926765442e-02
-4.245788604021072388e-02
6.416126340627670288e-02
-7.900824770331382751e-03
4.133813083171844482e-03
3.530381247401237488e-02
1.741317287087440491e-02
3.384704235941171646e-03
-8.976470679044723511e-03
5.312534514814615250e-03
-1.459104754030704498e-02
1.477678865194320679e-02
1.459772977977991104e-02
-8.624914102256298065e-03
6.350940093398094177e-03
-4.127985611557960510e-02
-5.158818140625953674e-02
1.289921160787343979e-02
-1.265846379101276398e-02
2.786022052168846130e-02
5.885766819119453430e-03
7.965804077684879303e-03
7.536811288446187973e-03
-1.798566058278083801e-02
-4.916472733020782471e-02
9.848260087892413139e-04
2.724759653210639954e-02
-3.136929497122764587e-02
-1.337736938148736954e-02
1.661358401179313660e-02
-4.909256473183631897e-02
-1.669817976653575897e-02
-1.241024490445852280e-02
4.783023148775100708e-03
2.337874285876750946e-02
-3.098823316395282745e-02
8.128169924020767212e-03
-3.979972563683986664e-03
-2.677881158888339996e-03
-1.930351555347442627e-02
-4.411413520574569702e-02
1.806162414140999317e-03
-1.753464527428150177e-02
1.562717556953430176e-02
1.048986054956912994e-02
7.468475960195064545e-04
1.406040973961353302e-02
1.037881672382354736e-01
-5.306747555732727051e-02
-1.378659158945083618e-02
-1.556068751960992813e-02
-2.469003014266490936e-02
5.676085501909255981e-02
-2.019051462411880493e-02
-8.738300949335098267e-02
-7.627701852470636368e-03
-6.261235475540161133e-02
2.183643169701099396e-03
-1.463638693094253540e-01
-2.300684712827205658e-02
7.364295888692140579e-03
-5.189888551831245422e-02
9.245823137462139130e-03
-1.501942239701747894e-02
9.516955353319644928e-03
-5.977066233754158020e-03
-1.336712297052145004e-02
-1.947895810008049011e-02
-2.255090046674013138e-03
1.295523904263973236e-02
-2.781568840146064758e-02
-5.172540992498397827e-02
-3.010155167430639267e-03
6.930098868906497955e-03
-5.427474156022071838e-02
3.710052464157342911e-03
-4.244713857769966125e-02
-1.956714875996112823e-02
-2.552062738686800003e-03
-8.581212162971496582e-02
4.041510075330734253e-02
-2.006261050701141357e-02
2.242264524102210999e-02
3.331800550222396851e-02
3.698386996984481812e-02
-7.146042305976152420e-03
1.673504710197448730e-02
2.188114635646343231e-02
3.057095780968666077e-02
-1.173032168298959732e-02
2.033008448779582977e-02
-5.344660487025976181e-03
4.357985407114028931e-02
4.165454581379890442e-02
-1.709124632179737091e-02
-7.303394842892885208e-03
-3.952389582991600037e-02
-1.459444314241409302e-02
2.180778607726097107e-02
-2.409269474446773529e-02
-8.623923175036907196e-03
2.536318078637123108e-02
-2.238074317574501038e-02
-6.491598207503557205e-03
-2.030712664127349854e-01
5.707018543034791946e-03
-1.776225492358207703e-02
3.044273890554904938e-02
1.409281194210052490e-01
1.070623844861984253e-02
-1.921047223731875420e-03
-2.668863162398338318e-02
3.672308102250099182e-02
-1.068641804158687592e-02
8.927042596042156219e-03
3.536426648497581482e-02
-1.393817067146301270e-01
-2.660044655203819275e-02
4.408685117959976196e-02
3.139390051364898682e-02
1.327906735241413116e-02
-6.002769619226455688e-02
-1.885556848719716072e-03
-1.929171755909919739e-02
2.150368504226207733e-02
8.731929585337638855e-03
-1.144415326416492462e-02
-4.643937572836875916e-02
-5.974690988659858704e-02
-3.518416732549667358e-02
3.307615965604782104e-02
1.587422913871705532e-03
-1.531454385258257389e-03
3.319722786545753479e-02
1.033211965113878250e-02
3.420023247599601746e-02
-7.176196668297052383e-03
-1.945573836565017700e-03
-3.604444861412048340e-02
-7.386217117309570312e-01
-1.573137938976287842e-02
-1.550566812511533499e-04
3.003848344087600708e-02
1.238609664142131805e-02
-6.267252564430236816e-02
-5.657331552356481552e-03
1.575747132301330566e-02
-1.926912739872932434e-02
5.079234251752495766e-04
-2.345672436058521271e-02
2.403246425092220306e-02
9.989396668970584869e-03
1.630349457263946533e-02
-5.189370363950729370e-02
-4.101724550127983093e-02
1.712083443999290466e-02
1.593735627830028534e-02
1.622753962874412537e-02
1.153724268078804016e-02
8.169113658368587494e-03
-1.171919424086809158e-02
-5.388069525361061096e-02
6.766912061721086502e-03
7.327789440751075745e-03
-1.964200660586357117e-02
1.008710414171218872e-01
1.945202238857746124e-02
-7.108297944068908691e-02
-1.169800292700529099e-02
2.369922213256359100e-02
5.888381856493651867e-04
5.545577005250379443e-05
-2.558677084743976593e-02
1.895738387247547507e-04
1.951270736753940582e-02
7.324824482202529907e-02
2.416034974157810211e-02
8.191470801830291748e-02
-1.939849182963371277e-02
-9.617763012647628784e-02
7.827898114919662476e-02
5.689251050353050232e-02
2.461472153663635254e-02
-6.350236386060714722e-02
1.024197787046432495e-01
2.359907329082489014e-02
-8.416526019573211670e-02
4.612488206475973129e-03
-3.287206590175628662e-02
1.042552590370178223e-01
5.498700961470603943e-02
1.169819310307502747e-01
-2.662767656147480011e-02
3.193606436252593994e-02
8.129898458719253540e-03
2.662258222699165344e-02
-1.098027080297470093e-01
-4.515284299850463867e-02
2.817256934940814972e-02
-3.503614664077758789e-02
4.349533095955848694e-02
-9.582068026065826416e-02
2.120506577193737030e-02
2.234606631100177765e-02
7.925406098365783691e-02
3.793602436780929565e-02
1.275418698787689209e-01
1.351035782136023045e-03
8.829855918884277344e-02
-1.187659148126840591e-02
-1.671526767313480377e-02
-5.154426395893096924e-02
2.232097461819648743e-02
7.038470357656478882e-02
-4.722955077886581421e-02
-1.867774175480008125e-03
3.585164621472358704e-02
-8.494256436824798584e-02
3.651050850749015808e-02
2.365234494209289551e-02
8.469151854515075684e-01
-5.568593740463256836e-02
-1.013366784900426865e-02
-4.007964208722114563e-02
1.807014457881450653e-02
1.339915245771408081e-01
-3.808366879820823669e-02
4.241126775741577148e-02
-1.234622225165367126e-01
-3.845566138625144958e-02
1.994277536869049072e-01
-4.622594267129898071e-02
-1.152900457382202148e-01
-2.004042454063892365e-02
-9.265845268964767456e-02
-1.393762696534395218e-02
-7.843172550201416016e-02
-4.556746780872344971e-02
-5.119626969099044800e-02
-8.359991014003753662e-03
1.313834916800260544e-03
-1.758664846420288086e-02
-9.665914694778621197e-05
2.776649408042430878e-02
-2.930948697030544281e-02
4.622303321957588196e-02
-1.298697665333747864e-02
3.600247576832771301e-02
-6.244315765798091888e-03
-3.606899082660675049e-02
3.543385304510593414e-03
4.627874866127967834e-02
2.351272851228713989e-02
6.202653422951698303e-02
-1.924253813922405243e-02
9.546742774546146393e-03
4.463521763682365417e-02
6.942136678844690323e-04
4.751777276396751404e-02
1.071690581738948822e-02
-7.575517892837524414e-02
4.000561311841011047e-02
-6.036262493580579758e-03
7.405986636877059937e-02
2.740149851888418198e-03
3.071272373199462891e-02
2.174917608499526978e-02
-6.379500031471252441e-02
-2.211050502955913544e-02
3.818083181977272034e-02
-2.171449922025203705e-02
-8.853486180305480957e-02
-3.342419862747192383e-02
-1.150132156908512115e-02
-3.812242671847343445e-02
3.474650532007217407e-02
-4.788223654031753540e-02
-4.683730658143758774e-03
-7.660568691790103912e-03
8.935687132179737091e-03
2.105150185525417328e-02
-2.466522902250289917e-02
-1.023800857365131378e-02
6.462174933403730392e-03
-1.199832186102867126e-02
-6.291266530752182007e-02
-1.055389717221260071e-01
1.815312728285789490e-02
9.720969013869762421e-03
2.467415109276771545e-02
2.263234928250312805e-02
2.002287190407514572e-03
3.089576587080955505e-02
3.048612922430038452e-02
-9.633541852235794067e-02
1.688602752983570099e-02
2.884716354310512543e-02
1.677630282938480377e-02
-5.876174196600914001e-02
-1.885869726538658142e-02
-3.711401717737317085e-03
-2.035187557339668274e-03
-4.986492544412612915e-02
-2.208904735743999481e-02
-6.089426577091217041e-03
-1.002573128789663315e-02
9.606318920850753784e-02
-1.883765868842601776e-02
-3.162501379847526550e-02
-4.460057988762855530e-02
-6.461261957883834839e-02
1.840849407017230988e-02
-7.068300619721412659e-03
-8.272620290517807007e-02
-3.091565705835819244e-02
-1.293533444404602051e-01
4.412101954221725464e-02
-2.316402643918991089e-02
4.629370756447315216e-03
5.897710099816322327e-02
2.264839038252830505e-02
2.260412275791168213e-02
-7.047788798809051514e-02
-2.440985664725303650e-02
-2.241953834891319275e-02
-9.684856981039047241e-02
1.075385231524705887e-02
-2.020357735455036163e-02
-9.232950396835803986e-03
-3.068408183753490448e-02
2.123890817165374756e-02
-1.011248491704463959e-02
3.349412605166435242e-02
1.694764941930770874e-02
-1.056805346161127090e-02
-2.825456671416759491e-02
1.271955203264951706e-02
-3.389346599578857422e-02
3.266405686736106873e-02
-3.358538821339607239e-02
-1.088502779603004456e-01
-5.130702629685401917e-02
8.897288353182375431e-04
4.751787707209587097e-02
-7.297364994883537292e-03
-4.502328485250473022e-02
1.071714144200086594e-02
-6.274183839559555054e-02
3.887342661619186401e-02
6.256078835576772690e-03
2.534559927880764008e-02
5.000614002346992493e-02
-2.255438454449176788e-02
3.059156611561775208e-02
7.900065183639526367e-02
-2.098106592893600464e-02
-1.427270378917455673e-02
2.637062966823577881e-02
-2.258706092834472656e-02
-5.316938459873199463e-02
5.329359322786331177e-02
-4.963893815875053406e-02
-2.927746437489986420e-02
3.456410020589828491e-02
-4.930263385176658630e-04
-7.794275134801864624e-02
-2.164390869438648224e-02
-2.653770335018634796e-02
-3.050476498901844025e-02
-9.394904598593711853e-03
1.138291507959365845e-02
4.417623206973075867e-02
6.076892465353012085e-02
-6.664552539587020874e-02
5.515500158071517944e-02
-1.712909527122974396e-02
2.279008924961090088e-02
5.313223227858543396e-02
-8.318915963172912598e-03
3.130115941166877747e-02
-2.821899764239788055e-02
3.404377773404121399e-02
1.486667897552251816e-02
1.093027740716934204e-02
-4.355828464031219482e-02
-2.445153333246707916e-02
4.983703792095184326e-02
9.126177988946437836e-03
-4.086093977093696594e-02
2.028977870941162109e-02
5.548851331695914268e-04
1.105033047497272491e-02
5.596960335969924927e-02
-2.453959919512271881e-02
1.255901902914047241e-02
-2.914053387939929962e-02
8.837527781724929810e-02
-1.131102666258811951e-01
-5.333727970719337463e-02
-7.575201988220214844e-02
-6.976183503866195679e-03
6.670190952718257904e-03
-1.568671129643917084e-02
-4.144355654716491699e-02
-3.615544363856315613e-02
-8.955782279372215271e-03
-4.359732568264007568e-02
-1.579291373491287231e-02
-4.313965793699026108e-03
-7.232555747032165527e-02
-6.233556568622589111e-02
-8.231356739997863770e-03
-1.852186210453510284e-02
4.507949110120534897e-03
-4.212474822998046875e-02
-6.107224151492118835e-03
-3.292528912425041199e-03
-2.598765678703784943e-02
-4.436682164669036865e-02
2.517805993556976318e-02
-3.912896662950515747e-02
5.094063654541969299e-02
5.076278932392597198e-03
3.532571345567703247e-02
1.930709742009639740e-02
-2.570268325507640839e-02
4.386423621326684952e-03
1.092141866683959961e-02
6.494731456041336060e-02
2.015746943652629852e-02
9.984327107667922974e-02
-6.175221875309944153e-02
2.566071227192878723e-02
1.723766699433326721e-02
2.959300205111503601e-02
4.296962579246610403e-04
-3.813650459051132202e-02
-4.753581713885068893e-03
1.789599657058715820e-02
8.328343927860260010e-02
6.356144696474075317e-02
-6.014097109436988831e-02
1.861013122834265232e-03
-1.056223362684249878e-01
7.136657368391752243e-03
1.515615545213222504e-02
1.580464541912078857e-01
5.522168427705764771e-02
4.332875832915306091e-02
3.067040257155895233e-02
7.902749814093112946e-03
-1.606699451804161072e-02
5.272834375500679016e-02
-6.637525558471679688e-02
-1.670039258897304535e-02
-1.710609905421733856e-02
-7.560917641967535019e-03
9.187622927129268646e-03
3.633487597107887268e-02
-1.555313915014266968e-02
-3.210117667913436890e-02
9.180317074060440063e-02
1.459195837378501892e-02
5.779612064361572266e-02
-3.900171443819999695e-02
8.713390678167343140e-02
3.097033686935901642e-02
1.538079604506492615e-02
6.691265851259231567e-02
-3.120802342891693115e-02
-3.619834408164024353e-02
-3.691124543547630310e-02
-8.721760474145412445e-03
2.957379259169101715e-02
-1.127531826496124268e-01
-1.390629622619599104e-04
1.970823667943477631e-02
4.339863080531358719e-03
-6.278903037309646606e-02
-2.028149180114269257e-02
3.425026684999465942e-02
1.196595467627048492e-02
-2.002100646495819092e-02
5.416945368051528931e-02
-2.788651036098599434e-04
-5.096161738038063049e-02
5.905498750507831573e-03
-3.819049894809722900e-02
-7.354504428803920746e-03
2.436713315546512604e-02
-2.141542360186576843e-02
-4.005145281553268433e-02
2.886446192860603333e-02
-1.454294938594102859e-02
-2.496922621503472328e-03
-2.183123305439949036e-02
1.204974576830863953e-02
-1.099099754355847836e-03
-1.616255007684230804e-02
3.221867978572845459e-02
-5.154854431748390198e-02
-3.557200357317924500e-02
8.324237540364265442e-03
-5.399629473686218262e-02
-1.596086099743843079e-02
2.284662052989006042e-02
-1.978449523448944092e-02
5.247830599546432495e-02
-3.424569219350814819e-02
-1.233671698719263077e-02
-8.153551258146762848e-03
3.493603691458702087e-02
1.073715984821319580e-01
4.669466521590948105e-03
-1.925951614975929260e-02
3.137191385030746460e-02
3.348328918218612671e-02
-2.421543933451175690e-02
2.527488209307193756e-02
-5.028397589921951294e-02
-5.812384653836488724e-03
7.874752581119537354e-02
-1.610940694808959961e-02
5.195707082748413086e-02
-3.118373826146125793e-02
6.174848228693008423e-02
-4.060051217675209045e-02
-2.316324040293693542e-02
-3.996942937374114990e-02
-3.298743814229965210e-02
-4.217711463570594788e-02
-1.701881177723407745e-02
-1.234443709254264832e-01
8.700704202055931091e-03
-6.823970377445220947e-02
8.660708554089069366e-03
4.234039410948753357e-02
3.575447201728820801e-02
1.461780723184347153e-02
-1.826522871851921082e-02
2.562462538480758667e-02
7.742632180452346802e-03
-9.543436020612716675e-02
-5.535765364766120911e-02
4.970927536487579346e-02
-3.448765724897384644e-02
2.916184067726135254e-02
6.459598243236541748e-02
-7.889263331890106201e-02
2.616473287343978882e-02
2.661399170756340027e-02
-2.441400289535522461e-02
7.749733328819274902e-02
3.928331658244132996e-02
5.525613576173782349e-02
4.032216593623161316e-02
-6.386698782444000244e-02
4.538691416382789612e-02
-8.600144088268280029e-02
-3.316532075405120850e-02
-7.209252566099166870e-02
-5.935459211468696594e-02
-4.602757841348648071e-02
1.265935786068439484e-02
-1.910352706909179688e-02
6.031079962849617004e-02
6.900436431169509888e-02
5.099114030599594116e-02
1.269086264073848724e-02
-2.857087366282939911e-02
-1.254121121019124985e-02
-9.822123683989048004e-03
-1.859732531011104584e-02
2.589842118322849274e-02
7.589545845985412598e-02
4.883911926299333572e-03
-2.765992656350135803e-02
1.025017630308866501e-02
7.542635500431060791e-02
4.816707223653793335e-02
-4.486130084842443466e-03
-2.881374210119247437e-02
-4.122426360845565796e-02
8.030407130718231201e-02
-2.308802865445613861e-02
1.008590310811996460e-02
9.118236601352691650e-03
-4.228665307164192200e-02
-2.213890664279460907e-02
-3.846463188529014587e-02
-1.675292663276195526e-02
9.128248319029808044e-03
5.520891025662422180e-02
1.033069286495447159e-02
-5.389437824487686157e-02
1.200716849416494370e-02
-4.655038565397262573e-02
2.738186344504356384e-02
5.571392830461263657e-03
-4.005325585603713989e-02
-5.877646617591381073e-03
-1.032296940684318542e-01
1.458113919943571091e-02
5.178225692361593246e-03
4.469290375709533691e-02
8.621311932802200317e-02
2.940894803032279015e-03
5.591575056314468384e-03
1.647938601672649384e-02
8.848895132541656494e-02
-6.663826107978820801e-02
-5.155671760439872742e-02
3.350831195712089539e-02
-3.501765429973602295e-02
-1.269047241657972336e-02
-6.489855796098709106e-02
6.873701512813568115e-02
6.811831891536712646e-02
1.097359973937273026e-02
8.139845915138721466e-03
5.160878226161003113e-02
2.804174460470676422e-02
6.178962066769599915e-03
3.218378871679306030e-02
-1.096401084214448929e-02
-1.126358807086944580e-01
-1.317312195897102356e-02
8.500332944095134735e-03
-8.467130362987518311e-02
-3.085527941584587097e-02
3.080070205032825470e-02
-1.136496104300022125e-02
4.960706457495689392e-02
1.027851365506649017e-02
-1.559728477150201797e-02
-9.064433723688125610e-02
-4.618083313107490540e-02
-2.227285504341125488e-02
-6.376396119594573975e-02
-7.546028494834899902e-02
5.138711072504520416e-03
-4.653690010309219360e-02
-1.183844264596700668e-02
6.598655134439468384e-02
-3.309685736894607544e-02
1.559909433126449585e-02
-2.154600620269775391e-02
5.539105832576751709e-02
-4.568400606513023376e-02
-1.381964422762393951e-02
-3.419399494305253029e-03
6.628647912293672562e-03
-4.494997859001159668e-02
7.939356565475463867e-02
-3.778566792607307434e-02
5.122318118810653687e-02
1.724925078451633453e-02
1.792857982218265533e-02
-1.759197190403938293e-02
-3.758630156517028809e-02
-5.031057819724082947e-02
1.106670126318931580e-02
2.500505000352859497e-02
6.283097434788942337e-03
-1.853793859481811523e-02
-3.792146220803260803e-02
-8.810666203498840332e-02
-2.132912538945674896e-02
-1.942695677280426025e-02
5.771568417549133301e-02
1.684555551037192345e-03
6.414460018277168274e-03
1.814495399594306946e-02
-3.259927406907081604e-02
-2.225211448967456818e-02
-1.399743184447288513e-02
8.666510111652314663e-04
8.145751059055328369e-02
-5.499789491295814514e-02
3.809676319360733032e-02
-4.663020744919776917e-02
-2.451310306787490845e-02
8.589734882116317749e-02
-4.580674867611378431e-04
7.651767134666442871e-02
3.936045616865158081e-02
1.280161924660205841e-02
1.193259954452514648e-01
2.264990098774433136e-02
3.415699675679206848e-02
5.296036601066589355e-02
7.398809492588043213e-02
1.667984947562217712e-02
-3.762479498982429504e-02
-9.280527941882610321e-03
-1.836585253477096558e-02
6.871884316205978394e-02
2.054606564342975616e-02
-2.922473475337028503e-02
6.366019695997238159e-02
-2.857587672770023346e-02
-1.283570751547813416e-02
-2.164409123361110687e-02
3.724195063114166260e-03
-2.227418683469295502e-02
-2.591813215985894203e-03
-1.150479614734649658e-01
-1.159768644720315933e-02
-4.613901022821664810e-03
-4.228309914469718933e-02
-3.321423893794417381e-03
-1.019038446247577667e-02
3.835136070847511292e-02
1.751466281712055206e-02
3.150004893541336060e-02
1.019727066159248352e-02
-5.260821059346199036e-02
5.779374763369560242e-02
-4.390987381339073181e-02
-1.579141914844512939e-01
3.435201570391654968e-02
-4.654478654265403748e-02
-2.917792089283466339e-02
-5.730793625116348267e-02
-5.683426931500434875e-02
2.299433108419179916e-03
-6.135356426239013672e-02
-6.010531261563301086e-02
3.851469606161117554e-02
-3.160008043050765991e-02
5.211385339498519897e-02
-9.021119773387908936e-02
-7.323958724737167358e-02
3.262785729020833969e-03
-1.638304255902767181e-02
4.318928346037864685e-02
2.156008221209049225e-02
-1.785982027649879456e-02
5.355789512395858765e-02
-7.309345155954360962e-02
-7.948144525289535522e-02
8.254313468933105469e-02
-1.256964169442653656e-02
4.442182928323745728e-02
-3.492588922381401062e-02
2.370458841323852539e-02
1.793107390403747559e-02
-4.573904350399971008e-02
-6.954098492860794067e-02
-3.230775892734527588e-02
