-2.526180446147918701e-02
-2.033373340964317322e-02
-4.399337247014045715e-02
1.257585175335407257e-02
-4.406610503792762756e-02
-2.456077374517917633e-02
-4.949615336954593658e-03
-7.206140458583831787e-02
-1.269688643515110016e-02
5.512557178735733032e-02
-5.567120760679244995e-02
-9.191962890326976776e-03
3.430116549134254456e-02
6.405285745859146118e-02
2.437701821327209473e-02
-1.099573541432619095e-02
3.146387171000242233e-03
5.095941945910453796e-02
1.000786721706390381e-01
2.018306776881217957e-02
-1.839945837855339050e-02
1.696508377790451050e-02
1.328932493925094604e-02
-4.441542550921440125e-02
-1.090754568576812744e-02
5.489576980471611023e-02
1.231440156698226929e-02
-2.890141867101192474e-02
5.801042169332504272e-02
3.163588407915085554e-04
6.846144050359725952e-02
-2.652294933795928955e-02
-1.630171667784452438e-03
-5.647897254675626755e-03
3.760312497615814209e-02
-8.838328532874584198e-03
1.852200482971966267e-03
1.643795892596244812e-02
1.759781036525964737e-03
-2.024181745946407318e-02
2.803519554436206818e-02
4.075218364596366882e-02
-4.351957514882087708e-02
-1.651409268379211426e-02
-8.349686861038208008e-03
8.807789534330368042e-03
-5.855699256062507629e-02
-8.787120692431926727e-03
2.411597780883312225e-02
-1.104172971099615097e-02
6.349885463714599609e-02
5.742409080266952515e-02
1.139705441892147064e-02
2.249319665133953094e-02
-3.857552260160446167e-02
9.606073610484600067e-03
4.780682735145092010e-03
-4.581816494464874268e-03
1.706448793411254883e-01
1.614079810678958893e-02
2.230577915906906128e-02
-2.997598843649029732e-03
-4.015117138624191284e-02
-3.425675630569458008e-02
6.116870045661926270e-02
-9.223091416060924530e-03
5.846730992197990417e-02
-3.067439049482345581e-02
5.006853491067886353e-02
3.763770218938589096e-03
-2.767593972384929657e-02
5.594117194414138794e-02
5.139320343732833862e-02
1.693311892449855804e-02
1.763404160737991333e-02
-2.327925153076648712e-02
-5.905967205762863159e-03
-1.263717282563447952e-02
1.866333559155464172e-02
1.398163735866546631e-01
-1.780960150063037872e-02
-5.853771045804023743e-02
-4.667117260396480560e-03
3.013301268219947815e-02
-3.090015240013599396e-02
-2.492247521877288818e-02
3.037548996508121490e-02
-2.063304744660854340e-02
-7.389693986624479294e-03
2.159283682703971863e-02
-2.159426687285304070e-03
-5.179544538259506226e-02
3.813385590910911560e-02
2.074437774717807770e-02
3.510618954896926880e-02
-3.118809498846530914e-02
3.979384433478116989e-03
-1.661534979939460754e-02
4.675789177417755127e-02
2.281316183507442474e-02
-8.136182278394699097e-02
-2.649172395467758179e-02
1.694966666400432587e-02
-2.218742109835147858e-02
-1.307103200815618038e-03
-9.270002134144306183e-03
1.005901116877794266e-02
2.290129661560058594e-02
2.148020640015602112e-02
-1.595355011522769928e-02
-3.932105749845504761e-02
-7.887955871410667896e-04
3.121554851531982422e-02
-1.988045871257781982e-02
-3.503429144620895386e-02
2.371237985789775848e-02
1.512004621326923370e-02
-3.651261329650878906e-03
-4.645821079611778259e-02
-3.949736058712005615e-02
2.492400258779525757e-02
-3.482304513454437256e-02
-1.561801135540008545e-02
3.998169675469398499e-02
2.609560266137123108e-02
2.032910473644733429e-02
-1.932835392653942108e-02
3.910406306385993958e-02
5.524808913469314575e-02
-3.376454114913940430e-02
-1.047011744230985641e-02
-1.384086161851882935e-02
-5.414788611233234406e-03
-2.003934979438781738e-02
-6.538215279579162598e-02
1.837876252830028534e-02
3.155820071697235107e-02
-2.425401285290718079e-02
2.426065318286418915e-02
-1.620243117213249207e-02
-2.032672241330146790e-02
1.993724890053272247e-02
1.535000558942556381e-02
-3.224601224064826965e-02
-9.339435026049613953e-03
7.927219569683074951e-02
-3.989363461732864380e-02
8.212720043957233429e-03
2.573526464402675629e-02
2.586589753627777100e-02
5.670183524489402771e-02
-1.833202689886093140e-02
2.140814438462257385e-02
-6.032050121575593948e-03
-5.351231899112462997e-03
-3.386869654059410095e-02
4.666062816977500916e-02
-1.505885832011699677e-02
-4.695024341344833374e-02
6.247320678085088730e-03
2.467403002083301544e-02
-3.138079866766929626e-02
3.957016393542289734e-02
-3.981130942702293396e-02
2.221991866827011108e-02
3.887737542390823364e-02
4.294467344880104065e-02
-7.246789056807756424e-03
3.997720312327146530e-03
5.202304944396018982e-02
2.772062271833419800e-02
-2.268833480775356293e-02
-9.879278950393199921e-04
5.255611613392829895e-02
3.284100443124771118e-02
3.625613078474998474e-02
-2.779914624989032745e-02
1.660004630684852600e-02
5.753141641616821289e-02
-5.108132492750883102e-03
7.230070233345031738e-02
-6.406221538782119751e-02
4.021364264190196991e-03
4.869986791163682938e-03
5.330693966243416071e-05
1.837852001190185547e-01
-2.506713867187500000e-01
1.887432485818862915e-02
-1.152229774743318558e-02
1.514559518545866013e-02
6.342710554599761963e-02
1.018577371723949909e-03
1.506952976342290640e-04
-5.696586146950721741e-02
3.268444538116455078e-02
-5.720798391848802567e-03
-3.852986916899681091e-02
3.567666281014680862e-03
7.030523568391799927e-02
-1.076285913586616516e-02
1.003167999442666769e-04
3.633665619418025017e-04
-2.096552103757858276e-01
1.364849973469972610e-02
3.071751445531845093e-02
-3.605129569768905640e-02
5.095899105072021484e-03
1.901947706937789917e-02
3.182952105998992920e-02
-1.023983582854270935e-01
-1.505858916789293289e-02
-1.813316904008388519e-02
2.741154283285140991e-02
-2.863435447216033936e-02
1.828611083328723907e-02
-6.209408398717641830e-03
2.521432377398014069e-02
-2.591663785278797150e-02
-2.353469468653202057e-02
-4.883168265223503113e-02
-6.195551715791225433e-03
-7.247449755668640137e-01
-4.298486188054084778e-02
-6.233841553330421448e-02
6.435554474592208862e-02
3.343130648136138916e-02
1.339953113347291946e-02
-1.873744768090546131e-03
4.453121125698089600e-02
-2.073245681822299957e-02
3.591762483119964600e-02
-1.613365858793258667e-02
3.000333905220031738e-02
1.954099722206592560e-02
1.385919470340013504e-02
3.674850799143314362e-03
-4.785323515534400940e-02
1.943148486316204071e-02
3.779943659901618958e-02
4.991942085325717926e-03
-3.968381881713867188e-02
5.264542996883392334e-04
-8.662931621074676514e-02
-2.694984152913093567e-02
-8.501992560923099518e-03
4.473841190338134766e-02
3.280578553676605225e-02
-9.328790009021759033e-03
7.466016709804534912e-02
-1.508180424571037292e-02
3.432201966643333435e-02
-2.720396220684051514e-02
1.799959503114223480e-02
2.377473004162311554e-02
-4.882066324353218079e-02
-3.382341563701629639e-02
7.555332779884338379e-02
8.428563177585601807e-02
4.484986141324043274e-02
-1.091343117877840996e-03
7.173868268728256226e-02
-5.315187200903892517e-02
8.110464364290237427e-02
-9.967661026166751981e-05
-1.743365265429019928e-02
-3.266103565692901611e-02
5.020586028695106506e-02
-5.468804761767387390e-02
-2.224729210138320923e-01
-8.941686153411865234e-02
-2.536926418542861938e-02
1.018601730465888977e-01
8.521065115928649902e-02
8.587724715471267700e-02
3.528751805424690247e-02
4.738510027527809143e-02
7.563845254480838776e-03
-1.060416027903556824e-01
3.436075896024703979e-02
-9.442968294024467468e-03
-4.576335847377777100e-02
2.680934965610504150e-02
1.247611790895462036e-01
-1.208177879452705383e-01
8.840507268905639648e-02
7.149977236986160278e-02
7.226798683404922485e-02
7.428559660911560059e-02
1.081688627600669861e-01
-3.524693474173545837e-02
1.200753748416900635e-01
-8.062222599983215332e-02
3.842281550168991089e-02
-3.500867635011672974e-02
3.697156533598899841e-02
-1.423692516982555389e-02
-1.258988827466964722e-01
-8.261816948652267456e-02
1.120546385645866394e-01
-3.200468048453330994e-02
2.549543417990207672e-02
8.555650711059570312e-03
7.846910357475280762e-01
4.903494194149971008e-02
-2.012688107788562775e-02
-2.481118962168693542e-02
-5.825965479016304016e-02
2.118682563304901123e-01
-2.609394676983356476e-02
-1.052195671945810318e-02
-7.666768133640289307e-02
-1.397072058171033859e-02
1.731374263763427734e-01
-7.729092240333557129e-02
-9.029535949230194092e-02
6.379844620823860168e-03
-2.510031126439571381e-02
-8.559638261795043945e-02
-5.936654284596443176e-02
-5.331245064735412598e-02
-3.142232820391654968e-02
-5.064531043171882629e-02
-1.000260468572378159e-02
-5.379189550876617432e-02
6.268958561122417450e-03
2.903408557176589966e-02
6.210698280483484268e-03
8.197374641895294189e-02
-4.484677687287330627e-02
1.041436335071921349e-03
1.970832236111164093e-02
2.978914184495806694e-03
-1.464611943811178207e-02
4.331491515040397644e-02
1.508064288645982742e-02
4.123555868864059448e-02
-2.616942860186100006e-02
2.503913082182407379e-02
3.989825397729873657e-02
-2.855925634503364563e-02
2.838303148746490479e-02
2.603786438703536987e-02
-6.788743287324905396e-02
4.020193964242935181e-02
1.402418687939643860e-02
-2.371900528669357300e-02
-7.218842953443527222e-02
2.202718751505017281e-03
3.934976831078529358e-02
-2.704476751387119293e-02
9.288531728088855743e-03
8.729483932256698608e-03
-1.847019046545028687e-02
-4.025238752365112305e-02
-4.029883444309234619e-02
5.331850424408912659e-02
-5.282998830080032349e-02
-2.066097781062126160e-02
3.483230248093605042e-02
-1.048782188445329666e-02
-2.844215370714664459e-02
1.857843436300754547e-02
9.062543511390686035e-02
-4.083279147744178772e-02
-3.953076526522636414e-02
-2.434420958161354065e-02
1.231270004063844681e-02
-5.878431349992752075e-02
-1.026234477758407593e-01
-1.263900939375162125e-02
-1.148405577987432480e-02
8.981012552976608276e-02
-8.258823305368423462e-03
5.740432441234588623e-02
5.374733358621597290e-02
-3.818609938025474548e-02
-6.830705702304840088e-02
1.056531444191932678e-02
-5.920774303376674652e-03
-1.305078342556953430e-02
-5.268497020006179810e-02
-2.826880477368831635e-02
-3.407377377152442932e-02
6.037347391247749329e-02
-1.201228611171245575e-02
3.132900968194007874e-02
1.399782206863164902e-02
5.455467477440834045e-02
5.148433148860931396e-02
-4.842676222324371338e-02
-3.069382160902023315e-02
-8.321797102689743042e-02
-6.524299085140228271e-02
1.281586475670337677e-02
3.580135852098464966e-02
-6.217006221413612366e-02
-2.059434726834297180e-02
-7.732261717319488525e-02
4.576237872242927551e-02
-1.109842769801616669e-02
-5.058666225522756577e-03
5.891588330268859863e-02
4.724137112498283386e-02
-3.541893139481544495e-02
-1.050734799355268478e-02
2.021023258566856384e-02
2.886740863323211670e-02
-7.229641079902648926e-02
6.256057322025299072e-02
-3.145451471209526062e-02
-9.619110077619552612e-02
-5.060546472668647766e-02
8.568651974201202393e-03
-9.308922104537487030e-03
6.378816068172454834e-02
-8.419053629040718079e-03
-1.445975527167320251e-02
-4.068697616457939148e-02
-2.290189079940319061e-02
-2.765045128762722015e-02
1.963097415864467621e-02
-6.425517052412033081e-02
-8.446299284696578979e-02
-9.839446842670440674e-02
2.500857785344123840e-02
2.907311776652932167e-03
-6.689424067735671997e-02
-1.423993799835443497e-02
8.784028701484203339e-03
-6.014698743820190430e-02
1.942321844398975372e-02
2.084910497069358826e-02
-5.341891571879386902e-02
2.911060489714145660e-02
-2.909813262522220612e-02
4.449691623449325562e-02
3.010828420519828796e-02
-3.413337469100952148e-02
-1.587234996259212494e-02
5.977451801300048828e-02
-2.188084274530410767e-02
-2.803676947951316833e-02
2.305242046713829041e-02
1.296149712288752198e-04
-5.800485983490943909e-02
4.845541901886463165e-03
9.515850804746150970e-03
-8.473056554794311523e-02
-8.161124773323535919e-03
7.343231234699487686e-03
-6.109277531504631042e-02
-1.173636876046657562e-02
5.638698861002922058e-02
8.397888392210006714e-03
3.351754322648048401e-02
-4.640624392777681351e-03
5.538741126656532288e-02
-1.420936081558465958e-02
-3.389360615983605385e-03
2.197171188890933990e-02
4.842688329517841339e-03
2.823987975716590881e-02
-3.681400418281555176e-02
4.764736816287040710e-02
6.058406457304954529e-02
-1.948870718479156494e-02
-6.960333883762359619e-02
3.818368539214134216e-03
-1.910348795354366302e-02
-2.526861242949962616e-02
-2.442508749663829803e-02
-2.784459851682186127e-02
7.112358696758747101e-03
-1.277088932693004608e-02
8.273222297430038452e-02
-3.359021991491317749e-02
6.572567857801914215e-03
-8.854147046804428101e-02
9.601393342018127441e-02
-1.009997874498367310e-01
-2.271532826125621796e-02
-7.165621221065521240e-02
-2.001233771443367004e-02
-3.911774605512619019e-02
-1.289099268615245819e-02
9.189567528665065765e-03
-2.667591534554958344e-02
1.619021221995353699e-02
-3.103266842663288116e-02
3.216398879885673523e-02
5.316845327615737915e-02
-3.931907191872596741e-02
-7.459902763366699219e-02
4.332593455910682678e-02
2.750971121713519096e-03
3.097421955317258835e-03
-1.957841962575912476e-02
-2.490790374577045441e-02
-3.245927765965461731e-02
1.873287744820117950e-02
-7.029520720243453979e-02
2.080165222287178040e-02
-4.449944011867046356e-03
1.291134580969810486e-02
4.281518235802650452e-02
6.320542842149734497e-02
2.092790557071566582e-03
-6.509091705083847046e-02
-1.744028925895690918e-02
-2.839989401400089264e-02
2.667197026312351227e-02
-4.985174909234046936e-02
3.933838382363319397e-02
-6.278291344642639160e-02
4.583562538027763367e-02
2.100345119833946228e-02
3.025643713772296906e-02
8.157795295119285583e-03
-3.959229961037635803e-02
4.751298204064369202e-02
-2.686417894437909126e-03
1.067894399166107178e-01
5.790803208947181702e-02
-7.649827003479003906e-02
4.321717470884323120e-02
-7.117479294538497925e-02
4.671488702297210693e-02
6.811249069869518280e-03
5.283881351351737976e-02
3.132706880569458008e-02
2.120746299624443054e-02
3.253328800201416016e-02
-4.833707213401794434e-02
3.003260120749473572e-02
6.479837000370025635e-02
-5.799216032028198242e-02
-4.183134436607360840e-02
1.004256121814250946e-02
-3.587915375828742981e-02
3.619222715497016907e-02
3.238459303975105286e-02
-6.106622889637947083e-02
1.318194321356713772e-03
2.768119424581527710e-02
-2.908853068947792053e-02
8.563601970672607422e-02
-3.173199295997619629e-02
2.828906662762165070e-02
2.763015776872634888e-02
-1.856897585093975067e-02
1.776895299553871155e-02
-3.971904143691062927e-02
3.735275194048881531e-02
2.119082026183605194e-02
-6.111750379204750061e-02
4.714536294341087341e-02
-3.280987218022346497e-02
-6.750880274921655655e-03
2.280743792653083801e-02
-3.072085604071617126e-02
-1.269531846046447754e-01
-4.492903873324394226e-02
1.359970308840274811e-02
2.530611865222454071e-02
-1.263990439474582672e-02
5.644452571868896484e-02
-2.313601970672607422e-02
-1.321614068001508713e-02
9.494787454605102539e-02
-7.577591575682163239e-03
2.464270405471324921e-02
1.407879404723644257e-02
-8.870073594152927399e-03
-2.520204987376928329e-03
2.248845994472503662e-02
2.975173480808734894e-02
3.424244932830333710e-03
-1.451949216425418854e-02
-3.750236704945564270e-03
1.623701100470498204e-04
-8.643055334687232971e-04
4.503179714083671570e-02
-9.884260594844818115e-03
2.904616529121994972e-03
4.566655680537223816e-02
-7.884334027767181396e-02
3.498303471133112907e-03
1.125822030007839203e-02
-4.995814058929681778e-03
4.035114124417304993e-02
2.082096040248870850e-02
-1.932364515960216522e-02
7.040378451347351074e-02
3.947523981332778931e-02
1.277529895305633545e-01
1.183582469820976257e-02
3.018172271549701691e-02
-3.492892952635884285e-03
2.517293207347393036e-02
-1.737488806247711182e-02
2.170715853571891785e-02
-2.923404797911643982e-02
-1.419405452907085419e-02
9.769143164157867432e-02
-1.777921430766582489e-02
1.462236512452363968e-02
-3.789560869336128235e-02
2.540069445967674255e-02
-4.014978930354118347e-02
-4.048216342926025391e-02
-5.379558727145195007e-02
-7.982585579156875610e-02
2.066380903124809265e-02
-4.464399069547653198e-02
-1.214960813522338867e-01
-1.850278489291667938e-02
-4.869976267218589783e-02
-1.862717233598232269e-02
5.140608549118041992e-02
-9.999640285968780518e-03
-6.676003336906433105e-02
3.051878698170185089e-02
6.649394519627094269e-03
5.319078452885150909e-03
-1.073550954461097717e-01
1.628502644598484039e-02
1.349714864045381546e-02
6.454271730035543442e-03
1.669787243008613586e-02
4.627862572669982910e-02
-8.397781848907470703e-02
4.187345132231712341e-02
-1.308312918990850449e-02
3.995225951075553894e-02
5.291825905442237854e-02
9.107106924057006836e-02
4.836922883987426758e-02
1.198491081595420837e-02
7.587862759828567505e-02
1.826344244182109833e-02
-1.205222532153129578e-01
-3.994351252913475037e-02
-4.054427891969680786e-02
-6.550705432891845703e-02
-7.941254973411560059e-02
2.390091307461261749e-02
1.008101366460323334e-02
2.845215052366256714e-02
1.096829678863286972e-02
-1.111146807670593262e-02
-1.531830709427595139e-02
5.493242293596267700e-02
2.626871503889560699e-02
-3.955011069774627686e-02
1.608127914369106293e-02
-9.631496854126453400e-03
-5.250205867923796177e-04
-5.209085531532764435e-03
2.366213127970695496e-02
-1.387721672654151917e-02
-1.109406584873795509e-03
3.349751606583595276e-02
2.699649892747402191e-02
-7.348947972059249878e-02
1.033226307481527328e-02
8.192656189203262329e-02
-7.022740785032510757e-03
5.010106414556503296e-02
4.303064569830894470e-02
-7.517691701650619507e-02
-4.548282921314239502e-02
-3.910190612077713013e-02
-5.913341790437698364e-02
-2.397696673870086670e-02
7.057548034936189651e-03
2.169977314770221710e-02
-4.653823375701904297e-02
-2.445228397846221924e-03
-3.683818131685256958e-02
-1.815157942473888397e-02
1.413333229720592499e-02
-6.690919399261474609e-02
1.973207108676433563e-02
-9.488012641668319702e-02
5.464759096503257751e-02
-1.538394857197999954e-02
4.344274103641510010e-02
1.053230743855237961e-02
-5.495855957269668579e-02
-9.512072429060935974e-03
2.777602896094322205e-02
8.152420073747634888e-02
-3.047687374055385590e-02
-3.062969818711280823e-02
2.868156135082244873e-02
5.497974809259176254e-03
-2.186720445752143860e-02
2.315407060086727142e-02
2.734556049108505249e-02
5.482382327318191528e-02
1.446756627410650253e-02
-6.544455536641180515e-04
5.270967260003089905e-02
3.999270871281623840e-02
8.138422854244709015e-03
2.062560431659221649e-02
-2.394318208098411560e-02
-1.896087825298309326e-02
-3.893040819093585014e-03
3.718191757798194885e-02
-4.951737821102142334e-02
-3.510393947362899780e-02
2.861927635967731476e-02
-2.506442926824092865e-02
6.002705544233322144e-03
3.825318813323974609e-02
9.818625636398792267e-03
-1.138520687818527222e-01
-4.369826987385749817e-02
-1.240389887243509293e-03
-8.529966697096824646e-03
-1.008722856640815735e-01
-1.037053856998682022e-02
-3.229034692049026489e-02
-3.073321469128131866e-02
1.841458305716514587e-02
-5.766258109360933304e-03
2.374589070677757263e-02
-6.412917375564575195e-02
5.701568722724914551e-02
-5.000977963209152222e-02
-2.506623044610023499e-02
-2.703224122524261475e-02
5.076657980680465698e-02
-6.524078547954559326e-02
3.880339115858078003e-02
-2.581683360040187836e-02
4.877306148409843445e-02
3.388429060578346252e-02
1.965444302186369896e-03
-1.424110215157270432e-02
-7.303830981254577637e-02
-6.396275013685226440e-02
1.398856006562709808e-02
-1.673428714275360107e-02
-2.742834016680717468e-02
1.195101905614137650e-02
-2.131278451997786760e-04
-8.210788667201995850e-02
5.530828982591629028e-02
1.899135671555995941e-02
3.976057097315788269e-02
6.658033933490514755e-03
6.918754428625106812e-02
-2.469536289572715759e-02
-1.880395039916038513e-02
1.307918783277273178e-02
-6.294544041156768799e-02
-2.908222936093807220e-02
3.488606214523315430e-02
-6.566391885280609131e-02
6.886260956525802612e-02
-3.366306424140930176e-02
-1.235195714980363846e-02
2.536508068442344666e-02
-8.359425514936447144e-02
1.213649194687604904e-02
5.163665860891342163e-02
2.448722906410694122e-02
6.431851536035537720e-02
-1.652341522276401520e-02
5.963246151804924011e-02
7.463641464710235596e-02
7.654252648353576660e-02
4.344433173537254333e-02
2.179295197129249573e-02
-3.538617119193077087e-02
2.474148524925112724e-03
5.397577583789825439e-02
7.263319194316864014e-02
-3.201469779014587402e-02
1.617479138076305389e-02
-8.059372752904891968e-02
-1.529076788574457169e-02
5.116843432188034058e-02
-2.400750294327735901e-02
-2.767860516905784607e-02
-1.987102068960666656e-02
-7.125061005353927612e-02
4.777447320520877838e-03
4.559959750622510910e-03
-3.503018990159034729e-02
-1.985918544232845306e-02
4.924197867512702942e-02
2.900430187582969666e-02
-2.247103303670883179e-02
1.470316946506500244e-02
3.999789804220199585e-02
-5.762085691094398499e-02
3.701971098780632019e-02
-2.138391323387622833e-02
-1.500113457441329956e-01
2.577589266002178192e-02
-1.609681174159049988e-02
-3.343968838453292847e-02
-7.201100140810012817e-02
-9.815508872270584106e-02
2.905587293207645416e-02
-6.182150170207023621e-02
-5.800364911556243896e-02
8.648463338613510132e-02
-2.646496519446372986e-02
2.723741903901100159e-02
-9.250047802925109863e-02
-6.012156605720520020e-02
5.420606955885887146e-02
4.371580854058265686e-02
5.471836403012275696e-02
2.194086462259292603e-02
-1.022398844361305237e-02
2.647209167480468750e-02
-2.364368364214897156e-02
-7.867400534451007843e-03
3.044806234538555145e-02
1.450210716575384140e-02
1.417170371860265732e-02
-1.041576340794563293e-01
4.869887232780456543e-02
3.115853480994701385e-02
-3.744882717728614807e-02
1.087125390768051147e-02
-4.197120666503906250e-02
