4.630200937390327454e-02
-3.632576391100883484e-02
-5.911103449761867523e-03
5.984042957425117493e-02
-1.078940462321043015e-02
2.198319695889949799e-02
2.141476608812808990e-02
-1.390942931175231934e-02
-1.355881802737712860e-02
1.969233341515064240e-02
7.042672485113143921e-03
-6.963686319068074226e-04
3.356385603547096252e-02
2.346080727875232697e-02
-7.915660738945007324e-03
1.373423263430595398e-02
-1.055906247347593307e-02
2.038803137838840485e-02
1.396199166774749756e-01
1.451191212981939316e-02
5.609854590147733688e-03
2.932067029178142548e-02
-3.201468288898468018e-02
2.667480846866965294e-03
-3.981625486630946398e-04
-2.452490292489528656e-02
-1.551604643464088440e-02
-2.911609411239624023e-02
-3.027817793190479279e-02
2.422916237264871597e-03
5.805903673171997070e-02
2.546342462301254272e-02
1.688367314636707306e-02
-1.561495661735534668e-02
-2.625907945912331343e-04
2.958644740283489227e-02
4.448724444955587387e-03
1.634285412728786469e-02
1.558172953082248569e-04
-3.768302127718925476e-02
-3.589773550629615784e-02
6.515195127576589584e-03
-5.312545970082283020e-02
-2.942133508622646332e-02
6.735930684953927994e-03
-5.725525692105293274e-02
-3.815802559256553650e-02
8.897514082491397858e-03
-4.101431369781494141e-02
5.821146070957183838e-03
3.971195314079523087e-03
-5.827306210994720459e-02
4.483118280768394470e-02
-2.864339388906955719e-02
-1.376048754900693893e-02
-9.493703953921794891e-03
-2.463579364120960236e-02
2.009211573749780655e-03
4.123813509941101074e-01
5.325643718242645264e-02
-1.501264143735170364e-02
1.705238409340381622e-02
4.787268117070198059e-03
-1.669550500810146332e-02
-1.799269346520304680e-03
5.332972854375839233e-02
5.718078929930925369e-03
-1.374406367540359497e-02
7.239515893161296844e-03
-1.967237889766693115e-02
1.433063205331563950e-02
9.301173500716686249e-03
-3.356595057994127274e-03
-1.344084832817316055e-02
8.214672096073627472e-03
3.160029277205467224e-02
3.530497895553708076e-03
3.302675858139991760e-02
-5.544026847928762436e-03
7.221817970275878906e-02
-7.733285892754793167e-03
1.533920038491487503e-02
-1.133589353412389755e-02
3.605347871780395508e-02
9.478264302015304565e-02
2.323949011042714119e-03
1.410439377650618553e-03
-1.001379219815135002e-03
2.510308660566806793e-02
-4.341215267777442932e-02
-3.955645486712455750e-02
5.481413565576076508e-03
-2.376229874789714813e-02
9.759950451552867889e-03
-1.433594431728124619e-02
3.498572390526533127e-03
1.414730586111545563e-02
-1.274623256176710129e-02
9.572844021022319794e-03
7.221008185297250748e-03
-1.700811786577105522e-03
3.466042503714561462e-02
-9.638740681111812592e-03
1.488704327493906021e-02
1.824819296598434448e-02
-1.678837090730667114e-02
4.707469139248132706e-03
-2.091922610998153687e-02
3.232052549719810486e-02
-1.476001832634210587e-02
-7.281661382876336575e-04
2.680724300444126129e-02
1.602689176797866821e-02
2.425025030970573425e-02
1.271591987460851669e-02
5.517858546227216721e-03
2.882467396557331085e-02
-2.453797683119773865e-02
1.869522221386432648e-02
-1.968965865671634674e-03
6.281193345785140991e-04
-9.439784102141857147e-03
-1.044975966215133667e-02
1.844071783125400543e-03
-4.508156329393386841e-02
2.024729549884796143e-02
-3.967953100800514221e-02
-5.297480616718530655e-03
-9.538562037050724030e-03
4.202306270599365234e-02
-1.828588917851448059e-02
-3.229892114177346230e-03
-2.986568957567214966e-02
-7.852253504097461700e-03
1.468487665988504887e-03
1.653843000531196594e-02
-6.520615890622138977e-03
-1.853341609239578247e-02
-5.221285670995712280e-02
1.121893525123596191e-02
-1.152972728013992310e-01
-7.039018906652927399e-03
-2.328661084175109863e-02
-1.498903892934322357e-02
-2.724205888807773590e-02
1.425629854202270508e-01
-2.629031240940093994e-02
-1.762258261442184448e-02
3.142147790640592575e-03
6.539821624755859375e-03
2.415185794234275818e-02
2.025916613638401031e-02
5.781085696071386337e-03
1.955511048436164856e-02
8.604606613516807556e-03
-2.511313743889331818e-02
1.685484126210212708e-02
-4.862674046307802200e-03
-5.350224301218986511e-02
-3.056009858846664429e-02
-1.565523212775588036e-03
-6.574187427759170532e-02
9.285214357078075409e-03
2.170011959969997406e-02
-1.228926796466112137e-02
4.351547732949256897e-02
-1.355173625051975250e-02
-2.253721281886100769e-02
-1.166506111621856689e-02
1.282761897891759872e-02
3.493758291006088257e-02
-4.101854749023914337e-03
1.370149292051792145e-02
1.254613045603036880e-02
3.985373675823211670e-02
2.575142867863178253e-02
1.224671490490436554e-02
-1.371505670249462128e-02
-3.637389466166496277e-02
-1.136116310954093933e-02
5.543152242898941040e-02
-1.987904682755470276e-02
-1.268438342958688736e-02
2.426940388977527618e-02
-1.252954732626676559e-02
7.798442244529724121e-02
-7.315028458833694458e-02
-3.229271247982978821e-02
-4.428474698215723038e-03
7.863257080316543579e-03
6.772445142269134521e-02
2.470507100224494934e-02
-1.709506101906299591e-02
-1.997534185647964478e-02
-4.167512524873018265e-03
2.683192258700728416e-03
6.266614422202110291e-03
2.223062887787818909e-02
8.323273621499538422e-03
-1.590362377464771271e-02
-1.123346854001283646e-02
1.379205100238323212e-02
3.442427143454551697e-02
-4.903204366564750671e-02
2.686144784092903137e-02
-1.695976033806800842e-02
1.110686454921960831e-02
2.585968002676963806e-02
1.096057984977960587e-02
-9.727828204631805420e-02
-8.299373090267181396e-03
-2.496909163892269135e-02
1.394552458077669144e-02
8.421751670539379120e-03
-3.222232626285403967e-04
-2.138152346014976501e-02
6.125985179096460342e-03
6.258433312177658081e-02
-3.291052207350730896e-02
-7.697229739278554916e-03
-3.565809503197669983e-02
-7.768839597702026367e-01
1.738169416785240173e-02
-1.737624220550060272e-02
5.255254916846752167e-03
-2.524010278284549713e-02
5.395547952502965927e-03
6.048057228326797485e-03
8.436324074864387512e-03
2.315576374530792236e-02
-1.730989292263984680e-02
-2.243794500827789307e-02
-1.351321209222078323e-02
1.911529712378978729e-02
-1.611620746552944183e-02
-4.734118469059467316e-03
8.580607362091541290e-03
-1.394670922309160233e-02
3.996493760496377945e-03
-5.055059213191270828e-03
2.519625704735517502e-03
-1.773896068334579468e-02
-8.117721229791641235e-02
9.217944927513599396e-03
-9.919227100908756256e-03
1.210942049510776997e-03
-5.205945111811161041e-03
1.729641668498516083e-02
-1.853759400546550751e-02
-1.670393906533718109e-02
-6.174265407025814056e-03
-7.626895327121019363e-03
1.169574214145541191e-03
-3.144525690004229546e-03
-2.930111950263381004e-04
-2.238084562122821808e-02
9.886413812637329102e-02
1.641066558659076691e-02
-1.044094096869230270e-02
8.933787047863006592e-02
5.265173316001892090e-02
-5.587934330105781555e-02
5.803883820772171021e-02
-7.747035007923841476e-03
2.219407586380839348e-03
-5.880917236208915710e-02
1.821911633014678955e-01
2.551525272428989410e-02
-1.015980169177055359e-01
-5.947481468319892883e-02
-5.767441913485527039e-02
7.240951061248779297e-02
8.761826157569885254e-02
1.017328873276710510e-01
-2.702430263161659241e-02
5.402540415525436401e-02
1.494601927697658539e-02
-1.900957524776458740e-02
-3.565850853919982910e-02
-1.671133935451507568e-02
5.764749366790056229e-04
-2.666006796061992645e-03
5.675614997744560242e-02
-8.961247652769088745e-02
2.863593958318233490e-02
1.004922762513160706e-02
1.701318770647048950e-01
2.568669430911540985e-02
9.122784435749053955e-02
-2.175244875252246857e-02
8.645806461572647095e-02
-3.663913160562515259e-02
-1.164517365396022797e-02
3.170358389616012573e-02
-3.119420073926448822e-02
-1.662555965594947338e-03
-1.143797785043716431e-01
-1.078552473336458206e-02
2.670331625267863274e-03
-1.089444085955619812e-01
6.762993335723876953e-02
6.551438942551612854e-03
8.076530694961547852e-01
-8.002231270074844360e-02
-2.186815813183784485e-02
-1.266088932752609253e-01
3.418475389480590820e-02
1.451680958271026611e-01
1.582027599215507507e-02
5.447215214371681213e-02
-8.683440089225769043e-02
-3.381871432065963745e-02
2.242867499589920044e-01
-6.446385383605957031e-02
-7.838413864374160767e-02
-5.673422664403915405e-02
-9.181995689868927002e-02
-1.014994606375694275e-01
-7.006958127021789551e-02
-3.104847855865955353e-02
-2.595011703670024872e-02
-5.539389327168464661e-02
-5.958768073469400406e-03
-4.700935259461402893e-02
9.099746122956275940e-03
2.741536684334278107e-02
-2.969237510114908218e-03
8.753837645053863525e-02
-4.168352484703063965e-02
-2.907961374148726463e-03
2.480229176580905914e-02
-1.310816383920609951e-03
-1.756045408546924591e-02
4.026164487004280090e-02
1.163855660706758499e-02
4.786365851759910583e-02
-4.034737870097160339e-02
1.747659407556056976e-02
4.457237198948860168e-02
-1.518665719777345657e-02
3.857954218983650208e-02
2.392248623073101044e-02
-7.536987960338592529e-02
4.888834431767463684e-02
4.329462535679340363e-03
-2.798836305737495422e-02
-6.583580374717712402e-02
-1.490832422859966755e-03
3.385660052299499512e-02
-2.333506755530834198e-02
1.759758405387401581e-02
8.478396572172641754e-03
-2.303745970129966736e-02
-5.950948596000671387e-02
-4.631575942039489746e-02
4.216346517205238342e-02
-5.546109005808830261e-02
-1.029348280280828476e-02
6.700145546346902847e-03
-4.206208512187004089e-03
-1.979466341435909271e-02
2.033527567982673645e-02
7.719445228576660156e-02
-4.458701610565185547e-02
-3.449206426739692688e-02
-1.893623173236846924e-02
-2.563513407949358225e-04
-6.396309286355972290e-02
-9.867826104164123535e-02
-5.321971606463193893e-03
-9.597795084118843079e-03
9.993197768926620483e-02
3.413511440157890320e-03
5.510190129280090332e-02
4.118291288614273071e-02
-2.672960795462131500e-02
-7.432448863983154297e-02
2.423116005957126617e-02
-7.955188862979412079e-03
-1.169200614094734192e-02
-5.636194720864295959e-02
-2.601369470357894897e-02
-3.434704616665840149e-02
4.867679998278617859e-02
-2.909799106419086456e-02
2.509818226099014282e-02
9.132537059485912323e-03
4.838407784700393677e-02
6.271251291036605835e-02
-5.812580510973930359e-02
-2.280872873961925507e-02
-9.102238714694976807e-02
-6.653307378292083740e-02
1.345196366310119629e-02
3.762799501419067383e-02
-7.450958341360092163e-02
-6.697298958897590637e-03
-7.944816350936889648e-02
3.413631394505500793e-02
-1.086316723376512527e-02
3.770793788135051727e-03
7.237802445888519287e-02
4.462903738021850586e-02
-2.339486032724380493e-02
-1.185741461813449860e-02
-1.537484349682927132e-03
3.650582209229469299e-02
-7.120886445045471191e-02
6.062951311469078064e-02
-2.833525836467742920e-02
-8.852052688598632812e-02
-5.134263262152671814e-02
1.542299706488847733e-02
-2.654735464602708817e-03
5.914969742298126221e-02
2.244802191853523254e-03
-8.990506641566753387e-03
-3.832505270838737488e-02
-2.373804710805416107e-02
-2.472671493887901306e-02
1.830778270959854126e-02
-7.087896764278411865e-02
-7.659412920475006104e-02
-9.163613617420196533e-02
3.264678642153739929e-02
3.867547493427991867e-03
-6.143263354897499084e-02
-4.188356455415487289e-03
1.761645195074379444e-03
-5.756018683314323425e-02
1.817654073238372803e-02
2.596841193735599518e-02
-4.199304804205894470e-02
2.969149500131607056e-02
-3.591576963663101196e-02
5.281802639365196228e-02
3.976234793663024902e-02
-3.730792179703712463e-02
-2.472658641636371613e-02
4.791723936796188354e-02
-1.502207107841968536e-02
-3.736490011215209961e-02
3.344466909766197205e-02
7.174847414717078209e-04
-3.594239428639411926e-02
-2.449892926961183548e-04
1.312970183789730072e-02
-7.571262866258621216e-02
-1.887748017907142639e-02
-5.140326451510190964e-03
-4.663844034075737000e-02
-1.455855462700128555e-02
3.011069446802139282e-02
1.202215719968080521e-02
3.317778557538986206e-02
-3.632133593782782555e-03
5.885728448629379272e-02
-2.412822842597961426e-02
1.113579235970973969e-02
4.042580351233482361e-02
1.992256008088588715e-02
2.507646940648555756e-02
-3.007162362337112427e-02
4.854174703359603882e-02
5.771329998970031738e-02
-8.997437544167041779e-03
-5.538812652230262756e-02
-5.586110637523233891e-04
-8.219229988753795624e-03
-1.925828121602535248e-02
-3.131081908941268921e-02
-2.348198369145393372e-02
8.602062240242958069e-03
-2.066544489935040474e-03
8.000134676694869995e-02
-2.629514038562774658e-02
1.780598610639572144e-02
-9.435182809829711914e-02
1.067271605134010315e-01
-1.070756986737251282e-01
-1.824393309652805328e-02
-6.438050419092178345e-02
-2.535668201744556427e-02
-4.543638974428176880e-02
-4.427682142704725266e-03
1.005967054516077042e-02
-2.877788618206977844e-02
2.491068467497825623e-02
-4.121594503521919250e-02
3.555582836270332336e-02
3.992643952369689941e-02
-3.657061234116554260e-02
-8.388462662696838379e-02
3.801855444908142090e-02
1.274459995329380035e-02
1.393605582416057587e-02
-1.539839524775743484e-02
-2.038095705211162567e-02
-3.324776515364646912e-02
5.655216984450817108e-03
-7.633315771818161011e-02
3.378249332308769226e-02
-1.021923962980508804e-02
2.112521976232528687e-02
3.960873559117317200e-02
5.782836675643920898e-02
1.172692794352769852e-02
-5.544281005859375000e-02
-9.838493540883064270e-03
-4.167794808745384216e-02
3.808759897947311401e-02
-5.179838091135025024e-02
5.570434033870697021e-02
-5.921043083071708679e-02
4.371905699372291565e-02
3.008011355996131897e-02
3.648002073168754578e-02
6.594055332243442535e-03
-4.243617877364158630e-02
4.215461388230323792e-02
1.791872084140777588e-03
1.085591465234756470e-01
6.180340051651000977e-02
-8.411341160535812378e-02
3.744695335626602173e-02
-8.036250621080398560e-02
5.166349187493324280e-02
2.019858732819557190e-02
4.555394873023033142e-02
4.185402020812034607e-02
1.490923296660184860e-02
2.358266524970531464e-02
-2.727471292018890381e-02
3.356502205133438110e-02
6.179736554622650146e-02
-6.050330400466918945e-02
-4.280778020620346069e-02
1.705161482095718384e-02
-3.378884494304656982e-02
3.451028466224670410e-02
3.285330906510353088e-02
-4.045802354812622070e-02
-1.033062348142266273e-03
3.625345975160598755e-02
-2.208916284143924713e-02
6.845078617334365845e-02
-3.680479899048805237e-02
3.702859580516815186e-02
3.295517712831497192e-02
-1.810692623257637024e-02
2.949956431984901428e-02
-5.069687962532043457e-02
2.594583109021186829e-02
1.751374453306198120e-02
-5.765504390001296997e-02
6.556051969528198242e-02
-4.281257465481758118e-02
3.181577660143375397e-03
2.984268404543399811e-02
-2.949018590152263641e-02
-1.374686211347579956e-01
-4.420192539691925049e-02
1.172949094325304031e-02
1.260689459741115570e-02
-1.353317964822053909e-02
6.019120290875434875e-02
-1.832908578217029572e-02
-2.358429692685604095e-02
9.969930350780487061e-02
-1.002761162817478180e-02
1.642256602644920349e-02
1.881003007292747498e-02
-9.154308587312698364e-03
-1.445532869547605515e-02
2.046105824410915375e-02
1.778697595000267029e-02
1.505134161561727524e-02
-4.069893620908260345e-03
5.480204436025815085e-06
-3.738079220056533813e-03
3.051215317100286484e-03
3.830427676439285278e-02
-2.148891612887382507e-02
-2.225231612101197243e-03
5.445051565766334534e-02
-7.917544990777969360e-02
2.992614638060331345e-03
1.069323625415563583e-02
-8.785739541053771973e-03
4.848561808466911316e-02
2.035502716898918152e-02
-2.552699297666549683e-02
6.004667282104492188e-02
3.563592210412025452e-02
1.286325305700302124e-01
8.499622344970703125e-03
2.411644719541072845e-02
1.244711317121982574e-02
2.659056335687637329e-02
-1.644289307296276093e-02
2.711526118218898773e-02
-1.956019364297389984e-02
-1.564433611929416656e-02
1.074127182364463806e-01
-1.272595860064029694e-02
1.333514973521232605e-02
-2.541920915246009827e-02
3.191323950886726379e-02
-1.989897340536117554e-02
-2.982481755316257477e-02
-5.187705531716346741e-02
-6.922128051519393921e-02
2.147821895778179169e-02
-3.580035641789436340e-02
-1.220028623938560486e-01
-2.067083492875099182e-02
-6.347785890102386475e-02
-7.296413648873567581e-03
4.110455513000488281e-02
1.993287354707717896e-03
-5.613576993346214294e-02
3.012400679290294647e-02
1.732957549393177032e-02
9.118882007896900177e-03
-1.159974932670593262e-01
3.137843310832977295e-02
2.386893332004547119e-02
3.336675232276320457e-03
3.392049111425876617e-03
4.840498790144920349e-02
-9.213386476039886475e-02
2.926114760339260101e-02
4.420271143317222595e-03
3.588880598545074463e-02
6.485633552074432373e-02
8.396555483341217041e-02
5.478038266301155090e-02
7.115962449461221695e-03
7.043016701936721802e-02
2.483003400266170502e-02
-1.278825849294662476e-01
-3.125516325235366821e-02
-4.929025843739509583e-02
-7.702947407960891724e-02
-7.022563368082046509e-02
2.997836843132972717e-02
1.309734676033258438e-02
2.440118603408336639e-02
1.963076554238796234e-02
-2.110730111598968506e-02
-7.343201432377099991e-03
5.143260955810546875e-02
1.066233403980731964e-02
-2.140840701758861542e-02
1.535568479448556900e-02
-1.650870963931083679e-02
1.478131953626871109e-02
-8.762869052588939667e-03
1.257473323494195938e-02
-4.316923208534717560e-03
5.838613025844097137e-03
2.927238494157791138e-02
1.829805225133895874e-02
-5.985219031572341919e-02
-9.193825535476207733e-04
9.344241023063659668e-02
-2.783395536243915558e-02
3.794780001044273376e-02
3.162857890129089355e-02
-6.962266564369201660e-02
-4.313268885016441345e-02
-4.490699991583824158e-02
-6.632099300622940063e-02
-1.880527660250663757e-02
2.120254747569561005e-02
7.789321243762969971e-03
-3.919532150030136108e-02
1.340593094937503338e-03
-3.925005719065666199e-02
-2.726493217051029205e-02
1.804025284945964813e-02
-5.708818137645721436e-02
5.777932237833738327e-03
-8.842666447162628174e-02
4.538355022668838501e-02
-1.252447441220283508e-02
3.986657038331031799e-02
1.054164767265319824e-02
-4.514037445187568665e-02
-7.019783835858106613e-03
3.740926831960678101e-02
8.081895112991333008e-02
-5.668007582426071167e-02
-2.843759953975677490e-02
9.419639594852924347e-03
-4.999973811209201813e-03
-2.308915369212627411e-02
1.885338313877582550e-02
4.571129009127616882e-02
6.737704575061798096e-02
1.450208202004432678e-02
8.228262886404991150e-03
5.104839801788330078e-02
3.492060676217079163e-02
1.471818191930651665e-03
1.803627237677574158e-02
-2.761017531156539917e-02
-1.643222570419311523e-02
-7.258236873894929886e-03
2.778040245175361633e-02
-5.900138989090919495e-02
-3.195248916745185852e-02
2.345515973865985870e-02
-1.652656495571136475e-02
1.200993452221155167e-02
2.664374932646751404e-02
1.552115380764007568e-02
-1.028969138860702515e-01
-4.026507958769798279e-02
-6.241655442863702774e-03
-8.613931946456432343e-03
-8.388975262641906738e-02
-9.091243147850036621e-03
-3.340429812669754028e-02
-2.259974926710128784e-02
3.069950453937053680e-02
-7.631461136043071747e-03
3.002996183931827545e-02
-6.023644655942916870e-02
5.837788060307502747e-02
-4.091067984700202942e-02
-2.589105069637298584e-02
-2.661109343171119690e-02
4.886281862854957581e-02
-5.740658938884735107e-02
5.102931708097457886e-02
-2.441004663705825806e-02
5.306486412882804871e-02
3.877551481127738953e-02
-5.127793643623590469e-03
-2.729300037026405334e-02
-6.711110472679138184e-02
-5.762477591633796692e-02
1.675894111394882202e-02
-1.867848448455333710e-02
-2.786250412464141846e-02
5.758561193943023682e-03
-5.327313672751188278e-03
-9.500813484191894531e-02
6.001175194978713989e-02
1.558898016810417175e-02
4.341195896267890930e-02
2.141846343874931335e-03
6.667859107255935669e-02
-2.305246330797672272e-02
-1.602573506534099579e-02
-1.108745229430496693e-03
-6.864843517541885376e-02
-3.325762227177619934e-02
4.206313937902450562e-02
-8.508621901273727417e-02
6.932600587606430054e-02
-3.361117094755172729e-02
-1.818106509745121002e-02
4.551225900650024414e-02
-6.516175717115402222e-02
1.187001075595617294e-02
4.711475968360900879e-02
2.069273404777050018e-02
7.930469512939453125e-02
-1.656458340585231781e-02
5.065207183361053467e-02
7.146672904491424561e-02
7.382165640592575073e-02
3.731360659003257751e-02
1.375860162079334259e-02
-2.769439667463302612e-02
-1.558202086016535759e-03
8.063196390867233276e-02
7.548394054174423218e-02
-2.654471620917320251e-02
6.984617561101913452e-03
-8.007057756185531616e-02
-1.847287639975547791e-02
5.138835310935974121e-02
-2.500049956142902374e-02
-2.476956695318222046e-02
-1.727870292961597443e-02
-7.418841123580932617e-02
5.747342016547918320e-03
9.829449467360973358e-03
-4.039565846323966980e-02
-8.242025040090084076e-03
4.676074907183647156e-02
2.572035789489746094e-02
-1.334675773978233337e-02
1.812834478914737701e-02
3.202475607395172119e-02
-5.549579486250877380e-02
3.097179532051086426e-02
-2.476159855723381042e-02
-1.533303856849670410e-01
2.246038429439067841e-02
6.763372570276260376e-03
-2.255646884441375732e-02
-6.766743212938308716e-02
-1.036163717508316040e-01
2.257935889065265656e-02
-6.690379977226257324e-02
-5.540617927908897400e-02
8.631943166255950928e-02
-3.149483725428581238e-02
3.760687634348869324e-02
-1.031435802578926086e-01
-5.800680816173553467e-02
4.912716895341873169e-02
4.340522363781929016e-02
4.635763168334960938e-02
2.838975191116333008e-02
-1.438970770686864853e-02
3.123569115996360779e-02
-3.356365859508514404e-02
-1.406039111316204071e-02
2.405516803264617920e-02
6.626922171562910080e-03
2.442706562578678131e-02
-9.162808954715728760e-02
3.143966570496559143e-02
2.864629961550235748e-02
-3.349715098738670349e-02
1.947822980582714081e-03
-4.514482244849205017e-02
