6.280616670846939087e-02
7.370649254880845547e-04
2.517049387097358704e-02
2.603310719132423401e-02
5.788261070847511292e-03
-2.934418804943561554e-02
7.089845603331923485e-04
9.277883917093276978e-03
-5.057830363512039185e-02
-2.627887064591050148e-03
2.184487879276275635e-02
-2.686596848070621490e-02
-6.028021685779094696e-03
-6.238619331270456314e-03
-4.332238342612981796e-03
1.626652665436267853e-02
-5.260084755718708038e-03
-1.072553731501102448e-02
-4.866508767008781433e-02
3.706257417798042297e-02
-9.471856756135821342e-04
6.795421987771987915e-02
-2.430132217705249786e-02
1.092442311346530914e-02
3.092852421104907990e-03
-1.773773133754730225e-02
4.059809446334838867e-02
-5.062944069504737854e-02
-2.417181804776191711e-02
-8.507842198014259338e-03
-9.053394943475723267e-02
2.680374495685100555e-02
3.357912972569465637e-02
2.442979440093040466e-02
1.363756693899631500e-02
7.214759942144155502e-03
3.377812728285789490e-02
5.514500197023153305e-03
-1.438307482749223709e-02
-2.546085743233561516e-03
2.474890556186437607e-03
1.568955183029174805e-02
7.498714327812194824e-02
2.020490542054176331e-02
-1.283938996493816376e-02
6.285494309850037098e-04
8.368478156626224518e-03
2.012121863663196564e-02
1.192536484450101852e-02
1.160080730915069580e-02
2.180618420243263245e-02
-3.871348500251770020e-02
2.378198876976966858e-02
-2.227638615295290947e-03
2.239208295941352844e-02
-2.124539576470851898e-02
-2.946951054036617279e-02
2.553250268101692200e-02
4.793442487716674805e-01
-4.497576504945755005e-02
9.813662618398666382e-04
-1.715759001672267914e-02
2.731524594128131866e-02
-6.019186228513717651e-02
-2.089642733335494995e-02
7.680936157703399658e-02
-4.425943270325660706e-02
9.070077911019325256e-03
-7.385563850402832031e-02
1.686803437769412994e-02
1.592609286308288574e-02
1.223490224219858646e-03
-3.652376309037208557e-02
1.870210515335202217e-03
4.453370813280344009e-03
1.815969124436378479e-02
1.020725071430206299e-02
5.335942376405000687e-03
1.213367749005556107e-02
-6.235832720994949341e-02
-2.101047895848751068e-02
-2.061323961243033409e-03
-1.711962861008942127e-03
-2.750457264482975006e-02
4.370845854282379150e-02
-4.881260450929403305e-03
-3.161652944982051849e-03
3.859178395941853523e-04
3.264139173552393913e-03
-3.998762369155883789e-02
-5.138300475664436817e-04
2.793443016707897186e-02
-3.689043968915939331e-02
2.644170448184013367e-02
-4.572112578898668289e-03
-2.145101130008697510e-02
-1.378807052969932556e-02
-6.382420193403959274e-03
-1.886086352169513702e-02
1.500867423601448536e-03
1.731385476887226105e-02
5.136515200138092041e-02
-3.273241594433784485e-02
2.107853506458923221e-04
-3.429965814575552940e-03
3.618224756792187691e-03
1.735344901680946350e-02
-1.235403306782245636e-02
5.411364603787660599e-03
1.947951619513332844e-03
6.529351696372032166e-03
2.425771206617355347e-02
-9.869071654975414276e-03
-1.368195191025733948e-02
-1.659189164638519287e-02
2.103205770254135132e-02
-3.683337941765785217e-02
-9.356329217553138733e-03
6.469654850661754608e-03
1.188692171126604080e-02
1.037637796252965927e-02
8.917396888136863708e-03
1.133605837821960449e-02
-2.739677205681800842e-02
4.948672279715538025e-02
1.107112225145101547e-02
-3.002437576651573181e-02
-2.204131335020065308e-02
-1.619688421487808228e-02
1.036911085247993469e-01
3.060103580355644226e-02
2.146107703447341919e-02
-6.821722723543643951e-03
1.746744289994239807e-02
2.332478389143943787e-02
-1.220600120723247528e-02
7.530233357101678848e-03
1.053686160594224930e-02
-5.451876670122146606e-02
-1.816708408296108246e-02
-3.907148540019989014e-02
2.485296130180358887e-02
-5.419472698122262955e-03
-4.394692182540893555e-02
4.174623172730207443e-03
-8.941348642110824585e-02
1.131831109523773193e-02
-2.081554010510444641e-02
-1.333458162844181061e-02
2.441347809508442879e-03
6.742451339960098267e-03
1.658307388424873352e-02
-2.305694110691547394e-02
2.196486666798591614e-02
-5.374885629862546921e-03
9.884316474199295044e-03
-4.116742685437202454e-02
1.279562152922153473e-02
4.096677526831626892e-03
2.308774972334504128e-03
-4.051460698246955872e-02
1.346202753484249115e-02
-3.514705225825309753e-02
-1.493553165346384048e-02
6.652735639363527298e-03
5.289730057120323181e-02
-1.431453879922628403e-02
-2.721003256738185883e-02
1.920175552368164062e-02
-3.262002719566226006e-04
-1.802098937332630157e-02
-5.444920388981699944e-04
8.891498669981956482e-03
-7.832576520740985870e-03
2.295234985649585724e-02
6.712275557219982147e-03
-1.885993219912052155e-02
3.649014607071876526e-02
-1.034902930259704590e-01
2.073958888649940491e-02
1.013813819736242294e-02
9.494900703430175781e-03
2.220117859542369843e-02
-6.667851004749536514e-03
7.885217666625976562e-03
-1.123268157243728638e-01
1.154297147877514362e-03
1.796798780560493469e-02
-1.694191060960292816e-02
5.344767123460769653e-02
1.833025179803371429e-02
-1.361325848847627640e-02
-1.259745564311742783e-02
1.648915559053421021e-02
2.074514050036668777e-03
2.227552421391010284e-02
1.181152760982513428e-01
-3.452926874160766602e-03
-2.041603811085224152e-02
-2.615624666213989258e-02
-3.895220160484313965e-02
-4.410734865814447403e-03
7.082270085811614990e-02
-1.783269084990024567e-02
-1.473618950694799423e-02
1.018204074352979660e-02
6.039096508175134659e-03
8.574014529585838318e-03
-2.509170398116111755e-02
-2.582579152658581734e-03
4.498274065554141998e-03
-3.864727541804313660e-02
1.370333880186080933e-02
4.373101051896810532e-03
2.156366594135761261e-02
3.473859280347824097e-02
-8.747644722461700439e-03
3.454755619168281555e-02
1.511750649660825729e-02
1.157669536769390106e-02
-2.498186379671096802e-02
-7.396736741065979004e-01
1.738797500729560852e-02
3.613509610295295715e-02
2.319275029003620148e-02
1.273044268600642681e-03
1.729302108287811279e-02
-3.106247866526246071e-03
2.889328263700008392e-02
1.913897320628166199e-02
-3.642974048852920532e-02
-2.797511219978332520e-02
6.693582981824874878e-02
-1.919758506119251251e-02
9.043484460562467575e-04
-9.073958732187747955e-03
2.187167294323444366e-02
-1.760548539459705353e-02
-8.752809837460517883e-03
-1.813649572432041168e-02
3.212516009807586670e-02
-1.056852750480175018e-02
7.880695164203643799e-02
9.335988201200962067e-03
-3.741328418254852295e-02
-1.216330192983150482e-02
-1.763538457453250885e-02
1.313542388379573822e-02
-1.216309424489736557e-02
-3.639974445104598999e-02
-2.671808935701847076e-02
-7.150279823690652847e-03
1.487875636667013168e-02
1.054062414914369583e-02
1.065719313919544220e-02
-3.312605200335383415e-03
9.077094495296478271e-03
-4.257237166166305542e-02
-2.942599356174468994e-02
2.850881405174732208e-02
3.320382535457611084e-02
4.698899015784263611e-02
8.293339610099792480e-02
-6.282360851764678955e-02
4.460608214139938354e-02
1.564116217195987701e-02
1.476510167121887207e-01
4.010905697941780090e-02
4.862986132502555847e-02
-1.910971850156784058e-02
4.327410086989402771e-02
6.231911852955818176e-02
4.830366745591163635e-02
5.667722597718238831e-02
-3.773668780922889709e-02
-4.558641463518142700e-02
-5.956861749291419983e-02
-1.228202017955482006e-03
-4.957146570086479187e-02
1.392063647508621216e-01
1.388728432357311249e-02
1.649345085024833679e-02
4.125745221972465515e-02
-5.416729301214218140e-02
-8.837651461362838745e-02
8.764250576496124268e-02
1.876981556415557861e-01
3.177991881966590881e-02
5.290564149618148804e-03
-1.268799155950546265e-01
1.694418936967849731e-01
-1.069813445210456848e-01
-9.160574525594711304e-03
6.352836638689041138e-02
4.095089063048362732e-02
8.988436311483383179e-02
-1.515084207057952881e-01
2.701359987258911133e-02
-1.314950082451105118e-02
-4.274839535355567932e-02
1.265296041965484619e-01
-1.290228590369224548e-02
7.869821190834045410e-01
-9.904105216264724731e-02
-3.245107084512710571e-02
-1.637600660324096680e-01
7.623212784528732300e-02
1.000127643346786499e-01
3.856016695499420166e-02
1.459205001592636108e-01
-1.152816507965326309e-02
-5.212017521262168884e-02
1.692955642938613892e-01
2.513731643557548523e-02
-6.545297801494598389e-02
-6.147916242480278015e-02
-7.824151962995529175e-02
-3.481120988726615906e-02
4.058575257658958435e-02
8.619515225291252136e-03
-5.322447046637535095e-02
-5.111680366098880768e-03
-6.216896325349807739e-02
2.786316722631454468e-02
3.236978128552436829e-02
2.016562409698963165e-02
-3.234889730811119080e-02
-6.021158769726753235e-04
1.928935199975967407e-02
3.815911337733268738e-02
-6.058949977159500122e-02
-9.695700556039810181e-02
-2.002054825425148010e-02
2.170900441706180573e-02
-7.044312357902526855e-02
-1.026373170316219330e-02
7.135120034217834473e-02
1.155632268637418747e-02
-4.010353982448577881e-02
-2.395850233733654022e-02
7.429014425724744797e-03
-1.878564245998859406e-02
3.304244205355644226e-02
6.805582344532012939e-02
-2.955695241689682007e-02
-1.358918845653533936e-01
-8.082361891865730286e-03
1.486213598400354385e-02
-3.697517886757850647e-02
5.343645811080932617e-02
4.320377856492996216e-02
-7.395579665899276733e-02
-1.041719224303960800e-02
9.901253134012222290e-02
-5.837353318929672241e-02
6.936603039503097534e-02
4.199141636490821838e-03
6.088314205408096313e-02
5.664375796914100647e-02
5.128277116455137730e-04
-3.259618068113923073e-03
4.006638773716986179e-04
7.756718248128890991e-02
6.934884586371481419e-04
-2.933015860617160797e-02
1.577713293954730034e-03
-3.200417384505271912e-02
4.580986499786376953e-02
7.101868838071823120e-02
-1.993586122989654541e-02
2.362010767683386803e-03
1.219123136252164841e-02
1.544955931603908539e-02
5.509852990508079529e-02
-3.510077670216560364e-02
-1.994770392775535583e-02
-9.799692779779434204e-03
-5.724868737161159515e-03
2.341947890818119049e-02
6.406631320714950562e-03
-2.941637299954891205e-02
-8.693365752696990967e-02
1.673790626227855682e-02
1.980158127844333649e-02
6.644872575998306274e-02
1.329433731734752655e-02
-3.678221628069877625e-02
7.957501336932182312e-03
-4.554597288370132446e-02
-2.536591887474060059e-02
1.690158993005752563e-02
3.215593099594116211e-02
7.155013084411621094e-02
-2.022798731923103333e-02
-4.172246903181076050e-02
5.147957429289817810e-02
5.126138776540756226e-02
8.601402491331100464e-02
-7.326588034629821777e-02
-2.027984708547592163e-02
1.429457683116197586e-02
-1.335960347205400467e-02
-7.133762538433074951e-02
-4.105353727936744690e-02
1.249997168779373169e-01
4.705023951828479767e-03
4.200135543942451477e-02
4.954273998737335205e-02
1.127477511763572693e-01
-6.662443745881319046e-03
-3.104034811258316040e-02
3.408669307827949524e-02
1.289519015699625015e-02
9.578823298215866089e-02
-2.242407761514186859e-02
6.634389609098434448e-02
-1.882979180663824081e-03
-3.792411461472511292e-02
6.337178638204932213e-04
-4.046357423067092896e-02
3.094280138611793518e-02
-6.524495780467987061e-02
1.171974986791610718e-01
2.261189511045813560e-04
-5.897797178477048874e-03
-7.368653081357479095e-03
1.374746672809123993e-02
2.754092589020729065e-02
2.012166939675807953e-02
7.072286307811737061e-02
-4.544353112578392029e-02
1.449169497936964035e-02
-2.071701548993587494e-02
3.794138506054878235e-02
2.624163776636123657e-02
1.486581750214099884e-02
1.650950498878955841e-02
6.155471503734588623e-02
4.294804111123085022e-02
-4.127602279186248779e-02
-1.437744498252868652e-02
1.945302821695804596e-02
9.032014058902859688e-04
2.562712319195270538e-02
1.907612197101116180e-02
5.137013643980026245e-02
-2.396012283861637115e-02
-8.984769880771636963e-02
-5.396263301372528076e-02
3.186529874801635742e-02
4.007488489151000977e-02
-2.157505601644515991e-02
-8.985165506601333618e-03
-1.511458680033683777e-02
7.424037903547286987e-02
5.242164805531501770e-02
7.833982259035110474e-02
8.774210698902606964e-03
-2.365499176084995270e-02
-2.610106952488422394e-02
1.796651445329189301e-02
-4.377778153866529465e-03
-1.450119819492101669e-02
1.955820433795452118e-02
4.189676791429519653e-02
6.022602692246437073e-02
1.709218323230743408e-02
-2.058565802872180939e-02
-6.856156140565872192e-02
-9.076502174139022827e-02
-1.238808128982782364e-02
7.609764579683542252e-03
1.681937463581562042e-02
-3.411261364817619324e-03
-2.922340296208858490e-02
-2.355686202645301819e-02
4.008114710450172424e-02
1.782325212843716145e-03
3.244755044579505920e-02
-3.052104264497756958e-02
-3.762768581509590149e-02
8.764312416315078735e-02
-4.309994354844093323e-02
-7.379562128335237503e-03
-7.359773735515773296e-04
2.179634571075439453e-02
-1.767302118241786957e-02
3.397146612405776978e-02
2.870350144803524017e-02
2.144415862858295441e-02
5.033782497048377991e-02
1.390063390135765076e-02
1.312363613396883011e-02
-1.781253330409526825e-02
8.657171390950679779e-03
-1.210571732372045517e-02
2.475679107010364532e-02
7.400969415903091431e-02
-2.640774659812450409e-02
7.203920395113527775e-04
3.304861858487129211e-02
-7.904846966266632080e-02
-2.679460495710372925e-02
3.654642403125762939e-02
3.028850257396697998e-02
-1.544304192066192627e-02
9.742131456732749939e-03
-3.834008798003196716e-02
5.738450679928064346e-03
-2.517161890864372253e-02
-1.294247154146432877e-02
-1.115156617015600204e-02
-4.442119598388671875e-02
-3.160765022039413452e-02
-4.347811266779899597e-02
2.639481052756309509e-02
-2.853072434663772583e-02
2.863065339624881744e-02
1.187569499015808105e-01
4.710761830210685730e-02
-5.499519035220146179e-02
-1.821425557136535645e-02
4.733439162373542786e-02
6.578659266233444214e-02
3.374893451109528542e-03
8.682567626237869263e-02
-7.116178423166275024e-02
-1.822697557508945465e-02
-9.277073293924331665e-02
-1.751703768968582153e-02
-6.028673425316810608e-02
-8.085452020168304443e-03
-4.106305073946714401e-03
3.785525262355804443e-02
-7.762571424245834351e-02
4.108148813247680664e-02
-8.384578675031661987e-02
3.804649412631988525e-02
9.420312941074371338e-03
2.123480476438999176e-02
-2.867894247174263000e-02
-1.226516999304294586e-02
1.510242815129458904e-03
-2.289385162293910980e-02
2.078860066831111908e-02
-1.929410919547080994e-02
8.927360922098159790e-02
-7.268572598695755005e-02
-1.396069396287202835e-02
-3.771620988845825195e-02
-3.639697283506393433e-02
3.687317296862602234e-02
4.845580086112022400e-02
3.560440987348556519e-02
1.157495286315679550e-02
-5.500110983848571777e-02
1.515088696032762527e-02
-2.489001955837011337e-03
-8.021957240998744965e-03
-6.978901475667953491e-02
9.437150321900844574e-03
4.902787622995674610e-04
-4.914220049977302551e-02
9.095634520053863525e-02
-1.913421601057052612e-02
-1.966405101120471954e-02
-1.488733943551778793e-02
4.779704287648200989e-02
4.414380714297294617e-02
-5.354687198996543884e-02
-4.266085475683212280e-02
-5.026759207248687744e-02
-5.136517062783241272e-02
4.640900529921054840e-03
8.116725832223892212e-02
-2.440452761948108673e-02
-1.237404183484613895e-03
6.111805140972137451e-02
-3.818529844284057617e-02
3.483191877603530884e-02
6.480108201503753662e-02
-2.097463794052600861e-02
-5.869800224900245667e-03
2.902549505233764648e-02
6.037057936191558838e-02
8.786424994468688965e-03
1.493183150887489319e-02
2.708644606173038483e-02
6.752288341522216797e-02
-1.999475248157978058e-02
1.091280020773410797e-02
-1.405159104615449905e-02
7.753976434469223022e-02
3.337126225233078003e-02
1.880477368831634521e-02
9.581296890974044800e-02
1.806018315255641937e-02
2.421799302101135254e-02
-3.694824129343032837e-02
-3.661308810114860535e-02
-3.077477402985095978e-02
9.992548264563083649e-03
3.094091452658176422e-02
3.627795726060867310e-03
1.266205124557018280e-02
-5.946138128638267517e-02
4.618826135993003845e-02
4.578682780265808105e-02
5.810449644923210144e-02
-1.896776258945465088e-02
-5.657145380973815918e-02
-2.416604897007346153e-03
1.134367939084768295e-02
-8.598920702934265137e-02
-9.802401065826416016e-02
2.364517189562320709e-02
-4.405912756919860840e-02
-2.733934111893177032e-02
1.235998142510652542e-02
8.447172492742538452e-02
-5.731945391744375229e-03
1.745530217885971069e-02
1.356619689613580704e-02
-8.081642910838127136e-03
5.101329833269119263e-02
5.679409950971603394e-02
-5.770052783191204071e-03
-2.787782810628414154e-02
-2.013975009322166443e-02
1.231936039403080940e-03
5.126391351222991943e-02
-6.544589996337890625e-02
5.060038715600967407e-02
6.089074909687042236e-02
4.089453071355819702e-02
-5.266270413994789124e-02
-1.458312198519706726e-02
6.502956897020339966e-02
1.072664558887481689e-01
1.250160019844770432e-02
4.058341681957244873e-02
-9.462459944188594818e-03
-3.216843679547309875e-02
2.905144169926643372e-02
4.252765327692031860e-02
7.527264300733804703e-03
-9.393393248319625854e-02
-5.580640211701393127e-02
-9.200850874185562134e-02
-4.999144002795219421e-02
1.072559505701065063e-02
-3.515837341547012329e-02
2.162784896790981293e-02
-5.987223982810974121e-02
-4.453335423022508621e-03
-1.638583838939666748e-02
-6.311377137899398804e-02
2.558945119380950928e-02
6.099326908588409424e-02
-4.205566830933094025e-03
-2.894062362611293793e-02
-4.436863958835601807e-02
1.988846575841307640e-03
3.413165360689163208e-02
-1.579076237976551056e-02
-9.347398579120635986e-02
5.919069796800613403e-02
1.599812880158424377e-02
-4.461413994431495667e-02
4.070122539997100830e-02
-1.127500273287296295e-02
1.582911610603332520e-02
4.128860309720039368e-02
-7.503095082938671112e-03
-3.998123109340667725e-02
2.439155802130699158e-02
1.680789515376091003e-02
-2.836778201162815094e-02
5.647677183151245117e-02
1.112374290823936462e-02
-3.019481897354125977e-02
-6.306290626525878906e-03
2.950505726039409637e-02
7.068411260843276978e-02
1.032905094325542450e-02
-9.273207932710647583e-02
-3.155405446887016296e-02
-9.239408373832702637e-02
-3.749813511967658997e-02
5.533860996365547180e-02
-2.430429495871067047e-02
-8.924482390284538269e-03
4.107692837715148926e-02
-4.128222819417715073e-03
-3.011323884129524231e-02
5.298248678445816040e-02
2.799777872860431671e-02
5.063504725694656372e-02
-5.414254590868949890e-02
-2.966109849512577057e-02
-1.080153435468673706e-01
1.354723470285534859e-03
-1.006920076906681061e-02
-3.254488483071327209e-02
-4.027098417282104492e-02
-2.386758290231227875e-02
1.947024278342723846e-02
-2.152368798851966858e-02
-5.521229002624750137e-03
3.890754189342260361e-03
4.003646969795227051e-02
1.363296434283256531e-02
-6.352354306727647781e-03
1.878453791141510010e-02
5.618311464786529541e-02
2.492985129356384277e-02
1.781767583452165127e-03
1.069133952260017395e-01
-1.228661313652992249e-01
-4.520184174180030823e-02
1.082621589303016663e-01
2.993190661072731018e-02
1.364301331341266632e-02
2.716024965047836304e-02
3.844258561730384827e-02
-2.661084756255149841e-03
1.005126629024744034e-02
2.545289695262908936e-02
1.716012880206108093e-02
6.529985368251800537e-02
1.410112064331769943e-02
9.358168579638004303e-03
2.160579152405261993e-02
1.507340837270021439e-02
-1.293294224888086319e-02
-4.088460281491279602e-02
1.795144565403461456e-02
-5.689981579780578613e-02
6.726729869842529297e-02
-4.965301603078842163e-02
-1.943423785269260406e-02
3.359188511967658997e-02
-2.803553268313407898e-02
1.717162318527698517e-02
-3.825853765010833740e-02
-2.884307410567998886e-03
-3.716554120182991028e-02
6.319267302751541138e-02
6.489194184541702271e-02
4.842123389244079590e-02
-2.933236025273799896e-02
-3.154234960675239563e-02
3.494350984692573547e-02
-6.667577195912599564e-03
2.782795578241348267e-02
-3.839933499693870544e-02
5.486008152365684509e-02
-2.446989156305789948e-02
-1.497594173997640610e-02
-1.105863004922866821e-01
2.465508691966533661e-02
-1.503976155072450638e-02
8.821189403533935547e-03
-5.894418573006987572e-04
-3.235839679837226868e-02
-1.359238196164369583e-02
-6.719624996185302734e-02
-1.375603489577770233e-02
-8.347896486520767212e-02
3.111521154642105103e-02
-1.122758910059928894e-02
-5.158744379878044128e-02
-5.736786872148513794e-02
6.759510841220617294e-03
-2.402837760746479034e-02
-5.791445728391408920e-03
-3.713982924818992615e-02
-1.413620170205831528e-02
-5.765183363109827042e-03
-1.659202203154563904e-02
-2.467616647481918335e-02
3.614123910665512085e-02
-3.996380791068077087e-02
4.007523879408836365e-02
-5.117904767394065857e-02
9.102428331971168518e-03
-4.524298012256622314e-02
-1.725015114061534405e-03
-1.243315171450376511e-02
4.403692483901977539e-02
-4.360731691122055054e-03
-4.060512781143188477e-02
-3.912791237235069275e-02
-3.095052763819694519e-02
-3.269866481423377991e-02
1.098671834915876389e-02
-1.231659436598420143e-03
-7.006454281508922577e-03
3.321952372789382935e-02
5.927883833646774292e-02
2.087832242250442505e-02
9.094623476266860962e-02
3.553900402039289474e-03
-2.429072931408882141e-02
9.715139865875244141e-02
-2.122583054006099701e-02
1.463361084461212158e-02
7.736173458397388458e-03
-6.584940105676651001e-02
-2.198806218802928925e-02
-1.012612506747245789e-02
2.578835003077983856e-02
1.024627834558486938e-01
6.212628260254859924e-02
-1.122216600924730301e-02
-2.054145932197570801e-02
9.799266234040260315e-03
-3.913099691271781921e-02
-3.289216384291648865e-02
-9.415612556040287018e-03
-7.440654188394546509e-02
-3.151907771825790405e-02
1.016078889369964600e-01
8.400103449821472168e-02
-8.869354613125324249e-03
-6.204272806644439697e-02
-9.286047518253326416e-02
2.622580155730247498e-02
-4.307198897004127502e-02
1.805744692683219910e-02
3.191164135932922363e-02
-5.974631756544113159e-02
