6.449471414089202881e-02
5.323720397427678108e-04
2.701684087514877319e-02
3.761149942874908447e-02
7.463826797902584076e-03
-1.797897741198539734e-02
-1.090645440854132175e-03
4.313617944717407227e-03
-6.261730194091796875e-02
-3.828419139608740807e-04
1.337142754346132278e-02
9.927343344315886497e-04
-1.469854451715946198e-02
1.428507920354604721e-02
-4.611296113580465317e-03
1.392973586916923523e-02
-1.449440256692469120e-03
-1.809394918382167816e-02
-1.022746637463569641e-01
3.386610001325607300e-02
1.311174221336841583e-02
4.548770189285278320e-02
-1.585133746266365051e-02
1.357240695506334305e-02
4.622150678187608719e-03
-3.364056348800659180e-02
3.244272992014884949e-02
-3.356438875198364258e-02
-2.997642755508422852e-02
2.423151582479476929e-02
-9.250391274690628052e-02
1.959381252527236938e-02
1.369309704750776291e-02
3.995883837342262268e-02
1.207470428198575974e-03
-2.002711594104766846e-02
1.809716038405895233e-02
-9.479403495788574219e-03
-1.041573006659746170e-02
3.123066015541553497e-02
1.029885315801948309e-04
2.335209771990776062e-02
8.037984371185302734e-02
1.161666493862867355e-02
-2.788196876645088196e-02
-2.035360410809516907e-02
2.229773253202438354e-02
2.293645590543746948e-02
-1.626183395273983479e-03
4.763317760080099106e-03
1.347434148192405701e-02
-3.062477707862854004e-02
1.520632673054933548e-02
-2.639168500900268555e-02
3.202625783160328865e-03
-2.501737698912620544e-02
-1.808639056980609894e-02
5.099145229905843735e-03
4.869850575923919678e-01
-6.310278922319412231e-02
-2.035018801689147949e-02
-1.713696122169494629e-02
7.393560837954282761e-03
-4.195142164826393127e-02
-1.659073308110237122e-02
6.500786542892456055e-02
-3.201368823647499084e-02
8.953164331614971161e-03
-9.118753671646118164e-02
-2.675232011824846268e-03
3.607786074280738831e-02
2.047979086637496948e-02
-3.508037328720092773e-02
7.937762886285781860e-03
8.270350284874439240e-03
3.098199702799320221e-02
9.667192585766315460e-03
-1.389476470649242401e-02
1.984472386538982391e-03
-6.625834852457046509e-02
-5.022750236093997955e-03
-1.264325249940156937e-02
-1.613057591021060944e-02
-2.378134056925773621e-02
8.259428665041923523e-03
5.268079228699207306e-03
7.415326312184333801e-03
-1.257942710071802139e-02
-3.980270121246576309e-03
-2.700745873153209686e-02
-9.390524588525295258e-03
9.321387857198715210e-03
-2.738280408084392548e-02
2.789258770644664764e-02
-1.301218196749687195e-02
3.463181201368570328e-03
-9.119118563830852509e-03
-8.536935783922672272e-03
-3.512314707040786743e-02
-8.162164129316806793e-03
2.147229574620723724e-02
4.879375919699668884e-02
-1.406822819262742996e-02
1.932611106894910336e-03
-8.211273699998855591e-03
-1.191711518913507462e-03
1.185118686407804489e-02
-2.456251345574855804e-02
2.544386079534888268e-03
8.395541459321975708e-03
2.034606970846652985e-02
3.486777469515800476e-02
7.247993256896734238e-03
3.836733102798461914e-02
-2.831985987722873688e-02
2.220347151160240173e-02
-6.093493849039077759e-02
-1.126619521528482437e-03
8.707405999302864075e-03
7.212696596980094910e-03
-8.464646525681018829e-03
1.461016759276390076e-02
-3.465401474386453629e-03
-1.474893558770418167e-02
7.657325267791748047e-02
3.905222052708268166e-03
-1.264912262558937073e-02
-1.500490773469209671e-02
-2.451988495886325836e-02
8.790815621614456177e-02
5.508307367563247681e-02
2.043282799422740936e-02
-3.070849552750587463e-02
3.319287672638893127e-03
4.081386607140302658e-03
-1.407613232731819153e-02
3.501013666391372681e-02
2.605930902063846588e-03
-4.630355536937713623e-02
-1.326073333621025085e-02
2.976692095398902893e-02
5.555706098675727844e-03
-5.536660086363554001e-03
-3.420411795377731323e-02
-1.036544796079397202e-02
-1.412714868783950806e-01
3.657351713627576828e-03
-1.751417107880115509e-02
-1.656543277204036713e-02
-4.826611839234828949e-03
-1.537761092185974121e-02
3.300195094197988510e-03
-2.076411247253417969e-02
3.190312907099723816e-02
-1.007038261741399765e-02
2.933600684627890587e-03
-3.077182359993457794e-02
1.317749358713626862e-02
1.516988221555948257e-02
2.526279352605342865e-02
-2.474461495876312256e-02
6.717981398105621338e-02
-6.277965009212493896e-02
-4.321190528571605682e-03
-6.740602664649486542e-03
1.420513447374105453e-02
-4.125646129250526428e-02
-6.935187615454196930e-03
-9.020328288897871971e-04
-1.800939254462718964e-02
-1.902945525944232941e-02
1.683576265349984169e-03
8.491072803735733032e-03
-1.853004097938537598e-02
1.171487942337989807e-02
7.701131515204906464e-03
-2.058550715446472168e-03
3.558932617306709290e-02
-1.049833446741104126e-01
2.520326897501945496e-02
3.074402175843715668e-02
1.667682779952883720e-03
1.358960941433906555e-02
-7.178660016506910324e-04
4.383656661957502365e-03
-1.277691274881362915e-01
5.295418202877044678e-03
3.757677506655454636e-03
2.791038248687982559e-03
4.869110882282257080e-02
-5.852414295077323914e-03
5.612745415419340134e-03
-1.834075083024799824e-03
4.916810430586338043e-03
1.633586734533309937e-02
2.169512398540973663e-02
1.276389658451080322e-01
-1.759946718811988831e-02
1.322465389966964722e-02
-2.913615666329860687e-02
-6.501917541027069092e-02
-2.540404908359050751e-03
2.710262872278690338e-02
4.425963852554559708e-03
-6.240347400307655334e-03
2.168380469083786011e-02
7.084058132022619247e-03
-1.279445597901940346e-03
-8.450922556221485138e-03
-1.769541850080713630e-04
4.493335261940956116e-02
-1.055662706494331360e-02
1.282936986535787582e-02
-9.976468980312347412e-03
2.067552134394645691e-02
4.389389976859092712e-02
-1.832380332052707672e-02
2.162870205938816071e-02
1.669854484498500824e-02
-1.130540110170841217e-02
-1.229324284940958023e-02
-7.073312997817993164e-01
1.312357746064662933e-02
2.574281580746173859e-02
-1.682162634097039700e-03
-9.125813841819763184e-03
1.302790828049182892e-02
1.826663129031658173e-02
2.112494781613349915e-03
2.002913504838943481e-02
-2.192811295390129089e-02
-4.272496700286865234e-02
7.266630977392196655e-02
-2.101525664329528809e-02
-2.209059894084930420e-03
5.973237100988626480e-03
4.198034480214118958e-02
-3.060600347816944122e-02
-1.849514618515968323e-02
-1.802828721702098846e-02
3.035264462232589722e-02
-1.200280059128999710e-02
1.251553595066070557e-01
2.909220568835735321e-02
-3.490986302495002747e-02
-1.625042967498302460e-02
-8.582756854593753815e-03
-1.237794407643377781e-03
-1.448748167604207993e-02
-2.033699303865432739e-02
-1.430102158337831497e-02
-2.332807146012783051e-02
1.839659549295902252e-02
1.916798413731157780e-03
-7.025949889793992043e-04
-2.091122791171073914e-02
6.075016781687736511e-02
-4.832986742258071899e-02
-3.481706976890563965e-02
5.429941043257713318e-02
4.859639704227447510e-02
5.750524252653121948e-02
6.497704982757568359e-02
-7.287923246622085571e-02
2.768136747181415558e-02
-8.990108035504817963e-03
1.594434678554534912e-01
7.678264379501342773e-02
4.373460635542869568e-02
-5.376400426030158997e-02
1.415947265923023224e-02
2.799382619559764862e-02
5.002080276608467102e-02
4.882330447435379028e-02
-1.984542421996593475e-02
-3.117626532912254333e-02
-1.265613641589879990e-02
5.995267536491155624e-03
-4.345615580677986145e-02
1.236138492822647095e-01
9.001141414046287537e-03
7.620602380484342575e-03
4.925072193145751953e-02
-4.972221329808235168e-02
-7.398979365825653076e-02
5.122787505388259888e-02
1.669619083404541016e-01
7.317787501960992813e-03
6.826546741649508476e-04
-9.024883806705474854e-02
1.230379641056060791e-01
-9.695222973823547363e-02
-2.785582910291850567e-04
8.995187282562255859e-02
-9.759396314620971680e-03
4.920427128672599792e-02
-1.335264146327972412e-01
3.415964543819427490e-02
-4.836501553654670715e-02
-4.144029691815376282e-02
8.510003238916397095e-02
-3.285590931773185730e-02
8.293713927268981934e-01
-9.068744629621505737e-02
-1.781420595943927765e-02
-1.707768440246582031e-01
8.600032329559326172e-02
9.476009011268615723e-02
6.509225070476531982e-02
1.068328320980072021e-01
-1.603554189205169678e-02
-5.778155103325843811e-02
1.450266987085342407e-01
7.543806452304124832e-03
-6.490993499755859375e-02
-4.886371642351150513e-02
-7.498966902494430542e-02
-5.153895169496536255e-02
9.102987125515937805e-03
-8.555784821510314941e-03
-4.120771586894989014e-02
-1.939881709404289722e-03
-5.447713285684585571e-02
9.767051786184310913e-03
4.364695027470588684e-02
5.166545044630765915e-03
-1.026994548738002777e-02
-1.953293196856975555e-02
4.405233543366193771e-03
-5.337924230843782425e-04
-4.918916895985603333e-02
-5.560882762074470520e-02
2.158743562176823616e-03
6.823012232780456543e-02
-2.889768034219741821e-02
8.242136798799037933e-03
7.092829048633575439e-02
3.062530979514122009e-02
-2.196576446294784546e-02
-5.190236493945121765e-02
3.580623120069503784e-02
-2.273835241794586182e-02
4.498800262808799744e-02
4.566964134573936462e-02
-3.514096885919570923e-02
-1.244276985526084900e-01
-1.077322848141193390e-02
2.557606808841228485e-02
-2.249603532254695892e-02
4.022377729415893555e-02
2.036454528570175171e-02
-8.157794177532196045e-02
-3.283695504069328308e-02
8.017528057098388672e-02
-4.741580691188573837e-03
-2.567637478932738304e-03
-6.125041749328374863e-03
6.970790028572082520e-02
1.368548423051834106e-01
-1.820281706750392914e-02
8.181715966202318668e-04
6.801597774028778076e-03
6.214889883995056152e-02
-8.400459773838520050e-03
-3.045352734625339508e-02
-2.475002082064747810e-03
-9.100795723497867584e-04
2.775243856012821198e-02
5.018189549446105957e-02
-2.992288209497928619e-02
1.502764131873846054e-02
-2.507622726261615753e-02
3.979652374982833862e-02
4.522018507122993469e-02
-2.144442871212959290e-03
-1.723900809884071350e-02
2.494002878665924072e-02
-4.316692054271697998e-02
7.300909608602523804e-02
-1.550802495330572128e-02
2.915263408794999123e-03
-4.967778176069259644e-02
3.610786423087120056e-02
-9.880380239337682724e-04
5.530752986669540405e-02
4.867224022746086121e-02
-2.193585038185119629e-02
4.841618984937667847e-02
-7.010523974895477295e-02
-1.952239125967025757e-02
-1.528104674071073532e-02
1.907832734286785126e-02
6.524729728698730469e-02
6.878979038447141647e-03
-4.928019270300865173e-02
5.506635457277297974e-02
-1.552958274260163307e-03
7.089544087648391724e-02
-7.993362843990325928e-02
-8.018805645406246185e-03
1.678547123447060585e-03
-2.757085487246513367e-02
-3.398081660270690918e-02
-5.499081313610076904e-02
9.440132230520248413e-02
-3.970024734735488892e-02
5.493947491049766541e-02
9.057866781949996948e-02
8.262937515974044800e-02
5.040665622800588608e-03
-1.505314838141202927e-02
-1.246626581996679306e-02
2.322494238615036011e-02
9.060895442962646484e-02
-4.474090039730072021e-02
7.039977610111236572e-02
2.840623445808887482e-02
-7.660335302352905273e-02
1.031021121889352798e-03
-1.927552558481693268e-02
-2.791606076061725616e-02
-8.978581055998802185e-03
3.301004320383071899e-02
-1.340567716397345066e-03
-5.389402154833078384e-03
-1.605708850547671318e-03
1.745587214827537537e-02
2.345035597681999207e-02
1.958741620182991028e-02
4.870536550879478455e-02
-5.193859711289405823e-02
3.175256773829460144e-02
5.190562456846237183e-03
5.204982683062553406e-02
2.391447313129901886e-02
4.244998469948768616e-02
1.290587335824966431e-02
8.293442428112030029e-02
3.804405778646469116e-02
-2.885940112173557281e-02
-3.428857401013374329e-02
-2.361947111785411835e-02
9.149062098003923893e-04
2.814113721251487732e-02
-2.188892103731632233e-03
5.515581369400024414e-02
3.840876743197441101e-03
-1.328387409448623657e-01
-2.062230370938777924e-02
1.617041602730751038e-02
4.410665482282638550e-02
3.131770342588424683e-02
-3.797808021772652864e-04
4.803341813385486603e-03
9.703607857227325439e-02
7.537633646279573441e-03
7.973662018775939941e-02
5.808445811271667480e-02
-1.768738403916358948e-02
-9.158733487129211426e-02
2.517474070191383362e-02
-3.211050853133201599e-02
-9.386730380356311798e-03
-2.660752087831497192e-02
2.698818966746330261e-02
3.391805663704872131e-02
-1.851808279752731323e-02
-9.140810929238796234e-03
-5.343633517622947693e-02
-1.027468219399452209e-01
2.281059697270393372e-02
-1.377530116587877274e-02
4.655905067920684814e-03
1.658812514506280422e-03
-1.241667419672012329e-01
9.930550120770931244e-03
8.216755092144012451e-02
3.312979266047477722e-02
3.266486339271068573e-03
-9.019511053338646889e-04
-4.871740937232971191e-02
5.747438594698905945e-02
4.177623428404331207e-03
-1.217593718320131302e-02
8.552343584597110748e-03
-1.105705648660659790e-02
3.644003067165613174e-03
2.017133496701717377e-02
-1.989669166505336761e-02
4.351790621876716614e-02
6.407513469457626343e-02
-2.914657257497310638e-02
5.037601292133331299e-02
-2.245118096470832825e-02
-3.807716071605682373e-02
-4.794936999678611755e-02
4.247643984854221344e-03
5.910257995128631592e-02
1.045548636466264725e-02
-4.020055383443832397e-02
-6.923933513462543488e-03
-8.328858762979507446e-02
-3.143569454550743103e-02
3.584195300936698914e-02
7.474699057638645172e-03
-1.199047919362783432e-02
3.816723823547363281e-02
-6.834790855646133423e-02
-6.374493986368179321e-02
-5.042751878499984741e-02
-3.933482803404331207e-04
1.762017980217933655e-02
-9.258379787206649780e-02
1.355686597526073456e-02
-3.572021843865513802e-03
2.518433704972267151e-02
-3.489039465785026550e-02
6.970033049583435059e-03
1.074806824326515198e-01
6.017553061246871948e-02
-2.780723385512828827e-02
-8.989322185516357422e-02
1.926822960376739502e-02
4.869475215673446655e-02
-6.377527490258216858e-03
2.433885820209980011e-03
-6.352113187313079834e-02
-5.064295232295989990e-02
-7.722520828247070312e-02
-7.687752693891525269e-02
-5.922212824225425720e-02
-5.919479206204414368e-02
3.996001090854406357e-03
2.944997278973460197e-03
-1.461338601075112820e-03
4.208389297127723694e-02
-5.607593804597854614e-02
1.043584290891885757e-02
2.886886009946465492e-03
8.432941511273384094e-03
-6.565349642187356949e-03
-3.565531969070434570e-02
-4.415932670235633850e-02
-2.920605428516864777e-02
7.427575532346963882e-03
-4.400869831442832947e-02
5.520579218864440918e-02
-8.483105897903442383e-02
-2.281755907461047173e-03
-1.910603046417236328e-02
-1.258167903870344162e-02
3.939277678728103638e-02
2.851845324039459229e-02
3.388720378279685974e-02
2.054410427808761597e-02
-7.875874638557434082e-02
4.330074787139892578e-02
-1.842614635825157166e-02
-8.555744588375091553e-02
-5.936770886182785034e-02
4.468585550785064697e-02
1.007037330418825150e-02
-3.402681648731231689e-02
9.852077066898345947e-02
1.405334565788507462e-02
-3.861611708998680115e-02
-8.121845312416553497e-03
6.809181720018386841e-02
5.741774663329124451e-02
-4.093417152762413025e-02
-6.678313761949539185e-02
-5.027654115110635757e-03
-5.882069841027259827e-02
4.463945049792528152e-03
5.885189771652221680e-02
-8.693140000104904175e-03
1.815984398126602173e-02
-1.441929768770933151e-02
-7.992906123399734497e-02
5.200253799557685852e-02
-1.926690712571144104e-02
3.866432933136820793e-03
-9.062407538294792175e-03
6.379869766533374786e-03
1.698940619826316833e-02
3.172012045979499817e-02
4.229886829853057861e-02
4.286809638142585754e-02
5.536912754178047180e-02
9.299307130277156830e-03
4.180585592985153198e-02
-3.368763625621795654e-02
5.882970988750457764e-02
3.447352722287178040e-02
3.759905695915222168e-02
3.760030493140220642e-02
5.641596391797065735e-02
-5.046010762453079224e-02
-2.286414802074432373e-02
-3.567742556333541870e-02
-4.942927509546279907e-02
1.514786574989557266e-02
-2.747985348105430603e-02
-5.106149986386299133e-02
-1.083834934979677200e-02
-1.493608928285539150e-03
9.589724242687225342e-03
3.978373855352401733e-02
6.137963756918907166e-02
1.567386556416749954e-03
-5.311743170022964478e-02
2.299828082323074341e-02
2.864224277436733246e-02
-4.899450764060020447e-02
-1.268864870071411133e-01
2.423403784632682800e-02
2.433313615620136261e-02
-4.975534975528717041e-02
-9.691758081316947937e-03
5.532088503241539001e-02
1.709557953290641308e-03
4.435727745294570923e-02
1.277568191289901733e-02
-3.857057914137840271e-02
7.335182279348373413e-02
5.852676182985305786e-02
5.384184420108795166e-03
-6.730494648218154907e-02
-4.500046744942665100e-02
2.881004847586154938e-02
3.972244635224342346e-02
-5.086588114500045776e-02
-1.899087103083729744e-03
7.659151405096054077e-02
-1.389645319432020187e-02
-1.600758172571659088e-02
-4.106587916612625122e-02
6.074453704059123993e-03
1.712728664278984070e-02
-1.053842599503695965e-03
1.655640080571174622e-02
-2.193695679306983948e-02
2.964053861796855927e-02
3.091397695243358612e-02
3.625325858592987061e-02
-4.987069591879844666e-02
-5.950419232249259949e-02
-2.671477943658828735e-02
9.734495542943477631e-03
3.332053543999791145e-03
2.435146830976009369e-02
-4.595834389328956604e-02
3.603788092732429504e-02
-8.770558983087539673e-02
-1.237389631569385529e-03
-2.574687078595161438e-02
-3.654222562909126282e-02
-3.178062662482261658e-02
6.309518218040466309e-02
-1.321436720900237560e-03
-2.246799878776073456e-02
-4.159336164593696594e-02
-2.286593616008758545e-02
1.121542789041996002e-02
-4.334075748920440674e-02
-8.421575278043746948e-02
5.128620937466621399e-02
3.702958347275853157e-03
-4.447818547487258911e-02
2.430223301053047180e-02
4.777709022164344788e-02
-6.485950201749801636e-03
-1.448229514062404633e-02
-4.466092586517333984e-02
2.284649759531021118e-03
1.504984684288501740e-02
2.035640552639961243e-02
-2.598208002746105194e-02
9.149521589279174805e-03
9.115516394376754761e-02
-7.356343325227499008e-03
-3.726210910826921463e-03
1.414816174656152725e-02
1.339968740940093994e-01
5.551155190914869308e-03
-8.130278438329696655e-02
4.755569621920585632e-03
-7.032892853021621704e-02
-4.760042205452919006e-02
6.301493942737579346e-02
-3.266651555895805359e-02
-3.933272883296012878e-02
3.880381211638450623e-02
-3.985072299838066101e-02
1.633518608286976814e-03
6.662648171186447144e-02
1.807988807559013367e-02
9.192733466625213623e-02
-7.180416584014892578e-02
-3.202605247497558594e-02
-3.435248509049415588e-02
-4.810337908565998077e-03
-1.916476897895336151e-02
-6.757848709821701050e-02
-2.988167852163314819e-02
6.565403193235397339e-03
5.321563035249710083e-02
-6.339121609926223755e-02
-3.710382431745529175e-02
2.798816375434398651e-02
6.414696574211120605e-02
-7.710324600338935852e-03
2.830346580594778061e-03
-5.326639488339424133e-02
1.234000455588102341e-02
4.350087419152259827e-02
-6.512637250125408173e-03
3.308179229497909546e-02
-9.920599311590194702e-02
-5.403273180127143860e-02
8.659750968217849731e-02
9.299581870436668396e-03
-3.528758510947227478e-02
7.990819215774536133e-02
4.924781969748437405e-04
-1.023630890995264053e-02
4.946190118789672852e-02
-2.768529206514358521e-02
3.437891229987144470e-02
7.773764431476593018e-02
8.928977884352207184e-03
-2.876373380422592163e-02
1.350366324186325073e-02
5.848133936524391174e-02
-5.023852922022342682e-03
-3.853026032447814941e-02
4.797914251685142517e-02
-3.593722730875015259e-02
2.562860772013664246e-02
-1.517101656645536423e-02
-3.651010617613792419e-02
2.322215214371681213e-02
-2.741740830242633820e-02
-4.531471803784370422e-02
-6.033881753683090210e-02
2.055477164685726166e-02
2.207207726314663887e-03
1.935282535851001740e-02
2.438118122518062592e-02
3.735737875103950500e-02
-2.971090935170650482e-02
-5.495488271117210388e-02
4.259871691465377808e-02
-2.763428725302219391e-02
2.194728702306747437e-02
-3.861993551254272461e-02
9.702415764331817627e-02
-4.379038140177726746e-02
2.377373399212956429e-03
-8.040823787450790405e-02
2.106158435344696045e-02
7.125991396605968475e-03
4.512876644730567932e-02
4.330359771847724915e-02
-3.467197716236114502e-02
-2.731772884726524353e-02
-3.368721157312393188e-02
-9.876767173409461975e-03
-9.336683154106140137e-02
2.178102917969226837e-02
-6.445614621043205261e-03
-6.580300629138946533e-02
-2.846138179302215576e-02
2.501787617802619934e-03
2.552618458867073059e-02
-6.861808244138956070e-03
-2.715515717864036560e-02
2.059168182313442230e-03
-5.347054451704025269e-02
1.105524878948926926e-02
-6.007308140397071838e-03
2.326843515038490295e-02
-2.981275878846645355e-02
7.920397073030471802e-02
-1.796631701290607452e-02
7.089546881616115570e-03
-4.603027179837226868e-02
1.240731944562867284e-04
5.848607048392295837e-02
1.229149848222732544e-02
-2.352262474596500397e-02
-2.798165008425712585e-02
-6.302927434444427490e-02
-4.329834878444671631e-02
-2.545910142362117767e-02
-4.257311671972274780e-02
2.679188363254070282e-02
1.771846599876880646e-02
5.308694019913673401e-02
5.902141705155372620e-02
1.808900944888591766e-02
7.281936705112457275e-02
-5.389260593801736832e-03
-6.368414312601089478e-02
4.142152890563011169e-02
-1.115560624748468399e-02
3.146542981266975403e-02
-3.231183858588337898e-03
-3.857107087969779968e-02
-7.049239240586757660e-03
-5.373767111450433731e-03
3.030276857316493988e-02
3.195713460445404053e-02
3.874591551721096039e-03
6.797672249376773834e-03
2.121385000646114349e-02
-2.415761724114418030e-02
-5.051076412200927734e-02
-3.504105284810066223e-02
1.201639766804873943e-03
-5.179387517273426056e-03
-4.070343449711799622e-02
8.504664152860641479e-02
7.212043553590774536e-02
-8.968006004579365253e-04
-9.429354965686798096e-02
-1.190993115305900574e-01
6.516980379819869995e-02
3.479649499058723450e-02
1.964962109923362732e-02
6.611079722642898560e-02
-8.976515382528305054e-02
