4.837051406502723694e-02
-3.359731659293174744e-02
4.461739584803581238e-02
2.025708556175231934e-02
-4.646769259124994278e-03
-1.363800279796123505e-02
1.299756951630115509e-02
1.977811940014362335e-02
-3.151232749223709106e-02
4.323957022279500961e-03
1.360135991126298904e-02
-1.329796155914664268e-03
5.233733449131250381e-03
1.966506242752075195e-02
4.498580005019903183e-03
-7.821554318070411682e-04
1.813087798655033112e-02
-2.039331244304776192e-03
4.142624139785766602e-02
6.318579614162445068e-02
-1.216906472109258175e-03
9.555291384458541870e-02
-5.996496602892875671e-02
-1.576675102114677429e-02
-7.180845830589532852e-03
5.720400251448154449e-03
1.890791021287441254e-02
-4.355019330978393555e-02
-1.577708311378955841e-02
-2.653064439073204994e-03
-5.191999673843383789e-02
2.730891853570938110e-02
2.789444476366043091e-02
-5.510624963790178299e-03
2.690923959016799927e-02
2.372001297771930695e-02
-1.023689284920692444e-03
1.115090958774089813e-02
3.814933123067021370e-03
-5.384098365902900696e-02
3.690740559250116348e-03
-1.542707998305559158e-02
7.518991478718817234e-04
-5.439755972474813461e-03
6.766658276319503784e-03
7.630764506757259369e-03
-3.235489130020141602e-03
2.418287657201290131e-02
5.266635678708553314e-03
1.762757822871208191e-02
2.133642137050628662e-02
-7.211617380380630493e-02
1.741826161742210388e-02
-1.418237295001745224e-02
-3.360035270452499390e-02
-2.366680838167667389e-02
-1.288304664194583893e-02
7.122426759451627731e-03
4.399768412113189697e-01
-1.802904158830642700e-02
-2.135932631790637970e-02
2.654302679002285004e-02
2.933530509471893311e-02
-6.802447140216827393e-02
-1.245010993443429470e-03
7.498372346162796021e-02
-3.523931652307510376e-02
-1.718734018504619598e-02
-7.091948296874761581e-03
2.645349130034446716e-02
1.944768801331520081e-02
6.279868073761463165e-03
-8.662746287882328033e-03
-4.307072609663009644e-03
3.558140248060226440e-02
2.137039415538311005e-02
2.543729729950428009e-03
2.655751444399356842e-02
1.931122504174709320e-02
5.118681862950325012e-02
-2.460662275552749634e-02
1.258798688650131226e-02
-1.033866126090288162e-02
3.026772290468215942e-02
6.088821962475776672e-02
-5.265076179057359695e-03
1.749242842197418213e-02
2.041649259626865387e-02
2.682285942137241364e-02
-1.795426825992763042e-03
5.015397444367408752e-03
4.878407716751098633e-02
-2.077941223978996277e-02
3.441580757498741150e-02
-3.781470470130443573e-03
-1.737850718200206757e-02
-8.625871501863002777e-03
-2.310605347156524658e-02
-1.658752933144569397e-02
-1.118637435138225555e-02
-4.643417429178953171e-03
3.606069460511207581e-02
6.976829376071691513e-03
1.494517736136913300e-02
1.094208564609289169e-02
-1.126123033463954926e-02
-7.303803693503141403e-03
-1.957125216722488403e-02
3.716288879513740540e-02
-8.635215461254119873e-03
1.314924005419015884e-02
2.822055667638778687e-02
-1.738571003079414368e-02
-1.539890305139124393e-03
-2.271820977330207825e-02
2.806763630360364914e-03
-2.677633240818977356e-02
-1.560354139655828476e-02
3.534807637333869934e-02
-4.491990897804498672e-03
-9.749111486598849297e-04
6.448109634220600128e-03
-1.404796261340379715e-02
-1.737558096647262573e-02
7.031594403088092804e-03
2.137865126132965088e-02
-3.229018300771713257e-02
-7.478225044906139374e-03
-1.443189685232937336e-03
1.056551933288574219e-01
-1.107354741543531418e-02
-1.348483934998512268e-02
-3.339490666985511780e-02
-1.508150342851877213e-02
3.747300058603286743e-02
-7.355012930929660797e-03
-1.929817534983158112e-02
2.999445050954818726e-02
-7.254538685083389282e-02
-1.901699230074882507e-02
-8.497156947851181030e-02
-4.984661471098661423e-03
-2.028583921492099762e-02
-3.970785811543464661e-02
-2.113462612032890320e-02
4.631381109356880188e-02
-7.068987935781478882e-03
-3.324049292132258415e-03
-2.182916179299354553e-02
-2.087775804102420807e-02
1.078967191278934479e-02
9.103391319513320923e-03
-2.851366810500621796e-02
6.454681861214339733e-04
-3.141291439533233643e-03
-1.489913184195756912e-02
-9.554589167237281799e-03
2.245180308818817139e-02
-3.353886678814888000e-02
-1.218870468437671661e-02
-9.337070398032665253e-03
-7.126574218273162842e-02
4.355971235781908035e-03
4.476143978536128998e-03
2.848201245069503784e-02
7.283561676740646362e-02
-1.840824075043201447e-02
-2.132451906800270081e-02
1.742959022521972656e-02
2.533638104796409607e-02
2.659880183637142181e-02
-1.205203495919704437e-02
2.137831039726734161e-02
-1.998578757047653198e-02
4.533315077424049377e-02
3.818935155868530273e-02
-5.425752606242895126e-03
-4.335626494139432907e-03
-8.697711676359176636e-02
1.003391668200492859e-02
1.410426758229732513e-02
-3.253948315978050232e-02
8.540709502995014191e-03
2.347580343484878540e-02
-1.138876564800739288e-02
-1.257582847028970718e-02
-1.008654460310935974e-01
-2.184660546481609344e-02
-1.443557906895875931e-02
3.517936170101165771e-02
9.506562352180480957e-02
1.461481768637895584e-02
-7.233170792460441589e-03
-2.840736694633960724e-02
1.143234875053167343e-02
3.640084341168403625e-02
8.851076662540435791e-02
3.093759343028068542e-02
-1.158855669200420380e-02
-2.459897100925445557e-02
-5.443098954856395721e-03
3.124423697590827942e-02
4.147615656256675720e-02
-3.036345168948173523e-02
9.676844812929630280e-03
-1.999741047620773315e-02
5.421156063675880432e-03
1.789285801351070404e-02
6.241624709218740463e-03
-8.301936835050582886e-02
-1.544076763093471527e-02
-2.579940296709537506e-02
8.982718922197818756e-03
1.300524361431598663e-02
3.373597562313079834e-02
3.511619940400123596e-02
-6.638906896114349365e-03
4.279104620218276978e-02
-2.429206296801567078e-02
-6.866163108497858047e-03
-3.807980101555585861e-03
-7.608742713928222656e-01
6.484961602836847305e-03
6.879942957311868668e-03
2.419818937778472900e-02
3.459122963249683380e-03
-1.061237789690494537e-02
-5.609220825135707855e-03
3.679620474576950073e-02
8.640009909868240356e-03
-1.896178117021918297e-03
-6.468346714973449707e-02
4.580426961183547974e-02
-2.258565742522478104e-03
-2.356422599405050278e-03
-3.824998065829277039e-02
-8.924073539674282074e-03
-5.931518506258726120e-03
3.079388290643692017e-03
2.756387693807482719e-03
5.278846714645624161e-03
3.560841083526611328e-03
-8.763318881392478943e-03
1.337243895977735519e-02
-2.177930250763893127e-02
2.418741397559642792e-02
-2.025236748158931732e-02
4.424289241433143616e-02
-9.427985176444053650e-03
-6.893673539161682129e-02
-5.549505352973937988e-03
-1.706178486347198486e-02
2.764004468917846680e-02
-8.260014466941356659e-03
-2.291998639702796936e-02
-1.712399162352085114e-02
7.771202176809310913e-02
-7.130781561136245728e-02
-8.548814803361892700e-02
7.222192734479904175e-02
7.634363323450088501e-02
4.014601930975914001e-02
4.865835607051849365e-02
-1.094653606414794922e-01
-9.217022918164730072e-03
2.582429535686969757e-02
1.759934425354003906e-01
6.260819733142852783e-02
6.019750609993934631e-02
-5.845233798027038574e-02
-4.353424534201622009e-03
1.865538209676742554e-02
6.888142228126525879e-02
8.514865301549434662e-03
-3.440770134329795837e-02
-1.828165724873542786e-02
-1.239213440567255020e-02
7.032982539385557175e-03
-5.077270045876502991e-02
9.114908427000045776e-02
4.489282611757516861e-03
-2.274060389026999474e-03
4.576132446527481079e-02
-6.778573244810104370e-02
-9.719651937484741211e-02
2.093514055013656616e-02
2.088849991559982300e-01
-7.798508275300264359e-03
-2.378182113170623779e-02
-9.086505323648452759e-02
1.219492107629776001e-01
-6.513009965419769287e-02
-1.171641610562801361e-02
1.015190705657005310e-01
-3.390067070722579956e-02
5.403896048665046692e-02
-1.589197516441345215e-01
5.868643894791603088e-02
-5.910135433077812195e-02
-8.442302048206329346e-02
9.082378447055816650e-02
-6.701441854238510132e-02
7.721617221832275391e-01
-1.235820576548576355e-01
-8.325523696839809418e-03
-2.167097926139831543e-01
6.424786150455474854e-02
9.626543521881103516e-02
7.036778330802917480e-02
1.221228614449501038e-01
1.572268269956111908e-02
-2.899376116693019867e-02
1.690155863761901855e-01
1.031554955989122391e-02
-3.996862843632698059e-02
-5.393797531723976135e-02
-8.343579620122909546e-02
-7.726519554853439331e-02
-1.199046894907951355e-02
1.187761873006820679e-02
-7.623759657144546509e-02
2.187468484044075012e-02
6.750628817826509476e-03
1.900896243751049042e-02
4.248568788170814514e-02
3.459105640649795532e-02
-5.282912775874137878e-02
-1.371699571609497070e-02
1.182415708899497986e-02
4.133879020810127258e-02
-5.732508748769760132e-02
-5.537577718496322632e-02
-7.113804575055837631e-03
3.196390345692634583e-02
-5.566656962037086487e-02
-3.733484074473381042e-02
4.617341980338096619e-02
2.161420881748199463e-02
-4.012173041701316833e-02
2.657396718859672546e-02
9.359576553106307983e-02
1.550241839140653610e-02
5.556165054440498352e-02
1.258087996393442154e-02
-6.572945974767208099e-03
-1.642552465200424194e-01
-3.938664216548204422e-03
1.727261953055858612e-02
-3.092926926910877228e-02
5.733282864093780518e-02
1.457477081567049026e-02
1.083198189735412598e-02
-6.222734600305557251e-02
6.990458816289901733e-02
-3.337008412927389145e-03
-1.184476632624864578e-02
3.785838931798934937e-02
4.833102226257324219e-02
1.928701438009738922e-02
-5.963486433029174805e-02
-1.871013827621936798e-02
-4.047251306474208832e-03
7.054043561220169067e-02
-1.532314624637365341e-02
-8.306630887091159821e-03
1.663854904472827911e-02
-4.841781035065650940e-02
-2.302380278706550598e-03
5.997304990887641907e-02
3.304798528552055359e-02
4.262584261596202850e-04
1.528656296432018280e-02
6.063105165958404541e-02
7.776020467281341553e-02
-2.208526991307735443e-02
1.097385771572589874e-02
-3.284425660967826843e-02
1.061497349292039871e-02
-1.170834526419639587e-02
5.628414079546928406e-02
-2.696208097040653229e-02
-3.938096016645431519e-02
5.547263473272323608e-02
1.377694588154554367e-02
8.702703751623630524e-03
5.475443974137306213e-02
7.495490834116935730e-03
1.111104711890220642e-02
-4.296336695551872253e-02
2.228880301117897034e-02
-4.861606284976005554e-02
2.844948135316371918e-02
2.318240888416767120e-02
5.381137505173683167e-02
1.296445913612842560e-02
8.279617875814437866e-02
5.570760369300842285e-02
7.153478264808654785e-02
-1.409830451011657715e-01
-3.906295821070671082e-02
2.014112472534179688e-02
-2.716085128486156464e-02
-7.347085326910018921e-02
-3.602315846364945173e-04
1.128363385796546936e-01
2.195836603641510010e-02
8.385808020830154419e-02
6.070186570286750793e-02
6.678050011396408081e-02
5.701274052262306213e-02
-2.214003726840019226e-02
5.858099088072776794e-02
3.296238929033279419e-02
1.109857708215713501e-01
1.070618629455566406e-02
4.697377234697341919e-02
1.356966607272624969e-02
-6.610883772373199463e-02
-4.507303237915039062e-02
1.042852085083723068e-02
3.388572111725807190e-02
6.800819654017686844e-03
1.573693901300430298e-01
-8.505299338139593601e-04
-2.125698886811733246e-02
1.092939451336860657e-02
3.718119114637374878e-02
5.063234642148017883e-02
1.091850735247135162e-02
5.264782905578613281e-02
-6.010781228542327881e-02
5.318029224872589111e-02
1.619643345475196838e-02
6.792407482862472534e-02
1.514892093837261200e-02
-8.836996741592884064e-03
3.971476107835769653e-02
4.109283164143562317e-02
5.813904479146003723e-02
-1.900123246014118195e-02
1.867419481277465820e-02
8.245893754065036774e-03
-1.685737073421478271e-02
-5.238942056894302368e-02
-2.857950166799128056e-04
4.692956432700157166e-02
-2.785179950296878815e-02
-4.648471996188163757e-02
2.908262796700000763e-02
3.436693921685218811e-02
4.798750579357147217e-02
-6.836386397480964661e-03
-3.272547945380210876e-02
2.002863213419914246e-02
2.866450510919094086e-02
3.784054890275001526e-02
5.854716897010803223e-02
1.272318232804536819e-02
4.262727499008178711e-02
-2.179539762437343597e-02
3.284572064876556396e-02
-5.231670662760734558e-02
-1.962999158422462642e-05
-1.205987576395273209e-02
3.890547901391983032e-03
5.486802011728286743e-02
3.493092954158782959e-02
-5.089851096272468567e-02
-1.671547442674636841e-02
-7.435447722673416138e-02
-4.978683590888977051e-02
3.841043263673782349e-02
2.602555416524410248e-02
-6.389149930328130722e-03
-6.579716503620147705e-02
4.769436083734035492e-03
5.035122483968734741e-02
3.193199634552001953e-02
6.510881334543228149e-02
-1.080030947923660278e-02
-3.458994626998901367e-02
9.829480201005935669e-02
1.001483108848333359e-02
1.798590272665023804e-02
-2.080495096743106842e-02
-1.047435030341148376e-02
-6.157369818538427353e-03
4.806280136108398438e-02
1.262404676526784897e-02
4.000282660126686096e-02
1.316864695399999619e-02
-4.707917198538780212e-02
4.385438561439514160e-02
2.034866251051425934e-02
-3.251268342137336731e-02
4.756140336394309998e-02
-2.000939333811402321e-03
2.225839532911777496e-02
-1.032365579158067703e-02
-1.785473339259624481e-02
5.359821021556854248e-02
-8.309279382228851318e-02
-9.758697450160980225e-02
2.291106060147285461e-02
4.744137078523635864e-02
8.373891469091176987e-04
-1.660789176821708679e-02
-3.269664570689201355e-02
3.186618909239768982e-02
-4.175158217549324036e-02
-2.411289885640144348e-02
-1.800285093486309052e-02
-2.418909966945648193e-02
-1.585702411830425262e-02
-2.750276960432529449e-02
1.018061023205518723e-02
-9.353248029947280884e-02
8.083670400083065033e-03
1.098081246018409729e-01
1.516700256615877151e-02
-6.399748474359512329e-02
-9.798209369182586670e-02
4.042857512831687927e-02
5.240838974714279175e-02
-7.260157167911529541e-02
8.686952292919158936e-02
-5.270579457283020020e-02
-6.815295200794935226e-03
-9.274387359619140625e-02
-3.392840921878814697e-02
-4.951103031635284424e-02
-5.846659094095230103e-02
3.338035568594932556e-02
4.775978252291679382e-02
-8.063422143459320068e-02
6.694833934307098389e-02
-2.580460719764232635e-02
1.911769434809684753e-02
-1.665549702011048794e-03
1.806321740150451660e-02
-2.289511030539870262e-03
-2.727158425841480494e-04
-2.163051068782806396e-02
9.919756557792425156e-04
4.438314586877822876e-03
-3.030081279575824738e-02
5.554685741662979126e-02
-8.740691468119621277e-03
-3.678409755229949951e-02
-9.256837889552116394e-03
-2.477457933127880096e-02
-1.785110123455524445e-02
-1.056912727653980255e-02
1.873513311147689819e-02
-2.353921998292207718e-03
1.307208463549613953e-02
-4.759330768138170242e-03
-4.332144558429718018e-02
-3.600765950977802277e-03
-3.281757980585098267e-02
4.979912564158439636e-02
6.974855903536081314e-03
-5.954931676387786865e-02
1.342919319868087769e-01
-1.148761995136737823e-02
-5.818786099553108215e-02
-1.995170116424560547e-02
-1.498424541205167770e-02
-2.024239487946033478e-02
-6.669916212558746338e-02
-9.089685231447219849e-02
-5.318670347332954407e-02
-5.356143414974212646e-02
4.013562574982643127e-02
5.610829591751098633e-02
2.826679497957229614e-02
-4.935277998447418213e-02
1.122152339667081833e-02
1.281712017953395844e-02
4.356923326849937439e-02
8.468836545944213867e-03
-1.712133671389892697e-04
-2.975081838667392731e-02
-4.117799689993262291e-04
-2.226620726287364960e-02
-3.159373626112937927e-02
4.006687086075544357e-03
4.211620986461639404e-02
3.428836539387702942e-02
8.870327845215797424e-03
1.368111930787563324e-02
1.440397463738918304e-03
7.940842956304550171e-02
1.375131402164697647e-02
-3.307516872882843018e-02
8.839406818151473999e-02
3.386503318324685097e-03
-8.012693375349044800e-03
-3.429008647799491882e-02
2.063613384962081909e-02
-4.871063679456710815e-02
3.758184984326362610e-02
-1.554912980645895004e-02
-3.165974467992782593e-02
-3.953690454363822937e-02
-2.545430697500705719e-02
9.877710603177547455e-03
8.265139162540435791e-02
5.126744136214256287e-02
1.762654632329940796e-02
-1.237236056476831436e-02
5.271241813898086548e-02
-8.044922724366188049e-03
-4.088471457362174988e-02
-7.234486937522888184e-02
3.799909353256225586e-02
6.109425332397222519e-03
2.190511859953403473e-02
2.434177324175834656e-03
8.704265952110290527e-02
-1.166134234517812729e-02
2.909555286169052124e-02
-2.051319368183612823e-02
-1.180297974497079849e-02
1.274220943450927734e-01
4.878007993102073669e-02
4.454335942864418030e-02
-8.614270947873592377e-03
2.146017365157604218e-02
2.679592929780483246e-02
2.317455038428306580e-02
-8.730532974004745483e-02
6.137230899184942245e-03
6.048208102583885193e-02
9.623504243791103363e-03
-3.059490956366062164e-02
3.833274915814399719e-02
9.599470347166061401e-02
4.524604976177215576e-02
1.032712962478399277e-02
4.203449189662933350e-02
-6.913352757692337036e-03
-1.779348216950893402e-02
1.854620315134525299e-02
5.261420831084251404e-02
-3.750899434089660645e-02
-5.438587442040443420e-02
-9.316144511103630066e-03
-3.484114259481430054e-02
1.520903129130601883e-02
1.308261789381504059e-02
2.309879660606384277e-02
-3.874876722693443298e-02
9.796907193958759308e-03
-4.555295221507549286e-03
1.810654648579657078e-03
3.625084646046161652e-04
1.350939180701971054e-02
4.679141566157341003e-02
1.074395515024662018e-02
-1.382831390947103500e-02
1.238689105957746506e-02
-5.738904699683189392e-02
7.296659052371978760e-02
-1.352977287024259567e-02
-8.852386474609375000e-02
1.083668414503335953e-02
3.410834446549415588e-02
-2.871805801987648010e-02
3.769785165786743164e-02
7.049679011106491089e-02
3.819648176431655884e-02
2.733961679041385651e-02
2.120308764278888702e-02
-3.553222864866256714e-02
2.132467739284038544e-02
1.915052905678749084e-02
1.883257925510406494e-02
7.255265116691589355e-02
3.622188046574592590e-02
1.516841165721416473e-02
-5.262490361928939819e-03
-3.881350532174110413e-02
1.683278232812881470e-01
1.273059472441673279e-02
-7.009369134902954102e-02
-2.304121106863021851e-02
-1.138120666146278381e-01
-2.495807036757469177e-02
4.718271642923355103e-02
3.590932488441467285e-02
2.167870476841926575e-02
7.289588451385498047e-03
1.863219588994979858e-02
-6.697453558444976807e-02
1.549312006682157516e-02
1.108018867671489716e-02
-1.857480034232139587e-03
-3.813073039054870605e-02
-1.025831997394561768e-01
-1.468251226469874382e-03
-5.618268251419067383e-02
-1.283679995685815811e-02
-4.545330628752708435e-02
-5.215846374630928040e-02
-2.498854883015155792e-02
-6.493845023214817047e-03
-8.392550051212310791e-03
-6.878809630870819092e-02
4.129330813884735107e-02
1.977798901498317719e-02
2.597998362034559250e-03
7.362699601799249649e-03
-1.416830159723758698e-02
2.586008794605731964e-02
-3.076252294704318047e-03
-3.190187364816665649e-02
8.512514084577560425e-02
-4.780568927526473999e-02
-3.484942391514778137e-02
6.099411845207214355e-02
3.579117357730865479e-02
-1.486306544393301010e-02
2.986383810639381409e-02
5.521827191114425659e-02
2.674074843525886536e-02
1.638984866440296173e-02
4.756419733166694641e-02
3.976943716406822205e-02
2.103268355131149292e-02
1.307897083461284637e-02
-1.498749665915966034e-02
2.437846176326274872e-02
4.359165951609611511e-02
-2.451273798942565918e-02
4.657790064811706543e-03
-1.511085312813520432e-02
-1.315098535269498825e-02
7.325544208288192749e-02
-2.186624705791473389e-02
2.775725908577442169e-02
-9.061008691787719727e-03
-4.052017629146575928e-02
-6.912727258168160915e-04
-3.726961836218833923e-02
4.444887861609458923e-02
-5.522087588906288147e-02
4.320455342531204224e-02
2.269061654806137085e-02
3.830347210168838501e-02
-4.300583526492118835e-02
-4.647532105445861816e-02
-8.484458550810813904e-03
-4.540515691041946411e-02
5.492760986089706421e-02
-5.192426592111587524e-02
4.511726647615432739e-02
7.134585175663232803e-03
5.229981243610382080e-02
-1.246789917349815369e-01
-2.834092359989881516e-03
-2.120246738195419312e-02
-1.001621503382921219e-02
-4.368774220347404480e-02
2.966203913092613220e-02
5.703864991664886475e-02
-2.259516343474388123e-02
-2.364783547818660736e-02
-1.146356090903282166e-01
5.504219233989715576e-02
3.431857749819755554e-02
-2.092618122696876526e-02
-4.088750481605529785e-02
-1.238389592617750168e-02
-3.878397122025489807e-02
1.079871505498886108e-02
-3.328359872102737427e-02
1.532021211460232735e-03
-2.091895416378974915e-02
-1.860311068594455719e-02
-5.277604609727859497e-02
1.866692304611206055e-02
-5.897627398371696472e-02
2.104939194396138191e-03
-3.402467817068099976e-02
4.430163651704788208e-02
-3.409702703356742859e-02
-2.414829656481742859e-02
-3.222239017486572266e-02
4.143826290965080261e-02
-1.063349749892950058e-02
-6.383665651082992554e-02
-2.638364024460315704e-02
-5.481807142496109009e-02
-3.949628025293350220e-02
2.499954134691506624e-04
3.838458284735679626e-02
2.172781154513359070e-02
4.278900846838951111e-02
3.311077505350112915e-02
2.028770541073754430e-04
7.170254737138748169e-02
6.264906842261552811e-03
-4.276026785373687744e-02
7.957445085048675537e-02
-4.507275670766830444e-02
3.821084648370742798e-02
1.558586675673723221e-02
-3.998388722538948059e-02
3.631149651482701302e-03
-5.921882111579179764e-03
2.485411614179611206e-02
3.842681646347045898e-02
1.038626506924629211e-01
-5.743878893554210663e-03
1.729503832757472992e-02
-6.057488173246383667e-02
-2.220958285033702850e-02
-3.118161112070083618e-02
5.443310737609863281e-02
-4.521714150905609131e-02
-1.148436032235622406e-02
5.212207511067390442e-02
2.797981724143028259e-02
-9.102689102292060852e-03
-4.782888293266296387e-02
-6.646891683340072632e-02
4.548203572630882263e-02
8.626850321888923645e-03
-1.842730212956666946e-03
-1.121507771313190460e-02
-3.772463649511337280e-02
