0.00167940
-0.00523564
0.00424662
0.02917162
-0.01869486
0.01453140
-0.00757455
0.02328907
0.00416621
0.01579645
0.01386121
-0.03802399
0.01319093
-0.01343782
-0.01778428
-0.00010785
-0.00209649
-0.00159280
-0.05030055
0.03128071
-0.00412034
0.05219318
-0.02804776
-0.01277712
-0.00618583
0.00353385
0.01107588
-0.00786828
0.00368413
0.01099663
-0.15596196
0.03026840
0.03550229
-0.00586510
-0.00691242
0.04619715
0.01805706
0.01052538
-0.01210518
-0.07229878
0.00079460
0.01997726
0.08292222
-0.02355564
0.01460311
0.00501320
-0.02215317
-0.00607628
0.00409139
0.01475922
0.05176225
-0.01354159
-0.02650108
0.00140937
0.00095568
-0.00195547
-0.02701875
0.02771567
0.44558838
-0.00150625
-0.02536668
0.00124181
-0.00929901
-0.04063590
0.02125558
0.05823789
-0.02018109
0.01624416
-0.03977864
0.01166731
0.02102714
0.01467132
-0.02061722
0.02038487
-0.00404075
-0.00490407
-0.00045787
0.03278748
0.00459673
-0.14400609
-0.00489904
-0.00860444
-0.00641364
-0.03639883
0.05730147
-0.03615962
-0.00908722
-0.00333739
0.01639953
-0.04109788
0.00135237
0.00304805
0.00211775
0.01178236
-0.00452656
-0.00891735
0.00718860
-0.04132733
-0.01667921
0.01265331
-0.01282926
0.02232679
-0.01677166
0.01381489
-0.00882884
0.00524468
-0.01472159
0.02867092
0.01653061
-0.02397624
0.00758497
0.03770929
0.00289088
-0.00068486
-0.01816470
0.01548729
0.03191468
-0.02014475
0.01321231
-0.00674980
0.01869864
0.00777024
0.00600847
0.00793299
0.00831690
0.03148028
-0.02995295
0.00308224
-0.00031692
0.11820681
0.02195724
0.01987053
-0.00277703
0.01337644
0.03337248
-0.02455193
-0.01871488
0.01452457
-0.07436562
0.01129219
-0.06472449
0.00499358
0.00545650
-0.00823411
0.02045511
-0.11097307
-0.00894752
-0.02104530
-0.02950049
-0.00269632
0.04360252
0.02075844
-0.01209057
-0.01448910
-0.00409943
-0.02709020
-0.02014847
-0.00578447
-0.00997849
0.00626257
-0.02920628
-0.00893709
-0.00050062
-0.02027122
-0.00390237
0.04666897
0.01780651
-0.02631435
0.01680635
0.04128785
-0.00230932
-0.01798879
0.03109630
0.00014016
0.03195008
0.01409942
-0.00066711
0.00658655
-0.06697080
0.01684573
0.03752496
-0.01037946
0.02249301
0.00087736
0.03688753
-0.20107736
0.05046790
0.01038913
-0.02560967
0.06300277
0.06747603
-0.00598387
-0.01808041
0.00263363
-0.00465133
0.00599106
0.06940066
0.02542301
-0.08021756
-0.03920096
-0.00674001
0.00588664
0.13623646
-0.01479827
0.02153763
-0.03164200
0.01687919
0.00822890
-0.02089129
0.00740004
-0.03801587
-0.02216497
0.03504464
-0.00123822
0.02546040
0.03106308
0.00098175
0.04310562
-0.01272247
0.00307698
-0.03837698
-0.71245754
0.01225168
0.00952491
0.02981593
0.02228479
0.00789089
-0.00916409
0.03692653
0.02367245
-0.02677802
-0.02016557
0.03405294
0.00740894
-0.03204015
-0.01144316
0.00026253
-0.01634953
0.00056405
0.00795160
0.06434644
-0.00908149
0.06358152
-0.03077077
-0.01716024
-0.02327549
0.00493752
0.03531780
0.04040802
-0.01771505
-0.02375722
0.00798342
0.02052115
0.03546211
0.00129385
-0.00152049
0.12143917
-0.01105912
-0.01528549
0.10258192
0.05462362
-0.00487760
0.06899416
-0.02034289
-0.01455451
-0.06462888
0.19830894
0.08876980
-0.01835011
-0.06862990
-0.04088460
0.03721599
0.05107341
0.06153397
-0.00954682
0.00612947
0.02387470
0.02439063
-0.07421829
0.06302056
0.02541860
-0.05530057
0.07488303
-0.07651335
-0.01355752
0.02701714
0.12978877
-0.00936062
0.06701620
-0.01334173
0.06121525
-0.01477930
-0.00742289
0.08109492
-0.06881350
0.02538750
-0.12824821
0.01892186
-0.07154919
-0.09637704
0.02794733
-0.02586659
0.82312793
-0.08884490
-0.01618863
-0.15742110
0.08705549
0.08936606
0.04499016
0.04736475
-0.07484786
-0.06623221
0.14555043
-0.04485416
-0.11144068
-0.05456826
-0.11823245
-0.06139275
-0.07066780
-0.03700171
0.01153766
0.00909949
-0.02753459
-0.03576941
0.06558166
0.00160462
0.02292829
-0.00347192
0.01624014
0.04964960
-0.05640653
-0.00258067
-0.02019976
-0.02899099
0.02921616
-0.00025227
0.04210225
0.00392305
-0.02040285
-0.00294686
-0.00838217
0.02641247
-0.00936101
-0.00360946
0.03304530
-0.13749340
-0.02085708
0.04456995
-0.00807853
0.02171970
0.02190716
-0.08898471
-0.03760260
0.02858037
0.04616348
0.05307255
-0.04660941
0.00087246
0.07490467
0.04202653
-0.02979543
0.00833233
0.03496513
-0.00253718
-0.00615297
-0.01954472
-0.03625331
-0.05952242
0.06212229
-0.08574944
0.00851869
0.04942301
-0.03474291
0.00859986
0.03864325
-0.01232141
-0.03057655
-0.00935689
0.02558989
-0.04599463
-0.01834681
-0.04233290
-0.05763604
0.02553356
0.05262741
0.00000919
0.00251636
0.01739297
-0.04460203
-0.02349803
0.00067193
0.01885054
0.09711194
0.03778926
-0.05218284
0.06430095
0.03708389
0.09688082
-0.08567383
-0.05846650
0.02209364
-0.00097999
-0.13367018
0.04964878
0.06470864
0.01046783
0.04515145
0.05882430
0.05637783
0.03553163
0.03824349
0.02872588
0.00020727
0.08588609
-0.01383945
0.07141674
-0.03200396
-0.02692530
0.02132210
0.01609610
0.03384273
0.00378093
0.11273818
-0.02399855
0.00454741
-0.02733158
0.02487242
0.03988573
0.07359309
-0.01052654
0.04744351
-0.04828006
-0.01992980
-0.02277649
0.00332460
-0.01909791
-0.03589013
0.02666873
0.02998306
0.00715132
0.02208081
-0.00331833
0.00010574
0.06279138
0.00517266
-0.02250076
0.01440625
-0.09227639
-0.00504055
-0.01282434
0.03424314
-0.05032831
0.06185582
-0.05842320
0.03481273
0.01742794
-0.00327598
0.00260725
-0.04544808
0.00711656
0.08692843
-0.05218467
-0.02903121
-0.01792874
0.04086515
0.05479932
0.06358732
-0.02403495
-0.05199583
-0.07120158
0.00393142
-0.00251020
0.02765796
-0.00149598
-0.04854717
-0.01386684
0.05839120
-0.06743740
0.04631748
-0.05114789
0.02682235
0.07749181
-0.08308019
-0.00852746
0.02914198
-0.01064152
0.00723941
-0.00019125
0.00047124
0.02442992
0.08825400
0.05568020
0.02463777
-0.03672710
-0.01052151
0.00237049
-0.00577806
0.06566200
-0.04607363
-0.01638031
0.02833378
-0.09224557
0.03235016
0.07284040
0.02497101
-0.03042675
-0.03271130
-0.08241234
0.00332484
0.01760887
0.00185546
0.03351589
-0.09537456
-0.06328012
-0.01360059
-0.03573272
0.00814823
-0.06477164
0.11623520
-0.00634244
-0.05372331
0.01313748
-0.02724971
0.09604256
-0.04122223
0.02510583
-0.06413089
-0.00914252
-0.06911371
-0.06799557
-0.07126414
0.00324044
-0.02631082
0.00600850
-0.05372901
0.01949445
-0.05558623
0.03659728
-0.00847929
0.00414999
0.00062244
-0.03033827
-0.03199274
0.03927614
-0.02875626
0.04648771
0.09138712
-0.03662926
-0.02896619
0.00236763
-0.04920173
0.02408399
0.00787534
0.02200907
-0.02772778
0.05077327
0.02455087
-0.02056944
-0.02972445
-0.03763387
-0.02866865
-0.06875812
0.01117014
0.08430335
-0.00739841
0.00007939
-0.05400452
0.04382128
0.05193302
0.02515409
-0.06904931
-0.05421699
0.04520214
-0.02282788
0.03455617
-0.00086769
-0.02181615
0.03654461
-0.02265621
0.03313396
-0.02506135
0.04847242
0.00826193
0.05429639
0.04125023
-0.02328592
-0.03675822
0.02258568
0.03044275
-0.04390029
0.04263328
0.02033651
0.06286298
0.02054357
-0.02493989
0.07370830
0.02774766
0.01247835
-0.04527846
0.03234913
-0.03534891
0.06406112
-0.06478430
0.05897922
0.01282282
0.01774584
0.01991079
0.01703891
0.00032987
0.04621392
-0.00156503
-0.02579025
-0.04608995
-0.01296811
-0.14772867
-0.00152712
0.01199924
0.05406439
0.02008461
0.01567571
0.01150355
0.03405444
-0.01034890
0.01935753
0.06954669
0.08729163
0.06670576
-0.06428593
0.01471176
0.02804070
0.01451067
-0.10274573
0.01123604
-0.00319178
0.01658528
0.00338726
0.09980565
0.00230392
0.12935424
0.00713802
0.08036803
-0.00175100
-0.02966387
-0.03355057
-0.01211616
0.00286408
-0.02983823
-0.02477022
-0.04153252
-0.02709295
-0.05144546
-0.00019834
0.04717521
0.04227580
0.00303041
-0.04636470
-0.06016300
0.03108552
-0.02540611
-0.05413192
-0.00191060
0.01694718
-0.02080019
-0.01620537
-0.03792148
-0.02367679
0.08626030
-0.00406986
0.04027669
0.01415967
0.03821047
0.01997234
-0.01363100
-0.01564307
-0.01522214
0.01550841
-0.00393274
-0.03999812
0.05809895
0.01337155
0.01674406
-0.01893597
0.03666621
0.01429739
0.00367723
-0.08715490
-0.04967717
-0.04339623
0.00164412
0.06196268
-0.00908236
-0.05484678
0.02053784
0.01709696
-0.01437526
0.04454201
0.00159203
0.08875313
-0.06144166
-0.00912018
-0.05380836
0.01145841
0.02339173
-0.05131817
-0.09334438
0.01973828
0.04010544
-0.00868205
-0.02641771
0.03694618
-0.03228226
-0.02911786
0.02138537
0.06577361
0.00689402
-0.04323889
-0.01497749
0.11628204
-0.04585098
-0.04450789
0.08523928
0.08203866
0.02248687
0.00998866
0.02860099
-0.00670879
0.04974692
0.03997980
-0.01687641
0.07432774
0.01576365
-0.02686065
-0.04614216
0.04003073
-0.02380837
0.02357320
0.05881040
0.03831445
0.13660112
-0.01935047
0.01688832
-0.07056032
0.05345870
0.03479628
0.01168767
0.03090144
-0.02219073
-0.01661632
0.02747580
0.04004660
0.00854620
0.02880686
-0.01321013
0.02778309
0.03014597
-0.00089053
0.05388952
-0.00247592
0.03296780
-0.08804528
0.00714068
-0.08413249
0.04507698
0.03514190
0.02453752
-0.00231047
-0.02163433
-0.01622528
-0.05451115
0.02108269
0.01705924
-0.04333264
-0.00867127
-0.01516886
-0.08026503
-0.04634424
0.00699110
-0.02490052
-0.05931240
-0.06345575
0.00734394
0.03978833
-0.12199860
0.07354359
-0.09157680
0.02105018
0.01636588
-0.03123644
-0.00675049
0.01499330
0.05310593
-0.00510020
0.00319748
-0.00891055
-0.03750193
0.04626136
-0.00215633
0.02680814
-0.00202268
-0.01349919
-0.01188482
0.03303812
0.01065510
0.03148923
0.06526440
-0.03386740
0.01089604
0.04155609
-0.03557023
0.01707900
-0.02610704
-0.03152860
0.06129134
0.05014597
-0.01223233
0.00716442
-0.00096763
-0.02575470
0.02373662
-0.01963204
0.01251264
0.02774270
0.12199369
0.06372351
0.02373245
-0.09563184
-0.11503725
0.02725342
-0.04752428
0.03310539
0.06818934
0.02601878
