-0.01069383
-0.01798316
-0.01593608
0.03374342
-0.02573239
0.01894774
-0.00694256
0.02650561
0.01824131
0.03251931
0.00762615
-0.02823284
0.03873558
-0.03723635
-0.02652269
0.00399853
-0.00241918
0.00727002
-0.01290635
0.02895303
-0.00633947
0.03092610
-0.03083470
-0.00579135
-0.01263343
0.00223530
-0.00206133
0.01504833
0.00711226
0.03261119
-0.12649330
0.03573554
0.03120933
-0.00948436
-0.02660143
0.05198556
0.01067179
0.01704172
-0.00343935
-0.07825524
-0.00718372
0.02710202
0.06165995
-0.03183835
0.01193806
0.00663705
-0.03847241
-0.00141555
0.00612857
0.00705977
0.06864758
-0.03125282
-0.02123274
0.00493447
-0.00926380
0.01408163
-0.02949701
0.02439074
0.42724657
0.02392615
-0.03521895
0.01580470
-0.02063009
-0.02666463
0.03172337
0.05722089
-0.00229819
0.00344704
-0.03072543
0.01047762
0.04029994
0.02366143
-0.00954743
0.02481018
-0.02048052
-0.00144484
-0.00534934
0.03234569
-0.00672654
-0.12720406
0.00105451
-0.00900276
-0.00743246
-0.02655179
0.08244649
-0.03942085
-0.00871101
-0.01422693
0.02035271
-0.03901840
0.01391748
0.00084273
-0.00895910
0.00107431
-0.00382657
-0.00231045
0.01474673
-0.05154423
-0.00815031
0.01428255
-0.03441190
0.01346971
-0.01007863
0.02682506
0.00767335
0.02121913
-0.00366099
0.03131545
0.01729148
-0.02345217
0.01126444
0.04960272
0.02337435
0.01605809
-0.01500906
0.01491086
0.06248652
-0.03116222
0.01888698
-0.01194021
0.02185943
0.00855948
-0.00079304
0.03120258
-0.00624923
0.03920218
-0.02949939
0.01010601
0.00524408
0.09867253
0.03052683
0.02357990
-0.01394910
0.00370707
0.02384785
-0.01605686
-0.01204301
0.00605129
-0.06848445
0.02126954
-0.08311841
-0.01117827
0.01526250
0.00566945
0.02305553
-0.06239395
-0.02145712
-0.01739731
-0.03053799
0.00058819
0.05210185
0.02056747
0.00010305
-0.00378134
-0.00370401
-0.04191539
-0.01401106
-0.01890254
-0.03247078
0.00574285
-0.02903350
-0.02462389
0.00067954
-0.02189486
-0.01464762
0.04484571
0.01476946
-0.01680162
0.00558648
0.04560134
0.01645443
-0.01845759
0.04157745
0.01581518
0.04698844
0.01397523
0.02320869
-0.00025535
-0.05536876
0.00724205
0.05001523
-0.02896818
0.01240492
0.00415296
0.04891520
-0.15733238
0.03969866
0.00334273
-0.01857766
0.06189656
0.06612616
-0.00058409
-0.02647597
-0.00155680
-0.00425102
-0.00055403
0.04709977
0.02139474
-0.08896936
-0.05095663
-0.00725392
0.00195052
0.14547125
-0.00672181
0.03813322
-0.02191862
0.00755080
0.01737002
-0.02556542
-0.01033458
-0.04742889
0.00201553
0.02942645
-0.01358348
0.02686146
0.01228894
0.00332469
0.05445171
-0.01132295
0.00866026
-0.05667999
-0.72694200
0.00395327
-0.00834061
0.02078987
0.01612352
0.02027695
-0.00797504
0.03158897
0.02246305
-0.02161511
-0.02166793
0.02426200
0.02782466
-0.02978261
0.00178694
0.00499193
-0.01959853
0.01079738
0.00819033
0.08476565
-0.01682013
0.04611282
-0.03351161
-0.01006134
-0.03272323
0.02032501
0.04448040
0.05739223
0.01107074
-0.02809200
0.00926596
0.01401021
0.03978626
-0.00105479
-0.01072380
0.08344606
0.00123897
-0.06350212
0.10405097
0.00279546
-0.16261666
0.07081688
-0.01384724
0.01107462
-0.07534164
0.15595867
0.03517553
-0.00749524
0.00017107
-0.09932564
0.01136612
0.00907487
0.08322543
-0.00911743
0.01824006
0.03167025
0.03921816
-0.15320906
0.02422315
0.08804961
-0.08032033
0.01589988
-0.10241791
-0.05946299
-0.06195963
0.18792076
0.01777929
0.03856777
0.04223541
0.03335725
0.06977018
-0.01052920
-0.00862984
-0.04294191
0.03301030
-0.07384425
0.04385658
-0.01863740
-0.14616141
0.07907139
0.02933765
0.78739417
-0.11203755
0.03976050
-0.09290174
0.03925250
0.08794748
0.04366374
0.10475456
-0.11690992
-0.04229740
0.17297944
-0.06045142
-0.06967779
-0.04367591
-0.16250013
0.00332655
-0.08622247
0.00154646
0.00648788
0.00435781
-0.02929125
-0.04066220
0.07287204
0.00500212
0.03136263
0.00667846
-0.00068541
0.04446482
-0.04378186
-0.00298384
-0.02404810
-0.03502005
0.02683546
-0.01623805
0.04601330
-0.00121660
-0.02516324
-0.00334174
-0.01281194
0.01501257
-0.00673449
0.00309927
0.03953076
-0.13757615
-0.03435608
0.03525287
-0.01606737
0.01103103
0.00925868
-0.06787100
-0.04267371
0.03803151
0.03806714
0.06006621
-0.03781272
0.00184641
0.09828456
0.03372878
-0.03020962
-0.00880211
0.03669577
0.00174034
-0.01715850
-0.00977954
-0.02756600
-0.07194366
0.06047151
-0.07557699
-0.00361252
0.04939927
-0.02945161
0.01096542
0.05104082
-0.02480150
-0.03080849
-0.01756014
0.01162003
-0.05502762
-0.02466900
-0.04321253
-0.05031035
0.02826389
0.05293725
0.00621423
0.00793751
0.02256878
-0.05086287
-0.01774767
-0.00221258
0.02984795
0.10441433
0.04067360
-0.05015125
0.06996191
0.02791391
0.07928935
-0.07884893
-0.05170051
0.00989216
-0.01188502
-0.12124836
0.04900382
0.08286944
0.02473668
0.04637269
0.05641414
0.07773288
0.02781259
0.02602948
0.03910902
0.00149665
0.08324201
0.00188245
0.06638877
-0.01906098
-0.02941217
0.01936858
0.01967557
0.03452925
0.00975770
0.10047611
-0.03637645
0.00815870
-0.01653967
0.01991902
0.03690425
0.07882126
-0.00317626
0.03681438
-0.03662243
-0.02262872
-0.01670065
0.00758116
-0.01989893
-0.03340437
0.02598329
0.03372458
0.00535056
0.02100236
0.00985350
-0.00857489
0.04984139
-0.00977107
-0.01185944
0.00928305
-0.09838179
0.01676101
-0.00515395
0.03464455
-0.04904182
0.07156013
-0.06370460
0.02785287
0.02614267
-0.00069092
-0.00592353
-0.04662863
-0.00207897
0.06685805
-0.04955431
-0.03070519
-0.03206537
0.05742140
0.05649191
0.05509420
-0.01053212
-0.06058571
-0.07473548
0.00933308
-0.00112941
0.03322645
-0.01186961
-0.03541245
-0.03254489
0.05516639
-0.05695998
0.05789981
-0.03761287
0.01599761
0.06902452
-0.08234675
-0.01480397
0.03424404
-0.00713862
0.01264325
-0.02560307
0.01376401
0.02739742
0.09842226
0.04218715
0.03227305
-0.01650773
-0.01835660
0.00349048
-0.00921538
0.05938724
-0.03815914
-0.01196916
0.03254553
-0.09699072
0.02535119
0.07229856
0.03212025
-0.02081546
-0.02804920
-0.08838350
0.00251770
0.00480967
-0.00156315
0.02515471
-0.10200016
-0.07113653
-0.01899914
-0.03935621
-0.00488685
-0.06524616
0.10798898
0.00432864
-0.04777062
0.01229172
-0.02986631
0.09812915
-0.04902199
0.01868116
-0.04716065
-0.03327158
-0.08152761
-0.08072631
-0.05984570
0.00098427
-0.04910725
0.01692564
-0.02688905
0.01475753
-0.05098698
0.03619885
-0.01313462
-0.00601502
-0.00610474
-0.03826109
-0.02671435
0.03501558
-0.03172900
0.05383514
0.10315473
-0.03557455
-0.03557475
0.00712469
-0.05111768
0.02764791
0.01530183
0.01158531
-0.03898664
0.04967892
0.03863455
-0.03014134
-0.02179201
-0.03820220
-0.02952004
-0.07311187
0.01314670
0.08466352
-0.01028176
0.00719094
-0.04937023
0.04666994
0.05377087
0.04014659
-0.05773342
-0.05981230
0.02738172
-0.00767167
0.04075832
0.00756700
-0.03833852
0.03096854
-0.01852170
0.03934420
-0.03091044
0.05277821
0.01861320
0.05852687
0.03275672
-0.03368205
-0.03915995
0.02907647
0.01987460
-0.04092711
0.03641754
0.01482327
0.05911301
0.01815853
-0.02699525
0.07503652
0.03455475
-0.00858833
-0.05613596
0.02867491
-0.02881942
0.04492375
-0.06890316
0.05914564
0.00221095
0.01811085
0.01039404
0.01898401
-0.00826450
0.03164923
0.00332835
-0.03409507
-0.05967565
-0.01948473
-0.13041653
0.01057927
0.01367751
0.05015912
0.01247417
0.00755197
0.01341472
0.05421373
-0.00698600
0.00203126
0.06039160
0.09024307
0.05613986
-0.06340878
0.02946447
0.02789942
0.00976652
-0.07999729
-0.00558194
-0.01109966
0.00994529
0.01463087
0.10617828
0.00875876
0.10977657
0.01470448
0.08083063
-0.01165018
-0.03319204
-0.03507789
-0.02632315
0.00326149
-0.03735442
-0.01660900
-0.02714236
-0.02731646
-0.04591917
0.02979824
0.04898113
0.04150320
0.00899148
-0.03867167
-0.04843097
0.04283452
-0.01833821
-0.04755054
0.00178686
0.01861426
-0.01880528
-0.02101570
-0.02483913
-0.02593608
0.08050317
0.01578260
0.05300101
0.01480894
0.03307972
0.03033842
-0.02069315
-0.00680446
0.00375972
0.01294157
-0.00485730
-0.04524515
0.06269946
0.00888733
0.02227314
-0.02565558
0.04509300
0.02411659
0.00967835
-0.09286179
-0.03773599
-0.05760988
-0.01039681
0.06655548
-0.01751788
-0.03850244
0.04140591
0.01034376
-0.00654697
0.03454968
-0.00780887
0.09456541
-0.06166365
-0.02403213
-0.03854287
0.00659017
0.02488460
-0.05243821
-0.08542556
0.01287942
0.04048919
0.00254567
-0.02980537
0.05118375
-0.00815572
-0.01934404
0.02754904
0.07070953
0.01055207
-0.03880072
-0.01641467
0.10860892
-0.05555672
-0.05022270
0.07756040
0.08000268
0.01036467
0.00964304
0.03032615
-0.02593233
0.04425453
0.05285865
-0.02793084
0.07577693
0.00957866
-0.04246828
-0.02573445
0.06397404
-0.03960517
0.01192636
0.06546953
0.03395950
0.13716958
-0.00997998
0.01036515
-0.05923656
0.04617777
0.04344703
0.01156479
0.02812685
-0.01594492
-0.01750169
0.02548349
0.04729344
0.00622574
0.03250144
-0.01685519
0.02417165
0.03832756
0.00693507
0.05481644
0.00168088
0.04835977
-0.07401612
0.01276859
-0.08107961
0.04265787
0.04091286
0.01002798
0.00087492
-0.02492078
-0.01319437
-0.05672251
0.02098284
0.02223699
-0.02825645
-0.01765208
-0.00017502
-0.08551916
-0.04852176
-0.01785772
-0.00778529
-0.07504747
-0.06617610
-0.01087935
0.03401131
-0.12064375
0.06862502
-0.10064169
0.02022513
0.00358586
-0.04515487
-0.02400247
0.01364363
0.03714865
-0.00682330
0.00696404
-0.01334064
-0.03660661
0.04768239
-0.00526072
0.03444026
-0.00753103
-0.02143143
-0.01706494
0.04140314
0.01465989
0.02560442
0.06810051
-0.03804174
0.00470983
0.04642005
-0.04633592
0.01933691
-0.01881855
-0.03633505
0.04725245
0.05891361
-0.00277862
0.01389449
0.00042754
-0.03076700
0.02859098
-0.01773082
0.00594042
0.03426222
0.11388185
0.06450972
0.01435769
-0.09990575
-0.12626959
0.04064931
-0.04455121
0.02656033
0.07254121
0.01153401
