0.02939207
-0.02226074
0.00385997
0.02315837
-0.00999941
0.00967508
-0.00033329
0.02635863
-0.01543566
0.01370992
0.01823115
-0.03493429
0.01655088
-0.01423760
-0.01603771
0.00628912
0.00787832
0.00972051
-0.04034398
0.02473351
0.00182414
0.06023323
-0.03164879
-0.01440245
-0.02088494
0.00783560
0.02332536
-0.02875059
-0.01378442
-0.01663432
-0.13280901
0.02585017
0.04304593
-0.01076230
-0.00063703
0.04762388
0.01668611
0.02294490
-0.01506855
-0.06069989
-0.01509714
0.00682873
0.05950018
-0.01908281
0.00117104
0.00220654
-0.01413258
0.00885657
0.00482759
0.01978955
0.03718528
-0.03042690
-0.02407323
0.00308758
0.00973042
-0.02177810
-0.02730595
0.02881639
0.45836005
-0.00272962
-0.00712151
-0.00660700
0.01549995
-0.04134088
-0.00655855
0.06366261
-0.02491730
0.00568023
-0.05324700
0.01141837
0.01286022
0.00174467
-0.03362715
0.00770030
-0.00328422
0.00840526
0.00270048
0.03241069
-0.00009279
-0.10640132
-0.02609908
-0.00765787
-0.00715149
-0.03843288
0.07195418
-0.01393567
-0.01107850
-0.00105377
0.01875101
-0.04501538
0.00233773
0.01033152
-0.01392237
0.01210690
-0.00858150
-0.02302364
-0.00018900
-0.02196504
-0.02529946
-0.00093502
-0.00249236
0.04051527
-0.02479961
0.02236792
0.00015097
-0.00404249
-0.01140514
0.00549608
0.02136509
-0.01253703
-0.00418886
0.02474486
-0.00675437
-0.01474910
-0.00493793
-0.00187219
0.02642401
-0.03305661
0.01604277
0.00079264
0.02076334
0.00854960
0.01270843
-0.01194189
0.01293937
0.03195363
-0.03316560
-0.00570874
-0.00554725
0.11505134
0.01717236
0.02441274
0.00124723
0.02357804
0.03755671
-0.01709806
-0.03583490
0.01164476
-0.08319892
0.00052282
-0.06242723
0.01254355
-0.00669879
-0.02687543
0.00741784
-0.08387541
-0.01427110
-0.02155649
-0.02706400
-0.00168154
0.02712926
0.02388529
-0.01645707
-0.00971800
-0.00281664
-0.01681472
-0.01242779
-0.00189439
-0.01379983
0.00335939
-0.02454212
0.00302584
-0.01403663
-0.00443283
0.00255303
0.04352747
0.01115009
-0.02638851
0.00977454
0.02992683
0.00480042
-0.01599430
0.02817484
-0.00026212
0.03209980
-0.00091895
0.00099968
0.00590429
-0.07906980
0.00897284
0.01910539
-0.01240353
0.01411090
0.00008526
0.02006274
-0.16166073
0.03050888
0.00876184
-0.01688343
0.06747495
0.06067967
-0.00137743
-0.02970567
0.00655196
-0.00792005
0.00294237
0.07419480
0.01927446
-0.07717235
-0.04029164
-0.00547780
0.00065835
0.11675912
-0.04286100
0.00689920
-0.00771919
-0.00718329
0.03012563
-0.01188291
0.00101795
-0.04132930
-0.02131848
0.02999838
0.00659481
0.02782676
0.01485071
-0.00152263
0.04947821
-0.02160850
0.01436352
-0.04873778
-0.73690259
0.02142139
0.01566551
0.01722903
0.00363941
0.00199941
-0.02256055
0.03847161
0.02900092
-0.03189601
-0.02853212
0.03388793
0.01843285
-0.02185839
-0.01612948
-0.00880810
-0.00387382
0.00327087
0.00102977
0.03610807
-0.00130462
0.06205730
-0.02279339
-0.02422913
-0.00466278
-0.00015087
0.04381650
0.01056207
-0.02069781
-0.02532817
0.00898350
0.00304825
0.01936207
0.01388029
-0.00266749
-0.00174231
-0.01256950
-0.11325651
0.11429748
-0.03509488
-0.10724481
-0.02735738
0.01220060
0.07724062
-0.02373050
0.08444018
0.02390335
0.04106906
0.06705665
-0.06461172
0.02664131
-0.08597761
0.12353433
-0.11400449
-0.00504968
-0.00142714
0.05048554
-0.14325295
-0.00654210
0.06832228
-0.02671137
-0.09031235
-0.06823778
-0.06779020
-0.02785121
0.10401168
0.04669575
-0.01548374
0.05651432
0.06622133
0.14969133
-0.02008617
0.03094098
-0.05068909
-0.01342238
-0.00375723
0.08131890
0.02453205
-0.07491065
0.09119418
0.10483440
0.82574052
-0.06069940
0.11098973
0.02107225
0.08201260
0.08076137
-0.01937267
0.06351193
-0.03779427
-0.15911828
0.06261624
0.04670671
0.04151933
0.04839590
-0.11501588
0.06648316
-0.02477583
0.04528699
-0.00271202
0.01143268
-0.02875344
-0.02631440
0.05437978
-0.01532317
0.02379918
0.01826658
-0.01880594
0.06085981
-0.01898060
0.01265417
-0.01575644
-0.05199764
0.03442891
-0.00141757
0.05743457
-0.02095425
-0.03004937
0.01050477
-0.00525706
0.02907485
-0.00904941
-0.01590291
0.05594188
-0.13396917
-0.04164880
0.02377444
-0.00798572
0.03049676
0.05140918
-0.10780561
-0.02705260
0.00253597
0.04587234
0.06543838
-0.03084102
-0.00179911
0.06695615
0.05474636
0.00900100
0.00229773
0.02161254
-0.02556139
-0.01613262
-0.02315905
-0.02072339
-0.04906796
0.08170433
-0.08514060
0.00540271
0.06691990
-0.04787388
-0.00318994
0.03192874
-0.02013690
-0.02054471
-0.01612370
0.03101681
-0.05425911
-0.02725678
-0.03083797
-0.04133558
0.04676142
0.02717505
0.02327717
0.00181837
0.02529938
-0.02837744
-0.03456022
0.00649441
0.03565814
0.08552787
0.02897353
-0.02692834
0.07510912
0.04557352
0.10137156
-0.07376046
-0.04274914
0.02845199
-0.01100194
-0.14094454
0.05387561
0.07283741
-0.00507127
0.02739686
0.04682247
0.06675534
0.02831066
0.05204033
0.00842916
-0.00551460
0.08184365
-0.01953448
0.05821129
-0.02445257
-0.02648159
0.04695790
0.03981563
0.02802367
-0.00117348
0.12396642
-0.02171693
0.00975645
-0.01107132
0.02553258
0.05326832
0.07737825
-0.01223706
0.03490582
-0.02480191
-0.01559725
-0.01901139
0.00933007
-0.02703990
-0.06169251
0.03667384
0.03347754
0.02106035
0.03438547
0.01467279
-0.00976975
0.06393564
-0.01101853
-0.05342962
0.01993894
-0.06887278
0.01673003
-0.01846609
0.03541354
-0.04154008
0.04484726
-0.05895564
0.03351144
0.04130146
-0.00673743
0.02396309
-0.07432997
0.02450189
0.07168456
-0.04179162
-0.00621003
-0.02402647
0.05451095
0.04114376
0.04579772
-0.01026331
-0.04265241
-0.07126328
0.02118891
0.01952399
0.01651227
0.01369350
-0.03654194
-0.02136103
0.05589623
-0.06176208
0.05369984
-0.02513983
0.03724638
0.07332499
-0.06873307
-0.02699040
0.05722643
-0.02284893
0.02202464
0.01398674
-0.00816628
0.03629712
0.09245133
0.06069278
0.03019691
-0.03590617
0.01884946
0.01317895
0.02248147
0.04654777
-0.00989936
0.01477306
-0.00869805
-0.09924842
0.05939187
0.04431693
0.01845814
-0.04213720
-0.02484057
-0.05582763
-0.00206647
0.00278001
-0.00029655
-0.00558305
-0.08567204
-0.04762229
0.01019917
-0.00218572
0.00951404
-0.08601963
0.11381549
-0.01720436
-0.06724736
0.02174271
-0.05625034
0.08352240
-0.06339423
0.04404112
-0.05326246
0.00751098
-0.08443485
-0.07161928
-0.04872558
0.02188788
-0.01283452
0.00135260
-0.04542836
0.02016756
-0.05005402
0.02711468
-0.01192569
-0.00732422
-0.02714597
-0.02856320
-0.01303204
0.04610475
-0.01988910
0.04588525
0.07872270
-0.03071501
-0.04186306
-0.03517811
-0.03606590
-0.00351977
0.03531029
0.03256618
-0.02717962
0.04234813
0.01618987
-0.01320724
-0.03176099
-0.01099781
-0.05078099
-0.05578513
0.01717768
0.04898509
0.01070138
0.02233273
-0.02973602
0.04799376
0.07273395
0.04880321
-0.02005064
-0.06831437
0.04411482
-0.03267755
0.06193559
-0.01399465
-0.00259550
0.01182237
-0.01557100
0.02039243
-0.02915321
0.02843295
0.00715670
0.06018621
0.02320342
-0.01824106
-0.04285209
0.01725484
0.01242217
-0.04354849
0.02533869
0.03419132
0.06890261
0.02972255
-0.05022101
0.05326236
0.00403680
0.01684662
-0.04330180
0.04058431
-0.02261672
0.08261034
-0.08023388
0.04709868
0.01414616
-0.00657712
0.01221155
0.00521007
0.00146731
0.03023870
0.00741445
-0.02151726
-0.04008586
-0.00183572
-0.13913304
-0.02366791
0.01122496
0.04345363
0.02201245
-0.00658370
0.02258400
0.03453218
-0.00807053
0.00706096
0.03720247
0.10807410
0.06334616
-0.06928459
0.01863093
0.01657283
0.02063184
-0.12024575
-0.01436616
-0.02016968
-0.01794395
0.01188181
0.09887873
-0.00404663
0.13772190
-0.00664590
0.10799363
-0.01525123
-0.01539230
-0.04072982
0.01060979
0.01489915
-0.00789263
-0.05400667
-0.04673437
-0.03114553
-0.04879888
0.02222475
0.02146719
0.03845989
0.00977253
-0.04955778
-0.04742066
0.03299324
-0.01570568
-0.03236252
0.01151588
-0.00729084
-0.02151191
-0.00237457
-0.02326614
0.00338778
0.04990255
0.01528992
0.04323001
-0.00152581
0.01103630
0.01608146
-0.02103868
-0.02276263
-0.02420206
-0.01000838
-0.02581024
-0.03642049
0.05669967
0.01249426
0.02282109
-0.03196735
0.03775340
0.00054227
-0.01545721
-0.07250848
-0.05188184
-0.06575115
-0.00615653
0.02158021
-0.01753045
-0.03892914
-0.00225554
0.02977462
-0.01845822
0.02606686
-0.02816641
0.11100725
-0.06366073
-0.00184482
-0.03206909
0.01756436
0.02128348
-0.03680785
-0.09241660
0.00081984
0.04236337
-0.00285679
-0.03260290
0.02151210
-0.03357330
-0.02771173
0.02066927
0.04804569
-0.00752064
-0.04088112
-0.00546510
0.13745907
-0.01693691
-0.05314800
0.06622075
0.10429358
0.01670614
0.00858761
0.04010658
-0.03475592
0.05834022
0.01434065
-0.00023442
0.08147904
0.00374867
-0.02764325
-0.02788728
0.04447689
0.00367464
0.02010809
0.06390806
0.04225196
0.14159822
-0.03509134
0.01972040
-0.09065340
0.04622551
0.05114391
0.01586186
0.01423615
-0.00249157
-0.00810861
0.04792393
0.04879935
0.03312701
0.04248744
-0.01010539
0.00297113
0.02232301
0.02832643
0.03831082
0.01757196
0.04327422
-0.08968845
0.03181078
-0.08474241
0.03065534
0.04369809
0.02619181
0.02974969
-0.01771979
-0.02838476
-0.03710203
0.01639532
0.03155908
-0.05833001
0.00539678
-0.00685226
-0.06145759
-0.07124181
-0.00416541
-0.00340280
-0.05179504
-0.05849127
0.00454118
0.01100787
-0.12474985
0.04201066
-0.10081201
0.01139040
0.00986967
-0.03245055
0.01088823
0.00262098
0.05329224
0.01236284
0.02652320
-0.03306600
-0.05659238
0.05114344
-0.00682858
0.04169326
-0.00572628
-0.03077131
-0.01215846
0.04035994
0.01754634
0.05840303
0.05358546
-0.02138042
0.00452355
0.04185443
-0.05592798
-0.00028828
-0.00755394
-0.03373462
0.05591017
0.03898374
-0.01482051
0.01868266
0.00462706
-0.02166003
0.00184363
-0.02834986
0.03693093
0.04720717
0.10861427
0.03501882
0.02825908
-0.05524658
-0.09986659
0.05714127
-0.03103904
0.06210129
0.06392626
0.01652643
