0.03026521
-0.02482845
0.02479853
0.01210157
-0.00734627
-0.00238330
-0.00469110
0.01113163
-0.05103694
0.01556931
0.01525576
-0.01480492
0.01734973
-0.00689516
-0.01168988
-0.00672692
0.01777978
-0.00090064
0.01663128
0.03543156
-0.00354993
0.08229630
-0.05627516
-0.01846940
-0.02282946
0.01501033
0.02420035
-0.01889524
-0.00942720
-0.00750731
-0.08010138
0.02525837
0.02441787
-0.01420710
0.00189514
0.02727835
0.01105823
0.01952838
0.00001956
-0.04919498
-0.01196022
-0.00454513
0.03172112
-0.01540763
0.00404991
0.00655491
-0.02218417
0.01809769
0.00533351
0.01541758
0.02791924
-0.06425596
0.01072954
-0.00720357
-0.02483927
-0.02193058
-0.02527868
0.01599661
0.47885063
-0.00839628
-0.02138973
0.00585066
0.03092835
-0.05994802
-0.00144663
0.08753713
-0.02354891
-0.00554254
-0.04490636
0.03721341
0.01905057
0.00263772
-0.01534437
0.00358566
0.01238722
0.01721738
-0.00750423
0.01932506
0.01138932
-0.04084646
-0.02044359
-0.01258892
-0.01380138
0.01167635
0.07491717
-0.01136250
0.00367942
0.00898174
0.02184719
-0.01718400
0.01195049
0.04583856
-0.02545400
0.02533475
-0.00520107
-0.02114770
0.00604527
-0.02630122
-0.01516944
-0.01262948
-0.01515417
0.03289117
-0.00414893
0.02219198
0.00176433
-0.00890399
-0.00269637
-0.00096762
0.02125069
-0.01961949
0.00522371
0.03268567
-0.00064624
-0.00663021
-0.01368168
-0.00367774
0.00229645
-0.02964552
0.02612585
-0.00545696
0.00988197
-0.00130634
0.00616820
-0.00037766
0.02448244
0.03747616
-0.03530091
0.00066032
-0.00063811
0.11994182
0.03143400
0.00191858
-0.01934960
0.00636552
0.01874858
0.00016039
-0.00825243
0.03521524
-0.07965909
0.00275484
-0.06242720
-0.00651281
-0.00788272
-0.02281872
-0.01384594
-0.01179325
-0.02313028
-0.01224330
-0.02673412
-0.01762133
0.02726054
0.01870647
-0.02006691
0.00818152
0.00000012
-0.03202010
0.00739869
0.01189081
-0.02398260
0.00039580
-0.01038209
-0.03624134
-0.02852790
0.00482094
0.01269201
0.07077731
-0.02047370
-0.01721438
0.01372466
0.03908187
0.01825404
-0.01400157
0.02322701
-0.00689056
0.03768482
0.01147663
0.00414076
-0.00384314
-0.10181750
0.00850359
0.01138346
-0.03010356
0.00713207
0.00829287
0.01348185
-0.10669066
0.01184099
-0.01479822
-0.01306431
0.05586606
0.07585718
0.01205979
-0.01441931
-0.01527016
-0.00244014
0.03380435
0.11326060
0.03420898
-0.00900906
-0.03640358
-0.03359306
0.01561816
0.10838331
-0.02378853
0.02073556
-0.00554039
-0.00324934
0.02573026
0.00114821
-0.06319367
-0.02008719
-0.01464486
0.01525089
0.00627701
0.02427290
0.01958174
0.00561096
0.04240759
-0.02686736
-0.00718728
-0.01332438
-0.74158967
0.01154544
-0.00386607
0.01789768
0.00708611
0.01501780
-0.02300138
0.03884476
0.02191143
-0.00329573
-0.06552594
0.04205219
0.01820508
-0.02011381
-0.02068450
-0.00920806
-0.00496199
0.00851455
0.00723492
0.02747561
0.00313884
0.03938983
0.01490457
-0.02289440
0.00806307
-0.00362487
0.03821592
0.00832372
-0.04280441
-0.01691338
-0.00796870
0.00962382
0.00992333
-0.00634235
-0.01607852
0.02374589
0.03847180
-0.00879817
0.06472789
-0.06576628
-0.04733520
-0.02758014
-0.00623412
0.09663571
-0.00902251
0.06921072
0.03404330
-0.03054060
0.06494492
-0.03259995
0.07868305
-0.07626064
0.11173873
-0.09161828
-0.01831348
-0.00321817
0.05677177
-0.07089265
0.06007698
0.07495591
-0.01319953
-0.05311812
-0.01030639
-0.00923414
0.05801116
-0.02207078
0.08191437
-0.01983284
0.00826673
0.06198490
0.05868612
0.03741281
0.03536587
-0.01887322
-0.01494240
-0.01865835
0.05491649
0.06410817
-0.00622142
0.03151274
0.14057477
0.86902058
0.00316050
0.07833178
0.07207361
0.07051980
0.12001518
-0.06836662
0.00813709
-0.02721032
-0.21447003
-0.01648743
0.06118232
0.04259581
0.09751676
-0.06176552
0.03616055
0.04866850
0.02857411
0.01377244
0.02473001
-0.03154591
-0.01639303
0.05857906
0.01115752
-0.00834611
-0.01396555
0.04154757
0.09218874
-0.08275672
-0.01259879
0.00565185
-0.01716110
0.02438242
0.01684543
0.05664121
0.01210865
-0.01090592
0.00073828
-0.00848614
0.01543607
-0.01761201
-0.01001236
0.02960034
-0.14824834
0.00655857
0.03153327
-0.00454439
0.05408010
-0.01869654
-0.11455927
-0.06000736
0.00291848
0.04998423
0.00892181
-0.04606338
0.00619100
0.04746105
0.03722464
-0.03360282
0.02290424
0.00490613
0.01702005
-0.00727574
-0.01183415
-0.04875756
-0.01877411
0.07286973
-0.05927752
0.01363855
0.03997196
-0.02012043
-0.00951287
0.02731190
0.03967292
-0.01410728
-0.00062480
0.05863481
-0.02670735
-0.01470420
-0.05691719
-0.06520128
0.01026950
0.01752792
-0.01800028
-0.00351381
0.00548323
-0.05020987
-0.01499761
-0.00264150
0.01201437
0.06338903
0.04410614
-0.05079502
0.05820242
0.07538381
0.12521008
-0.09310957
-0.06022016
0.04249799
0.03857887
-0.11908396
0.05848196
0.03804142
-0.04248188
0.03878417
0.06055789
0.04215490
0.01733866
0.06465299
0.03395916
0.00033504
0.09638102
-0.02051195
0.09258223
-0.01161509
-0.02042435
-0.03705583
0.00456438
0.03354337
-0.00229864
0.07118101
0.00349820
-0.01273930
-0.05428511
0.04886639
0.02304845
0.06729134
-0.00618243
0.06742357
-0.05813120
-0.00874765
-0.01071840
-0.00717737
-0.01939824
-0.01118775
0.05628451
0.02872790
-0.00782851
0.00918767
-0.03489638
0.02671178
0.08178543
0.03494662
-0.01705644
0.02519774
-0.09721041
-0.00805161
-0.03822432
0.06110055
-0.06178464
0.05567456
-0.04156721
0.04731475
0.00071596
0.00611722
0.00431570
0.01396164
-0.00044274
0.06053553
-0.07489312
-0.02386846
0.01431167
0.02759278
0.04429442
0.07097755
-0.03087359
-0.02698948
-0.07260024
-0.00380971
0.02656628
-0.00074284
0.00882809
-0.02190294
-0.00022335
0.06250377
-0.04070323
0.03502845
-0.06282103
0.02229321
0.06712463
-0.06021713
-0.01581548
0.03220515
-0.05378784
0.01320278
-0.00520981
-0.02777025
0.02563480
0.07843828
0.02492422
0.03801310
-0.05202970
-0.01364812
-0.01491448
-0.03710249
0.06316776
-0.04682180
-0.04981516
0.05272365
-0.10270494
0.00973180
0.05937789
0.00885562
-0.06956583
-0.02276523
-0.04468786
0.00574065
0.02729255
0.01389959
0.05742262
-0.06115591
-0.08412325
-0.02304787
-0.03638051
0.03270159
-0.05306236
0.11790689
-0.03578313
-0.02586121
-0.01976700
-0.02629591
0.06513659
-0.03135478
-0.00402273
-0.06794509
-0.01027360
-0.09597869
-0.04076178
-0.10582817
-0.01021740
-0.01405834
-0.02842383
-0.05600421
0.03511120
-0.07342837
0.07400557
0.00015980
0.01238603
0.02305050
0.00238299
-0.06063684
0.07059564
-0.02485336
0.02351903
0.07016914
0.00283086
-0.00833648
0.02721141
-0.04434858
0.03771761
-0.00164304
0.01203787
-0.00572855
0.05936468
-0.01693325
-0.01870062
-0.03345621
-0.05178897
-0.02383531
-0.02627714
-0.04128768
0.05898767
0.01311249
-0.05157632
-0.03628015
0.03646915
0.04825457
-0.01843194
-0.08707303
-0.02692180
0.05978308
-0.05635240
0.03110018
-0.00623907
-0.00105246
0.03055880
-0.05025134
0.00360741
-0.03902767
0.06256929
-0.00137812
0.05642786
0.03382713
0.00383875
-0.02741171
0.03151008
0.05130481
-0.05927693
0.03761071
0.01035368
-0.00606729
0.02155496
0.03347994
0.07049567
0.01763567
0.04924549
-0.01744027
0.02608625
-0.09122133
0.06413772
-0.08279996
0.02566807
0.02969136
0.05418925
0.02154091
0.02032028
0.00357289
0.07391464
-0.02334815
-0.01230407
-0.02384250
-0.00681373
-0.08031307
-0.01800601
0.02894719
0.03899634
0.00227300
0.04685093
0.01592232
0.01968325
0.01757546
0.03813664
0.11023925
0.09482867
0.08998894
-0.06841375
-0.00115513
0.04566191
0.00094646
-0.08513066
0.02096034
-0.03207665
0.02950404
-0.00245125
0.04670206
0.00961453
0.07905810
0.01235621
0.07064010
-0.00702350
-0.01954525
-0.03930773
-0.03507693
0.00658681
-0.03657921
0.00003898
-0.03434582
0.00325712
-0.03408129
-0.02968066
0.05748817
0.02314608
-0.01078622
-0.01880994
-0.05690052
0.00420594
-0.02504931
0.00088123
0.02477949
0.02618037
0.01419079
-0.01410234
-0.06711716
-0.02144200
0.06156845
-0.04435134
0.01168809
0.00780062
0.07226811
0.01300845
0.00445360
-0.01813244
0.01978353
0.02652277
-0.01038113
-0.03883826
0.04108595
0.04127158
0.02734132
0.02548752
0.02653643
-0.00458443
0.00914040
-0.07603161
-0.05286790
-0.02652315
0.03015332
0.06064412
-0.02451808
-0.08516608
0.00117555
0.01770853
0.01223024
0.03264443
0.00588446
0.06730716
-0.06727976
0.01361268
-0.08370205
0.00987445
0.02197057
-0.05807892
-0.09333426
-0.00305761
0.04297535
0.04730481
-0.04190007
0.03295192
-0.06261015
-0.05836389
-0.00085732
0.04478857
0.02748258
-0.04300288
0.00110665
0.07182845
-0.04444470
-0.07045952
0.09201294
0.08893190
0.02974449
0.00603392
0.02586277
0.01495053
0.05191280
-0.00290638
-0.02158050
0.07581652
0.03310658
-0.00506632
-0.04727405
-0.01655924
-0.05346171
0.03920393
0.05069023
0.02821017
0.07624615
-0.03265458
0.00850226
-0.06804230
0.05342013
0.02287492
-0.00365711
0.08235241
-0.04404938
-0.03677321
-0.01055408
0.00591460
-0.00749939
0.01687904
-0.00207054
0.02713407
0.03794528
-0.02922625
0.05912528
-0.01657275
0.03198867
-0.03803504
0.02732002
-0.10832594
0.03447228
0.02536529
0.05401295
-0.02253376
0.01158479
-0.05042328
-0.03156187
-0.05453631
0.02243727
-0.05201770
-0.02691034
0.00859275
-0.04681265
-0.05945095
0.02708136
-0.02616583
-0.05675885
-0.08874354
0.00033904
0.07156321
-0.05202658
0.07901751
-0.12948065
0.00404931
0.03823040
0.00203401
-0.02191433
0.01180447
0.01767395
-0.00516438
-0.01214208
-0.01691946
-0.02520995
0.01505884
0.01371240
-0.01178757
-0.00621286
0.00649927
0.00030164
0.00064861
0.01403137
0.02916568
0.07542626
-0.02867336
0.00574567
0.02624243
-0.04249766
0.02857904
-0.03357361
-0.00611018
0.05172748
0.02524150
-0.00982202
-0.00527937
-0.00015159
-0.02604730
0.01944360
-0.01658086
0.03921426
0.00165936
0.10856140
0.09129434
0.00868686
-0.05666598
-0.09330811
-0.00915897
-0.05121346
0.02822700
0.04179402
0.02949174
