0.01968863
-0.03185619
0.02091121
0.00420362
-0.00387551
-0.00678844
-0.00138845
0.01400361
-0.03891404
0.01229188
0.01796492
-0.00636758
0.02802066
-0.02674722
-0.02327297
-0.00653505
0.02047649
-0.00367174
0.04818974
0.04793949
-0.00041750
0.07674360
-0.05229588
-0.00278213
-0.01402973
0.00053740
0.01968328
-0.00375123
-0.01740452
0.01176416
-0.05317207
0.02624889
0.01870429
-0.01663659
-0.00612100
0.02790085
0.00470795
0.02107239
0.01158397
-0.04273662
-0.00277326
-0.00465865
0.01481414
-0.01466920
0.00144837
0.01840104
-0.02613482
0.02059952
0.01087530
0.01277777
0.03371429
-0.06937924
0.02216130
0.00688617
-0.03891722
-0.00839496
-0.01247457
0.01210420
0.46769825
0.00530710
-0.03259897
0.03462590
0.02153454
-0.05727623
0.00218454
0.07408288
-0.02117488
-0.01632871
-0.02214637
0.04080783
0.03164358
-0.00097246
-0.00876365
0.00777267
0.00449904
0.01604791
-0.01625311
0.00715192
0.01594550
-0.01951480
-0.02188569
0.00326629
-0.00899270
0.03504504
0.07118791
-0.00392462
0.00864452
0.00978729
0.03197466
-0.01180671
0.01812328
0.04730171
-0.02301831
0.02518836
-0.00427583
-0.00953953
0.01070848
-0.04456327
0.00476991
-0.01105795
-0.02033379
0.01749404
-0.00079773
0.02319599
0.00974892
0.01006726
0.00834039
-0.00143962
0.02119045
-0.01759599
0.01297887
0.04482154
0.01181073
-0.00124959
-0.01673183
0.00258390
0.00641765
-0.03021530
0.03010421
-0.00742262
0.00444554
-0.00425864
-0.00180401
-0.00050466
0.01486728
0.03782314
-0.03224913
0.00529528
-0.00100272
0.10257956
0.02665123
-0.00718335
-0.03422195
-0.00520678
0.01639228
0.00100557
0.00659186
0.03265383
-0.08034588
0.00453941
-0.06744659
-0.02680950
-0.00492685
-0.01329380
-0.01506157
0.02804807
-0.01649515
-0.00246900
-0.03134569
-0.02716916
0.02984705
0.01504426
-0.02343338
0.01410440
0.00450276
-0.02902103
0.00106660
0.01200108
-0.03164248
0.00560354
-0.01681145
-0.05767756
-0.01438274
0.00060638
0.00814395
0.08068750
-0.02083692
-0.01995968
0.02101979
0.03884767
0.03338652
-0.01586523
0.03244146
-0.01017221
0.05165912
0.02601715
0.01752947
-0.01235090
-0.08844636
0.01000015
0.00405314
-0.04982195
0.00415249
0.02039237
0.01937791
-0.07178196
0.00431561
-0.01864028
-0.00778127
0.04784367
0.06309264
0.01520766
-0.00790213
-0.01767016
-0.01129794
0.03831483
0.10383857
0.03479486
0.00122696
-0.04321415
-0.01786061
0.02236118
0.10247320
-0.01006262
0.02134102
-0.01732196
-0.00124704
0.01585854
-0.00185462
-0.07379305
-0.02072382
-0.00785105
0.00275185
0.00819486
0.02386965
0.01567094
0.01084493
0.05278425
-0.01968157
0.01622414
-0.00585578
-0.75580770
0.01505294
-0.00830333
0.01160910
0.00919397
0.01976987
-0.02154719
0.03910434
0.01789503
-0.00345213
-0.06208106
0.04494720
0.01230947
-0.01539925
-0.02248449
0.00493627
-0.01168221
0.00832856
0.00186733
0.02649266
-0.00534096
0.02442867
0.00939743
-0.01963920
-0.00184774
-0.00010356
0.03319239
0.01485270
-0.03418979
-0.01140588
-0.00392602
0.02305936
0.01254641
-0.01874153
-0.02311437
0.20801416
-0.00317177
-0.11545999
0.12099675
-0.03470850
-0.04945195
-0.02456731
-0.01626148
-0.09622946
-0.18037297
0.24367575
0.12443180
0.03529936
-0.11343718
-0.05488997
-0.04269898
0.01191160
-0.02685430
-0.03851322
0.04695012
0.05587631
0.08725768
-0.13935226
0.00455447
0.03843134
-0.20656118
-0.03032869
-0.11125506
-0.08336653
-0.06556627
0.09588833
-0.05235538
0.03208147
0.08372132
-0.03243271
0.16375357
0.00587807
0.15075146
-0.18382190
-0.04114950
-0.10393267
0.11178590
-0.03644475
-0.05362453
-0.06614847
0.01676686
0.66605604
-0.09662719
0.04514735
-0.08412877
0.09557745
0.07144726
0.05795722
-0.07246789
-0.06538428
-0.04926219
0.03141357
-0.02853401
-0.09511396
-0.05155614
-0.11428274
-0.04518650
-0.16304770
0.01161662
0.02154992
0.01693372
-0.04128977
-0.02661704
0.04411263
-0.01025433
0.03962250
-0.01097199
0.02440652
0.06407811
-0.04426437
0.01297317
-0.00914110
-0.04095412
0.05525727
-0.00543338
0.06850880
0.00957801
-0.02076253
-0.00436271
-0.01188178
0.00928191
-0.00145285
-0.00460890
0.02610579
-0.15650004
-0.01631590
0.05381024
-0.00610780
0.03921063
0.01296456
-0.13528682
-0.02087846
0.00464040
0.05525059
-0.00400076
-0.04685539
-0.00527277
0.07900092
0.04602652
0.00178314
-0.00036693
0.01805929
0.01370159
-0.00603045
-0.02644472
-0.02361467
-0.02717425
0.08724626
-0.06275077
-0.01086972
0.05190323
-0.01640852
-0.01368776
0.04694536
0.01561996
-0.02363964
-0.02087357
0.07570815
-0.03972930
-0.03280375
-0.03903111
-0.07439850
0.00374477
0.02807719
-0.01665347
-0.02696644
0.02455874
-0.03588636
-0.02368273
0.00629316
0.01694376
0.07398406
0.05173273
-0.05162302
0.05905182
0.03998898
0.11419310
-0.03836465
-0.03870148
0.01407683
-0.00055077
-0.12052269
0.08291326
0.04694315
-0.01934529
-0.00340543
0.05953142
0.02951717
0.01247116
0.06482764
0.03462537
-0.00080328
0.06260154
-0.00637053
0.06437749
-0.02236163
-0.01863000
0.02573944
-0.00515431
0.01830759
0.01313949
0.09415794
-0.01562983
0.02540968
-0.05182607
0.02339148
0.00212861
0.06654026
-0.01328587
0.05786788
-0.04723733
0.00322604
-0.02307029
0.00219234
-0.03213118
-0.03526771
0.04384202
0.03397005
0.00338744
0.03300157
-0.01571751
0.00137794
0.09970012
0.01472585
-0.00065837
0.03612576
-0.07284756
0.02867650
-0.02697491
0.03099334
-0.06896925
0.05624522
-0.05035616
0.00647115
-0.01973820
-0.02306830
0.02646025
-0.04117820
-0.02335931
0.05436179
-0.05641400
-0.01982488
-0.03030465
0.02735282
0.03570250
0.02647484
-0.00582012
-0.01290443
-0.06738879
0.02311737
0.02838095
-0.01669915
0.00973803
-0.04121335
-0.02227085
0.04905178
-0.04031993
0.03267595
-0.04358241
0.02665928
0.07422287
-0.05995717
-0.01475813
0.04150353
-0.05285764
0.01609456
-0.03429241
-0.02245391
0.05362909
0.07743406
0.04948773
0.05170035
-0.06331357
-0.01065850
-0.00840149
-0.02311118
0.08080632
-0.01042995
-0.01884462
0.04909777
-0.11311851
0.03972033
0.04266272
0.02872270
-0.05790826
-0.00750709
-0.03831540
0.00165507
0.03420125
-0.01677138
0.05064979
-0.07313054
-0.07401638
-0.01697384
-0.01676914
0.01422825
-0.06866635
0.11820138
-0.04149840
-0.02994113
-0.01830501
-0.09113940
0.07417225
-0.04402570
0.03500381
-0.03845726
-0.02351800
-0.10062142
-0.08494740
-0.10113122
0.02033696
-0.03052902
-0.00017909
-0.02549911
0.02794714
-0.06564821
0.06016050
0.00835385
0.00333088
0.01807000
-0.01606167
-0.04126218
0.05878812
-0.04916175
0.03705104
0.07837588
0.00106005
-0.03370584
0.00800339
-0.05311520
0.04014166
0.00351899
0.00510829
0.00808931
0.05256571
0.00985617
-0.00306404
-0.01769039
-0.04291436
-0.03025866
-0.03145360
-0.00820530
0.04741865
0.00717176
-0.01699378
-0.06352729
0.03271956
0.07000211
0.04045355
-0.05288840
-0.03358220
0.05283381
-0.04427694
0.01781048
0.00758682
-0.02045361
0.00379015
-0.04953026
0.02666659
-0.04957780
0.06710569
0.01181938
0.06975564
0.02476120
0.01024929
-0.02643067
0.02272418
0.03108603
-0.06103777
0.04815888
-0.00070001
0.00634878
0.01454669
-0.04859938
0.06814788
0.01560768
-0.00336061
-0.04549352
0.02219478
-0.06786487
0.10519638
-0.04899519
0.04795514
0.02540901
0.02921397
-0.00021406
0.00883183
0.01999558
0.05414516
-0.02816752
-0.01457155
-0.04204038
0.00996790
-0.08485729
-0.02901578
0.04179303
0.05137277
-0.01313187
-0.00466025
0.04148622
0.04129016
-0.00804241
0.01460284
0.08729866
0.11151366
0.05909214
-0.07965194
0.00035352
0.04294427
0.02870209
-0.12081008
-0.00786285
-0.03076497
-0.00821314
-0.00725300
0.05643037
-0.02015263
0.09975623
0.01006293
0.09768717
-0.02971081
-0.01230257
-0.02439035
-0.05098090
0.00241268
-0.04514709
-0.01323010
-0.04047097
0.00794216
-0.03055495
-0.02402621
0.03304730
0.03716846
-0.02749040
-0.01313015
-0.05071707
0.01591965
-0.03945356
-0.04158327
-0.00604792
0.01197217
-0.00518441
0.00383943
-0.05157322
-0.02573726
0.06847457
-0.01997330
0.03711843
0.01241011
0.06963553
0.02991435
-0.03074303
-0.02827473
-0.01817277
0.00526685
-0.02486998
-0.01433933
0.04000258
0.05974409
0.02932383
0.01022008
0.04126356
0.00504870
0.00493012
-0.07011531
-0.03110316
-0.04026516
0.00207047
0.05526496
-0.02828400
-0.09894421
0.00389179
-0.00537360
0.01582020
0.01949830
0.02192998
0.09311790
-0.09422495
-0.00413534
-0.03910545
-0.02373656
0.03268544
-0.04675530
-0.07566410
-0.01161803
0.07784058
0.02164303
-0.04323739
0.04364454
-0.03770268
-0.04290600
0.00065802
0.04292122
0.02019562
-0.05236347
0.01987781
0.06956717
0.00155679
-0.07034487
0.07575383
0.08407166
0.02574033
0.00362957
0.02303968
-0.01063653
0.06679260
0.00139866
-0.00487809
0.10873245
0.03079346
-0.01619404
-0.03070219
0.01183699
-0.02190285
0.03799465
0.09680790
0.02412233
0.08022874
0.00566541
-0.00338723
-0.05876841
0.06596138
0.02624191
0.01704736
0.06314487
-0.02090061
-0.02119919
0.01071897
0.00416993
0.03013286
0.02258443
-0.04220900
0.00289353
0.01822301
0.00384140
0.06034460
0.02326216
0.04060328
-0.07510319
0.03162504
-0.10015000
0.06309997
0.05310535
0.03214237
0.01837559
0.01744602
-0.06489512
-0.02828702
-0.04690655
0.03602733
-0.06186524
0.00660815
-0.02833178
-0.06776228
-0.06447148
0.00584775
0.00664118
-0.08751494
-0.08013111
0.00996257
0.04336268
-0.07233725
0.04936506
-0.10685144
-0.00619085
0.02725697
-0.03824157
-0.01448047
0.00275539
0.01546125
0.00346711
-0.00663308
-0.02718505
-0.02347812
0.01507879
-0.02082653
0.01366691
0.00201230
0.01570073
-0.01647517
-0.00155918
0.00357915
0.04007481
0.05661063
-0.02192702
0.02519112
0.03391123
-0.02179726
0.04362975
-0.04310641
-0.01759174
0.00796135
0.04743029
0.00675926
0.00432427
-0.00542020
-0.03087977
0.02461742
-0.03265466
0.04202452
0.02379634
0.12597267
0.04346401
-0.00422146
-0.04922314
-0.10531480
-0.00202279
-0.04160893
0.03608797
0.04592555
-0.00214284
