0.02750248
-0.01143816
0.01279749
0.03157547
-0.00619283
0.00965589
0.00043829
0.02272560
-0.00717223
0.01173815
0.01334341
-0.02206401
0.00583059
-0.00745045
-0.01704892
0.00285109
-0.00397012
-0.00528559
-0.06016494
0.02972732
0.00319915
0.06100671
-0.03100079
-0.00896505
-0.00306963
-0.00537701
0.02044723
-0.02688299
-0.01460772
0.00841467
-0.15054701
0.02394773
0.03115661
0.00331688
-0.00281726
0.03692365
0.01701996
0.00736687
-0.01835316
-0.05931878
-0.00460020
0.01670652
0.08568686
-0.01539176
0.00025204
-0.00755531
-0.00394834
0.00331348
0.00072725
0.01362917
0.03752092
-0.03506194
-0.02068229
-0.00649649
0.00486066
-0.01530584
-0.02441566
0.02014225
0.46032462
-0.01724308
-0.01585164
-0.00824681
-0.00119521
-0.04506151
0.00406912
0.06705320
-0.02328977
0.00728873
-0.05686334
0.00271772
0.02271731
0.01115691
-0.04157760
0.00969096
0.00812484
0.00723338
0.00387714
0.02920250
0.00701947
-0.11489903
-0.00859652
-0.00831002
-0.00408626
-0.04662672
0.06435653
-0.01874805
-0.00743836
-0.00213292
0.01273772
-0.03930749
-0.00800558
0.00481436
-0.01831266
0.01966932
-0.00870841
-0.00398731
0.00301564
-0.03119434
-0.03605411
0.00767626
0.00317758
0.04791023
-0.02353523
0.00993158
-0.00456997
-0.00039561
-0.01134064
0.00604381
0.01484840
-0.01377541
0.01025019
0.03426312
-0.00880225
0.00621273
-0.01470396
0.01056800
0.00944497
-0.02313138
0.01229900
-0.00077478
0.01023586
0.00549021
-0.00025313
-0.00330966
0.01969686
0.02715807
-0.01941085
-0.00331151
-0.00960996
0.12989752
0.01936940
0.02177345
-0.01228256
0.01381621
0.03813737
-0.02388136
-0.02589844
0.00502076
-0.08065201
0.00330386
-0.06934566
0.00741739
-0.00301191
-0.01448908
0.00686637
-0.11394630
-0.00164936
-0.02131446
-0.02968339
-0.00182097
0.02199954
0.02505174
-0.02236656
-0.00585884
-0.00177165
-0.00620883
-0.03435084
0.00085792
-0.00883114
0.01191854
-0.03071398
0.00577895
-0.01691444
-0.00936608
-0.00453721
0.03907631
0.00461302
-0.02352444
0.01677177
0.02117141
0.00024972
-0.01612774
0.02170753
-0.00818636
0.03036262
0.01074566
-0.00261335
0.01547241
-0.09479603
0.01341373
0.03360718
-0.00710951
0.01486266
0.00232490
0.02444573
-0.17959611
0.02599550
0.00875030
-0.01356414
0.06807838
0.06321491
-0.00145211
-0.02061241
0.00464589
-0.00029914
0.00302428
0.08916111
0.01508269
-0.07968900
-0.03769033
-0.01717252
0.00587267
0.12844646
-0.02422676
0.00380743
-0.00813687
0.01111178
0.00783919
-0.01761127
0.00294779
-0.02318043
-0.02579588
0.02981075
-0.00093724
0.02004734
0.03492377
-0.00411117
0.04466515
-0.00566359
0.00271978
-0.04197444
-0.71442604
0.01208534
0.01813933
0.02122498
0.00598181
-0.00084072
-0.00418398
0.02835235
0.02298089
-0.03078939
-0.02723543
0.05202839
0.00199942
-0.02242213
-0.01473126
0.00851419
-0.01437548
0.00163818
0.00426216
0.04844595
-0.00813004
0.08163591
-0.01924468
-0.02351367
-0.01975766
-0.00482229
0.03730822
0.01860029
-0.03090345
-0.02546864
0.00642396
0.01454642
0.02283592
0.00180981
-0.00299027
0.17719825
-0.03954154
-0.08985525
0.09445130
-0.02873209
0.01180404
-0.06426980
-0.03153335
0.03441026
-0.13010934
0.13188973
0.11646657
0.04649124
-0.09293237
-0.00035852
-0.04755788
0.08256670
0.04242037
-0.00467649
0.09047450
0.09976003
0.07348003
-0.01356438
0.11230921
0.06167061
-0.15926102
-0.02028844
-0.02723466
-0.02907557
-0.08666868
0.05959506
-0.02825714
0.01859387
0.03357307
-0.03351311
0.02659732
0.07880858
0.15092182
-0.17249911
-0.11982727
-0.06592866
0.07447002
-0.02718065
0.01760451
-0.05393317
0.07060853
0.78246838
-0.06401180
0.04386234
-0.06468872
0.10351280
0.14274631
0.04098650
-0.08988427
-0.00209464
-0.08667703
0.08182953
-0.02395942
0.02130829
0.01134275
-0.01987163
-0.09445263
-0.09857180
0.02937300
-0.00328628
0.01056943
-0.03462712
-0.03924958
0.03723286
0.01058204
0.01913441
-0.01962690
0.01604932
0.04086204
-0.05397205
0.01465900
-0.01230782
-0.03172870
0.03518256
0.01751161
0.08078135
-0.00912680
-0.02665419
-0.02293866
-0.04067641
0.02021098
-0.03855160
-0.01868929
0.06211584
-0.11297669
-0.02955261
0.03839443
0.00250142
0.03965589
0.04293856
-0.12041271
-0.02537725
0.03915503
0.03897068
0.04496440
-0.04941069
0.00832440
0.06683028
0.03073114
0.01784227
0.01004597
0.03756273
-0.00976326
-0.01947943
-0.04718979
-0.01367170
-0.02637183
0.05406080
-0.08932689
-0.00753325
0.04388078
-0.03523996
-0.00252575
0.04741761
-0.00188750
-0.02637303
-0.03907039
0.03777535
-0.02373751
-0.02148299
-0.03858763
-0.08695617
0.02217882
0.03241410
0.00329835
-0.03141326
0.01997389
-0.03945629
-0.05291856
0.02293497
0.02660546
0.11121598
0.00823330
-0.05141317
0.06758004
0.07571252
0.11566108
-0.05207818
-0.08700077
0.04291108
-0.00383132
-0.11983845
0.02904909
0.04884036
0.02275783
0.03960445
0.07295655
0.04827842
0.03283863
0.06364574
-0.00230850
-0.00849870
0.07042613
-0.03239274
0.04700521
-0.03256650
-0.03002674
0.02811493
-0.00894991
0.02965445
-0.00992364
0.13754202
-0.00052106
-0.01732876
-0.04455391
0.01888616
0.03292303
0.04913459
-0.00444988
0.04275841
-0.05055144
-0.02668783
-0.02831178
-0.00392645
-0.01629759
-0.04918227
0.02221206
0.02872466
0.02158312
0.01762030
0.00026033
0.01471085
0.05820400
0.00598026
-0.02940390
0.02849335
-0.02060504
0.00735759
0.00112961
0.01803789
-0.04737761
0.04936784
-0.04300806
0.04860996
0.02157770
0.00789524
0.02199602
-0.05674961
0.02121277
0.09692950
-0.03948348
-0.00529616
-0.00528575
0.05079150
0.03317418
0.06658065
0.00284813
-0.03866128
-0.07709542
0.00582682
-0.00077688
0.00396342
-0.00648829
-0.03087367
-0.01520222
0.05621534
-0.09408982
0.03608828
-0.05190891
0.01758166
0.07303677
-0.07405365
-0.00668615
0.02575107
-0.00993712
-0.01079645
0.02750851
-0.01103747
0.01177744
0.09576230
0.04757592
0.01450637
-0.03415809
0.03887381
-0.00560155
-0.00270147
0.07091611
-0.03881859
0.01374250
0.02989491
-0.11610632
0.04893640
0.06652346
0.00160807
-0.03033343
0.00152362
-0.02626888
-0.00885283
0.04231744
0.01886978
0.04065035
-0.08061282
-0.07485638
0.00272365
-0.00459195
0.03519559
-0.06688540
0.09573135
-0.02084913
-0.05983354
0.01055156
-0.06077030
0.06980906
-0.04546094
0.06976106
-0.04754950
-0.00567738
-0.12286462
-0.05163354
-0.06920220
0.01026905
-0.02786150
0.01711610
-0.08181229
0.00834106
-0.07279772
0.02657391
-0.02659990
0.00673746
-0.00092114
-0.04337290
-0.02442547
0.05156106
-0.02787234
0.03651275
0.07251206
-0.03045856
0.00814571
-0.02216006
-0.04436733
0.03000738
0.02334503
0.02769564
-0.00368469
0.02772167
0.00446285
-0.03062606
-0.03124879
-0.02232529
-0.06638699
-0.07125095
0.00015141
0.08038896
0.00115594
-0.00065386
-0.05264250
0.06282320
0.06925841
0.03457350
-0.04232691
-0.04121740
0.03975199
-0.02109432
0.04534720
0.01388106
-0.01646267
0.01875457
-0.02450342
0.01889191
-0.00848818
0.04337725
-0.00019745
0.06035150
0.04812343
-0.02679929
-0.03909180
0.01653942
0.05348919
-0.05923611
0.05276984
0.02748658
0.07751153
0.05301046
-0.05292766
0.04293305
0.02289014
0.03172096
-0.03343031
0.04167970
-0.02267432
0.08451773
-0.05412941
0.05213326
0.01207594
0.00648005
0.02790734
0.00792314
-0.00048020
0.03227589
-0.01109495
-0.04148362
-0.01931546
-0.00889265
-0.08594271
-0.03042958
0.00247217
0.04148679
0.01270631
0.00097347
0.02557560
0.01791796
-0.01480214
0.01578563
0.04330852
0.12096871
0.06342280
-0.06716197
0.00396432
0.00798421
0.00554413
-0.10868023
0.00159146
-0.00579578
0.02449908
-0.02316449
0.10191741
-0.01041296
0.15491596
0.01927724
0.11097673
-0.02345026
-0.01641813
-0.03084656
-0.00699144
0.00907609
-0.01987136
-0.04109643
-0.08396658
-0.01436882
-0.04373435
-0.04709488
0.03173739
0.02859799
-0.00376276
-0.05522655
-0.06278098
0.02008191
-0.05461786
-0.04320303
0.00702427
0.01635635
0.00786802
-0.00064682
-0.04964262
-0.02046223
0.08340681
-0.02211916
0.01621184
-0.01621807
0.02649023
-0.00829589
-0.02712655
-0.02331169
-0.02572597
-0.00041204
-0.02968461
-0.03041168
0.03325009
0.00682707
0.04895560
-0.01166787
0.03087257
-0.03158596
0.00680188
-0.08078038
-0.04413115
-0.07661791
-0.00597591
0.03635436
-0.01065224
-0.04845063
0.02090245
-0.00621141
-0.02088550
0.03559720
-0.00011108
0.09832042
-0.04627420
0.01679602
-0.04597190
0.02723307
0.00867974
-0.04571816
-0.06042462
0.01876930
0.05001381
0.03429469
-0.00065008
0.02917979
-0.06754826
-0.04102919
0.01394268
0.04995779
-0.00115542
-0.02876879
-0.00957928
0.10075140
-0.01742662
-0.05182436
0.04773448
0.06908698
-0.00283074
-0.01476712
0.02315077
-0.02042278
0.04951567
0.01300179
-0.01452659
0.08183192
0.03812915
-0.01788562
-0.02464185
0.03424134
-0.00094735
0.00520449
0.04241056
0.02931545
0.12044974
-0.04026241
0.02232052
-0.08653130
0.04732019
0.04387039
0.01803961
0.00247969
-0.01999675
-0.03331884
0.02775298
0.03146264
0.03059083
0.04387457
-0.00184979
0.04188110
0.04206450
0.04772186
0.06923909
-0.01132076
0.02375318
-0.10913011
0.02032748
-0.05213270
0.03779458
0.04663350
0.02326845
0.03195886
-0.01499975
-0.03265344
-0.02319547
-0.02794588
0.01021731
-0.04855197
0.00155710
-0.03907890
-0.06720143
-0.05154609
0.00298599
-0.01155037
-0.04342594
-0.07496823
0.01710190
0.03660481
-0.09626232
0.07392921
-0.10012325
-0.00246767
0.05720706
-0.02311346
0.00658961
0.02809812
0.04374506
0.02745793
0.00093383
-0.00523098
-0.03545030
0.05723585
-0.00073865
0.02154907
0.00875408
-0.01675674
0.00151468
0.02187611
0.02791774
0.05226425
0.03575649
-0.00925006
-0.00274561
0.01789208
-0.04651519
0.02509747
-0.00048238
-0.02713823
0.06664316
0.04385129
-0.01755514
0.00338459
0.01654719
-0.01932519
-0.00554885
-0.03585960
0.00457502
0.03561327
0.10709827
0.00392284
0.01953523
-0.06075060
-0.10487964
0.03060152
-0.04135843
0.07251533
0.05037389
-0.00423121
