0.02716662
-0.01178560
-0.00938947
0.01768969
-0.00750369
0.00815289
0.00042828
0.01480166
-0.03334752
0.00352479
0.01354953
-0.03689227
0.00729976
-0.01342070
-0.01738506
0.01029306
-0.00776547
0.01490779
-0.07724018
0.00740622
0.00299808
0.03272059
0.00270412
-0.00175878
-0.00668519
-0.00680049
0.02516895
-0.03158252
-0.01881970
-0.01593581
-0.11135347
0.02271155
0.03908124
-0.00411175
-0.00019038
0.02846261
0.03719298
0.01664217
-0.01531934
-0.01316977
-0.02004296
0.00965853
0.05941321
-0.00367259
-0.00338926
-0.00769473
-0.00595003
0.00131253
0.00336025
0.01459319
0.03056657
0.00872222
-0.01926190
0.00076266
0.03283931
-0.02313804
-0.01826179
0.02468807
0.47089559
-0.01195660
0.00618594
-0.02013862
0.01604959
-0.02855521
-0.01385849
0.04391389
-0.03192193
0.02101337
-0.06841925
0.00405834
0.00093097
-0.00273294
-0.03292016
0.00730407
-0.02892450
0.00104808
0.00221550
0.00499004
-0.00037054
-0.13295358
-0.02192221
-0.00255656
-0.00136869
-0.03933844
0.02918693
-0.00920059
-0.02430431
-0.01770918
0.00926334
-0.05234389
-0.01194341
-0.00986889
0.00837027
0.00351238
-0.02045110
-0.01581538
-0.00498904
-0.00996649
-0.01306776
0.00673989
0.01196700
0.03275187
-0.04462596
0.00867145
-0.00650462
-0.00460928
-0.00129342
0.01007799
0.00675629
-0.00741273
-0.00845760
0.01113987
0.00471482
-0.01914190
0.00569617
0.00402148
0.01629270
-0.02132645
-0.01193259
0.00933868
0.02174032
0.01102881
0.02152964
-0.01677274
0.02670637
0.01718101
-0.02717893
-0.01207608
-0.00471115
0.07733375
0.02671660
0.02700542
0.01499883
0.03241008
0.02310968
-0.01991276
-0.01337787
-0.00140267
-0.06170104
0.00232365
0.00409580
0.02858580
-0.00715979
-0.02116024
0.01353023
-0.12715897
-0.00447050
-0.02632154
-0.01506087
0.00556109
0.02708066
0.02116068
-0.00436779
-0.00153674
0.00268108
-0.00858418
-0.01604479
-0.00433583
0.01397921
0.00839132
-0.03082690
0.05525010
-0.02515210
-0.00921432
-0.00257152
0.01628854
0.01537923
-0.02865443
0.00783482
0.01931655
-0.01298745
-0.01229054
0.01273190
0.00864596
0.01489128
-0.00301329
-0.00278363
0.02000138
-0.05520374
0.01390611
0.01446835
0.00782460
0.02226975
-0.00760452
0.02544143
-0.18253022
0.08361074
0.02422215
-0.01365002
0.06108881
-0.00172541
-0.01099127
-0.02963462
0.02201331
-0.01674373
-0.00387934
0.06517827
0.00556815
-0.04413389
-0.03020751
-0.00686372
-0.01657710
0.08448908
-0.02870486
-0.00771337
-0.00993375
-0.00260301
0.02444472
-0.01635483
0.04202273
-0.01902613
-0.02859370
0.02633102
0.01244523
0.00910833
0.00592581
-0.00724002
0.04922139
-0.01019619
0.02285148
-0.03794933
-0.74393678
0.02494689
0.02954290
0.01422222
-0.00266846
0.01562370
-0.02115052
0.03492824
0.03501299
-0.04311310
0.00116417
0.02807530
0.00682712
-0.03016471
-0.00089592
0.00610005
-0.00342830
-0.00200102
-0.00520389
0.02340115
-0.00250942
0.08329493
-0.02508248
-0.03103390
-0.01255397
0.00628086
0.00759552
0.01320015
0.00691013
-0.01960168
0.01234836
0.01057710
0.02945654
0.02726397
0.01085132
0.18464938
-0.02799431
-0.06389681
0.10238738
0.00717281
-0.17360611
0.02289865
-0.05619936
-0.00882616
-0.09286185
0.15261026
0.07606354
-0.00509039
-0.00685076
-0.08655372
-0.03410548
0.01103427
0.05401248
-0.00499115
0.01492327
0.06767956
0.06386060
-0.15842357
0.02058361
0.08899299
-0.16997559
-0.01174826
-0.10229429
-0.05244006
-0.10683709
0.12522776
0.00421309
-0.01894087
0.08608070
-0.02576244
0.12316800
0.03583495
0.03576741
-0.08903240
-0.01812115
-0.07088495
0.03771970
-0.03390802
-0.09827562
0.02052235
0.04440312
0.78529757
-0.09127118
0.07799266
-0.06310093
0.05267602
0.09308060
0.05996506
0.01182376
-0.08580114
-0.05529240
0.07234431
-0.04380459
-0.03253499
-0.00187542
-0.15219958
0.01115452
-0.09150609
0.02838108
0.02201620
0.02774978
-0.03212901
-0.05979379
0.07755812
-0.00192815
0.02220149
-0.02479671
0.00546021
0.06212555
-0.03452858
0.02901351
0.00282551
-0.04687177
0.04023378
-0.02743770
0.04357285
-0.00744367
-0.01657547
0.00230101
-0.02813030
0.01293465
-0.02910675
-0.01935994
0.03844397
-0.14271295
-0.00071926
0.03303077
-0.03479872
0.02259530
0.04721180
-0.11145432
-0.04437372
0.01518276
0.06418069
0.04931942
-0.00655385
-0.01960218
0.08385419
0.02242864
0.00641750
-0.00355482
0.02481236
-0.00648227
-0.00981813
-0.01122152
-0.03376018
-0.07704194
0.09103839
-0.08368321
0.01594556
0.08351409
-0.04946591
0.00940047
0.04299081
-0.00779289
-0.01318782
-0.01265506
0.00694634
-0.02626837
-0.00095705
-0.03283221
-0.06580182
0.01866293
0.04518149
0.02386347
0.02150336
0.00304158
-0.06807680
-0.01071841
0.00247214
0.02977693
0.08770699
-0.00890231
-0.03217506
0.05904118
0.05971632
0.09998116
-0.07946362
-0.04848920
-0.00863807
-0.00294087
-0.11787671
0.04863128
0.06241762
0.00880422
0.02231156
0.07092766
0.02344110
0.00533940
-0.00762337
0.03837312
-0.00788088
0.03378983
-0.01235546
0.06470088
0.00254455
-0.02315139
0.02859910
0.02887009
0.04186789
0.02185833
0.09378248
-0.02056228
0.00713387
-0.02567672
0.01052258
0.03988225
0.07271354
-0.00389220
0.05807525
-0.03011324
-0.02590618
-0.02943089
0.01199524
-0.04711801
-0.02578370
0.02240376
0.01237866
0.00331027
-0.00080416
0.00114341
0.00315856
0.06202089
-0.02325269
-0.03853661
0.03076414
-0.07103336
-0.01135117
0.00253614
0.04852359
-0.03595959
0.05576706
-0.03924501
0.00766338
0.00709117
-0.01027374
0.00197900
-0.03954925
0.01429754
0.12454681
-0.04657106
0.00234800
-0.00341261
0.04174730
0.02742209
0.02652922
-0.00126559
-0.04684132
-0.07453706
0.00821298
0.00949356
0.01405517
0.00134640
-0.03438525
-0.03564731
0.03308016
-0.06526549
0.00647328
-0.00690895
0.01781846
0.08258534
-0.06073547
-0.00435761
0.06142301
-0.00295543
0.02865170
0.03881560
-0.02283525
0.00663443
0.10059380
0.02462856
0.05309032
-0.00960404
-0.00423690
-0.02018434
-0.03568496
0.03507881
-0.00312898
-0.02536894
0.03407751
-0.08072674
0.03637774
0.05594996
0.02295185
-0.04639076
-0.02994450
-0.09079692
-0.01839175
0.04454383
0.01442745
0.05105282
-0.08685506
-0.03462343
-0.02037250
-0.05736867
0.00817623
-0.07868601
0.10018874
-0.00892988
-0.08513638
0.02089374
-0.04634687
0.05042914
-0.03070533
0.02376083
-0.00198667
-0.01762110
-0.11566769
-0.06818578
-0.05250567
0.01494285
-0.07011318
-0.00042958
-0.01356535
0.02588762
-0.03281708
0.02453778
-0.02133365
-0.00832768
-0.02530661
-0.01611692
-0.03175553
0.05523059
0.00197192
0.05853376
0.05837322
-0.06498323
-0.01651998
-0.01055741
-0.03642873
0.02176917
0.00142384
0.01317783
-0.02644760
0.04323860
0.05719577
-0.01760762
-0.01506736
-0.02098098
-0.08462642
-0.06239197
0.02053173
0.05382049
0.02579321
-0.00567732
-0.03115475
0.03469020
0.05554263
0.04367661
-0.05150002
-0.06755798
0.03810832
0.01757112
0.03197205
-0.01023219
-0.05347028
0.02749582
-0.03021650
0.00285428
-0.05107480
0.06318532
0.02802032
0.07538684
0.02090530
-0.00756695
-0.02958375
0.03549176
0.01605644
-0.03784833
0.01704867
0.02149623
0.04183176
0.03425083
-0.04934623
0.04383359
0.03612433
-0.00014197
-0.05389453
0.02936523
-0.04853575
0.08934581
-0.07287906
0.07796611
0.02033491
0.00353845
-0.00030130
-0.01293726
-0.01230491
0.03601462
0.01460907
-0.03665894
-0.06396583
0.02173884
-0.10423052
0.00635502
0.00737053
0.01924914
-0.00623459
0.00157545
0.02837805
0.03386786
-0.00917802
0.02433380
0.04120992
0.12890849
0.05661574
-0.06830239
0.02123112
0.04169885
0.00468684
-0.13679762
0.00387206
-0.05007211
-0.00916162
0.01531887
0.10170452
-0.02119414
0.10050515
0.00803627
0.04581543
-0.02581431
-0.01773925
-0.05599548
-0.04328708
0.01580634
-0.02822402
-0.03395598
-0.01073580
-0.03341004
-0.03413207
-0.00773116
0.04415655
0.02799355
0.01613337
-0.02303011
-0.05371081
0.04269607
-0.02547195
-0.04170519
0.04257851
0.00296305
-0.00897139
-0.04198404
-0.02643219
-0.05724337
0.09869254
-0.00376150
0.02581689
0.01477303
0.01589384
0.04680036
0.00416427
0.01126569
0.00884310
-0.01555274
-0.02600049
-0.01934110
0.05896534
-0.01271256
0.05133750
-0.02962897
0.05313832
-0.00293107
-0.01199355
-0.05695125
-0.04641039
-0.04925268
-0.01090170
0.03907698
-0.01392692
-0.05696721
0.01010814
0.01090103
0.00338947
0.02717250
-0.03018311
0.12221445
-0.08643377
0.01774430
-0.04608412
0.01000217
0.03736939
-0.06696386
-0.09180806
-0.01857890
0.06791983
0.03628321
-0.00957450
0.03860597
-0.05565238
-0.02115947
0.03705618
0.05760513
0.00852496
-0.04225348
-0.00622754
0.05774197
-0.02538901
-0.05045843
0.06639169
0.09406315
0.01230126
0.02790958
0.01991735
-0.02969521
0.02630727
0.02053886
0.00314054
0.08300047
-0.00216237
-0.05374594
-0.04338659
0.03252101
-0.01154204
0.04052746
0.05410304
0.01029522
0.10863181
-0.00846282
-0.00800990
-0.04488090
0.07809694
0.03171207
0.02325992
0.01759582
0.00403908
-0.03548349
-0.01046677
0.02439619
0.00115704
0.04825580
0.01346184
0.03562338
0.04854799
0.04789571
0.03236694
-0.02865073
0.03115189
-0.05217339
0.03834554
-0.08354253
0.01058216
0.04830126
0.00314545
-0.04919019
-0.03949845
-0.02269318
-0.01319137
-0.01075568
0.03634810
-0.07077921
-0.02256752
0.02315067
-0.06428963
-0.07540118
0.00854279
-0.01235905
-0.09945120
-0.09530017
0.00786394
0.03436439
-0.12022240
0.06761709
-0.13652423
0.00364577
0.00981520
-0.01943388
-0.00492970
-0.00568848
0.02803505
0.01524865
-0.00164745
-0.00599798
-0.00870450
0.08095445
0.00890160
-0.00521507
-0.03826572
-0.01265382
-0.01932555
-0.02399061
0.01950846
0.04931061
0.05119482
-0.02335686
-0.02646254
0.04091664
-0.01066482
0.00967371
-0.04797572
-0.01832400
0.02381614
0.01622839
0.00907426
0.01366362
0.01912350
-0.03327547
0.01728765
-0.02683131
0.05308248
0.03254098
0.10917237
0.04975301
0.03207836
-0.06205077
-0.09103831
0.03006416
-0.06383321
0.02710974
0.05510612
0.03310708
