0.03036831
-0.02279829
-0.01311905
0.03881208
-0.01966361
0.01435477
0.00280268
0.02486076
-0.00925348
0.02302777
0.01182550
-0.03611708
0.03335572
-0.02344082
-0.01574166
0.01525154
0.00176191
0.01620625
-0.01507207
0.02716153
-0.00280517
0.04427798
-0.02956839
-0.00839587
-0.01672258
0.00217194
0.01307700
-0.02368718
-0.00726896
-0.00384293
-0.10843858
0.03058633
0.03806139
-0.00464913
-0.00830550
0.04191042
0.01441516
0.02333037
-0.01352241
-0.05380448
-0.01709263
0.01490114
0.05226160
-0.02097448
-0.00272105
0.00262912
-0.02228553
0.00769095
0.00433828
0.01219745
0.04334911
-0.04421378
-0.01254757
0.01141680
0.00577032
-0.00830722
-0.03482037
0.02875347
0.45613804
0.01361304
-0.01474009
-0.00411056
0.00488276
-0.03153273
0.00449025
0.07027522
-0.01585417
0.00180455
-0.05431180
0.00316401
0.02451451
0.01461006
-0.03143368
0.01320271
-0.01505919
0.00775098
0.00798460
0.03107531
-0.00679536
-0.09744382
-0.01732320
-0.01083238
-0.00386132
-0.03544988
0.08818716
-0.02012558
-0.01309493
-0.00935436
0.01856714
-0.04791306
0.00520845
0.00494928
-0.02395577
0.00220836
-0.00560521
-0.02081193
0.00381739
-0.02854778
-0.01865163
0.00136001
-0.00992430
0.04066334
-0.02076725
0.02565098
0.01060076
-0.00053965
0.00063568
0.00623888
0.02010779
-0.01508417
-0.00545099
0.03110969
0.00755847
-0.00718373
-0.00405976
0.00601618
0.04302809
-0.03345146
0.01324240
-0.00047629
0.02354007
0.00766343
0.00533105
0.00601095
0.00369646
0.03211949
-0.02909461
-0.00644030
-0.00397828
0.10663074
0.02681558
0.02131869
-0.00617453
0.01312976
0.02682199
-0.01791495
-0.02214830
-0.00024957
-0.07725619
0.00556476
-0.07754514
0.00617477
0.00491233
-0.02917769
0.01249551
-0.05590523
-0.02005353
-0.02090984
-0.02363020
0.00271834
0.03503063
0.02004517
-0.00314567
-0.00008650
-0.00396881
-0.02869142
-0.01835147
-0.00724802
-0.02611726
-0.00400942
-0.02632545
-0.00347328
-0.01680206
-0.01719060
-0.00416074
0.04145191
0.00602289
-0.02351567
-0.00066124
0.02694906
0.01097063
-0.01769890
0.03465493
0.01399912
0.03836821
0.00759662
0.01058601
0.00489104
-0.08033894
0.00490869
0.03484979
-0.01807735
0.01323616
-0.00263067
0.02892087
-0.13503933
0.03154645
0.00794938
-0.01800229
0.06654572
0.05386002
-0.00253891
-0.03079437
0.00153277
0.00139271
-0.00120430
0.06473408
0.01269077
-0.07684174
-0.04529909
-0.01569756
-0.00218754
0.12937470
-0.04047612
0.01295094
0.00476714
-0.00087320
0.03548171
-0.01942396
-0.00856934
-0.03919918
-0.01236136
0.02775851
-0.00664501
0.02100879
0.00849972
0.00190113
0.05270857
-0.01466269
0.01605701
-0.06078012
-0.74787623
0.01317525
0.00896032
0.01661821
0.00038099
0.01022458
-0.01337919
0.03069874
0.02539180
-0.02830363
-0.02514275
0.02991143
0.02697325
-0.02713085
-0.00116912
-0.00406223
-0.00827703
0.00541878
0.00043915
0.04821867
-0.00934462
0.05327953
-0.02141255
-0.02758675
-0.01304646
0.00770532
0.04637109
0.02265009
-0.00112547
-0.02768433
0.00721825
0.00036004
0.02371982
0.01288412
-0.00571331
0.02372107
0.04213930
-0.02922812
0.08184326
-0.08935919
-0.17888601
0.02396688
0.02936732
0.09928858
-0.04850724
0.06268044
0.00544913
0.01682327
0.11782178
-0.15656060
0.00714467
-0.10672458
0.10256065
-0.05382926
-0.01122098
0.00034011
0.08505662
-0.17883521
0.04084537
0.12720309
-0.08228938
-0.05680820
-0.01922850
-0.05790016
-0.04011532
0.05095962
0.04984119
-0.03097364
0.13010558
0.00973917
0.18507561
0.02651404
-0.03865787
-0.01663414
-0.01844437
0.00219752
0.02699270
0.02147998
-0.07983030
0.06992456
0.15288119
0.77365667
-0.03282753
0.10124142
0.11957756
0.05663413
0.06048983
-0.03053200
0.03712324
-0.08262967
-0.14400925
0.03868646
0.05243921
0.02897692
0.04854830
-0.12226285
0.12700319
-0.02099168
0.02502481
0.00364001
-0.00438149
-0.03469481
-0.02352355
0.07481070
-0.00322302
0.02010255
0.01205872
-0.02438852
0.04441956
-0.04221167
-0.01885140
-0.03472644
-0.03156000
0.03681136
-0.00031314
0.04637130
0.00361352
-0.02546585
-0.01346461
-0.01426824
0.00348626
-0.01095021
0.01365636
0.04098630
-0.12110877
-0.05515183
0.01900860
-0.02144737
0.00952696
0.02608607
-0.09476177
-0.03329752
0.02524997
0.02957544
0.08485100
-0.05460267
0.01320338
0.09381440
0.06340443
-0.02621003
-0.00046681
0.03785340
-0.01894033
-0.01981899
-0.02129951
-0.02601180
-0.05004865
0.08740062
-0.09522272
-0.00839554
0.05113713
-0.03614118
0.00227363
0.02942004
-0.02464740
0.00202232
-0.01732243
0.03179071
-0.06398453
-0.01493432
-0.04223439
-0.04997497
0.03268499
0.05004904
0.01134211
0.00389493
0.02436536
-0.05379596
-0.02512313
-0.00089215
0.03986231
0.11326347
0.01658835
-0.04817440
0.08296274
0.02333555
0.10588259
-0.06819363
-0.03845047
0.01561938
-0.01994900
-0.11584345
0.03108389
0.08174902
-0.00389470
0.03717760
0.05919998
0.09264379
0.00962086
0.03199783
0.00583608
0.01170710
0.08144661
-0.00889452
0.07934714
-0.02001223
-0.02785322
0.02857654
0.02061315
0.04405040
-0.01147233
0.10158016
-0.02427426
-0.00119740
-0.00599098
0.03308102
0.04612017
0.07176609
-0.00965437
0.01674825
-0.02661744
-0.04069901
-0.00564940
0.02394831
-0.01913081
-0.04420351
0.03821900
0.03602269
0.00810848
0.00654993
0.01543188
0.00732723
0.07081810
-0.00377804
-0.02534856
0.03416378
-0.09767258
-0.00654504
-0.01297953
0.04300579
-0.04586866
0.05554911
-0.06017433
0.04432896
0.04894488
0.01126951
0.00800635
-0.07234327
0.01703605
0.07188437
-0.02754646
-0.02250203
-0.00741784
0.06195648
0.05459556
0.03779250
-0.01437442
-0.06931563
-0.07395710
0.00470421
-0.01002331
0.02616826
-0.00511759
-0.02196416
-0.03538132
0.06855418
-0.05765543
0.04309662
-0.06362001
0.03107393
0.08648603
-0.09145375
-0.03146522
0.05386239
0.00325657
0.01821071
-0.00181251
0.00480022
0.02116449
0.10350057
0.05759112
0.03236719
-0.03240588
0.00534452
-0.00723290
0.01517888
0.06957623
-0.03172565
0.00142781
0.00776756
-0.09903850
0.04075336
0.06699527
0.01688275
-0.04580850
-0.01320790
-0.07115670
-0.00024508
0.00438294
-0.00360685
0.01896538
-0.09430505
-0.04474964
-0.00312420
-0.00992453
0.00530196
-0.06689804
0.10741731
0.00354961
-0.05672978
0.02444419
-0.04076599
0.09053177
-0.03683073
0.04422756
-0.05545423
-0.02225438
-0.06460633
-0.06554161
-0.05888046
0.01561603
-0.03774999
0.00347647
-0.05089010
0.02045026
-0.06166236
0.04991917
-0.00344877
0.00493198
-0.00882721
-0.02455389
-0.01775079
0.02076222
-0.01710689
0.03972055
0.09418973
-0.04272086
-0.02289529
-0.00270657
-0.03686827
0.01905815
0.04701148
0.02202210
-0.04774956
0.01975895
0.02512637
-0.01253169
-0.04025902
-0.03422299
-0.03914566
-0.05073864
0.01746072
0.05713446
-0.00974420
0.01607009
-0.02125945
0.06200961
0.06499613
0.03327686
-0.03349183
-0.07191727
0.02616887
-0.02252016
0.06662817
-0.01249469
-0.01757807
0.03873007
-0.03280009
0.02656319
-0.01694414
0.03026879
0.02541303
0.06174006
0.05179377
-0.03616875
-0.02729308
0.01621489
0.02728903
-0.03109672
0.03522280
0.02280912
0.06070717
0.02991555
-0.02872254
0.06744064
0.03786533
0.01856505
-0.03890578
0.01530790
-0.02297291
0.05558291
-0.05656344
0.05776264
0.02538452
-0.00233666
0.02175458
0.00915851
0.01389648
0.01625849
-0.00967950
-0.03563113
-0.04062030
-0.03462672
-0.14111309
0.00548131
0.00834295
0.03788823
0.00794892
0.00195029
0.01292453
0.04817313
0.00996045
0.00105897
0.04589544
0.09041005
0.05470664
-0.06623478
0.01230246
0.01547605
0.02683111
-0.09473985
0.01043069
-0.02068058
0.00520723
0.00588469
0.08461805
0.01271720
0.13381220
0.00553805
0.09830876
-0.01772754
-0.03802783
-0.03112201
-0.00257813
0.01994039
-0.03550173
-0.02854524
-0.05098305
-0.04918707
-0.04414123
0.00648927
0.05094121
0.02103759
0.00905211
-0.05050616
-0.05875837
0.03980042
-0.00839181
-0.03092632
-0.00137847
0.00656922
-0.01037868
-0.01583036
-0.01946162
-0.01161096
0.08009931
0.00785784
0.03285554
0.00891174
0.01703073
0.02379475
-0.01765331
-0.02964920
-0.01458123
-0.00395402
-0.00785476
-0.04790949
0.06199045
0.00469784
0.00766778
-0.02628538
0.05071923
0.00718953
-0.00178367
-0.08708658
-0.05346045
-0.05809744
-0.01570993
0.03892924
-0.03115933
-0.05671229
0.02021695
0.00955282
-0.00950648
0.05293528
-0.02344491
0.11054952
-0.05546363
-0.00122194
-0.05189826
0.02930152
0.00165644
-0.06274790
-0.07869980
0.01342797
0.03969793
-0.00552685
-0.02266083
0.02884791
-0.00581113
-0.03641486
0.02447316
0.05919686
0.00102895
-0.03182028
-0.00791600
0.12080143
-0.04085822
-0.04957963
0.07974471
0.09003573
0.01475290
0.02168766
0.04650281
-0.02319228
0.04839213
0.02969651
-0.01393429
0.08157363
0.00166328
-0.02646372
-0.02682517
0.05250458
-0.02194803
-0.00738844
0.06994305
0.03516376
0.12080389
-0.02580682
0.00037094
-0.07578112
0.04918074
0.04712781
-0.00043818
0.00992175
-0.00405828
-0.00607370
0.04059887
0.05931725
0.01810571
0.04125046
-0.00140864
0.02499689
0.01951729
0.03688775
0.04523337
-0.00413493
0.02354889
-0.07257319
0.03158306
-0.06998865
0.03082175
0.05366543
-0.00420162
-0.00446013
-0.03140606
-0.02869371
-0.04074319
0.00754201
0.02444076
-0.06913351
-0.01731627
-0.00383563
-0.06039352
-0.06538417
-0.02596024
-0.01159989
-0.04848889
-0.06462465
-0.00724899
0.01150801
-0.09988102
0.06663235
-0.09332033
0.01793610
-0.00326608
-0.02902022
-0.00659337
0.01399658
0.04588556
-0.00937495
0.01516066
-0.02822571
-0.03650954
0.05254931
-0.00093174
0.02624975
-0.00553797
-0.02281911
0.00125285
0.04608884
0.00643144
0.03473496
0.07557538
-0.03443505
0.00077038
0.03302467
-0.05842603
-0.00955951
-0.00233735
-0.04373384
0.07032488
0.03486587
-0.02683097
0.01496681
0.01118299
-0.02777365
0.02096458
-0.02804951
0.01164593
0.02123401
0.09751876
0.06898983
0.01866569
-0.07027964
-0.11589463
0.04764072
-0.05215737
0.03921748
0.07724201
0.01091949
