4.738162830471992493e-02
-2.500475384294986725e-02
3.215708956122398376e-02
2.912082709372043610e-02
-7.440335582941770554e-03
-5.836974363774061203e-03
1.128524914383888245e-02
3.468607738614082336e-02
-1.289507956244051456e-03
7.141148671507835388e-03
1.788256503641605377e-02
-1.746199466288089752e-02
1.268961559981107712e-02
-3.119004890322685242e-03
-9.426022879779338837e-03
9.170690551400184631e-03
1.123439986258745193e-02
-6.133215967565774918e-03
3.314756788313388824e-03
5.894375964999198914e-02
-1.234999392181634903e-03
8.641860634088516235e-02
-6.118610873818397522e-02
-1.095676049590110779e-02
-3.846352221444249153e-03
-1.402011490426957607e-03
2.040462195873260498e-02
-3.918031975626945496e-02
-1.808212511241436005e-02
3.371219383552670479e-03
-1.066785305738449097e-01
2.697723545134067535e-02
3.203869983553886414e-02
4.013817757368087769e-03
1.241562608629465103e-02
3.584079444408416748e-02
-5.494517739862203598e-03
1.208764035254716873e-02
-9.799469262361526489e-03
-7.143794745206832886e-02
6.807021331042051315e-03
-6.355319055728614330e-04
3.793172910809516907e-02
-1.428823731839656830e-02
2.369680209085345268e-03
1.066940650343894958e-02
1.888334634713828564e-03
1.707699522376060486e-02
8.575757034122943878e-03
1.463593170046806335e-02
3.280014172196388245e-02
-7.953520864248275757e-02
-5.435167346149682999e-03
1.452683471143245697e-03
-1.575587689876556396e-02
-1.173936761915683746e-02
-2.505857869982719421e-02
2.030411735177040100e-02
4.418922662734985352e-01
-1.544449198991060257e-02
-2.464171126484870911e-02
1.737633161246776581e-02
1.045663934201002121e-02
-5.651089549064636230e-02
2.236572094261646271e-03
7.270602136850357056e-02
-2.838659286499023438e-02
-1.114532817155122757e-02
-1.950813643634319305e-02
9.464620612561702728e-03
2.922604605555534363e-02
9.473869577050209045e-03
-3.073950298130512238e-02
5.893107037991285324e-03
2.995027601718902588e-02
1.257548946887254715e-02
8.801694959402084351e-03
4.229701310396194458e-02
1.393410284072160721e-02
2.071109833195805550e-03
-1.908272877335548401e-02
5.939279217272996902e-03
5.716607556678354740e-04
-1.061501353979110718e-02
7.924135029315948486e-02
-1.201699674129486084e-02
1.052847225219011307e-02
1.804381236433982849e-02
2.165731042623519897e-02
-2.070670761168003082e-02
7.488570176064968109e-03
3.311692550778388977e-02
-3.610846772789955139e-02
2.196628414094448090e-02
5.254754796624183655e-03
-1.377266459167003632e-02
-4.064256325364112854e-03
-3.087696246802806854e-02
-3.218463063240051270e-02
-4.454544279724359512e-03
3.143373411148786545e-03
4.658064246177673340e-02
-1.094783074222505093e-03
2.022306807339191437e-02
1.400422584265470505e-02
1.018859256873838603e-04
-1.237539108842611313e-02
-1.011948846280574799e-02
2.888758853077888489e-02
-1.007404364645481110e-02
1.190485805273056030e-02
3.972298651933670044e-02
-1.873065344989299774e-02
3.371752100065350533e-04
-2.276799827814102173e-02
1.425125449895858765e-02
-7.704908959567546844e-03
-2.176456339657306671e-02
3.645340353250503540e-02
-2.678750315681099892e-03
4.928288515657186508e-03
4.401577170938253403e-03
-1.485006883740425110e-02
-1.210654992610216141e-02
4.268827848136425018e-03
2.752228826284408569e-02
-1.992461644113063812e-02
-9.946957230567932129e-03
-9.741939604282379150e-03
1.279300600290298462e-01
-5.266218446195125580e-03
4.802087787538766861e-03
-2.681646309792995453e-02
-8.446871303021907806e-03
5.056438595056533813e-02
-2.178605459630489349e-02
-3.541526570916175842e-02
1.676879078149795532e-02
-9.305831789970397949e-02
-1.491795293986797333e-02
-1.100530549883842468e-01
-6.082138512283563614e-03
-6.287492346018552780e-03
-3.436170518398284912e-02
-5.412137135863304138e-03
-4.105031490325927734e-03
-3.873489098623394966e-03
-5.429629702121019363e-03
-2.288421057164669037e-02
-1.520772557705640793e-02
7.189308758825063705e-03
1.602184399962425232e-02
-3.071086108684539795e-02
-9.290605783462524414e-03
-4.153813701122999191e-03
-6.899388972669839859e-03
-3.514124825596809387e-02
1.446860935539007187e-02
-3.629917278885841370e-02
-5.376728251576423645e-03
-2.079160884022712708e-02
-6.048059090971946716e-02
4.035762045532464981e-03
-8.834129199385643005e-03
1.288409344851970673e-02
6.310264021158218384e-02
-1.039043907076120377e-02
-2.475715056061744690e-02
1.599703542888164520e-02
1.757115311920642853e-02
1.843094080686569214e-02
-1.021589711308479309e-02
3.083258122205734253e-02
-1.442410517483949661e-02
4.876187816262245178e-02
2.883534878492355347e-02
1.764477638062089682e-04
-1.937496592290699482e-03
-1.022753044962882996e-01
8.889353834092617035e-03
1.861249469220638275e-02
-2.727479673922061920e-02
5.766814108937978745e-03
1.460797712206840515e-02
-1.051031867973506451e-03
-6.141936406493186951e-02
-8.705389499664306641e-02
-8.406590670347213745e-03
-1.748642697930335999e-02
5.118400603532791138e-02
9.821941703557968140e-02
3.380724461749196053e-03
-1.627834141254425049e-02
-1.155359670519828796e-02
1.348087936639785767e-02
1.857887022197246552e-02
8.639123290777206421e-02
2.022172138094902039e-02
-7.305255532264709473e-02
-3.676615655422210693e-02
-1.434499426977708936e-04
2.188400924205780029e-02
8.908757567405700684e-02
-3.766929358243942261e-02
1.686656149104237556e-03
-7.773994002491235733e-03
6.044128909707069397e-03
1.541616767644882202e-02
-8.398156613111495972e-03
-5.510854721069335938e-02
-3.104030340909957886e-02
-2.407142519950866699e-02
1.736741699278354645e-02
8.089666371233761311e-04
3.396706655621528625e-02
4.443430900573730469e-02
-1.209258101880550385e-03
4.592506587505340576e-02
-1.064890902489423752e-02
1.005877088755369186e-02
-3.047592192888259888e-02
-7.435795664787292480e-01
1.217236183583736420e-02
1.350269652903079987e-02
2.007213234901428223e-02
4.328053910285234451e-03
-1.884419098496437073e-02
-2.442860044538974762e-03
2.979646623134613037e-02
9.210200048983097076e-03
-1.423348765820264816e-02
-5.289015173912048340e-02
5.095662921667098999e-02
2.151515102013945580e-03
-1.388208591379225254e-03
-3.231183066964149475e-02
-3.060232615098357201e-03
-1.350712683051824570e-02
4.055921453982591629e-03
-1.430741045624017715e-03
2.919935435056686401e-02
-8.977029472589492798e-03
2.794831432402133942e-02
-8.944100700318813324e-03
-2.136168442666530609e-02
-1.181549625471234322e-03
-1.816477440297603607e-02
6.006370112299919128e-02
-1.131618977524340153e-03
-5.923812463879585266e-02
-1.840098202228546143e-02
-5.795232485979795456e-03
1.711645536124706268e-02
-1.975613122340291739e-04
-1.098719518631696701e-02
-1.625663600862026215e-02
4.535187035799026489e-02
-9.168510884046554565e-02
-7.108948379755020142e-02
5.444120615720748901e-02
5.689845979213714600e-02
9.964878112077713013e-02
3.518366441130638123e-02
-6.796623766422271729e-02
2.023397013545036316e-02
-9.971970692276954651e-03
1.713432818651199341e-01
7.779581844806671143e-02
8.713316172361373901e-02
-7.571382075548171997e-02
3.669833391904830933e-02
1.856886781752109528e-02
6.601487845182418823e-02
4.729142412543296814e-02
-5.250687152147293091e-02
-3.710773540660738945e-03
-3.048782609403133392e-02
-1.015180163085460663e-02
-2.626183256506919861e-02
1.124527752399444580e-01
-2.509965188801288605e-02
5.184736568480730057e-03
2.634760178625583649e-02
-4.031694307923316956e-02
-7.980816811323165894e-02
3.802953287959098816e-02
1.880500167608261108e-01
-1.463431864976882935e-02
-1.626149564981460571e-02
-8.433055132627487183e-02
1.463171988725662231e-01
-6.984809041023254395e-02
-2.152107656002044678e-03
1.335412114858627319e-01
-2.980636432766914368e-02
1.637231558561325073e-02
-1.395046859979629517e-01
4.301710054278373718e-02
-6.913115829229354858e-02
-2.183925546705722809e-02
9.694544225931167603e-02
-3.702387958765029907e-02
7.928566336631774902e-01
-1.064026132225990295e-01
-1.586538366973400116e-02
-1.872066855430603027e-01
1.127111911773681641e-01
8.225613087415695190e-02
5.724000930786132812e-02
8.697208762168884277e-02
3.118818067014217377e-02
-4.899498075246810913e-02
1.703319996595382690e-01
2.493123896420001984e-02
-5.457108840346336365e-02
-6.465597450733184814e-02
-4.293588176369667053e-02
-6.191303208470344543e-02
5.784607026726007462e-03
5.794657394289970398e-03
-8.624051511287689209e-02
6.130488589406013489e-03
-4.229366779327392578e-02
2.969653718173503876e-02
1.144297700375318527e-02
2.671542204916477203e-02
-3.779976442456245422e-02
-1.053549163043498993e-02
5.022826045751571655e-02
4.304576665163040161e-02
-7.862303406000137329e-02
-5.848361924290657043e-02
8.853233419358730316e-03
1.337875146418809891e-02
-5.454483628273010254e-02
8.261816576123237610e-03
7.647666335105895996e-02
3.043508715927600861e-02
-4.694001004099845886e-02
-1.809293963015079498e-02
3.778410702943801880e-02
-2.405534684658050537e-02
6.220785528421401978e-02
5.760439112782478333e-02
1.547883450984954834e-02
-1.028599739074707031e-01
1.458679139614105225e-02
3.889465704560279846e-02
-2.908409200608730316e-02
3.824541717767715454e-02
-4.930067434906959534e-02
-3.670288994908332825e-02
-2.248204313218593597e-02
8.390979468822479248e-02
-2.638605423271656036e-02
-5.001339595764875412e-03
1.788117224350571632e-03
5.225597694516181946e-02
5.987597256898880005e-02
-1.139837410300970078e-02
1.237032236531376839e-03
-4.521545022726058960e-03
6.097619608044624329e-02
3.991359472274780273e-02
-4.545754939317703247e-02
1.671332120895385742e-02
-2.082815952599048615e-02
3.490323200821876526e-02
8.703225851058959961e-02
-9.281390812247991562e-04
-6.673828233033418655e-03
-5.860996246337890625e-02
2.571138925850391388e-02
5.080740433186292648e-03
3.611190477386116982e-03
2.318633906543254852e-02
-4.019528627395629883e-02
-2.293102256953716278e-02
5.592804774641990662e-02
-8.206811733543872833e-03
-1.515170279890298843e-02
-8.552019298076629639e-02
-1.124372426420450211e-02
-4.130594432353973389e-02
3.459577262401580811e-02
-4.966173693537712097e-02
-4.857273772358894348e-02
3.119418863207101822e-03
3.774130949750542641e-03
-2.099538594484329224e-02
5.792492069303989410e-03
3.974453359842300415e-02
8.117676526308059692e-02
1.673954725265502930e-02
-5.312293767929077148e-02
8.224689960479736328e-02
1.888705044984817505e-02
9.156859666109085083e-02
-7.749672979116439819e-02
-1.864486373960971832e-02
2.211947180330753326e-02
-2.472947351634502411e-02
-7.151354104280471802e-02
-1.757016219198703766e-02
7.186333835124969482e-02
9.581077611073851585e-04
1.856529898941516876e-02
5.210400000214576721e-02
9.074227511882781982e-02
-3.382242721272632480e-05
4.503254964947700500e-02
5.428421869874000549e-02
2.326114475727081299e-02
9.092642366886138916e-02
-1.740266941487789154e-02
7.137951254844665527e-02
8.443685248494148254e-03
-4.413117468357086182e-02
-4.904076829552650452e-02
-2.963164262473583221e-02
6.213709712028503418e-03
-3.557684645056724548e-02
1.087431237101554871e-01
1.482339110225439072e-02
-2.606549859046936035e-02
5.707662785425782204e-04
2.680883929133415222e-02
1.033491641283035278e-02
2.845331467688083649e-02
6.251418590545654297e-02
-9.464419563300907612e-04
-1.829590462148189545e-02
1.485017780214548111e-02
2.142526209354400635e-02
1.939921826124191284e-02
3.187701851129531860e-02
3.641711920499801636e-02
1.081141680479049683e-01
6.242183968424797058e-02
-5.272810906171798706e-02
2.047208510339260101e-02
1.053224410861730576e-02
-9.678467176854610443e-03
-3.069369820877909660e-03
4.711428657174110413e-02
9.293301403522491455e-02
-3.382276045158505440e-04
-4.811821132898330688e-02
-6.498952861875295639e-03
5.144204571843147278e-02
4.467267915606498718e-02
-6.953477859497070312e-03
1.489587407559156418e-02
-3.079503308981657028e-03
6.370870769023895264e-02
1.732413470745086670e-02
6.494083255529403687e-02
1.375768333673477173e-02
-1.100814528763294220e-02
-5.740332975983619690e-02
-6.530426442623138428e-03
-2.508528530597686768e-02
-3.597066923975944519e-02
-1.761743612587451935e-02
3.467778116464614868e-02
6.115927919745445251e-02
2.455340884625911713e-02
-4.898606613278388977e-02
-8.353190496563911438e-03
-7.667755335569381714e-02
3.653567400760948658e-04
4.128539934754371643e-02
4.672941751778125763e-03
-1.811907626688480377e-02
-5.318134278059005737e-02
7.519840262830257416e-03
3.718276321887969971e-02
4.649174958467483521e-02
4.231266677379608154e-02
-3.480489552021026611e-02
-5.203023552894592285e-02
1.147366985678672791e-01
1.128881936892867088e-03
2.398278005421161652e-02
-2.863924391567707062e-02
-1.883819140493869781e-02
-5.029639974236488342e-02
-2.642278932034969330e-02
2.017275243997573853e-02
1.538293622434139252e-02
2.308910340070724487e-02
1.394807943142950535e-03
4.878450185060501099e-02
-3.182374313473701477e-02
-2.962722629308700562e-02
-1.849034614861011505e-02
3.054495202377438545e-03
8.200082182884216309e-02
-3.425121307373046875e-02
-2.296555973589420319e-02
7.988701015710830688e-02
-1.128130406141281128e-01
-6.366559863090515137e-02
2.222621627151966095e-02
3.557363525032997131e-02
-2.464819326996803284e-02
1.702924445271492004e-02
1.999171450734138489e-02
7.527546025812625885e-03
7.496125064790248871e-03
4.751862958073616028e-03
1.895434781908988953e-02
-3.166316449642181396e-02
-4.802248999476432800e-02
-7.119096815586090088e-02
1.674211211502552032e-02
-3.686777129769325256e-02
8.975711651146411896e-03
1.312013268470764160e-01
2.069723419845104218e-02
-3.393311426043510437e-02
-9.711927175521850586e-02
9.342519566416740417e-03
8.121573925018310547e-02
-3.619694709777832031e-02
8.572243154048919678e-02
-7.884114980697631836e-02
-4.694180563092231750e-02
-9.381550550460815430e-02
-4.411453008651733398e-02
-8.155661076307296753e-02
-6.000848859548568726e-02
2.553992904722690582e-02
1.683879829943180084e-02
-9.441696852445602417e-02
5.854694917798042297e-02
-6.562545895576477051e-02
5.660817772150039673e-02
1.391111500561237335e-02
3.279698640108108521e-02
-1.335990335792303085e-02
-3.720021108165383339e-03
-2.747308835387229919e-02
2.243438968434929848e-03
-1.667687855660915375e-02
-3.894815966486930847e-02
9.147603809833526611e-02
-1.646956242620944977e-02
-2.212853543460369110e-02
3.051790781319141388e-02
-2.709937840700149536e-02
2.661910653114318848e-02
1.478862762451171875e-02
2.754695247858762741e-03
4.734925180673599243e-02
-2.785451523959636688e-02
-2.523725107312202454e-02
-1.474894024431705475e-02
-1.085981726646423340e-02
-8.514818549156188965e-02
5.585622042417526245e-02
7.333741988986730576e-03
-4.827265068888664246e-02
1.237820908427238464e-01
-7.338138297200202942e-03
-7.049408555030822754e-02
-3.316896408796310425e-02
5.783592537045478821e-02
1.179623417556285858e-02
-5.608369782567024231e-02
-8.118197321891784668e-02
-4.185457527637481689e-02
-4.566015675663948059e-02
-2.623960375785827637e-02
3.002076782286167145e-02
-3.030676161870360374e-03
-1.997907087206840515e-02
3.015140257775783539e-02
-2.828853949904441833e-02
3.300217539072036743e-02
1.940123550593852997e-02
-1.657519140280783176e-03
-1.833885535597801208e-02
-1.551768183708190918e-02
7.954250089824199677e-03
-5.982222501188516617e-03
-2.515516011044383049e-03
3.154037147760391235e-02
6.713370233774185181e-02
-2.548533305525779724e-02
-6.483303848654031754e-03
-1.806157641112804413e-02
2.017491310834884644e-02
2.043603174388408661e-02
-2.883813530206680298e-02
7.824734598398208618e-02
2.709693647921085358e-02
2.280269749462604523e-03
-2.696154639124870300e-02
-2.611807174980640411e-02
-6.944014877080917358e-02
-8.721547201275825500e-03
4.301430657505989075e-03
-4.230598732829093933e-02
-6.431455258280038834e-03
-2.519701234996318817e-02
4.982057213783264160e-02
6.156984344124794006e-02
4.605940356850624084e-02
-6.424482446163892746e-03
-3.195015713572502136e-02
2.529490180313587189e-02
-1.183441840112209320e-02
-9.395146369934082031e-02
1.183508895337581635e-02
3.085106611251831055e-02
1.510230731219053268e-02
1.090963836759328842e-02
-1.697039231657981873e-02
9.369101375341415405e-02
2.845598850399255753e-03
8.642387547297403216e-05
-1.103910035453736782e-03
-1.844970509409904480e-02
1.357114911079406738e-01
2.663536928594112396e-02
1.137534622102975845e-02
-3.186413645744323730e-02
3.114499384537339211e-03
2.871545497328042984e-03
6.725563108921051025e-02
-3.377282992005348206e-02
2.125709690153598785e-02
1.948070153594017029e-02
3.596070408821105957e-02
-8.274832367897033691e-02
2.798738423734903336e-03
6.492511928081512451e-02
4.868671670556068420e-02
1.443968806415796280e-02
9.732384234666824341e-02
-2.169169299304485321e-02
-1.297944039106369019e-02
2.982571721076965332e-02
1.124809123575687408e-02
-2.400373108685016632e-02
-8.258486539125442505e-02
1.324571762233972549e-02
-9.369976073503494263e-02
1.899875141680240631e-02
7.831453345715999603e-03
-5.163923650979995728e-02
1.033051032572984695e-02
-2.436517924070358276e-02
-4.426577687263488770e-02
2.344654686748981476e-02
-1.382795069366693497e-02
2.063302882015705109e-02
1.159747503697872162e-02
4.374689981341362000e-02
-4.404553398489952087e-02
1.125991810113191605e-02
5.527395987883210182e-04
4.841260984539985657e-02
-6.305455416440963745e-02
-9.301608055830001831e-02
4.870895296335220337e-02
-2.168469876050949097e-02
-8.829787373542785645e-03
5.976048856973648071e-02
6.821931898593902588e-02
4.045631736516952515e-02
4.739504307508468628e-02
-2.202327735722064972e-02
-1.026064157485961914e-02
1.936509087681770325e-02
1.584258303046226501e-02
-2.023246698081493378e-02
2.325995266437530518e-02
5.635698139667510986e-02
-3.882773686200380325e-03
5.216986685991287231e-02
6.316548213362693787e-03
8.978642523288726807e-02
1.001526508480310440e-02
-1.132698431611061096e-01
-2.487511001527309418e-02
-4.695565998554229736e-02
9.588189423084259033e-03
1.009961292147636414e-01
-3.758037462830543518e-02
-3.561003506183624268e-02
6.245563924312591553e-02
-1.760060898959636688e-02
-1.663250476121902466e-02
3.213332593441009521e-02
6.854713708162307739e-02
1.016786089166998863e-03
-6.686386466026306152e-02
-4.203660413622856140e-02
-7.512849569320678711e-02
-3.235128149390220642e-02
-1.112371124327182770e-02
-4.063792526721954346e-02
-3.186038881540298462e-02
-9.040355682373046875e-03
2.452616952359676361e-02
4.219854623079299927e-02
-5.022408440709114075e-02
2.452960796654224396e-02
4.384972527623176575e-02
-2.379966899752616882e-02
-1.771649345755577087e-02
8.846895070746541023e-04
4.904903471469879150e-02
2.714789472520351410e-02
-4.225879907608032227e-02
7.657149434089660645e-02
-6.349083781242370605e-02
-3.786478564143180847e-02
6.868541240692138672e-02
1.558558270335197449e-02
-4.522407893091440201e-03
-3.574319183826446533e-03
3.799023479223251343e-02
2.843791618943214417e-02
7.824147120118141174e-03
2.318852394819259644e-02
2.672382257878780365e-02
4.272272437810897827e-02
2.915672026574611664e-02
-4.625127185136079788e-03
3.978247568011283875e-02
6.416619289666414261e-03
-4.024527594447135925e-02
-4.201622679829597473e-02
7.697807624936103821e-03
-1.987117528915405273e-02
3.031707368791103363e-02
-2.157679200172424316e-02
2.615477889776229858e-03
1.157870143651962280e-02
-5.466450005769729614e-03
2.380697242915630341e-02
-2.744576893746852875e-02
4.062380269169807434e-02
-4.824618622660636902e-02
1.151824326370842755e-04
3.467581793665885925e-02
4.473969805985689163e-03
-3.874897211790084839e-02
-3.845312073826789856e-02
1.141698658466339111e-02
-5.008719861507415771e-02
3.627764061093330383e-02
-2.419192902743816376e-02
7.906863838434219360e-02
2.338449284434318542e-02
2.546932175755500793e-02
-9.799363464117050171e-02
4.661393910646438599e-02
-4.907572269439697266e-02
2.497829124331474304e-02
-4.706777166575193405e-03
2.803366445004940033e-02
6.009848043322563171e-02
-7.012762129306793213e-03
-3.060449287295341492e-02
-8.795638382434844971e-02
-6.104132533073425293e-02
-1.275412831455469131e-02
-4.961818456649780273e-02
-5.893943458795547485e-02
-5.623341351747512817e-02
-5.362795665860176086e-02
-4.527394776232540607e-04
-7.871220819652080536e-03
1.568988338112831116e-02
-4.677607864141464233e-02
-5.281473696231842041e-02
-4.222949966788291931e-02
8.004723489284515381e-02
3.809164511039853096e-03
3.035532683134078979e-02
-4.771739989519119263e-02
-4.327305592596530914e-03
5.594456102699041367e-03
9.857092052698135376e-03
-2.095761522650718689e-02
2.854526229202747345e-02
-1.715610921382904053e-02
-2.633864060044288635e-02
-4.300143942236900330e-02
-6.338688731193542480e-02
-1.491567026823759079e-02
1.121096964925527573e-02
1.527251210063695908e-02
-8.335172198712825775e-03
5.105498060584068298e-02
6.659729778766632080e-02
7.051288615912199020e-03
9.164764732122421265e-02
-1.128634810447692871e-02
-5.384800210595130920e-02
6.928603351116180420e-02
-5.237184092402458191e-02
1.777181588113307953e-02
-1.778758876025676727e-02
-7.461992651224136353e-02
4.926944524049758911e-02
-8.131827227771282196e-03
1.459122821688652039e-02
3.700364381074905396e-02
7.459817081689834595e-02
-1.500578783452510834e-02
-3.231948241591453552e-02
-2.517288364470005035e-02
-6.345886271446943283e-03
-1.774406991899013519e-02
-5.712606012821197510e-03
-9.004953503608703613e-02
-5.406090617179870605e-02
7.853144407272338867e-02
6.438515335321426392e-02
-1.250080764293670654e-02
-5.488375946879386902e-02
-8.626010268926620483e-02
-1.474360935389995575e-02
-4.832786694169044495e-02
6.288380827754735947e-03
1.342287007719278336e-02
-6.728319823741912842e-02
