4.869173839688301086e-02
-7.884412072598934174e-03
5.288578942418098450e-02
1.667628251016139984e-02
-2.710203872993588448e-03
-1.912523619830608368e-02
5.452928598970174789e-03
1.958307996392250061e-02
-3.991175815463066101e-02
1.088756369426846504e-03
1.625279523432254791e-02
-1.502755004912614822e-02
-2.810349920764565468e-03
1.637999527156352997e-02
-2.106926403939723969e-03
-1.546750776469707489e-03
1.265058200806379318e-02
-1.381467096507549286e-02
-7.699639070779085159e-03
5.286796018481254578e-02
1.314717344939708710e-03
9.794228523969650269e-02
-6.494247913360595703e-02
-7.730391342192888260e-03
-2.707306761294603348e-03
-2.425572602078318596e-03
3.552544862031936646e-02
-3.745613992214202881e-02
-1.274724025279283524e-02
5.564368795603513718e-03
-8.687225729227066040e-02
2.426349371671676636e-02
2.585163526237010956e-02
8.964054286479949951e-03
1.405337452888488770e-02
1.126697566360235214e-02
-1.501864055171608925e-03
4.453782923519611359e-03
-7.125985343009233475e-03
-4.200899228453636169e-02
8.865091949701309204e-03
6.569557823240756989e-03
4.844123870134353638e-02
-4.312817472964525223e-04
3.306969767436385155e-03
5.834192037582397461e-03
6.700271740555763245e-03
2.126692794263362885e-02
1.674897153861820698e-03
1.811508834362030029e-02
2.306623570621013641e-02
-8.065973967313766479e-02
2.024859376251697540e-02
-6.916834507137537003e-03
-1.310443039983510971e-02
-1.632115244865417480e-02
-2.593930251896381378e-02
1.723895780742168427e-02
4.681693315505981445e-01
-4.448792710900306702e-02
-2.070103771984577179e-02
1.005278155207633972e-02
1.625965163111686707e-02
-7.183196395635604858e-02
-1.940033747814595699e-03
8.513037860393524170e-02
-3.373973816633224487e-02
-5.239820573478937149e-03
-4.062648117542266846e-02
2.225185930728912354e-02
1.944033987820148468e-02
8.685089647769927979e-03
-2.105223387479782104e-02
6.662635598331689835e-03
4.007992148399353027e-02
2.042260207235813141e-02
2.452696673572063446e-03
2.849141508340835571e-02
1.283999998122453690e-02
1.055113784968852997e-02
-1.912705786526203156e-02
-6.648720707744359970e-03
-6.982882041484117508e-03
5.275103729218244553e-03
5.962217599153518677e-02
-1.484489440917968750e-02
1.741975732147693634e-02
2.058371342718601227e-02
1.785800233483314514e-02
-1.770487986505031586e-02
5.278569646179676056e-03
4.964385554194450378e-02
-4.909911379218101501e-02
3.310131654143333435e-02
4.299294203519821167e-03
-1.623132638633251190e-02
-6.554768886417150497e-03
-1.898272521793842316e-02
-2.945880591869354248e-02
-1.125723496079444885e-02
5.257592070847749710e-03
4.656895250082015991e-02
8.280776441097259521e-03
9.438798762857913971e-03
-1.970418263226747513e-03
7.872839341871440411e-04
-5.243390332907438278e-03
-1.206603180617094040e-02
2.438852190971374512e-02
-3.549074055626988411e-03
1.164360065013170242e-02
3.860098496079444885e-02
-1.364587340503931046e-02
5.504552274942398071e-03
-2.879525348544120789e-02
1.819164678454399109e-02
-4.495052248239517212e-02
-8.245085366070270538e-03
3.710738569498062134e-02
-2.635943237692117691e-03
-4.571425088215619326e-04
3.057690802961587906e-03
-7.702685426920652390e-03
-1.530236471444368362e-02
3.817613050341606140e-02
2.069594524800777435e-02
-2.964405529201030731e-02
-8.699366822838783264e-03
-9.773794561624526978e-03
1.288142800331115723e-01
2.167806029319763184e-02
9.083209559321403503e-03
-2.785198949277400970e-02
-5.348538048565387726e-03
3.602601215243339539e-02
-1.318821031600236893e-02
-1.931817736476659775e-03
2.929594181478023529e-02
-7.483426481485366821e-02
-1.543511450290679932e-02
-7.321302592754364014e-02
-2.127352403476834297e-03
-8.146286942064762115e-03
-3.085167333483695984e-02
-1.206233259290456772e-02
-1.357669848948717117e-02
-1.637621666304767132e-03
-5.608832463622093201e-03
-1.733911596238613129e-02
-1.290848478674888611e-02
-4.330879601184278727e-04
1.259277109056711197e-02
-3.861606493592262268e-02
7.827941328287124634e-03
-8.331174030900001526e-03
-6.690221372991800308e-03
-1.919115334749221802e-02
1.881186850368976593e-02
-2.253432013094425201e-02
6.378855090588331223e-03
-1.965832337737083435e-02
-5.066142976284027100e-02
-2.083893306553363800e-02
-1.606857520528137684e-03
1.166148297488689423e-02
7.285963743925094604e-02
-3.835526481270790100e-02
-2.391075529158115387e-02
1.965063624083995819e-02
1.526805199682712555e-02
2.173111541196703911e-03
-3.446169197559356689e-03
2.044149115681648254e-02
-2.404084801673889160e-02
3.720403462648391724e-02
2.158898860216140747e-02
-7.375732995569705963e-03
6.818226538598537445e-04
-1.182439103722572327e-01
1.490339636802673340e-02
1.165638584643602371e-02
-1.954645477235317230e-02
1.066809892654418945e-02
9.038904681801795959e-03
-5.839427467435598373e-03
-5.942806228995323181e-02
-7.744301855564117432e-02
-1.384947542101144791e-02
-1.839230954647064209e-02
4.581426084041595459e-02
8.441900461912155151e-02
3.573687281459569931e-03
-4.828216973692178726e-03
-1.319251116365194321e-02
1.400989387184381485e-02
3.426872566342353821e-02
1.285279095172882080e-01
2.060189656913280487e-02
-1.614702120423316956e-02
-2.608972415328025818e-02
-3.962673246860504150e-02
2.391572669148445129e-02
6.215328723192214966e-02
-1.673029735684394836e-02
5.558234406635165215e-04
8.685334469191730022e-04
1.236333604902029037e-02
4.557501990348100662e-03
3.401841502636671066e-03
-7.056290656328201294e-02
-6.031411699950695038e-03
-2.358696237206459045e-02
1.290602609515190125e-02
-8.749046246521174908e-04
3.871599957346916199e-02
5.800051242113113403e-02
-3.536606207489967346e-03
2.807162329554557800e-02
-1.041561644524335861e-02
-6.601648405194282532e-03
-4.713255912065505981e-03
-7.287173271179199219e-01
1.660768873989582062e-02
1.558757387101650238e-02
2.209834940731525421e-02
1.044698711484670639e-02
-3.886635182425379753e-03
-2.528521697968244553e-03
2.902474813163280487e-02
6.181013770401477814e-03
-4.195447079837322235e-03
-7.492423802614212036e-02
6.659736484289169312e-02
-1.120119914412498474e-02
6.947961635887622833e-03
-3.078049048781394958e-02
4.004659131169319153e-03
-1.602140255272388458e-02
-3.609785111621022224e-03
-4.931915085762739182e-03
2.290667779743671417e-02
-5.962463561445474625e-03
4.821768775582313538e-02
2.635049633681774139e-02
-2.284990064799785614e-02
6.758172530680894852e-03
-2.470112033188343048e-02
3.557777404785156250e-02
-1.002786215394735336e-02
-7.384672760963439941e-02
-9.136157110333442688e-03
-1.663783192634582520e-02
1.780264638364315033e-02
-4.019207786768674850e-03
-1.292227488011121750e-02
-2.510133571922779083e-02
4.738692566752433777e-02
-1.110164821147918701e-01
-3.480454906821250916e-02
3.337347507476806641e-02
5.645333603024482727e-02
9.924315661191940308e-02
7.008783519268035889e-02
-5.889213830232620239e-02
2.222312986850738525e-02
-1.456970907747745514e-02
1.917488127946853638e-01
8.337911218404769897e-02
7.928014546632766724e-02
-7.409512996673583984e-02
5.289164185523986816e-02
3.938100114464759827e-02
1.097253561019897461e-01
3.572300076484680176e-02
-1.985051669180393219e-02
-4.169702064245939255e-03
-3.813797980546951294e-02
-1.016281452029943466e-02
-8.611951023340225220e-03
1.188278496265411377e-01
-3.582626115530729294e-03
-1.090130116790533066e-02
8.130542188882827759e-02
-3.735797107219696045e-02
-4.229397699236869812e-02
4.418477788567543030e-02
1.781513839960098267e-01
-7.894209586083889008e-03
3.784140804782509804e-03
-8.637420088052749634e-02
1.564740687608718872e-01
-1.005113348364830017e-01
2.291883900761604309e-02
1.428428292274475098e-01
-2.129024639725685120e-02
6.029849406331777573e-03
-1.571165174245834351e-01
-2.815920859575271606e-03
-9.090213477611541748e-02
-1.381467096507549286e-03
1.171640083193778992e-01
-3.687698766589164734e-02
7.584418654441833496e-01
-9.181301295757293701e-02
-3.898854926228523254e-02
-2.000528424978256226e-01
1.383780539035797119e-01
1.135230138897895813e-01
5.088932067155838013e-02
7.211027294397354126e-02
3.330279514193534851e-02
-2.297708578407764435e-02
1.891682296991348267e-01
6.005866453051567078e-03
-3.607246279716491699e-02
-8.059428632259368896e-02
-2.626286260783672333e-02
-6.780677288770675659e-02
2.500331960618495941e-02
-1.599416323006153107e-02
-8.093007653951644897e-02
1.913611777126789093e-02
-2.047586813569068909e-02
5.318415537476539612e-02
8.387681096792221069e-03
2.537896111607551575e-02
-4.883267357945442200e-02
-9.354284033179283142e-03
2.633120492100715637e-02
5.198271572589874268e-02
-4.734409227967262268e-02
-4.414611309766769409e-02
1.380193140357732773e-02
3.191897645592689514e-03
-7.002062350511550903e-02
-5.832511465996503830e-03
9.573400020599365234e-02
6.972058210521936417e-03
-5.802742764353752136e-02
-2.449393039569258690e-03
3.819172829389572144e-02
-2.482338808476924896e-02
5.664293467998504639e-02
6.473919004201889038e-02
1.706098392605781555e-02
-1.011053845286369324e-01
9.186583571135997772e-03
2.593690529465675354e-02
-5.383856594562530518e-02
3.266264125704765320e-02
-4.416867345571517944e-02
-3.533881530165672302e-02
-3.777276352047920227e-02
6.277253478765487671e-02
-3.558540344238281250e-02
-1.435286737978458405e-02
3.888794779777526855e-02
3.999974951148033142e-02
4.086058214306831360e-02
-2.965274266898632050e-02
2.707224711775779724e-02
-2.380011975765228271e-02
5.066447705030441284e-02
3.660929203033447266e-02
-3.997621685266494751e-02
2.506083622574806213e-02
-1.211435627192258835e-02
2.668860182166099548e-02
8.537428826093673706e-02
3.583257272839546204e-02
-1.093035098165273666e-02
-2.181837521493434906e-02
5.983465234749019146e-04
2.290862798690795898e-02
-6.977969780564308167e-03
2.187065221369266510e-02
-3.496642783284187317e-02
-1.812802627682685852e-02
4.390149191021919250e-02
-9.093052358366549015e-04
-2.127513103187084198e-02
-8.901705592870712280e-02
2.571622282266616821e-02
-1.329892128705978394e-02
8.631668984889984131e-03
-1.923055015504360199e-02
-4.237720742821693420e-02
2.729553356766700745e-02
3.912184853106737137e-03
1.623565331101417542e-02
8.602002635598182678e-03
5.251753702759742737e-02
4.614912718534469604e-02
1.668994687497615814e-02
-2.599867619574069977e-02
8.071415126323699951e-02
3.594703599810600281e-02
9.596902132034301758e-02
-8.715630322694778442e-02
-2.852613292634487152e-02
9.450712241232395172e-03
-1.847477629780769348e-02
-8.583638072013854980e-02
-1.367559563368558884e-02
8.090136200189590454e-02
-1.671987399458885193e-02
-2.783306408673524857e-03
3.245530277490615845e-02
8.441779017448425293e-02
8.960749953985214233e-03
3.025890886783599854e-02
5.393043905496597290e-02
1.734234951436519623e-02
8.483785390853881836e-02
1.114376727491617203e-02
5.276048183441162109e-02
4.744419828057289124e-02
-4.518313705921173096e-02
-7.695159316062927246e-02
3.906769852619618177e-04
1.977491565048694611e-02
2.433811314404010773e-03
1.001233011484146118e-01
2.153161168098449707e-02
-1.946464180946350098e-02
3.617402631789445877e-03
3.488362580537796021e-02
-1.211469713598489761e-02
4.537968337535858154e-02
6.901749968528747559e-02
-3.055762499570846558e-02
2.179254777729511261e-03
3.063260763883590698e-02
6.433282047510147095e-02
1.777890697121620178e-02
5.659160204231739044e-03
3.622760251164436340e-02
1.243244558572769165e-01
6.377566605806350708e-02
-4.635483771562576294e-02
9.041734039783477783e-03
2.440397068858146667e-02
-5.565460771322250366e-03
-6.834810134023427963e-03
4.028756171464920044e-02
9.124223887920379639e-02
-3.685555979609489441e-02
-1.249339208006858826e-01
1.672140695154666901e-02
4.584958031773567200e-02
6.425347924232482910e-02
-6.340353749692440033e-03
-1.990408822894096375e-02
2.701089717447757721e-03
5.427299067378044128e-02
3.554019704461097717e-02
7.638042420148849487e-02
7.750063203275203705e-03
1.731614954769611359e-02
-8.564355969429016113e-02
2.780865761451423168e-04
-2.910840325057506561e-02
-3.310992382466793060e-03
-4.161503911018371582e-02
3.552808985114097595e-02
3.351033106446266174e-02
2.213732339441776276e-02
-2.240115590393543243e-02
-1.122769061475992203e-02
-7.313137501478195190e-02
1.410183683037757874e-02
8.062290400266647339e-02
-2.160937152802944183e-02
-2.109673107042908669e-03
-5.508381873369216919e-02
-1.878870092332363129e-02
1.632774062454700470e-02
5.848450958728790283e-02
6.606471538543701172e-02
2.897198498249053955e-02
-6.729191541671752930e-02
9.416434168815612793e-02
3.585506603121757507e-02
2.389562129974365234e-02
-2.272150665521621704e-02
-1.717108301818370819e-02
6.794602959416806698e-04
-3.549763699993491173e-03
3.539837151765823364e-02
4.390249401330947876e-02
2.933691721409559250e-03
-1.296304352581501007e-02
7.222236692905426025e-02
-1.187420263886451721e-02
-2.480887249112129211e-02
-6.499528884887695312e-03
1.173512078821659088e-02
3.016983345150947571e-02
-3.102413192391395569e-02
-3.720060456544160843e-03
6.599822640419006348e-02
-1.113937273621559143e-01
-5.573480948805809021e-02
-2.742339298129081726e-02
8.651467040181159973e-03
-3.361992910504341125e-02
1.216733362525701523e-02
2.869401127099990845e-02
1.382380817085504532e-02
-9.626851417124271393e-03
-7.340851705521345139e-03
-1.282627414911985397e-02
-1.205731835216283798e-02
-2.200050652027130127e-02
-3.717205300927162170e-02
1.597524434328079224e-02
-6.251861900091171265e-02
1.596337370574474335e-02
1.164259091019630432e-01
4.565281793475151062e-03
-4.437283799052238464e-02
-9.495715796947479248e-02
1.686348207294940948e-02
6.325677782297134399e-02
-4.174367710947990417e-02
5.490143969655036926e-02
-5.555082485079765320e-02
-5.184924975037574768e-02
-8.707039803266525269e-02
-4.834589734673500061e-02
-6.813474744558334351e-02
-5.077986419200897217e-02
2.806798554956912994e-02
2.112146839499473572e-02
-8.113943785429000854e-02
7.613274455070495605e-02
-5.114674195647239685e-02
5.911339819431304932e-02
1.486228965222835541e-02
1.008957531303167343e-02
-2.826477587223052979e-02
6.265514530241489410e-03
-1.739083044230937958e-02
5.624366458505392075e-03
4.451449494808912277e-03
-4.436291754245758057e-02
7.358846068382263184e-02
-2.010700479149818420e-02
-3.446504846215248108e-02
1.487516518682241440e-02
-3.053016215562820435e-02
1.052090059965848923e-02
2.460215426981449127e-02
6.162269040942192078e-03
5.372870713472366333e-02
-3.192766755819320679e-02
-2.618476003408432007e-02
-3.090362437069416046e-02
-1.816751551814377308e-03
-4.367809370160102844e-02
4.367677494883537292e-02
3.064700774848461151e-02
-7.469449192285537720e-02
1.084108203649520874e-01
4.218407906591892242e-03
-8.397145569324493408e-02
-3.295652195811271667e-02
3.428942337632179260e-02
2.223615162074565887e-02
-4.481853172183036804e-02
-4.367420449852943420e-02
-4.705137014389038086e-02
-6.232123821973800659e-02
-1.486177369952201843e-02
4.215271398425102234e-02
-2.751985099166631699e-03
-1.698659546673297882e-02
-1.225241343490779400e-03
-1.390923000872135162e-02
2.102507092058658600e-02
2.505133394151926041e-03
-1.532586291432380676e-03
-1.802103780210018158e-02
-3.882058197632431984e-03
-3.854468092322349548e-02
-2.498571993783116341e-03
-1.207930129021406174e-02
5.280599370598793030e-02
6.789434701204299927e-02
-2.641426026821136475e-02
-1.974948309361934662e-02
-2.714085159823298454e-03
2.013657987117767334e-02
1.400433573871850967e-02
-2.607876434922218323e-02
5.656845122575759888e-02
8.321644738316535950e-03
-2.293926477432250977e-02
-3.415767475962638855e-02
-4.207565449178218842e-03
-7.485013455152511597e-02
-1.534905750304460526e-02
1.991538738366216421e-04
-6.022208929061889648e-02
-2.134728059172630310e-02
-3.370433673262596130e-02
1.452352013438940048e-02
6.640663743019104004e-02
3.850106149911880493e-02
-1.033933646976947784e-02
-4.875281453132629395e-02
2.542551048099994659e-02
-4.063521511852741241e-03
-9.236416220664978027e-02
-1.101697981357574463e-01
2.460811845958232880e-02
1.272083166986703873e-02
-2.711111493408679962e-02
-9.374710731208324432e-03
9.281182289123535156e-02
2.503674291074275970e-02
2.806820557452738285e-04
-1.450646668672561646e-02
-4.377380758523941040e-02
1.389957219362258911e-01
5.440153181552886963e-02
1.594288647174835205e-02
-1.235193014144897461e-02
1.074332930147647858e-02
2.299179090186953545e-03
5.143661424517631531e-02
-2.360060624778270721e-02
4.261781927198171616e-03
2.151713147759437561e-02
1.741817593574523926e-02
-6.345748156309127808e-02
1.105350349098443985e-02
6.248516589403152466e-02
4.021833091974258423e-02
1.897561363875865936e-02
7.458706945180892944e-02
-1.414503250271081924e-02
-1.280834153294563293e-02
3.823539614677429199e-02
1.441956218332052231e-02
-2.200598642230033875e-02
-4.886251315474510193e-02
1.499227993190288544e-02
-6.917563825845718384e-02
2.249909564852714539e-02
1.347556523978710175e-02
-1.600633934140205383e-02
-1.088624447584152222e-02
-3.547740355134010315e-02
-3.417386859655380249e-02
5.262286961078643799e-02
-2.263362146914005280e-02
3.736215829849243164e-02
3.912225738167762756e-02
7.404082268476486206e-02
-2.962785959243774414e-02
7.999917492270469666e-03
-7.700532209128141403e-03
4.842422902584075928e-02
-4.725147783756256104e-02
-9.660740196704864502e-02
1.644575409591197968e-02
8.361576125025749207e-03
-9.958432056009769440e-03
6.157517433166503906e-02
5.295471101999282837e-02
3.372541069984436035e-02
6.032820791006088257e-02
2.418783260509371758e-04
-1.536668394692242146e-03
3.775465488433837891e-02
-9.539562277495861053e-03
-2.197783626616001129e-02
3.545003756880760193e-02
6.160740181803703308e-02
4.029527306556701660e-03
3.887996077537536621e-02
-3.092231054324656725e-04
1.123202145099639893e-01
-2.461386378854513168e-03
-8.651376515626907349e-02
1.033968944102525711e-02
-6.765342503786087036e-02
-4.038037266582250595e-03
5.338803306221961975e-02
-5.201074108481407166e-02
-4.102986771613359451e-03
4.779011383652687073e-02
-2.084493264555931091e-02
-7.032327819615602493e-03
-1.049688644707202911e-02
6.318674236536026001e-02
1.063385745510458946e-03
-7.411157339811325073e-02
-5.242753773927688599e-02
-6.146680191159248352e-02
-4.497067630290985107e-02
-5.003707949072122574e-03
-2.791892178356647491e-02
-3.222230821847915649e-02
-4.496921598911285400e-02
2.176214195787906647e-02
-1.179482974112033844e-02
-6.351882964372634888e-02
3.343497589230537415e-02
6.414061039686203003e-02
-3.663330338895320892e-03
-5.690827383659780025e-04
-1.478444878011941910e-02
3.874648362398147583e-02
3.762058168649673462e-02
-3.199777752161026001e-02
9.700510650873184204e-02
-3.614888712763786316e-02
-6.639271974563598633e-02
7.265660911798477173e-02
3.826243430376052856e-02
-2.875647507607936859e-02
-7.699915673583745956e-03
5.187645554542541504e-02
1.888266578316688538e-02
1.223690155893564224e-02
1.142427511513233185e-02
4.084837809205055237e-02
4.088583961129188538e-02
1.060294546186923981e-02
-1.796022430062294006e-02
6.835473328828811646e-02
3.102603368461132050e-02
-5.225282907485961914e-02
-2.487604878842830658e-02
1.228125300258398056e-02
-3.732000291347503662e-02
7.414148002862930298e-02
-9.642659686505794525e-03
3.156107617542147636e-03
6.782642565667629242e-03
-5.070481449365615845e-02
3.280611336231231689e-02
-3.026316501200199127e-02
3.262734785676002502e-02
-3.046366944909095764e-02
2.912148088216781616e-02
4.431536048650741577e-02
1.687948219478130341e-02
-4.614469408988952637e-02
-5.197886377573013306e-02
1.770324259996414185e-02
-7.667756080627441406e-02
3.745332732796669006e-02
-4.163812100887298584e-02
6.577185541391372681e-02
3.146926686167716980e-02
7.641697674989700317e-02
-9.238605946302413940e-02
6.298433244228363037e-02
-5.809232220053672791e-02
3.711379691958427429e-02
1.450240891426801682e-02
2.247352711856365204e-02
7.344457507133483887e-02
-2.519567729905247688e-03
-3.107850626111030579e-02
-7.366205006837844849e-02
-3.381459787487983704e-02
1.104901731014251709e-02
-3.736363723874092102e-02
-8.000532537698745728e-02
-3.396009653806686401e-02
-3.575113415718078613e-02
4.913035314530134201e-03
-2.524030767381191254e-02
4.828914627432823181e-02
-6.160283461213111877e-02
-4.836975410580635071e-02
-6.947047263383865356e-02
7.367826998233795166e-02
-3.242402896285057068e-02
-4.917480400763452053e-04
-6.833285838365554810e-02
2.627537352964282036e-03
-2.357498370110988617e-02
1.069309096783399582e-02
-2.659934572875499725e-02
1.825551316142082214e-02
-3.351330384612083435e-02
-9.883456863462924957e-03
-2.229315415024757385e-02
-5.873726308345794678e-02
-1.605218090116977692e-02
-2.306554699316620827e-03
-7.821599720045924187e-04
-1.292949775233864784e-03
2.950406447052955627e-02
5.118065327405929565e-02
1.526694837957620621e-02
1.028875112533569336e-01
-3.060151822865009308e-03
-4.049129784107208252e-02
6.409549713134765625e-02
-4.894541576504707336e-02
1.207583933137357235e-03
-8.403260260820388794e-03
-9.235101938247680664e-02
3.135417774319648743e-02
1.710505969822406769e-02
3.424391895532608032e-02
2.616829425096511841e-02
6.826919317245483398e-02
-1.536626555025577545e-02
-1.763394288718700409e-02
-2.989069372415542603e-02
1.844554208219051361e-02
-4.286081716418266296e-02
-5.600363016128540039e-03
-7.715915888547897339e-02
-2.474163845181465149e-02
8.735269308090209961e-02
1.104062870144844055e-01
-1.608944498002529144e-02
-2.787412516772747040e-02
-7.529067248106002808e-02
3.687335876747965813e-03
-1.982403732836246490e-02
-4.438133910298347473e-03
-1.703884638845920563e-02
-7.605912536382675171e-02
