3.817068040370941162e-02
-6.653175223618745804e-03
5.330887064337730408e-02
7.353669963777065277e-03
5.501498468220233917e-03
-2.447814680635929108e-02
7.226543035358190536e-03
2.727818675339221954e-02
-1.983004808425903320e-02
-3.315369132906198502e-03
1.097946055233478546e-02
-1.164341531693935394e-02
-6.685555912554264069e-03
1.187393534928560257e-02
1.474907901138067245e-02
-3.542303456924855709e-04
1.800860464572906494e-02
-2.127541042864322662e-02
-3.488460183143615723e-02
5.116772651672363281e-02
2.985595492646098137e-03
9.463094919919967651e-02
-6.711583584547042847e-02
-1.381221786141395569e-02
-3.499159822240471840e-03
1.400023698806762695e-02
3.432429954409599304e-02
-3.406176716089248657e-02
-2.252733334898948669e-03
1.217223121784627438e-03
-1.165387779474258423e-01
2.222399599850177765e-02
2.163903973996639252e-02
1.462417561560869217e-02
2.181778103113174438e-02
1.990786753594875336e-02
-5.192502867430448532e-03
-4.450345877557992935e-03
-2.351741306483745575e-03
-5.934212729334831238e-02
1.726077869534492493e-02
-1.341726514510810375e-03
5.536128953099250793e-02
3.050972009077668190e-03
1.236299402080476284e-03
2.339388243854045868e-02
1.321923453360795975e-02
2.347869426012039185e-02
8.178633637726306915e-03
1.514405105262994766e-02
1.935997977852821350e-02
-7.558134943246841431e-02
-1.901786708913277835e-05
-7.689006160944700241e-03
-1.569869183003902435e-02
-2.123716473579406738e-02
-1.348573900759220123e-02
1.443242002278566360e-02
4.525922536849975586e-01
-5.505917221307754517e-02
-1.897529140114784241e-02
9.895244613289833069e-03
2.447551861405372620e-02
-7.176937907934188843e-02
-3.368511097505688667e-03
7.756592333316802979e-02
-3.623813763260841370e-02
-3.170859534293413162e-03
-3.442936390638351440e-02
2.759955823421478271e-02
1.479281764477491379e-02
8.379206061363220215e-03
-1.602591015398502350e-02
1.041920622810721397e-03
4.190810769796371460e-02
1.082671433687210083e-02
2.830757526680827141e-03
3.426516801118850708e-02
1.348458975553512573e-02
3.659941139630973339e-04
-1.343670580536127090e-02
-3.592973109334707260e-03
-6.291355937719345093e-03
-7.887893356382846832e-03
5.474198982119560242e-02
-1.690154150128364563e-02
1.463779807090759277e-02
1.864653080701828003e-02
8.578106760978698730e-03
-7.837943267077207565e-04
8.609737269580364227e-03
5.369550734758377075e-02
-4.255988448858261108e-02
3.160972148180007935e-02
6.661553401499986649e-03
-1.529209595173597336e-02
-1.395190879702568054e-02
-1.967653818428516388e-02
-4.118030518293380737e-02
-9.152295067906379700e-03
3.840792924165725708e-03
4.174863919615745544e-02
1.324191037565469742e-02
2.708268119022250175e-03
-5.833864212036132812e-03
-2.432495588436722755e-03
-7.709303405135869980e-03
-1.139994058758020401e-02
2.058834582567214966e-02
-2.137891249731183052e-03
1.318827364593744278e-02
2.338856086134910583e-02
-2.958445623517036438e-02
1.180703169666230679e-03
-3.260355070233345032e-02
1.157136168330907822e-02
-4.016255214810371399e-02
-2.448026323691010475e-03
3.332270681858062744e-02
1.821395475417375565e-03
-4.199198156129568815e-04
9.212332777678966522e-03
-1.549431309103965759e-02
-1.698292419314384460e-02
3.066396526992321014e-02
8.347022347152233124e-03
-2.129741571843624115e-02
-6.504081189632415771e-03
-1.005646027624607086e-02
1.226974576711654663e-01
6.763555109500885010e-03
5.237347446382045746e-03
-1.938826777040958405e-02
-8.300266228616237640e-03
4.644841700792312622e-02
-1.838075742125511169e-02
-2.419083938002586365e-02
3.783536702394485474e-02
-6.705592572689056396e-02
-2.232332713901996613e-02
-7.502149045467376709e-02
-2.407446736469864845e-03
-3.085033502429723740e-03
-3.417766466736793518e-02
-2.412468893453478813e-03
-3.983089327812194824e-02
3.876029048115015030e-03
-1.798828365281224251e-03
-2.199309132993221283e-02
-1.078150421380996704e-02
-9.044730104506015778e-03
9.939923882484436035e-03
-4.334205389022827148e-02
-3.305193036794662476e-03
-1.178782805800437927e-02
1.412091776728630066e-03
-2.007246389985084534e-02
1.483276113867759705e-02
-2.177311480045318604e-02
1.977462554350495338e-03
-1.245425082743167877e-02
-5.059969052672386169e-02
-1.253349706530570984e-02
-5.953565239906311035e-03
2.456016838550567627e-02
6.316918879747390747e-02
-2.699818275868892670e-02
-8.209801279008388519e-03
1.765670813620090485e-02
1.326571311801671982e-02
-3.382571507245302200e-03
1.012267195619642735e-03
1.196492183953523636e-02
-2.985811419785022736e-02
2.488532848656177521e-02
1.675195619463920593e-02
-1.706580631434917450e-02
1.118092518299818039e-02
-1.045470759272575378e-01
1.739620044827461243e-02
-5.885045975446701050e-04
-1.209259964525699615e-02
1.942686364054679871e-02
1.189126912504434586e-02
-9.667296893894672394e-03
-6.404891610145568848e-02
-1.058599799871444702e-01
-2.157797571271657944e-03
-1.087769400328397751e-02
4.521764069795608521e-02
9.582622349262237549e-02
-8.540425915271043777e-05
5.489838076755404472e-04
-1.493023522198200226e-02
2.503662556409835815e-02
3.147979453206062317e-02
1.095211505889892578e-01
1.353952381759881973e-02
-4.549498483538627625e-02
-2.446109801530838013e-02
-2.209936082363128662e-02
2.010356821119785309e-02
4.546786844730377197e-02
-1.547844614833593369e-02
1.192766707390546799e-03
1.981884008273482323e-03
7.952037267386913300e-03
3.928601276129484177e-03
-8.131981012411415577e-04
-5.225415900349617004e-02
-1.320580765604972839e-02
-2.186285518109798431e-02
1.538031734526157379e-02
1.346761011518537998e-03
3.315638005733489990e-02
5.779518932104110718e-02
-9.301270358264446259e-03
1.218585297465324402e-02
-1.375847263261675835e-03
-1.067977212369441986e-02
-9.376510977745056152e-03
-7.421268820762634277e-01
8.045380935072898865e-03
1.658372208476066589e-02
2.031554095447063446e-02
1.532494835555553436e-02
-1.065684761852025986e-02
-2.712826943024992943e-03
2.295995503664016724e-02
2.318625804036855698e-03
-5.705042742192745209e-03
-7.142106443643569946e-02
5.809590220451354980e-02
-1.619259454309940338e-02
1.631660759449005127e-02
-3.286106884479522705e-02
-7.738303858786821365e-03
-8.949396200478076935e-03
-5.256640724837779999e-03
-6.216520443558692932e-03
1.616829261183738708e-02
9.292460046708583832e-03
4.847570136189460754e-02
1.779475063085556030e-02
-1.536888722330331802e-02
1.277409121394157410e-02
-2.515379153192043304e-02
4.972565546631813049e-02
-1.066148746758699417e-02
-6.901099532842636108e-02
-9.428973309695720673e-03
-1.461816020309925079e-02
1.558834686875343323e-02
-6.861262023448944092e-03
-1.254697516560554504e-02
-1.522465236485004425e-02
7.605939358472824097e-02
-1.275736987590789795e-01
-4.042826965451240540e-02
1.783748902380466461e-02
6.534955650568008423e-02
7.112073898315429688e-02
6.154866144061088562e-02
-8.032786846160888672e-02
2.209424600005149841e-02
-4.335445910692214966e-02
2.347379922866821289e-01
5.500931292772293091e-02
5.695490911602973938e-02
-1.009940579533576965e-01
-1.350408652797341347e-03
3.885548561811447144e-02
1.071653068065643311e-01
8.586393296718597412e-02
-3.084622882306575775e-02
4.997992143034934998e-02
-2.775938808917999268e-02
-5.856445059180259705e-02
-4.414847493171691895e-02
1.490943133831024170e-01
-1.501858327537775040e-02
-3.474915027618408203e-02
6.772903352975845337e-02
-3.277007490396499634e-02
-7.867085933685302734e-02
1.112680323421955109e-02
2.356174141168594360e-01
9.776788763701915741e-03
-4.733658581972122192e-02
-5.019143968820571899e-02
1.716003566980361938e-01
-4.885747283697128296e-02
4.781649634242057800e-02
1.431082040071487427e-01
-1.067738048732280731e-02
-2.615303173661231995e-02
-1.689907610416412354e-01
-1.635293848812580109e-02
-4.293066263198852539e-02
-1.496626064181327820e-02
1.526506692171096802e-01
7.932652719318866730e-03
7.121372222900390625e-01
-7.421699166297912598e-02
-1.692124526016414165e-03
-1.655339002609252930e-01
1.398205310106277466e-01
1.064116507768630981e-01
7.221287488937377930e-02
6.759185343980789185e-02
2.537590917199850082e-03
-4.346992075443267822e-02
2.196635305881500244e-01
4.339957609772682190e-03
-4.653321951627731323e-02
-7.695376127958297729e-02
-5.426939204335212708e-02
-5.546427890658378601e-02
2.183256857097148895e-02
-3.724509477615356445e-02
-7.157696038484573364e-02
1.252466719597578049e-02
-2.812190912663936615e-02
2.282356657087802887e-02
1.630445756018161774e-02
2.266104519367218018e-02
-3.412796184420585632e-02
-3.139609098434448242e-02
6.837204843759536743e-02
5.754989385604858398e-02
-9.543800354003906250e-02
-4.541443660855293274e-02
2.929311245679855347e-02
3.312318585813045502e-03
-5.810347199440002441e-02
-6.924015469849109650e-03
6.700290739536285400e-02
2.180520817637443542e-02
-3.814979642629623413e-02
-1.153970882296562195e-02
3.545677289366722107e-03
-1.565811224281787872e-02
4.029329121112823486e-02
3.001832775771617889e-02
2.196497656404972076e-02
-9.062549471855163574e-02
3.944718837738037109e-02
3.215391933917999268e-02
-1.544867549091577530e-02
5.690817907452583313e-02
-3.029833547770977020e-02
-2.475187741219997406e-02
-1.960042677819728851e-02
1.094566211104393005e-01
-3.310298919677734375e-02
2.562759444117546082e-02
1.045952178537845612e-02
3.876429051160812378e-02
4.433193802833557129e-02
-5.258278921246528625e-03
-4.189121536910533905e-03
-6.840847898274660110e-03
7.308226078748703003e-02
4.216162860393524170e-02
-2.390759624540805817e-02
3.736475482583045959e-03
-3.971820697188377380e-02
3.226074203848838806e-02
5.273973569273948669e-02
-2.545220544561743736e-03
2.824951661750674248e-03
-2.216396108269691467e-02
3.450150415301322937e-02
7.378897164016962051e-03
7.863748818635940552e-03
1.421854272484779358e-02
-5.133339390158653259e-02
-7.575424388051033020e-03
3.315066546201705933e-02
-1.310264039784669876e-02
-1.804180257022380829e-02
-7.511804252862930298e-02
-1.861478947103023529e-02
-2.554049715399742126e-02
6.057656183838844299e-02
-6.383101642131805420e-02
-4.940424114465713501e-02
-4.200185649096965790e-03
-4.327895119786262512e-03
-1.212804578244686127e-02
1.974762044847011566e-02
4.078561067581176758e-02
9.004919230937957764e-02
1.672998443245887756e-02
-4.902019351720809937e-02
5.395654216408729553e-02
5.846505984663963318e-02
9.930389374494552612e-02
-9.392599016427993774e-02
-3.348324447870254517e-02
2.321858517825603485e-02
-9.758131578564643860e-03
-9.602378308773040771e-02
-1.446731737814843655e-03
5.850787088274955750e-02
3.103724867105484009e-02
3.087815642356872559e-02
4.158638417720794678e-02
9.852151572704315186e-02
8.811870589852333069e-03
2.925429120659828186e-02
5.386313050985336304e-02
2.611542493104934692e-02
7.979731261730194092e-02
-1.629624515771865845e-02
4.488006979227066040e-02
-2.385991159826517105e-03
-4.264685139060020447e-02
-5.193386599421501160e-02
-4.625776037573814392e-02
3.057359717786312103e-04
-3.124351985752582550e-02
1.160906255245208740e-01
-8.507619611918926239e-03
-1.360512431710958481e-02
-3.412103280425071716e-02
1.489654928445816040e-02
2.483606897294521332e-02
2.363833785057067871e-02
4.073790833353996277e-02
2.114374563097953796e-02
-7.878717035055160522e-03
-4.115253686904907227e-03
-3.121456829831004143e-03
1.315626222640275955e-02
1.353828143328428268e-02
1.885542646050453186e-02
7.556497305631637573e-02
6.996036320924758911e-02
-3.125612810254096985e-02
2.676800265908241272e-02
8.890911005437374115e-03
-6.740677636116743088e-03
-1.002112682908773422e-02
4.090758413076400757e-02
8.640416711568832397e-02
-1.153060887008905411e-02
-9.241097420454025269e-02
-8.453658781945705414e-03
5.912970378994941711e-02
3.779651597142219543e-02
-1.809298060834407806e-02
3.430989012122154236e-02
-1.812236499972641468e-03
5.017124488949775696e-02
4.934777971357107162e-03
4.872234538197517395e-02
2.050872147083282471e-02
-2.132502151653170586e-03
-2.967869862914085388e-02
4.793764650821685791e-02
-1.713166944682598114e-02
-5.077396705746650696e-02
-3.704512026160955429e-03
2.862429246306419373e-02
6.118310987949371338e-02
2.887324988842010498e-02
-5.074360594153404236e-02
-1.493782922625541687e-02
-4.726711660623550415e-02
-1.263103261590003967e-02
3.661082312464714050e-02
6.716646254062652588e-03
-5.058088339865207672e-03
-4.427377134561538696e-02
-7.221888285130262375e-03
3.730442747473716736e-02
2.587035112082958221e-02
3.957664966583251953e-02
-3.383829444646835327e-02
-4.339714720845222473e-02
1.014648750424385071e-01
-3.697898238897323608e-02
4.772982746362686157e-02
-3.008617088198661804e-02
-1.777984015643596649e-02
-4.279339313507080078e-02
-1.868728175759315491e-02
6.518531590700149536e-03
-7.179314736276865005e-03
3.202470019459724426e-02
-2.016450837254524231e-02
2.390156686305999756e-02
1.002988894470036030e-03
-3.019393607974052429e-02
-2.204705215990543365e-02
-3.481787815690040588e-02
6.521870940923690796e-02
-3.051109798252582550e-02
-3.628295287489891052e-02
1.019113138318061829e-01
-9.659678488969802856e-02
-6.872719526290893555e-02
2.724567055702209473e-02
2.784722484648227692e-02
-3.641072288155555725e-02
5.727459210902452469e-03
-6.276830099523067474e-03
2.345285192131996155e-02
-5.194665398448705673e-03
-4.567871335893869400e-03
2.502140589058399200e-02
-5.042449757456779480e-02
-5.061511322855949402e-02
-7.624146342277526855e-02
-9.569206275045871735e-03
-2.338114008307456970e-02
2.092392370104789734e-02
1.212764158844947815e-01
2.166536403819918633e-03
-4.047194123268127441e-02
-7.767878472805023193e-02
8.020028471946716309e-03
8.376245200634002686e-02
-3.431596606969833374e-02
6.568562984466552734e-02
-8.449266105890274048e-02
-1.618915237486362457e-02
-1.085600405931472778e-01
-3.171329572796821594e-02
-7.463639229536056519e-02
-3.356699272990226746e-02
2.504233457148075104e-02
3.220870345830917358e-02
-9.295261651277542114e-02
4.443619027733802795e-02
-6.551058590412139893e-02
5.571987107396125793e-02
5.175685510039329529e-04
3.567149490118026733e-02
-5.433660000562667847e-03
-1.453007757663726807e-02
-4.036364331841468811e-02
2.317143417894840240e-02
-2.519362233579158783e-02
-1.712639443576335907e-02
1.167341992259025574e-01
-3.377746418118476868e-02
-1.915265433490276337e-02
2.160656452178955078e-02
-2.445688098669052124e-02
1.629672013223171234e-02
6.962356157600879669e-03
2.829617355018854141e-03
5.169576033949851990e-02
6.295827683061361313e-03
-1.653825864195823669e-02
-1.814011111855506897e-02
-1.280408259481191635e-02
-7.259510457515716553e-02
1.646609231829643250e-02
-2.747663669288158417e-02
-6.124111264944076538e-02
1.329507678747177124e-01
-1.000338234007358551e-02
-7.361989468336105347e-02
-3.188552707433700562e-02
5.018879473209381104e-02
-1.302707754075527191e-02
-6.487310677766799927e-02
-1.094827279448509216e-01
-2.752714604139328003e-02
-4.070053994655609131e-02
-1.438792608678340912e-02
1.736775413155555725e-02
2.079786732792854309e-03
-1.768514327704906464e-02
6.087393686175346375e-02
-3.246848657727241516e-02
4.168545082211494446e-02
4.153046011924743652e-02
1.505960803478956223e-02
-2.822396345436573029e-02
-4.185711499303579330e-03
1.334820059128105640e-03
-1.459975540637969971e-02
7.706130389124155045e-03
2.636128664016723633e-02
8.167371898889541626e-02
-4.954474791884422302e-02
2.714811824262142181e-03
-8.533007465302944183e-03
1.597057282924652100e-02
3.503395617008209229e-02
-1.958292163908481598e-02
8.285322040319442749e-02
2.274785190820693970e-02
3.720717504620552063e-02
-1.922663673758506775e-02
-1.520265918225049973e-02
-8.879929035902023315e-02
1.209618523716926575e-02
8.018204942345619202e-03
-1.087916269898414612e-02
-1.683945022523403168e-02
-3.741339221596717834e-02
4.849323630332946777e-02
5.595715343952178955e-02
1.835663989186286926e-02
1.297461800277233124e-02
-2.524843253195285797e-02
2.042046189308166504e-02
-7.830359041690826416e-03
-6.736974418163299561e-02
-5.692228674888610840e-02
1.889349333941936493e-02
1.801295019686222076e-02
2.621995285153388977e-02
-1.061056833714246750e-02
8.044206351041793823e-02
1.784106367267668247e-03
-1.524813473224639893e-02
-5.250153131783008575e-03
8.560495451092720032e-03
1.427250802516937256e-01
4.545608162879943848e-02
3.974070399999618530e-02
-4.547904431819915771e-02
1.121507026255130768e-02
1.885573938488960266e-02
4.916197806596755981e-02
-5.866774171590805054e-02
2.717758342623710632e-02
-6.954020354896783829e-03
6.834829598665237427e-02
-6.644870340824127197e-02
1.450037583708763123e-02
7.159291207790374756e-02
6.615202128887176514e-02
1.932361535727977753e-02
6.602744758129119873e-02
-1.816915906965732574e-02
-3.102537803351879120e-02
1.176028978079557419e-02
-1.210916880518198013e-02
-1.238478813320398331e-02
-9.198074787855148315e-02
-3.613251028582453728e-03
-1.022588238120079041e-01
2.556542120873928070e-02
1.829934678971767426e-02
-3.590453788638114929e-02
-4.886045586317777634e-03
-9.440613794140517712e-04
-4.320325329899787903e-02
-3.833868773654103279e-03
-2.776495367288589478e-02
1.082904171198606491e-02
-2.357834018766880035e-02
2.209581434726715088e-02
-1.501360815018415451e-02
1.273923926055431366e-02
-8.252874016761779785e-03
5.903641134500503540e-02
-6.393128633499145508e-02
-9.042375534772872925e-02
5.627969652414321899e-02
-2.695794589817523956e-02
2.516962820664048195e-03
5.542390048503875732e-02
6.453523784875869751e-02
4.497967287898063660e-02
3.361219540238380432e-02
-3.642188152298331261e-03
-1.804648665711283684e-03
1.924973540008068085e-02
1.683115214109420776e-02
-1.410296279937028885e-02
3.642175719141960144e-02
2.576242014765739441e-02
1.525851991027593613e-02
4.778942838311195374e-02
-1.532757654786109924e-02
7.548554241657257080e-02
2.102338336408138275e-02
-8.908793330192565918e-02
-4.157715290784835815e-02
-4.843273386359214783e-02
-5.888318642973899841e-03
9.784878790378570557e-02
-2.381714805960655212e-02
-2.749473229050636292e-02
7.173325121402740479e-02
-4.499823786318302155e-03
-3.043591417372226715e-02
3.512904047966003418e-02
6.254039704799652100e-02
-1.237118616700172424e-02
-5.269819870591163635e-02
-4.444943368434906006e-02
-8.626338839530944824e-02
-2.308365888893604279e-02
9.294783696532249451e-03
-4.886410385370254517e-02
-7.159562408924102783e-02
-8.687230758368968964e-03
1.662098616361618042e-02
1.246032863855361938e-02
-5.820028856396675110e-02
2.618971467018127441e-02
-1.613409630954265594e-02
-4.383268579840660095e-02
-4.649350419640541077e-03
1.824793173000216484e-03
4.611796513199806213e-02
1.038585323840379715e-02
-3.882489725947380066e-02
8.240855485200881958e-02
-5.400531738996505737e-02
-4.342577606439590454e-02
7.781953364610671997e-02
1.095316931605339050e-02
-6.984890438616275787e-03
-9.788991883397102356e-03
1.092645060271024704e-02
2.182860299944877625e-02
-1.021503750234842300e-02
5.130969360470771790e-02
3.501041606068611145e-02
6.006551906466484070e-02
6.003934890031814575e-02
3.104397794231772423e-03
-1.145335147157311440e-03
-1.168986503034830093e-02
-4.505139216780662537e-02
-2.622977085411548615e-02
-2.118284441530704498e-02
-1.506710052490234375e-02
6.175080314278602600e-02
-2.521629817783832550e-02
-2.517245942726731300e-03
3.720170119777321815e-03
-6.899410858750343323e-03
3.304143995046615601e-02
-1.397875137627124786e-02
5.471038073301315308e-02
-7.817583531141281128e-02
-6.302804686129093170e-03
1.013254164718091488e-03
-5.041086114943027496e-03
-5.127742514014244080e-02
-1.912951841950416565e-02
5.484135821461677551e-03
4.208242055028676987e-03
5.520683526992797852e-02
-3.588810563087463379e-02
8.136715739965438843e-02
5.067731253802776337e-03
2.125556021928787231e-02
-9.777639806270599365e-02
-1.087765558622777462e-03
-6.834435462951660156e-02
2.706261584535241127e-03
-1.957562007009983063e-02
4.240345954895019531e-02
3.511904180049896240e-02
-2.127894200384616852e-02
-4.636776074767112732e-02
-8.508343249559402466e-02
-3.711690753698348999e-02
-7.373396656475961208e-04
-2.473516948521137238e-02
-4.779412224888801575e-02
-4.318491742014884949e-02
-5.771965906023979187e-02
-5.571935791522264481e-03
-6.852623075246810913e-03
-9.151293896138668060e-03
-2.652704715728759766e-02
-8.287943899631500244e-02
-2.292891964316368103e-02
9.987294673919677734e-02
-2.351915650069713593e-02
3.975156694650650024e-02
-7.933145016431808472e-02
-2.434118278324604034e-02
2.725207805633544922e-02
7.524681743234395981e-03
-3.485190495848655701e-02
3.443297371268272400e-02
-2.000996656715869904e-02
-2.721658349037170410e-02
-5.080639570951461792e-02
-4.464167356491088867e-02
-4.407487343996763229e-03
3.068914823234081268e-02
1.367819868028163910e-02
-3.111297264695167542e-02
3.457204625010490417e-02
6.912028044462203979e-02
3.409152850508689880e-03
5.746449530124664307e-02
2.046036301180720329e-03
-2.847904898226261139e-02
7.293619215488433838e-02
-3.519774973392486572e-02
6.268786266446113586e-03
-1.499882061034440994e-02
-6.964222341775894165e-02
4.315267130732536316e-02
-2.793139405548572540e-02
2.208548039197921753e-02
5.290084704756736755e-02
9.597618132829666138e-02
-1.006698049604892731e-02
-5.523076280951499939e-02
-1.211664266884326935e-02
-1.236090436577796936e-02
-7.582000456750392914e-03
1.142743509262800217e-02
-1.084929481148719788e-01
-4.135477915406227112e-02
8.440756797790527344e-02
1.049548313021659851e-01
1.033819280564785004e-03
-7.764025032520294189e-02
-7.256554067134857178e-02
-1.995876245200634003e-02
-4.930660501122474670e-02
1.873565278947353363e-02
1.512923371046781540e-02
-3.901580721139907837e-02
