5.750723183155059814e-02
2.296674810349941254e-02
4.731672257184982300e-02
-6.966698914766311646e-03
9.219707921147346497e-03
-2.833294868469238281e-02
1.126106735318899155e-02
7.695495616644620895e-03
-6.094909459352493286e-02
-1.027085352689027786e-02
-2.630260307341814041e-03
-4.772951826453208923e-03
-1.331269182264804840e-02
1.285583246499300003e-02
1.591567136347293854e-02
-2.659222809597849846e-03
2.729780506342649460e-03
-1.858621835708618164e-02
1.771991606801748276e-03
3.563908487558364868e-02
-1.341715338639914989e-03
7.100296020507812500e-02
-4.528112336993217468e-02
1.924649439752101898e-02
9.789925068616867065e-03
-1.020830404013395309e-02
3.852070495486259460e-02
-3.083181753754615784e-02
-5.411751568317413330e-03
7.673430256545543671e-03
-2.417722903192043304e-02
1.832621917128562927e-02
6.693602073937654495e-03
2.984208427369594574e-02
1.538163796067237854e-02
-2.480209060013294220e-02
3.517014672979712486e-03
-3.217331133782863617e-03
6.656231358647346497e-03
1.017188094556331635e-02
2.672127913683652878e-03
6.021477282047271729e-03
3.178375586867332458e-02
3.188173100352287292e-02
-1.048682443797588348e-02
1.516611687839031219e-02
1.817650906741619110e-02
2.296548150479793549e-02
4.243079107254743576e-03
2.453919500112533569e-03
-4.610115662217140198e-03
-9.581102430820465088e-02
5.390822887420654297e-02
-1.090401783585548401e-03
4.492870531976222992e-03
-1.164040341973304749e-02
-2.683643624186515808e-02
1.094316691160202026e-02
4.903613328933715820e-01
-5.357861146330833435e-02
2.191628096625208855e-03
-7.102068979293107986e-03
3.293791785836219788e-02
-6.829252094030380249e-02
-1.878301426768302917e-02
8.284930884838104248e-02
-4.275204241275787354e-02
-2.626114292070269585e-03
-5.952141433954238892e-02
2.864020131528377533e-02
6.364593282341957092e-03
3.030025167390704155e-03
-1.794405281543731689e-02
5.356133915483951569e-03
1.583384908735752106e-02
1.891434006392955780e-02
3.960482310503721237e-03
-1.218978432007133961e-03
5.037716589868068695e-03
4.162200540304183960e-02
-1.344294100999832153e-02
5.767227848991751671e-04
3.624906297773122787e-03
1.713816076517105103e-02
4.172961786389350891e-02
-1.127091702073812485e-02
1.846877112984657288e-02
1.072624884545803070e-02
1.886266400106251240e-03
-1.029583159834146500e-03
7.583657745271921158e-03
6.178512051701545715e-02
-6.093698367476463318e-02
2.197040989995002747e-02
9.029220789670944214e-03
-2.509344927966594696e-02
-1.304662134498357773e-02
1.298753172159194946e-02
-1.591601781547069550e-02
-1.721588894724845886e-02
1.593714579939842224e-02
4.633423686027526855e-02
1.765274442732334137e-02
-1.495422981679439545e-02
-5.282307509332895279e-03
3.461074549704790115e-03
3.399848937988281250e-02
-2.084348909556865692e-02
4.537032917141914368e-03
9.611658751964569092e-03
-3.392621409147977829e-03
1.276719942688941956e-02
-6.574900355190038681e-03
-6.362286512739956379e-04
-2.074274420738220215e-02
2.315398119390010834e-02
-6.470901519060134888e-02
1.273543108254671097e-02
2.264750190079212189e-02
2.375904703512787819e-03
-8.698749355971813202e-03
-3.641810908447951078e-04
-6.572340149432420731e-03
-1.637154445052146912e-02
4.202706739306449890e-02
-9.564716368913650513e-03
-2.499716170132160187e-02
-1.447987090796232224e-02
-5.750291049480438232e-03
8.466467261314392090e-02
3.566516563296318054e-02
9.723149240016937256e-03
-2.095232345163822174e-02
-1.112750265747308731e-02
1.409502420574426651e-02
-1.298449281603097916e-02
3.005873039364814758e-02
2.711928635835647583e-02
-5.282133072614669800e-02
-1.955462992191314697e-02
-3.310826048254966736e-02
5.357719026505947113e-03
3.290522610768675804e-03
-3.323393315076828003e-02
-5.589305423200130463e-03
1.681809686124324799e-02
1.878763549029827118e-02
-1.654548104852437973e-03
-2.429420361295342445e-03
1.700898981653153896e-03
-2.089414373040199280e-02
4.882782232016324997e-03
-3.437944501638412476e-02
3.844346106052398682e-02
-7.545461412519216537e-03
3.132574958726763725e-03
-2.245023846626281738e-02
1.682305335998535156e-02
-1.317263301461935043e-02
6.423775572329759598e-03
-2.451980113983154297e-02
-3.080394677817821503e-02
-4.380044341087341309e-02
2.897495171055197716e-03
1.511194370687007904e-02
6.209553778171539307e-02
-6.014391779899597168e-02
-5.901786033064126968e-03
5.763839930295944214e-03
-1.766171306371688843e-02
-2.446458674967288971e-02
2.001182921230792999e-02
-8.230932056903839111e-03
-1.708041876554489136e-02
1.023960951715707779e-02
8.699365891516208649e-03
-1.132833119481801987e-02
1.460026856511831284e-02
-1.204437240958213806e-01
1.104570459574460983e-02
-1.890259422361850739e-02
2.678469987586140633e-03
2.016020193696022034e-02
-3.462044522166252136e-03
-7.744030561298131943e-03
7.851723239582497627e-06
-6.433061510324478149e-02
-2.349744550883769989e-03
-1.125554181635379791e-02
2.557609789073467255e-02
2.573518082499504089e-02
-7.756080944091081619e-03
1.377336028963327408e-02
-8.350174874067306519e-03
2.466498874127864838e-02
3.665284812450408936e-02
1.260971277952194214e-01
-8.107018657028675079e-03
2.929538860917091370e-02
-6.343334680423140526e-04
-5.851407349109649658e-02
1.451688632369041443e-02
2.635201066732406616e-02
1.013878639787435532e-02
-2.315214276313781738e-02
3.498924896121025085e-02
1.928518898785114288e-02
-2.324133645743131638e-03
2.620021114125847816e-03
-5.597123503684997559e-02
1.829304546117782593e-02
-1.782795600593090057e-02
-7.457567844539880753e-03
-7.724892348051071167e-03
1.644851453602313995e-02
4.615383967757225037e-02
-9.542919695377349854e-03
-7.443054579198360443e-03
2.056143805384635925e-02
-1.292444393038749695e-02
8.026692084968090057e-03
-7.430061697959899902e-01
5.652142688632011414e-03
2.723781205713748932e-02
1.580750942230224609e-02
4.607544746249914169e-03
1.869443058967590332e-02
7.135204505175352097e-03
6.817338289692997932e-04
-1.261075492948293686e-02
2.174531109631061554e-03
-6.868584454059600830e-02
6.280461698770523071e-02
-3.185200691223144531e-02
1.929626613855361938e-02
-7.607711013406515121e-03
1.421592757105827332e-02
-8.832116611301898956e-03
-1.798716746270656586e-02
-2.713599614799022675e-02
6.851773243397474289e-03
-2.016671467572450638e-03
5.047319829463958740e-02
5.104215070605278015e-02
-2.216676622629165649e-02
2.035049721598625183e-02
-2.753588929772377014e-02
1.777462748577818274e-04
-3.676564618945121765e-02
-4.734207689762115479e-02
2.128622727468609810e-03
-2.433339878916740417e-02
1.177757233381271362e-02
-1.590865664184093475e-02
2.261287299916148186e-03
-1.951815374195575714e-02
1.947564631700515747e-01
2.872296981513500214e-02
-1.252057850360870361e-01
1.327993869781494141e-01
-4.960670601576566696e-03
-1.130980346351861954e-02
5.222850813879631460e-05
-3.541692346334457397e-02
-5.084538459777832031e-02
-5.563272535800933838e-02
1.139827296137809753e-01
1.792936921119689941e-01
6.025575101375579834e-02
-3.929819911718368530e-02
-6.556978076696395874e-02
-5.471928045153617859e-02
3.155931364744901657e-03
-5.757011100649833679e-02
-3.610327839851379395e-02
-6.174824386835098267e-02
2.273731166496872902e-03
1.368843317031860352e-01
-1.571411341428756714e-01
7.294372469186782837e-02
2.314992994070053101e-02
-9.665469080209732056e-02
-6.059858947992324829e-02
-1.119833141565322876e-01
-1.108502820134162903e-01
-3.026039153337478638e-02
9.937737882137298584e-02
-4.997669160366058350e-02
-1.851382851600646973e-02
-2.562011033296585083e-02
-4.901878535747528076e-02
1.466950494796037674e-02
4.240709822624921799e-03
9.899165481328964233e-02
-1.403245776891708374e-01
7.041186094284057617e-02
-7.490497827529907227e-02
1.491341143846511841e-01
-9.570345282554626465e-02
-9.105933457612991333e-02
-1.079324111342430115e-01
-6.799149513244628906e-02
7.301842570304870605e-01
-1.751194000244140625e-01
4.828923940658569336e-02
-1.260591745376586914e-01
2.027994021773338318e-02
1.729487814009189606e-02
8.462405204772949219e-02
2.657254040241241455e-02
-2.522063255310058594e-02
-8.311327546834945679e-02
1.945096999406814575e-02
3.058495558798313141e-02
-1.583818197250366211e-01
-4.460423067212104797e-02
-1.147604137659072876e-01
6.791439838707447052e-03
-1.093101799488067627e-01
5.461198091506958008e-02
-3.309085592627525330e-02
2.936138398945331573e-02
1.129083707928657532e-02
9.034103155136108398e-02
-2.497207187116146088e-02
6.350448820739984512e-04
-2.077158726751804352e-02
1.531747635453939438e-02
3.557877498678863049e-04
-5.584862083196640015e-04
-2.065540477633476257e-02
-5.837630107998847961e-02
1.383780315518379211e-02
-3.056185692548751831e-02
-5.573700368404388428e-02
-2.192323654890060425e-02
-1.952068135142326355e-02
-4.243827983736991882e-02
-3.479198366403579712e-02
-6.434263288974761963e-02
-1.183783560991287231e-01
-5.597512423992156982e-02
-4.092748835682868958e-02
1.966368407011032104e-02
-2.142021805047988892e-02
3.810421039815992117e-04
2.436736971139907837e-02
-6.231960281729698181e-02
-4.335858300328254700e-02
-7.078948896378278732e-03
4.170743748545646667e-02
-2.712947130203247070e-02
1.580557413399219513e-02
5.805902183055877686e-02
-1.278607398271560669e-01
7.517521083354949951e-02
-1.829380728304386139e-02
3.510122420266270638e-03
-2.962476573884487152e-02
1.375917252153158188e-02
5.578912794589996338e-02
-4.466303810477256775e-02
2.473891654517501593e-04
4.891522228717803955e-03
-2.440363727509975433e-02
6.907622446306049824e-04
6.918043363839387894e-04
6.701714545488357544e-02
3.072637482546269894e-04
3.212536126375198364e-02
-3.197963163256645203e-02
6.449799239635467529e-02
1.429958548396825790e-02
-4.194886237382888794e-02
2.956626377999782562e-02
-5.680340901017189026e-02
-8.454697579145431519e-02
-3.078383766114711761e-02
-6.478423718363046646e-03
-2.149379253387451172e-02
6.397450342774391174e-03
-1.202964503318071365e-02
8.567760884761810303e-02
-3.602840751409530640e-02
7.779709249734878540e-02
-2.375650964677333832e-02
-1.013501733541488647e-02
-3.532654792070388794e-02
4.050898551940917969e-02
2.318093366920948029e-02
9.521958976984024048e-02
5.033425986766815186e-02
-5.659254733473062515e-03
-8.462275564670562744e-02
-1.741929166018962860e-02
3.968367725610733032e-02
4.564898461103439331e-02
6.193479150533676147e-02
-1.143058296293020248e-02
-2.219758555293083191e-02
-1.129355747252702713e-02
-1.810492761433124542e-02
-7.503797858953475952e-02
-5.681073293089866638e-02
3.027240000665187836e-02
3.284202516078948975e-02
-3.912680223584175110e-02
-9.962854534387588501e-02
4.755615815520286560e-02
3.225744003430008888e-03
-1.037909910082817078e-01
3.065266087651252747e-02
-4.331551492214202881e-03
-2.474255859851837158e-02
7.027849555015563965e-03
-2.227612212300300598e-02
4.874037951231002808e-02
-2.920652925968170166e-02
4.560381639748811722e-03
-6.395495962351560593e-03
-2.968274615705013275e-02
1.823451370000839233e-02
6.756776943802833557e-03
-5.617846734821796417e-03
-9.710093960165977478e-03
-1.463211420923471451e-02
5.235267337411642075e-03
-5.791522935032844543e-02
8.411376178264617920e-02
1.682105846703052521e-02
-4.379520937800407410e-02
3.897387906908988953e-02
1.853792183101177216e-02
3.909389022737741470e-03
3.214671835303306580e-02
1.694220863282680511e-02
-2.815014123916625977e-02
2.262865006923675537e-02
1.183486264199018478e-02
-1.002665050327777863e-02
-2.972692064940929413e-02
7.165049016475677490e-02
2.333974651992321014e-02
2.988176420331001282e-02
-3.878278657793998718e-02
4.323980584740638733e-02
-4.626199603080749512e-02
-1.537581533193588257e-01
-6.358628720045089722e-02
-2.218087576329708099e-02
3.341230377554893494e-02
2.483128942549228668e-02
-1.509802066721022129e-03
3.277489682659506798e-03
2.747047506272792816e-02
-2.345097251236438751e-02
3.444274142384529114e-02
4.845850344281643629e-04
4.148297756910324097e-02
1.598886959254741669e-02
1.548578962683677673e-02
5.635455250740051270e-02
-7.389350328594446182e-03
3.558566421270370483e-02
1.739452965557575226e-02
-2.720876969397068024e-02
-3.359610959887504578e-02
4.731282591819763184e-02
-3.449052339419722557e-03
1.667566224932670593e-02
2.212957665324211121e-02
-1.426041685044765472e-02
2.900300174951553345e-02
1.983405090868473053e-02
1.276617962867021561e-02
-5.278905108571052551e-02
-2.578592672944068909e-02
2.731660939753055573e-02
2.140469849109649658e-02
-2.807406149804592133e-02
-6.920248270034790039e-02
-1.369028631597757339e-02
-4.290622845292091370e-02
1.242255978286266327e-02
2.035253494977951050e-02
2.719399519264698029e-02
-1.421485329046845436e-03
4.085221141576766968e-02
2.584031969308853149e-02
-2.214045636355876923e-02
7.215769495815038681e-03
-5.521653965115547180e-02
-9.193520992994308472e-03
5.532308667898178101e-02
3.683474380522966385e-03
-5.418571829795837402e-02
-5.792853608727455139e-02
-2.669750340282917023e-02
2.633275464177131653e-02
-4.323525645304471254e-04
5.110603943467140198e-02
-1.194251049309968948e-02
-1.159522961825132370e-02
-2.245068922638893127e-02
-5.344848707318305969e-02
-8.256585150957107544e-02
2.386962808668613434e-02
-3.880513086915016174e-02
7.966889068484306335e-03
-3.416253626346588135e-02
-3.196418285369873047e-02
-1.139203784987330437e-03
4.212757572531700134e-02
4.712626803666353226e-03
-3.128930553793907166e-02
-7.468427997082471848e-03
-3.341784328222274780e-02
8.967667073011398315e-02
-6.967178545892238617e-03
4.445034638047218323e-02
-5.365389585494995117e-02
1.973356120288372040e-02
5.337221920490264893e-02
2.094563283026218414e-02
3.442702069878578186e-02
-1.185623742640018463e-02
-5.872659385204315186e-03
-6.868435442447662354e-02
5.711890989914536476e-04
1.089159492403268814e-02
-6.926779635250568390e-03
2.069840766489505768e-02
3.165483102202415466e-02
4.371723532676696777e-02
-5.894333589822053909e-04
-3.449801355600357056e-02
2.755789645016193390e-02
5.073337256908416748e-02
1.171053014695644379e-02
-5.195500329136848450e-02
-5.439607426524162292e-02
-2.737527154386043549e-02
1.886905357241630554e-02
2.250050939619541168e-02
1.085748523473739624e-01
3.787660226225852966e-02
-3.132373327389359474e-03
-9.276782721281051636e-02
2.516437880694866180e-02
-8.312632329761981964e-03
4.665246815420687199e-04
-1.494557410478591919e-02
4.171107709407806396e-02
-4.444447532296180725e-02
-9.262473322451114655e-03
-1.050554141402244568e-01
-4.099081829190254211e-02
3.688905388116836548e-02
2.731254324316978455e-02
3.771202638745307922e-02
-1.766682602465152740e-02
1.746804267168045044e-02
-3.074212372303009033e-02
-8.093403652310371399e-03
-1.342659629881381989e-02
-2.920622378587722778e-02
1.978941448032855988e-02
-1.581222005188465118e-02
-2.005459554493427277e-02
-2.795612253248691559e-02
3.426388278603553772e-02
-3.878587484359741211e-02
-3.661089390516281128e-02
-3.715685755014419556e-02
5.798939988017082214e-02
-7.364220172166824341e-02
3.346829861402511597e-02
2.071212418377399445e-02
-9.632659144699573517e-03
1.110924407839775085e-02
5.881764739751815796e-02
-1.366902701556682587e-02
-2.543308213353157043e-02
2.187608368694782257e-02
-4.026495665311813354e-02
-1.537229306995868683e-02
9.511962532997131348e-03
1.437655743211507797e-02
3.406923636794090271e-02
4.923530854284763336e-03
-2.521344274282455444e-02
-4.939638543874025345e-03
-5.087842419743537903e-02
1.531803421676158905e-02
9.602738171815872192e-02
7.640377152711153030e-03
-1.496371906250715256e-02
4.950033128261566162e-02
1.465734001249074936e-02
-4.314864054322242737e-02
-9.362836927175521851e-02
-3.613237664103507996e-02
5.016623809933662415e-02
-7.701569702476263046e-03
6.584578659385442734e-03
-6.714681535959243774e-02
4.294599592685699463e-02
-5.298499483615159988e-03
2.481733914464712143e-03
-1.023479271680116653e-02
1.443994138389825821e-02
1.164968963712453842e-02
1.322385296225547791e-02
-4.985539242625236511e-02
-1.663133949041366577e-01
1.239705644547939301e-02
-8.523296564817428589e-02
-1.132525578141212463e-01
-3.338017314672470093e-02
1.277779415249824524e-02
6.019156798720359802e-02
-3.126132488250732422e-02
3.014672733843326569e-02
-4.942873120307922363e-02
-5.537131335586309433e-03
4.618543758988380432e-02
-2.078415453433990479e-02
-2.592050842940807343e-02
7.149373739957809448e-02
-3.694541379809379578e-02
-5.670518148690462112e-04
-2.225387282669544220e-02
3.697291016578674316e-02
-8.182474225759506226e-02
5.556268617510795593e-02
1.940257730893790722e-03
-3.021989203989505768e-02
5.795263499021530151e-02
-7.678339257836341858e-03
-1.951048965565860271e-03
-8.390518277883529663e-02
-5.462720617651939392e-02
-1.002372615039348602e-02
2.583151869475841522e-02
-4.828797280788421631e-02
2.317169867455959320e-02
-7.375244749709963799e-04
-2.013505995273590088e-02
-2.309139072895050049e-02
-2.286038547754287720e-02
4.262746125459671021e-02
-3.994904831051826477e-02
-1.062390301376581192e-02
-1.028319150209426880e-01
-2.711015753448009491e-03
-5.588000174611806870e-03
3.627979755401611328e-02
6.010426953434944153e-02
6.320193409919738770e-02
-4.659356782212853432e-04
1.254434287548065186e-01
-2.632901817560195923e-02
-1.594675332307815552e-02
1.504293177276849747e-02
4.996643215417861938e-02
-4.863801598548889160e-02
2.899351716041564941e-02
-3.323337435722351074e-02
3.909036144614219666e-02
3.431938588619232178e-02
-4.057946801185607910e-02
6.474162638187408447e-02
6.864361464977264404e-02
4.226174205541610718e-02
4.611003398895263672e-02
2.158649498596787453e-03
8.062965236604213715e-03
-6.560499966144561768e-02
-3.214627876877784729e-02
-1.907470636069774628e-02
2.506376430392265320e-02
-2.541689667850732803e-03
1.953521557152271271e-02
-5.592925101518630981e-02
-4.254017770290374756e-02
1.474978867918252945e-02
1.371674705296754837e-03
-4.372171126306056976e-03
-1.464956998825073242e-02
-8.412892202613875270e-05
-3.356947377324104309e-02
3.517423570156097412e-02
6.424880027770996094e-02
-1.334071159362792969e-02
7.565094711026176810e-05
-2.769101224839687347e-02
3.946296405047178268e-03
6.622860208153724670e-03
1.554405037313699722e-02
5.799821391701698303e-02
-8.131667971611022949e-02
4.133953899145126343e-02
6.373180449008941650e-02
6.364644505083560944e-03
-4.994985833764076233e-02
1.280226930975914001e-02
3.285399079322814941e-02
-1.365443021059036255e-01
-9.284542757086455822e-04
-2.626075781881809235e-02
-3.388935327529907227e-02
2.771821804344654083e-02
1.160843879915773869e-03
1.962909661233425140e-02
2.818071842193603516e-02
6.753594428300857544e-02
-1.465440634638071060e-02
6.450652331113815308e-02
-1.372159123420715332e-01
-2.402884652838110924e-03
1.041039265692234039e-02
5.605179816484451294e-02
2.824251540005207062e-02
1.868031546473503113e-02
-1.219816040247678757e-02
-2.968714758753776550e-02
-1.052155345678329468e-01
5.413483828306198120e-02
6.135845556855201721e-02
4.441631585359573364e-02
3.130747750401496887e-02
1.105431746691465378e-02
5.332688987255096436e-02
9.480854496359825134e-03
-3.756006434559822083e-02
-3.031137399375438690e-02
-2.674851566553115845e-02
-1.912171766161918640e-02
5.720740556716918945e-02
1.723776571452617645e-02
-1.562560163438320160e-02
2.283522486686706543e-02
-4.404205456376075745e-02
3.711458295583724976e-02
-1.843724399805068970e-02
-4.793903604149818420e-02
-5.736631900072097778e-02
5.843491852283477783e-02
1.773251593112945557e-02
-7.344660349190235138e-03
-3.312840685248374939e-02
4.985599964857101440e-02
5.319901928305625916e-02
-1.886288810055702925e-04
5.225350335240364075e-02
-8.329126983880996704e-02
-2.913312055170536041e-02
-5.303424224257469177e-02
-1.962010981515049934e-03
-6.377170211635529995e-04
3.859415277838706970e-02
-8.555059880018234253e-02
-7.472762465476989746e-02
-2.511149644851684570e-02
-3.961052279919385910e-03
-9.031596779823303223e-02
-5.197158455848693848e-02
-4.604331031441688538e-02
-2.799553039949387312e-04
1.307502537965774536e-01
7.689740974456071854e-03
-2.643304131925106049e-02
-1.135994568467140198e-01
8.227721601724624634e-02
-2.841767482459545135e-02
-4.735242575407028198e-02
-4.686162993311882019e-02
1.942353881895542145e-02
2.135786227881908417e-02
-9.238623082637786865e-02
-5.441720783710479736e-02
6.626686453819274902e-02
-3.589919582009315491e-02
-2.295729937031865120e-03
-1.750189363956451416e-01
-1.113195996731519699e-02
-3.169007226824760437e-02
1.061485707759857178e-02
-5.731319636106491089e-02
1.503620762377977371e-02
-3.010073304176330566e-02
3.861474245786666870e-02
-1.242990884929895401e-02
-1.375205535441637039e-02
1.103769894689321518e-02
6.392560154199600220e-02
-2.057304605841636658e-03
-4.737703129649162292e-02
-6.026820745319128036e-03
1.650775037705898285e-02
3.225170541554689407e-03
-5.159426480531692505e-03
9.812321513891220093e-03
2.514760382473468781e-02
1.318592671304941177e-02
1.362910959869623184e-02
-6.568325310945510864e-02
-3.307887911796569824e-02
-5.248456448316574097e-02
-5.599917843937873840e-03
-1.514672650955617428e-03
1.830025762319564819e-02
8.858983963727951050e-02
-1.488723605871200562e-02
-1.800318807363510132e-02
-7.586637884378433228e-02
-3.167078830301761627e-03
-4.690048750489950180e-03
-4.629816859960556030e-02
-1.309247873723506927e-02
-3.798159956932067871e-02
-8.561569266021251678e-03
2.346963388845324516e-03
1.716212928295135498e-01
-1.631508208811283112e-02
1.177352387458086014e-03
6.465611606836318970e-02
-1.785161718726158142e-02
-3.860472515225410461e-02
-5.107831675559282303e-03
-2.716977521777153015e-02
1.908599585294723511e-02
