6.245925650000572205e-02
-3.849216550588607788e-02
3.270472586154937744e-02
2.886130288243293762e-02
-7.637831848114728928e-03
-5.507490597665309906e-03
1.537908427417278290e-02
1.888069137930870056e-02
-4.235732182860374451e-02
5.639166105538606644e-03
1.954734325408935547e-02
-1.249329093843698502e-02
2.112776413559913635e-02
9.725738316774368286e-03
-1.810137910069897771e-04
8.133235387504100800e-03
1.831646822392940521e-02
8.536215871572494507e-03
6.082376092672348022e-02
5.048289522528648376e-02
2.709603868424892426e-03
8.689980208873748779e-02
-6.120929867029190063e-02
-8.102464489638805389e-03
-1.637961342930793762e-02
-6.566913798451423645e-04
1.442548539489507675e-02
-4.502531886100769043e-02
-2.475411072373390198e-02
-9.363517165184020996e-03
-3.412484377622604370e-02
3.118909150362014771e-02
3.154578059911727905e-02
-5.432205740362405777e-03
1.658693514764308929e-02
2.902618236839771271e-02
9.235899895429611206e-03
1.474708877503871918e-02
5.840836092829704285e-03
-4.912513494491577148e-02
-9.810445830225944519e-03
-1.237270142883062363e-02
-2.230559475719928741e-02
-5.066302139312028885e-03
-1.847069012001156807e-03
-2.836743369698524475e-03
-1.070000417530536652e-02
2.900504134595394135e-02
-1.144895679317414761e-03
1.778111048042774200e-02
2.019181475043296814e-02
-7.895150035619735718e-02
2.628025785088539124e-02
-1.776019297540187836e-02
-2.291685156524181366e-02
-3.218486905097961426e-02
-3.001267090439796448e-02
7.286807056516408920e-03
4.476486146450042725e-01
-1.525276340544223785e-03
-1.531765889376401901e-02
2.924403361976146698e-02
3.469661250710487366e-02
-6.419887393712997437e-02
-1.611748524010181427e-02
7.827488332986831665e-02
-3.821548074483871460e-02
-1.343088690191507339e-02
-1.168345008045434952e-02
2.125343494117259979e-02
2.249168045818805695e-02
6.851098034530878067e-03
-1.444841548800468445e-02
-3.732855431735515594e-03
2.385320700705051422e-02
3.408371284604072571e-02
8.016010397113859653e-04
2.796973288059234619e-02
3.636540612205862999e-03
5.932885780930519104e-02
-3.378592804074287415e-02
1.861780136823654175e-02
-1.476049143821001053e-02
3.667530789971351624e-02
7.430519163608551025e-02
1.068153884261846542e-03
1.202752068638801575e-02
1.202201563864946365e-02
3.076503239572048187e-02
-2.434021420776844025e-02
6.822231691330671310e-03
4.456021264195442200e-02
-2.241710200905799866e-02
2.977032773196697235e-02
-9.917577728629112244e-03
-2.135353721678256989e-02
-1.339513435959815979e-02
-1.184515841305255890e-02
-8.066416718065738678e-03
-1.586168073117733002e-02
1.223926083184778690e-03
4.407405853271484375e-02
-1.060549519024789333e-03
2.178988605737686157e-02
1.524613890796899796e-02
-6.031136494129896164e-03
4.789159167557954788e-03
-2.963089011609554291e-02
4.166186228394508362e-02
1.199468504637479782e-03
9.043431840837001801e-03
2.901221811771392822e-02
-7.860914804041385651e-03
3.322254400700330734e-03
-1.483522914350032806e-02
-1.348472083918750286e-03
-1.707737334072589874e-02
-1.499713212251663208e-02
3.849162161350250244e-02
-3.898741124430671334e-05
1.064814254641532898e-02
1.329445187002420425e-02
-7.215309888124465942e-03
-1.676107197999954224e-02
-7.619662792421877384e-04
2.797017619013786316e-02
-4.295973107218742371e-02
-7.327611092478036880e-03
-9.405815042555332184e-03
9.926204383373260498e-02
-2.629160182550549507e-03
-5.619419272989034653e-03
-3.269193693995475769e-02
-4.478647839277982712e-03
3.605708852410316467e-02
-3.457710845395922661e-03
-1.656116172671318054e-02
2.531757391989231110e-02
-8.327978104352951050e-02
-2.063400484621524811e-02
-8.053353428840637207e-02
-1.411673874827101827e-04
-2.260232903063297272e-02
-3.910909220576286316e-02
-2.356189861893653870e-02
7.017748057842254639e-02
-1.777362264692783356e-02
-4.061379469931125641e-03
-1.966737583279609680e-02
-1.366988383233547211e-02
1.503162365406751633e-02
6.539247464388608932e-03
-2.632905915379524231e-02
1.455530151724815369e-02
-5.790473893284797668e-03
-1.791519671678543091e-02
2.038727281615138054e-03
1.671753078699111938e-02
-4.054077714681625366e-02
-1.547634787857532501e-02
-9.873187169432640076e-03
-6.163888797163963318e-02
1.443415298126637936e-03
1.142437942326068878e-02
1.533094607293605804e-02
7.275303453207015991e-02
-2.613014727830886841e-02
-2.778558805584907532e-02
1.080796495079994202e-02
2.280043438076972961e-02
2.704894915223121643e-02
-1.131931133568286896e-02
2.676465362310409546e-02
-1.244664471596479416e-02
5.154140666127204895e-02
2.632930502295494080e-02
2.753726206719875336e-03
-3.889693412929773331e-03
-8.965406566858291626e-02
8.363310247659683228e-03
1.787492632865905762e-02
-2.982132136821746826e-02
9.977159090340137482e-03
2.104137465357780457e-02
-6.556543987244367599e-03
-8.692627772688865662e-03
-7.761549204587936401e-02
-2.574688196182250977e-02
-1.159332226961851120e-02
4.086384177207946777e-02
8.550740778446197510e-02
1.548648625612258911e-02
-1.347923930734395981e-02
-2.160286344587802887e-02
4.824007861316204071e-03
3.303177654743194580e-02
8.114403486251831055e-02
2.035182900726795197e-02
-4.734321031719446182e-03
-3.167711570858955383e-02
-7.205621339380741119e-03
1.611505076289176941e-02
5.618327856063842773e-02
-3.768971934914588928e-02
1.361436862498521805e-02
-1.379958447068929672e-02
-9.503724053502082825e-03
3.063476830720901489e-02
1.422050315886735916e-02
-8.648562431335449219e-02
-1.551227923482656479e-02
-1.747291162610054016e-02
5.813532508909702301e-03
1.062783598899841309e-02
3.741974756121635437e-02
2.382001653313636780e-02
-2.402525162324309349e-03
5.200204253196716309e-02
-3.047515638172626495e-02
3.917234018445014954e-03
-2.018865942955017090e-02
-7.549122571945190430e-01
2.077649906277656555e-02
4.003539681434631348e-03
8.497936651110649109e-03
-4.805443342775106430e-03
1.362185284961014986e-04
-4.026105161756277084e-03
3.393528237938880920e-02
2.164784818887710571e-02
-1.371385157108306885e-02
-6.712266802787780762e-02
3.625425323843955994e-02
6.425494328141212463e-03
-6.716655101627111435e-03
-2.273887582123279572e-02
-2.978313248604536057e-03
-7.661047391593456268e-03
-3.823174163699150085e-03
-2.673519309610128403e-03
1.469032838940620422e-02
1.606925216037780046e-04
-1.638449728488922119e-02
1.966371946036815643e-02
-2.608175575733184814e-02
1.903027854859828949e-02
-1.190306060016155243e-02
3.566092997789382935e-02
-2.161826193332672119e-02
-5.265376716852188110e-02
-1.299288589507341385e-02
-1.643011905252933502e-02
2.191584371030330658e-02
-9.663591161370277405e-03
-1.152561884373426437e-02
-2.163572050631046295e-02
2.990873157978057861e-01
4.525155574083328247e-02
-1.125474274158477783e-01
1.260260343551635742e-01
-2.183641120791435242e-02
-4.090097919106483459e-02
-1.571447774767875671e-02
-6.233322247862815857e-02
-1.179010197520256042e-01
-9.602729976177215576e-02
1.497497260570526123e-01
1.515162289142608643e-01
9.615088813006877899e-03
-1.052800863981246948e-01
-8.986581116914749146e-02
-2.987575903534889221e-02
3.688358888030052185e-02
-6.166874244809150696e-02
-8.290115743875503540e-03
-1.366335060447454453e-02
1.060358248651027679e-02
1.423450410366058350e-01
-1.301669329404830933e-01
1.618757657706737518e-02
3.077954053878784180e-02
-1.382709443569183350e-01
-2.412738045677542686e-03
-6.408581882715225220e-02
-6.016008555889129639e-02
-7.317094504833221436e-02
1.866775192320346832e-02
-5.559344589710235596e-02
-2.492052875459194183e-02
2.721736393868923187e-02
-8.646155148744583130e-02
5.626786127686500549e-02
-2.283567795529961586e-03
1.280713826417922974e-01
-1.837969720363616943e-01
-2.190640196204185486e-02
-1.181457042694091797e-01
1.248697116971015930e-01
-1.138572990894317627e-01
-3.146619722247123718e-02
-1.307008415460586548e-01
-6.787826865911483765e-02
6.991518139839172363e-01
-1.078229621052742004e-01
-7.129726931452751160e-03
-9.661293774843215942e-02
1.886703446507453918e-02
4.230775684118270874e-02
8.227156847715377808e-02
-7.140747457742691040e-02
-4.605890437960624695e-02
-2.962594665586948395e-02
-3.400547802448272705e-02
2.493028901517391205e-02
-1.204390004277229309e-01
-2.624455653131008148e-02
-6.095942109823226929e-02
-1.536346506327390671e-02
-1.726129204034805298e-01
-2.344150096178054810e-03
-4.847333580255508423e-02
7.466048933565616608e-03
3.332426422275602818e-05
7.713466137647628784e-02
-1.207487378269433975e-02
4.031303804367780685e-03
-2.504302188754081726e-02
5.065764766186475754e-03
-2.154739201068878174e-02
-7.572184316813945770e-03
-2.727622538805007935e-02
-4.583895951509475708e-02
1.909576728940010071e-02
-3.520036116242408752e-03
-4.603480175137519836e-02
-5.278680473566055298e-02
-2.200460620224475861e-02
-4.402140155434608459e-02
-3.122420236468315125e-02
-5.369172245264053345e-02
-1.062038093805313110e-01
-6.255391985177993774e-02
-4.154843837022781372e-02
3.167044371366500854e-02
3.027828224003314972e-02
8.976426906883716583e-03
-1.863878779113292694e-02
-6.067981198430061340e-02
-4.276150092482566833e-02
-2.032549865543842316e-02
3.022050485014915466e-02
-7.128022261895239353e-04
1.967706019058823586e-03
8.510828018188476562e-02
-1.136179417371749878e-01
1.233539655804634094e-01
-1.493892446160316467e-02
8.568963035941123962e-03
2.122018299996852875e-02
1.108675822615623474e-02
4.302729293704032898e-02
-2.519153431057929993e-02
9.523943066596984863e-03
-3.210645169019699097e-03
-1.573254354298114777e-02
6.918806117027997971e-03
1.056723017245531082e-02
6.213876605033874512e-02
-1.073807943612337112e-03
2.237260527908802032e-02
-2.207864448428153992e-02
4.440176114439964294e-02
1.331338193267583847e-02
-9.476554580032825470e-03
3.741774335503578186e-02
-7.212499529123306274e-02
-4.760358482599258423e-02
-2.185584045946598053e-02
-3.182550892233848572e-02
-1.445663999766111374e-02
-8.151748217642307281e-03
-3.110448829829692841e-03
9.096320718526840210e-02
-3.055531159043312073e-02
8.454784750938415527e-02
-1.680967397987842560e-02
1.653687655925750732e-02
-4.032199084758758545e-02
1.805113442242145538e-02
5.304132029414176941e-02
5.165544524788856506e-02
7.970853149890899658e-02
3.900142759084701538e-02
-5.814057961106300354e-02
4.663198255002498627e-03
6.353320926427841187e-02
8.412618190050125122e-02
4.856376349925994873e-02
-3.947636857628822327e-02
-5.411588028073310852e-02
-8.716332726180553436e-03
-8.430175483226776123e-02
-6.433411687612533569e-02
-5.967667698860168457e-02
2.613834850490093231e-02
5.465424805879592896e-02
-2.582670561969280243e-02
-9.498291462659835815e-02
9.964741766452789307e-02
1.203706208616495132e-02
-9.149383753538131714e-02
3.369351848959922791e-02
2.734896540641784668e-02
-3.633291227743029594e-03
2.571093849837779999e-02
-3.040254302322864532e-02
4.691937938332557678e-02
-3.246978670358657837e-02
-2.750088833272457123e-02
-6.144306622445583344e-03
-1.367897540330886841e-02
2.541206404566764832e-02
3.566395118832588196e-02
-2.058906480669975281e-02
-4.080351814627647400e-02
1.878841221332550049e-02
3.111033933237195015e-03
-5.741622298955917358e-02
5.362624302506446838e-02
-1.983592286705970764e-02
-5.445577204227447510e-02
8.582603931427001953e-02
-9.299896191805601120e-04
1.030147727578878403e-02
5.826111510396003723e-02
1.673885621130466461e-02
-2.580595016479492188e-02
-8.565637283027172089e-03
4.474414885044097900e-02
7.958805072121322155e-04
-2.720589376986026764e-02
5.389858037233352661e-02
4.349042847752571106e-02
-1.715695485472679138e-02
-4.685848206281661987e-02
7.590795308351516724e-02
-3.897324204444885254e-02
-1.169803217053413391e-01
-2.367218397557735443e-02
4.166424623690545559e-04
3.217628970742225647e-02
1.730411313474178314e-02
2.684942819178104401e-02
-1.683489535935223103e-03
3.929309919476509094e-02
1.435482129454612732e-02
3.603539243340492249e-02
-9.826240129768848419e-03
5.867215991020202637e-02
5.729268118739128113e-02
5.778286606073379517e-02
4.657341539859771729e-02
1.338016591034829617e-03
-1.309769228100776672e-03
4.704748839139938354e-02
-1.352425199002027512e-02
-2.544548735022544861e-02
5.353012681007385254e-02
-1.356398221105337143e-02
3.462197259068489075e-02
-1.440173108130693436e-02
-2.038276055827736855e-03
4.955138266086578369e-02
3.377797314897179604e-03
4.118178784847259521e-02
-8.393027633428573608e-02
-3.864702070131897926e-03
2.709487266838550568e-02
3.358764946460723877e-02
-3.411107510328292847e-02
-4.611419141292572021e-02
1.045645214617252350e-03
-5.853889882564544678e-02
5.751712247729301453e-03
7.455183658748865128e-03
2.759391628205776215e-02
2.965985564514994621e-03
3.835693001747131348e-02
2.374967001378536224e-02
-3.201999887824058533e-02
2.983417734503746033e-02
-9.817382693290710449e-02
1.097099011531099677e-04
9.484905004501342773e-02
1.995034329593181610e-02
-5.904113501310348511e-02
-8.469294011592864990e-02
-5.245080217719078064e-02
3.263064846396446228e-02
-1.651840284466743469e-02
7.194089144468307495e-02
-2.380185574293136597e-02
-3.524755313992500305e-02
-2.640847302973270416e-02
-7.416183501482009888e-02
-9.007419645786285400e-02
3.605690598487854004e-02
-4.242149367928504944e-02
1.967165246605873108e-02
-3.628249093890190125e-02
-2.661028504371643066e-02
2.303533442318439484e-02
7.727093994617462158e-03
3.538534045219421387e-02
-3.592607378959655762e-02
-1.868666522204875946e-02
-5.217668041586875916e-02
8.293437212705612183e-02
-2.786608040332794189e-02
3.500388190150260925e-02
-5.111476406455039978e-02
-1.490817312151193619e-02
3.439481556415557861e-02
2.790674194693565369e-02
-8.164080791175365448e-03
3.882421879097819328e-03
-4.108482680749148130e-04
-5.613223463296890259e-02
-7.124800980091094971e-02
2.750963158905506134e-02
2.815303765237331390e-02
4.477135371416807175e-03
-2.063591405749320984e-02
5.755614489316940308e-02
-1.127108186483383179e-02
-4.351809993386268616e-02
3.477748483419418335e-02
4.371322318911552429e-02
1.238287775777280331e-03
-3.383731842041015625e-02
-7.029386609792709351e-02
-5.297385156154632568e-02
1.042454605340026319e-04
2.117317356169223785e-02
8.439924567937850952e-02
4.397038742899894714e-02
3.147796913981437683e-02
-1.036395952105522156e-01
1.932465285062789917e-02
-9.716002270579338074e-03
3.050256706774234772e-02
-2.817962132394313812e-02
4.870404675602912903e-02
-1.082863565534353256e-02
-2.766350284218788147e-02
-1.171735376119613647e-01
-2.138382941484451294e-02
1.102158799767494202e-02
9.356109425425529480e-03
5.187126249074935913e-02
-1.784373074769973755e-02
-2.312864735722541809e-02
-1.014967076480388641e-02
1.386807113885879517e-02
-3.247993066906929016e-02
-5.595868080854415894e-02
2.944283001124858856e-02
1.754863746464252472e-02
-2.578414045274257660e-02
-2.027591876685619354e-02
2.715331315994262695e-02
-4.403148591518402100e-02
-6.711795181035995483e-02
1.190633140504360199e-02
7.588008046150207520e-02
-4.040402546525001526e-02
-6.258911453187465668e-03
1.984764449298381805e-02
-1.474744733422994614e-02
2.476405538618564606e-02
5.636074766516685486e-02
-3.099815174937248230e-02
-2.306799590587615967e-02
2.018914930522441864e-02
-5.534445866942405701e-02
-5.880453437566757202e-02
1.180730946362018585e-02
1.251270528882741928e-02
1.499038655310869217e-02
1.579834334552288055e-02
-4.468054324388504028e-02
1.315296161919832230e-02
-1.667148247361183167e-02
3.164996206760406494e-02
2.156814746558666229e-02
-4.045429639518260956e-03
-5.997223779559135437e-03
4.595026373863220215e-02
2.477946877479553223e-02
-4.921289160847663879e-02
-7.936031371355056763e-02
-5.845250934362411499e-02
5.919387564063072205e-02
-6.666343659162521362e-03
-3.098679706454277039e-02
-7.994778454303741455e-02
2.985928393900394440e-02
2.962476573884487152e-02
3.518783487379550934e-03
-4.701992124319076538e-02
2.608488500118255615e-02
7.310496643185615540e-03
-1.966635929420590401e-03
-6.959201395511627197e-02
-1.168813034892082214e-01
2.219509147107601166e-02
-2.580486051738262177e-02
-1.061208173632621765e-01
-2.511870302259922028e-02
-6.425896193832159042e-03
5.144635587930679321e-02
-2.416314184665679932e-02
3.148940578103065491e-02
-4.520661756396293640e-02
1.073790900409221649e-02
5.369728431105613708e-02
-1.924920827150344849e-02
-3.108720295131206512e-02
8.078824728727340698e-02
-1.519436016678810120e-02
6.365432403981685638e-03
-1.905584707856178284e-02
2.122664824128150940e-02
-7.039988785982131958e-02
2.840369008481502533e-02
1.960671506822109222e-02
-1.627732254564762115e-02
8.127459138631820679e-02
1.838656887412071228e-02
-1.466625719331204891e-03
-5.739047005772590637e-02
-6.915276497602462769e-02
-3.872748836874961853e-02
2.599565498530864716e-02
-2.423680946230888367e-02
-1.648438628762960434e-03
-4.957412369549274445e-03
-7.851126603782176971e-03
-4.135633260011672974e-02
-2.375825308263301849e-02
4.627971723675727844e-02
-9.799092076718807220e-03
-2.390866354107856750e-02
-9.547813236713409424e-02
3.023194894194602966e-02
-2.009668387472629547e-02
2.846804633736610413e-02
3.522813692688941956e-02
3.951743617653846741e-02
2.603355236351490021e-02
1.440407931804656982e-01
-2.856351668015122414e-03
-2.580504678189754486e-02
2.677520923316478729e-02
4.247289523482322693e-02
-6.271365284919738770e-02
4.605663195252418518e-02
2.534375712275505066e-02
4.331278428435325623e-02
-4.467887338250875473e-03
-4.720370471477508545e-02
6.701375544071197510e-02
4.392302781343460083e-02
1.820547506213188171e-02
4.230394586920738220e-02
1.498924568295478821e-03
1.843935810029506683e-02
-5.274400487542152405e-02
-3.921023011207580566e-02
-5.017224326729774475e-02
4.193127527832984924e-02
-2.937409095466136932e-02
3.976989537477493286e-02
-1.776797696948051453e-02
-9.604805149137973785e-03
3.074285760521888733e-02
1.958736404776573181e-02
-3.262264654040336609e-02
-5.093257501721382141e-02
-1.329675968736410141e-02
-2.397191897034645081e-02
7.132448256015777588e-02
8.563815802335739136e-02
-2.965804189443588257e-02
2.303358726203441620e-02
-1.466273888945579529e-02
-2.074912562966346741e-02
2.564883232116699219e-02
3.488779440522193909e-02
1.555571146309375763e-02
-4.569087550044059753e-02
4.970927909016609192e-02
2.840181067585945129e-02
-4.240752197802066803e-03
-4.141376912593841553e-02
1.443191245198249817e-02
-1.617259229533374310e-03
-7.687203586101531982e-02
-4.912152513861656189e-02
-2.073318324983119965e-02
-5.457468703389167786e-02
3.528529079630970955e-03
4.375354573130607605e-02
-5.022058729082345963e-03
4.077536053955554962e-03
6.717994064092636108e-02
-3.198327869176864624e-02
4.562360793352127075e-02
-5.902673676609992981e-02
-2.817932516336441040e-02
-1.488279365003108978e-02
1.754933968186378479e-02
-1.597997546195983887e-02
-9.352053515613079071e-03
9.604534134268760681e-03
-1.114247273653745651e-02
-8.870095759630203247e-02
5.613145232200622559e-02
6.173473596572875977e-02
2.533857338130474091e-02
1.648686453700065613e-02
-1.127429865300655365e-02
5.693236365914344788e-02
3.384872898459434509e-02
-3.923941403627395630e-02
-6.008698046207427979e-02
-7.459231466054916382e-02
6.766490638256072998e-03
5.446116626262664795e-02
3.143394365906715393e-02
-1.106224860996007919e-02
7.065646816045045853e-03
-5.269275233149528503e-02
6.001704558730125427e-02
-1.106446259655058384e-03
-3.257312625646591187e-02
-6.096993759274482727e-02
4.648175835609436035e-02
-2.166081219911575317e-03
2.968748100101947784e-02
-4.538032785058021545e-02
3.276526182889938354e-02
3.650184348225593567e-02
8.079940453171730042e-03
7.812524586915969849e-02
-5.230389535427093506e-03
-2.156731486320495605e-02
-3.678877651691436768e-02
3.123821504414081573e-02
-1.309623382985591888e-02
3.694191947579383850e-02
-6.192811205983161926e-02
-9.649729728698730469e-02
-3.071719035506248474e-02
-4.232040047645568848e-02
-6.743231415748596191e-02
-7.032749801874160767e-02
-4.816134646534919739e-02
-4.540030285716056824e-02
8.405026793479919434e-02
2.949450723826885223e-02
-4.679518938064575195e-02
-9.774876385927200317e-02
8.860392123460769653e-02
-1.613719761371612549e-02
-5.919400602579116821e-02
-7.387128472328186035e-02
2.644426934421062469e-02
4.204588942229747772e-03
-8.720745891332626343e-02
-5.807296931743621826e-02
6.298252940177917480e-02
-1.311624608933925629e-02
2.025932306423783302e-03
-1.754021942615509033e-01
-1.870506256818771362e-02
-3.626729920506477356e-02
2.305050566792488098e-02
-6.453271210193634033e-02
3.400211408734321594e-02
-4.978618770837783813e-02
2.942596375942230225e-02
-1.775284763425588608e-03
-1.965855807065963745e-02
-8.378402329981327057e-03
5.653614550828933716e-02
1.105317613109946251e-03
-4.120679199695587158e-02
4.545769654214382172e-03
2.427642932161688805e-03
1.408614683896303177e-02
-1.630443613976240158e-03
6.134754419326782227e-02
6.951446644961833954e-03
-9.475497645325958729e-04
-5.218892358243465424e-03
-5.816226452589035034e-02
-2.185207977890968323e-02
-7.863901555538177490e-02
-3.875021263957023621e-02
1.300712674856185913e-02
9.483891539275646210e-03
8.079306781291961670e-02
2.476309239864349365e-02
-4.057662561535835266e-02
-5.678027495741844177e-02
-2.542128413915634155e-02
-1.753306132741272449e-03
-5.103296786546707153e-02
-3.291412070393562317e-02
-6.317776441574096680e-02
-2.867356687784194946e-02
-3.617218881845474243e-02
1.057512536644935608e-01
-5.246558692306280136e-03
1.470916904509067535e-02
5.084546655416488647e-02
3.235698118805885315e-02
-4.461904615163803101e-02
2.306996658444404602e-02
-2.403747476637363434e-02
1.291628740727901459e-02
