4.451367259025573730e-02
-1.641231216490268707e-02
6.243200227618217468e-02
2.874514646828174591e-02
-3.456063102930784225e-03
-3.240056708455085754e-02
2.033064328134059906e-02
1.447617355734109879e-02
-5.807172879576683044e-02
1.607170142233371735e-02
-5.314670968800783157e-03
-2.989536442328244448e-04
1.315325126051902771e-02
2.034997195005416870e-02
1.804583147168159485e-02
6.186195649206638336e-03
1.609951257705688477e-02
-8.300651796162128448e-03
5.608014762401580811e-02
2.600344084203243256e-02
8.719028905034065247e-03
7.813819497823715210e-02
-6.245593726634979248e-02
-2.369756810367107391e-03
-2.142003364861011505e-02
2.186865545809268951e-03
3.025293722748756409e-02
-1.691386848688125610e-02
-1.099680643528699875e-02
-7.684088312089443207e-03
8.494573645293712616e-03
3.094770386815071106e-02
1.703348383307456970e-02
1.669854507781565189e-03
1.946695614606142044e-03
-3.768511814996600151e-03
-1.286269351840019226e-02
1.870135217905044556e-02
2.041852800175547600e-03
-2.356823533773422241e-02
-2.443781308829784393e-02
-6.868263706564903259e-03
5.234458018094301224e-03
1.317218597978353500e-02
1.067443564534187317e-02
-7.126999087631702423e-03
9.322797879576683044e-03
3.471368551254272461e-02
-2.091200649738311768e-02
1.237351074814796448e-02
2.021998370764777064e-04
-9.243843704462051392e-02
5.779299885034561157e-02
-2.238824777305126190e-02
-1.848592422902584076e-02
-2.830156870186328888e-02
-2.392191067337989807e-02
4.173538181930780411e-03
4.396102428436279297e-01
-4.608771577477455139e-02
-8.553221821784973145e-03
-2.140237577259540558e-02
3.920730948448181152e-02
-6.374473124742507935e-02
-1.965380273759365082e-02
8.904939144849777222e-02
-3.210652619600296021e-02
-2.124156430363655090e-02
-3.358360379934310913e-02
2.826802991330623627e-02
2.434236183762550354e-02
-3.239310113713145256e-03
2.141048572957515717e-02
-2.049712836742401123e-02
3.485462069511413574e-02
3.943965956568717957e-02
1.639205962419509888e-02
3.193118795752525330e-02
-1.906946999952197075e-03
9.138772636651992798e-02
-7.408093661069869995e-03
-1.579474890604615211e-03
-2.335619926452636719e-02
3.791369870305061340e-02
6.769125163555145264e-02
2.055611461400985718e-03
1.613949611783027649e-02
2.445183508098125458e-02
1.308574248105287552e-02
-1.527036540210247040e-02
-9.457658044993877411e-03
7.264024019241333008e-02
-5.582724139094352722e-02
2.791481278836727142e-02
-8.031548000872135162e-03
-1.559299137443304062e-02
-7.092052605003118515e-03
-1.281805220060050488e-03
-2.003367431461811066e-02
-2.996137924492359161e-02
-5.572304362431168556e-04
4.806889966130256653e-02
1.556040532886981964e-02
8.883998729288578033e-03
-9.404350421391427517e-04
-5.720105022192001343e-03
3.253001719713211060e-03
-3.402027860283851624e-02
1.164494454860687256e-02
4.222118761390447617e-03
-7.200293708592653275e-03
1.419252809137105942e-02
-8.125217631459236145e-03
1.686589443124830723e-03
1.463489839807152748e-03
-5.113730672746896744e-03
-5.086033418774604797e-02
-1.895389147102832794e-02
1.944571360945701599e-02
-3.426694776862859726e-03
-1.836755499243736267e-02
-4.199909511953592300e-03
-1.019982993602752686e-02
-2.954115625470876694e-03
1.811814121901988983e-02
9.031374938786029816e-03
-4.116169363260269165e-02
-2.348030731081962585e-02
-1.023784372955560684e-02
7.876821607351303101e-02
1.802209578454494476e-02
3.228312125429511070e-03
-3.100986778736114502e-02
-1.599336974322795868e-02
2.336682565510272980e-02
1.775667071342468262e-02
1.056652422994375229e-02
2.073406241834163666e-02
-3.677361458539962769e-02
-4.628372844308614731e-03
-7.494956254959106445e-02
-2.229582890868186951e-02
4.772021900862455368e-03
-4.691985994577407837e-02
-4.950325470417737961e-03
8.067640662193298340e-02
1.139326207339763641e-02
-1.711376570165157318e-02
-9.401716291904449463e-03
-7.415895815938711166e-03
-2.516543865203857422e-02
1.254348363727331161e-02
-2.414967119693756104e-02
2.838459610939025879e-02
5.282003432512283325e-03
-9.782225824892520905e-03
-4.566127900034189224e-03
9.306439198553562164e-03
-2.995604649186134338e-02
-2.284929342567920685e-02
-1.248149294406175613e-02
-7.257365435361862183e-02
-2.524670027196407318e-02
1.461149472743272781e-02
1.907229237258434296e-02
6.335035711526870728e-02
-5.365374684333801270e-02
-9.930377826094627380e-03
7.792798802256584167e-03
1.369661558419466019e-02
1.655214652419090271e-02
1.264471281319856644e-02
7.171025034040212631e-03
-1.663574203848838806e-02
2.572375722229480743e-02
9.928942658007144928e-03
-8.556603454053401947e-03
-7.240448612719774246e-03
-9.525159001350402832e-02
-8.081438951194286346e-03
3.376523964107036591e-03
-1.416894700378179550e-02
2.371538430452346802e-03
2.061452250927686691e-03
-3.864217177033424377e-02
7.042578607797622681e-02
-1.315904706716537476e-01
-2.316538803279399872e-02
-3.314603585749864578e-03
8.505926467478275299e-03
6.832778453826904297e-02
8.136837743222713470e-03
-1.528823777334764600e-04
-1.039698719978332520e-02
1.256459113210439682e-02
4.284918308258056641e-02
1.014038473367691040e-01
1.317616458982229233e-02
3.372168540954589844e-02
-1.783375255763530731e-02
-5.882219597697257996e-02
2.128395996987819672e-02
-1.163110323250293732e-02
-2.142746001482009888e-02
9.076335467398166656e-03
1.748274825513362885e-02
8.443232625722885132e-03
2.452249825000762939e-02
4.420679993927478790e-03
-9.865093231201171875e-02
6.014415062963962555e-03
-1.772545278072357178e-02
-6.058475933969020844e-03
-7.043264340609312057e-03
5.803285166621208191e-03
2.938733249902725220e-02
-9.657010436058044434e-03
2.556076832115650177e-02
-1.086382661014795303e-02
-2.803873829543590546e-02
-1.539196469821035862e-03
-7.458456158638000488e-01
4.346434492617845535e-03
1.382258813828229904e-02
1.221877895295619965e-02
-1.389862736687064171e-03
1.621846342459321022e-03
-1.194030418992042542e-02
3.889378393068909645e-03
3.097671549767255783e-03
4.943538922816514969e-03
-7.578510046005249023e-02
3.336976468563079834e-02
3.402696223929524422e-03
2.930692210793495178e-02
-2.184852026402950287e-02
-3.394738014321774244e-04
-3.462198423221707344e-03
-2.849254989996552467e-03
2.507567114662379026e-04
1.221892796456813812e-02
5.219621118158102036e-03
-1.816215738654136658e-02
5.537055432796478271e-02
-1.825295016169548035e-02
1.593268476426601410e-02
-4.359000176191329956e-02
3.059211187064647675e-02
-3.363353386521339417e-02
-6.608407944440841675e-02
-8.228086866438388824e-03
-1.065345108509063721e-02
-9.517645463347434998e-03
-1.620997488498687744e-02
6.205902434885501862e-03
-1.064364332705736160e-02
9.864253550767898560e-02
-5.528638511896133423e-02
-3.909669816493988037e-02
2.030598185956478119e-02
8.028970658779144287e-02
1.131089124828577042e-02
6.068981438875198364e-02
-1.197444200515747070e-01
4.847672209143638611e-02
4.441023990511894226e-02
5.714506283402442932e-02
6.390350311994552612e-02
1.692578010261058807e-02
9.653877466917037964e-03
3.042104467749595642e-02
-1.057724747806787491e-02
2.731922268867492676e-02
5.760649219155311584e-02
5.314870271831750870e-03
-1.031507179141044617e-01
-1.410909835249185562e-02
-4.316993057727813721e-03
-3.735498338937759399e-02
1.751002818346023560e-01
2.420880831778049469e-02
4.963823407888412476e-02
1.715741492807865143e-02
-4.229960590600967407e-02
-5.935752019286155701e-02
3.829908743500709534e-02
1.550816744565963745e-01
2.178038097918033600e-02
-7.403323054313659668e-02
-9.456377476453781128e-02
9.674713760614395142e-02
-1.186030134558677673e-01
2.618066966533660889e-02
5.100255087018013000e-02
1.547659002244472504e-02
1.524828840047121048e-02
-1.536002010107040405e-01
1.717695966362953186e-02
-3.438797593116760254e-02
-2.735637314617633820e-02
7.076079398393630981e-02
-2.994148246943950653e-02
8.517469167709350586e-01
-6.751338392496109009e-02
-1.301017589867115021e-02
-1.287545561790466309e-01
1.513012219220399857e-02
8.464289456605911255e-02
1.180589124560356140e-01
1.054791286587715149e-01
1.645559631288051605e-02
-5.349744483828544617e-02
5.048539862036705017e-02
3.842587769031524658e-02
-6.623145658522844315e-03
-5.334976594895124435e-03
-3.919075056910514832e-02
-5.132333841174840927e-03
5.249116197228431702e-02
4.264214634895324707e-02
-4.747219756245613098e-02
5.753034260123968124e-03
7.765591144561767578e-03
6.802319735288619995e-02
1.755389384925365448e-02
-4.018502309918403625e-03
-2.111685834825038910e-02
1.273766811937093735e-02
-4.552138969302177429e-02
-8.357564918696880341e-03
-1.379923895001411438e-03
-2.493245713412761688e-02
8.482180535793304443e-03
-2.276118844747543335e-02
-3.035253100097179413e-02
-6.128518655896186829e-02
-3.385327011346817017e-02
-6.482066959142684937e-02
-3.939528390765190125e-02
-3.947915136814117432e-02
-8.729854971170425415e-02
-5.863221734762191772e-02
-3.126856312155723572e-02
2.283835411071777344e-02
1.564808376133441925e-02
2.988471416756510735e-03
-7.597035262733697891e-03
-4.696049541234970093e-02
-5.259192362427711487e-02
-3.939944878220558167e-02
4.342193529009819031e-02
1.024665660224854946e-03
1.879557035863399506e-02
4.772638157010078430e-02
-8.541599661111831665e-02
1.383674293756484985e-01
7.365333382040262222e-03
4.574794787913560867e-03
-1.090666628442704678e-03
-7.596378680318593979e-03
3.627642244100570679e-02
-3.046927787363529205e-02
-4.252363927662372589e-03
-2.927881199866533279e-03
-6.897681392729282379e-03
5.082200095057487488e-02
1.962321810424327850e-03
-3.136984771117568016e-03
3.747211303561925888e-04
-5.293997470289468765e-03
-7.647538091987371445e-03
6.143636628985404968e-02
-2.253541722893714905e-02
-1.207224186509847641e-02
2.752906084060668945e-02
-7.976382970809936523e-02
-4.016417264938354492e-02
-3.481376171112060547e-02
-3.803550079464912415e-02
4.391696304082870483e-03
-1.675695180892944336e-02
-1.163671817630529404e-02
8.404116332530975342e-02
-2.004212886095046997e-02
7.413952797651290894e-02
8.428201079368591309e-03
3.630281239748001099e-02
-5.956244468688964844e-02
3.859542077407240868e-03
7.477602362632751465e-02
3.520345687866210938e-02
8.433827012777328491e-02
3.244731575250625610e-02
-5.955258011817932129e-02
2.008394151926040649e-02
7.023301720619201660e-02
5.649177357554435730e-02
2.381928265094757080e-02
-2.315721847116947174e-02
-3.066917136311531067e-02
-1.078786421567201614e-02
-9.808919578790664673e-02
-7.085008174180984497e-02
-4.639328643679618835e-02
3.486135229468345642e-02
4.715768247842788696e-02
-4.172176495194435120e-02
-9.698350727558135986e-02
6.862665712833404541e-02
3.689930588006973267e-02
-8.266273140907287598e-02
3.638395667076110840e-02
8.304752409458160400e-03
-6.175320595502853394e-03
1.056032441556453705e-02
-2.249706536531448364e-02
2.297561056911945343e-02
-2.854840084910392761e-02
1.339476928114891052e-02
3.181652724742889404e-02
1.098531531170010567e-03
5.710047110915184021e-02
4.321624711155891418e-02
-1.294306479394435883e-02
-3.219148516654968262e-02
6.648626178503036499e-02
3.553309291601181030e-02
-5.011333525180816650e-02
6.256414204835891724e-02
-9.713934734463691711e-03
-5.672059580683708191e-02
7.214455306529998779e-02
2.545038238167762756e-02
1.130323670804500580e-02
5.404435470700263977e-02
8.845566771924495697e-03
-3.030324354767799377e-02
-3.733617439866065979e-02
2.494541928172111511e-02
3.231284674257040024e-03
-1.670605130493640900e-02
7.720420509576797485e-02
3.560893610119819641e-02
-2.592515386641025543e-02
-8.100400865077972412e-02
3.450669720768928528e-02
-6.296484917402267456e-02
-7.294232398271560669e-02
-3.181491792201995850e-02
-2.813106961548328400e-02
3.618359193205833435e-02
1.804035529494285583e-02
3.605509921908378601e-02
3.893000772222876549e-03
2.499684132635593414e-02
3.925675153732299805e-02
2.277944050729274750e-02
-5.701496452093124390e-02
5.945920944213867188e-02
5.877116322517395020e-02
4.887689370661973953e-03
4.561438038945198059e-02
8.210463449358940125e-03
-3.520689159631729126e-02
3.897685185074806213e-02
-1.008285093121230602e-03
3.518156008794903755e-03
4.262795299291610718e-02
-1.179799716919660568e-02
2.558137848973274231e-02
-1.496597100049257278e-02
6.987869739532470703e-03
4.947743937373161316e-02
1.818720996379852295e-02
3.383032232522964478e-02
-7.592771202325820923e-02
-6.241558585315942764e-03
1.437739375978708267e-02
2.818608283996582031e-02
9.695773478597402573e-04
-3.212138637900352478e-02
-5.105619784444570541e-03
-4.661491513252258301e-02
4.557524342089891434e-03
3.035477921366691589e-02
2.473658509552478790e-02
1.361338328570127487e-02
4.959424212574958801e-02
5.639703571796417236e-02
-2.369613200426101685e-02
2.025502361357212067e-02
-7.140785455703735352e-02
1.109581347554922104e-02
8.387988060712814331e-02
6.718882825225591660e-03
-3.180130571126937866e-02
-6.553390622138977051e-02
-5.587102845311164856e-02
3.463746607303619385e-02
1.555096637457609177e-02
3.354960680007934570e-02
-1.556271687150001526e-02
-2.195755764842033386e-02
-2.603146620094776154e-02
-6.907231360673904419e-02
-8.275137841701507568e-02
2.766541764140129089e-02
-8.778124302625656128e-02
3.935468569397926331e-02
-8.398800157010555267e-03
1.334361149929463863e-03
5.617860238999128342e-03
7.394379470497369766e-03
3.311786055564880371e-02
-4.733496904373168945e-02
-2.501509338617324829e-02
-6.970068812370300293e-02
5.175127461552619934e-02
-3.291974216699600220e-02
3.909183293581008911e-02
-5.852237343788146973e-02
3.174963593482971191e-02
6.232599914073944092e-02
4.944882541894912720e-02
-9.831599891185760498e-03
1.170161552727222443e-02
4.047405906021595001e-03
-7.725885510444641113e-02
-1.015756558626890182e-02
1.161160133779048920e-02
5.657310783863067627e-02
2.133489027619361877e-02
-3.969072923064231873e-02
5.428888276219367981e-02
1.171651761978864670e-02
-3.829589486122131348e-02
4.997586086392402649e-02
1.157239638268947601e-02
1.212146505713462830e-02
-4.628083109855651855e-02
-8.940282464027404785e-02
-2.694911137223243713e-02
2.438786998391151428e-02
3.066488169133663177e-02
1.249516755342483521e-01
7.479372620582580566e-02
4.031937569379806519e-02
-7.973799854516983032e-02
-2.194176055490970612e-02
-7.894027046859264374e-03
4.422485828399658203e-02
-3.215087950229644775e-02
1.876215450465679169e-02
-2.126546017825603485e-02
-2.996475249528884888e-02
-8.456381410360336304e-02
1.708910451270639896e-03
1.198579464107751846e-02
1.462036091834306717e-02
5.533659085631370544e-02
1.063700579106807709e-02
-3.699055314064025879e-02
8.925342117436230183e-04
1.584586687386035919e-03
-2.577902004122734070e-02
-4.673984367400407791e-03
3.650879114866256714e-02
-2.545455656945705414e-02
-2.923263423144817352e-02
1.093116868287324905e-02
4.691726341843605042e-02
-8.720105141401290894e-02
-5.566380918025970459e-02
2.184514515101909637e-02
7.252637296915054321e-02
-3.826675936579704285e-02
-3.351733461022377014e-02
1.369283813983201981e-02
1.335321087390184402e-02
1.018262282013893127e-02
9.491947479546070099e-03
-2.563275955617427826e-02
-1.022775191813707352e-02
1.660555228590965271e-02
-4.237448424100875854e-02
-3.663382306694984436e-02
-1.626087352633476257e-02
3.047331981360912323e-02
-1.327329222112894058e-02
3.299669921398162842e-02
-6.360241025686264038e-02
3.061485849320888519e-02
-7.019659969955682755e-03
2.561176382005214691e-02
3.104979917407035828e-02
-2.014190517365932465e-02
-1.091935671865940094e-02
1.365100033581256866e-02
7.963595911860466003e-03
-3.732062131166458130e-02
-4.297567531466484070e-02
-6.807283312082290649e-02
4.898663982748985291e-02
-8.366762660443782806e-03
-1.595853082835674286e-02
-4.546663165092468262e-02
3.872773423790931702e-02
3.671061247587203979e-02
-1.139506138861179352e-02
-3.621058538556098938e-02
3.407704457640647888e-02
-4.350560717284679413e-03
-2.842212095856666565e-02
-4.822730273008346558e-02
-8.471333235502243042e-02
3.831001371145248413e-02
-5.105325207114219666e-02
-9.076723456382751465e-02
-9.897035546600818634e-03
-1.210425700992345810e-02
6.079090014100074768e-02
-2.850793302059173584e-02
4.425378888845443726e-02
-5.100420489907264709e-02
-9.269254282116889954e-03
4.169872030615806580e-02
-1.843889616429805756e-02
-1.450902223587036133e-02
8.676628768444061279e-02
-3.199538588523864746e-02
-9.059514850378036499e-03
-4.420822020620107651e-03
1.664890535175800323e-02
-8.159034699201583862e-02
-3.059173701331019402e-03
3.395892679691314697e-02
3.896102309226989746e-02
7.076971232891082764e-02
1.484007108956575394e-03
-1.175395026803016663e-02
-3.386725857853889465e-02
-6.029983237385749817e-02
-2.461590245366096497e-02
1.465756352990865707e-02
-6.363169755786657333e-03
-1.306336186826229095e-02
1.880824752151966095e-02
-1.034734398126602173e-02
-1.469403505325317383e-02
-5.600615963339805603e-02
3.027560934424400330e-02
1.769842579960823059e-02
-1.495445333421230316e-02
-4.729638993740081787e-02
5.367673188447952271e-02
-1.816289685666561127e-02
4.286916553974151611e-02
8.299694210290908813e-02
7.110930979251861572e-02
2.126595936715602875e-02
1.472462564706802368e-01
-4.610672593116760254e-03
-5.058728158473968506e-02
-9.223990142345428467e-03
4.683628305792808533e-02
-3.734729066491127014e-02
6.838530302047729492e-02
4.092463478446006775e-02
3.431795910000801086e-02
1.749165728688240051e-02
-6.848963350057601929e-02
7.136819511651992798e-02
7.398847490549087524e-02
4.310778900980949402e-02
2.326944656670093536e-02
1.661280170083045959e-03
1.563443429768085480e-02
-5.441709980368614197e-02
-2.551677450537681580e-02
-4.309037700295448303e-02
5.196685343980789185e-02
-5.020516738295555115e-02
5.507500469684600830e-02
-6.558056920766830444e-03
-3.999108821153640747e-02
3.314279392361640930e-02
1.504789385944604874e-02
-4.899162333458662033e-03
-1.003945432603359222e-02
-1.015221979469060898e-02
-1.656679064035415649e-02
7.690601050853729248e-02
7.126077264547348022e-02
-2.656230470165610313e-03
3.031063452363014221e-02
-3.570532426238059998e-02
-5.019892752170562744e-02
1.929045096039772034e-02
2.736759372055530548e-02
-1.002677995711565018e-02
-2.556435950100421906e-02
4.951831325888633728e-02
6.130900233983993530e-02
6.482254248112440109e-03
-4.632358253002166748e-02
9.239058941602706909e-03
-8.163054590113461018e-04
-4.976098239421844482e-02
-2.899231761693954468e-02
-1.564284041523933411e-02
-2.100471593439579010e-02
4.628014564514160156e-02
5.085358396172523499e-02
2.821087092161178589e-02
1.269646454602479935e-02
5.861558392643928528e-02
-3.357860073447227478e-02
8.204337209463119507e-02
-1.085852235555648804e-01
-1.007397193461656570e-02
-2.964697219431400299e-02
6.080365553498268127e-02
9.164554998278617859e-03
3.910783212631940842e-03
3.999668732285499573e-02
-3.471038863062858582e-02
-7.898686081171035767e-02
6.478169560432434082e-02
3.908256813883781433e-02
-9.436204098165035248e-03
-2.341633290052413940e-02
-2.681522630155086517e-02
6.520274281501770020e-02
2.793320454657077789e-02
-5.042925104498863220e-02
-4.620879888534545898e-02
-5.015473067760467529e-02
-6.723026162944734097e-04
8.836099505424499512e-02
3.272348269820213318e-02
-1.977677689865231514e-03
1.800738833844661713e-02
-2.377348206937313080e-02
6.257150322198867798e-02
6.443470716476440430e-03
-4.772150516510009766e-02
-1.908646710216999054e-02
6.953907757997512817e-02
3.514619916677474976e-02
2.913333103060722351e-02
-4.734131321310997009e-02
5.679631978273391724e-02
4.870469123125076294e-02
-2.939277328550815582e-02
7.874856144189834595e-02
-2.616821788251399994e-02
-6.513851881027221680e-02
-1.693086232990026474e-04
6.199530139565467834e-02
4.475071560591459274e-03
4.952476546168327332e-02
-7.184486091136932373e-02
-9.846708178520202637e-02
-1.684083603322505951e-02
-6.040155887603759766e-02
-5.633829161524772644e-02
-4.298812896013259888e-02
-2.024702541530132294e-02
-4.085857793688774109e-02
1.264799833297729492e-01
5.495906621217727661e-02
-3.625675663352012634e-02
-1.197293251752853394e-01
1.105916202068328857e-01
-5.345807224512100220e-02
-7.443489134311676025e-02
-5.072614923119544983e-02
1.982236094772815704e-02
-2.925812080502510071e-02
-9.068400412797927856e-02
-3.473571315407752991e-02
4.312638193368911743e-02
-6.593796610832214355e-02
-2.640796266496181488e-02
-1.670775264501571655e-01
3.488110005855560303e-02
-6.738601624965667725e-02
3.747271373867988586e-02
-6.069528684020042419e-02
1.936272159218788147e-02
-3.146380931138992310e-02
3.080655261874198914e-02
2.059096284210681915e-02
-7.235553581267595291e-03
-1.847092807292938232e-02
8.193428069353103638e-02
3.099915012717247009e-02
-2.510583400726318359e-02
-8.575018495321273804e-03
-2.505534887313842773e-02
1.648830249905586243e-02
2.307775057852268219e-02
3.037872165441513062e-02
1.551346853375434875e-02
5.871649365872144699e-03
-1.244666636921465397e-03
-6.221485137939453125e-02
-2.228193357586860657e-02
-4.700970277190208435e-02
-5.293563753366470337e-02
-5.428141448646783829e-04
-7.216776430141180754e-05
7.726005464792251587e-02
4.125535488128662109e-02
-2.923441119492053986e-02
-3.311789408326148987e-02
-4.682431742548942566e-02
-2.747847465798258781e-03
-2.959151566028594971e-02
-3.065440431237220764e-02
-2.699912711977958679e-02
-1.060388237237930298e-02
-4.147191718220710754e-02
6.901288777589797974e-02
-1.163691189140081406e-02
-3.486670181155204773e-02
5.397485569119453430e-02
4.935798421502113342e-02
-3.844556212425231934e-02
6.998279131948947906e-03
-1.732988841831684113e-02
1.885445229709148407e-02
