5.669167637825012207e-02
-2.264489792287349701e-02
2.792632579803466797e-02
1.272248756140470505e-02
-1.872408553026616573e-03
-3.086190670728683472e-03
9.015460498631000519e-03
2.649255283176898956e-02
-3.376667946577072144e-02
5.583831109106540680e-03
8.435298688709735870e-03
-5.512773524969816208e-03
1.746743731200695038e-02
-2.542817965149879456e-03
3.661366878077387810e-03
9.466677904129028320e-03
3.120798058807849884e-02
5.458854604512453079e-03
6.974232941865921021e-02
5.546992272138595581e-02
5.339108873158693314e-03
7.864980399608612061e-02
-6.234446167945861816e-02
7.540849968791007996e-03
-2.039684168994426727e-02
2.007508184760808945e-03
6.777336355298757553e-03
-3.930260986089706421e-02
-1.460884138941764832e-02
3.546448191627860069e-03
-2.110215835273265839e-02
2.530967071652412415e-02
2.090633660554885864e-02
4.774240311235189438e-03
1.753577403724193573e-02
1.200810074806213379e-02
-6.352024618536233902e-03
1.782716251909732819e-02
2.166336961090564728e-02
-3.234649822115898132e-02
1.597728929482400417e-03
-7.277229800820350647e-03
-1.593824848532676697e-02
1.873989385785534978e-04
-1.679085195064544678e-02
3.011591359972953796e-02
-4.284140188246965408e-03
2.795233763754367828e-02
1.450936589390039444e-02
7.724713999778032303e-03
2.708301506936550140e-02
-1.066307127475738525e-01
3.673956915736198425e-02
-9.072298184037208557e-03
-2.834423817694187164e-02
-2.760209515690803528e-02
-2.495291829109191895e-02
3.232571296393871307e-03
4.551224112510681152e-01
7.441517431288957596e-03
-2.153812162578105927e-02
2.919470705091953278e-02
3.171822428703308105e-02
-5.591903626918792725e-02
-1.152851153165102005e-02
8.589142560958862305e-02
-2.862162515521049500e-02
-2.196525968611240387e-02
-2.151347510516643524e-02
2.959462814033031464e-02
3.308197855949401855e-02
1.687243953347206116e-02
-2.072377875447273254e-02
3.797311102971434593e-03
8.277853950858116150e-03
3.958262875676155090e-02
6.377735640853643417e-03
7.355474401265382767e-03
-5.279295612126588821e-03
6.278925389051437378e-02
-3.531475365161895752e-02
7.445604074746370316e-03
-1.027515809983015060e-02
4.158186167478561401e-02
7.879211008548736572e-02
4.818210436496883631e-05
2.708587236702442169e-02
4.511760547757148743e-03
3.153617307543754578e-02
-6.696857977658510208e-03
2.800686657428741455e-02
5.989619344472885132e-02
-4.396599158644676208e-02
1.638508401811122894e-02
3.769839415326714516e-03
-2.232305705547332764e-02
-2.283919975161552429e-02
-6.448895670473575592e-03
-8.889623917639255524e-03
-2.822403423488140106e-02
1.587616279721260071e-03
4.106109216809272766e-02
1.735300384461879730e-02
2.239292114973068237e-02
2.034701965749263763e-02
6.768740247935056686e-03
2.377185039222240448e-02
-2.833423204720020294e-02
3.059343062341213226e-02
5.563187412917613983e-03
1.405548676848411560e-02
3.801158443093299866e-02
3.181034699082374573e-03
8.208685554563999176e-03
-3.096687979996204376e-02
4.838845692574977875e-03
-1.286058407276868820e-02
-6.134807132184505463e-03
4.717340320348739624e-02
-7.122166454792022705e-03
9.450310841202735901e-03
1.514629554003477097e-02
-9.495030157268047333e-03
-1.358991023153066635e-02
-1.148485695011913776e-03
2.302055060863494873e-02
-3.730821609497070312e-02
-2.413839567452669144e-03
1.278834417462348938e-03
9.229296445846557617e-02
1.554224733263254166e-02
-1.852950197644531727e-03
-3.080450743436813354e-02
-1.220690179616212845e-02
1.820692420005798340e-02
-1.128546614199876785e-02
5.923101212829351425e-03
4.090072587132453918e-02
-8.564423024654388428e-02
-1.946171000599861145e-02
-7.464611530303955078e-02
-1.059706602245569229e-02
3.299036761745810509e-04
-4.056337475776672363e-02
-5.455420818179845810e-03
8.373226970434188843e-02
-1.321375649422407150e-02
1.538019161671400070e-02
-2.035715058445930481e-02
-2.591342478990554810e-02
7.240008097141981125e-03
1.861869008280336857e-03
-3.400291875004768372e-02
2.959437295794487000e-02
-8.502057753503322601e-03
-2.554573304951190948e-02
3.019551513716578484e-03
1.770241186022758484e-02
-5.013485252857208252e-02
-5.440875422209501266e-03
4.833888728171586990e-03
-6.394773721694946289e-02
-2.094365470111370087e-02
6.252740044146776199e-03
2.155968174338340759e-02
7.481149584054946899e-02
-4.315036162734031677e-02
-1.259068399667739868e-02
-1.328048994764685631e-03
-2.317232312634587288e-03
1.740128546953201294e-02
-5.986831150949001312e-03
2.886506356298923492e-02
-1.003457419574260712e-02
6.079149991273880005e-02
2.092100493609905243e-02
1.235191430896520615e-02
-6.685637868940830231e-03
-1.033819541335105896e-01
2.705465769395232201e-03
-1.013380754739046097e-02
-4.383075609803199768e-02
2.825018484145402908e-03
9.632130153477191925e-03
1.937067252583801746e-03
9.811928495764732361e-03
-6.786591559648513794e-02
-1.794612221419811249e-02
-4.505513235926628113e-03
3.376551344990730286e-02
6.753920763731002808e-02
1.261117588728666306e-02
-2.317280741408467293e-03
-2.162009105086326599e-02
1.443904079496860504e-02
4.421068727970123291e-02
9.369526803493499756e-02
8.372971788048744202e-03
6.294132210314273834e-03
-3.499639406800270081e-02
-3.101431205868721008e-02
1.706195622682571411e-02
6.899433583021163940e-02
-1.248755399137735367e-02
1.425542123615741730e-02
1.552694477140903473e-02
-1.543103158473968506e-02
3.596578538417816162e-02
1.458510104566812515e-02
-9.294631332159042358e-02
-9.420198388397693634e-03
5.991048645228147507e-03
-7.188720162957906723e-03
-3.368511330336332321e-03
4.385854303836822510e-02
2.171655744314193726e-02
-5.774075165390968323e-03
3.563399612903594971e-02
-8.483925834298133850e-03
3.081291448324918747e-03
-1.389208901673555374e-02
-7.428832054138183594e-01
1.892487518489360809e-02
1.190208480693399906e-03
-2.983503276482224464e-03
6.108495872467756271e-03
1.432435400784015656e-02
7.733679842203855515e-03
2.108581177890300751e-02
1.216228958219289780e-02
7.603554986417293549e-03
-7.868229597806930542e-02
4.009795561432838440e-02
4.082041792571544647e-03
-4.785463679581880569e-03
-6.190155632793903351e-03
2.434265334159135818e-03
-3.443089779466390610e-03
-8.162804879248142242e-03
-1.662920601665973663e-02
1.293793041259050369e-02
-3.878254909068346024e-03
-5.546063184738159180e-04
3.196479752659797668e-02
-2.629452571272850037e-02
1.736024580895900726e-02
-7.141156587749719620e-03
3.968251124024391174e-02
-2.231231704354286194e-02
-3.222028538584709167e-02
-7.809084840118885040e-03
-2.566791139543056488e-02
1.552363485097885132e-02
-2.130642160773277283e-02
-1.461809128522872925e-02
-2.716963365674018860e-02
8.575183898210525513e-02
1.765144057571887970e-03
-8.751255273818969727e-02
5.725221708416938782e-02
2.026449888944625854e-03
2.346946299076080322e-02
-3.686886280775070190e-02
-5.387251451611518860e-02
-1.190369483083486557e-02
-6.053597666323184967e-03
6.165885925292968750e-02
1.311753541231155396e-01
1.075849980115890503e-01
-4.489790648221969604e-02
4.218991100788116455e-02
-2.881164662539958954e-03
-5.949442740529775620e-03
9.158341214060783386e-03
-1.406488753855228424e-02
-4.087205976247787476e-02
-4.101972281932830811e-02
7.376994192600250244e-02
-6.389264762401580811e-02
7.222969830036163330e-02
4.656850919127464294e-02
-1.773956976830959320e-02
-1.401783898472785950e-02
-7.171879708766937256e-02
-1.041455343365669250e-01
3.386526135727763176e-03
9.287781268358230591e-02
-1.423415727913379669e-02
-2.653501369059085846e-02
-6.461868435144424438e-02
3.292070701718330383e-02
-7.697221636772155762e-02
-2.422534301877021790e-02
7.831007242202758789e-02
-5.624356120824813843e-02
6.815242022275924683e-02
-5.171782523393630981e-02
1.413408815860748291e-01
-6.875355541706085205e-02
-3.059465810656547546e-02
-1.594274118542671204e-02
-7.907929271459579468e-02
8.783266544342041016e-01
-9.513724595308303833e-02
-1.008229795843362808e-02
-1.225291118025779724e-01
-2.344553358852863312e-04
7.128646224737167358e-02
4.142549261450767517e-02
7.686322182416915894e-02
5.122391507029533386e-03
-5.591300874948501587e-02
-5.446585826575756073e-03
3.802943602204322815e-02
-1.049364283680915833e-01
-4.603169485926628113e-02
-2.323956415057182312e-02
-1.486536301672458649e-02
-3.689619898796081543e-02
7.038412243127822876e-02
-4.099714756011962891e-02
-2.295620366930961609e-02
-1.223733276128768921e-02
7.056841254234313965e-02
3.528143977746367455e-03
7.533400785177946091e-04
-3.130774945020675659e-02
-3.471308853477239609e-03
-1.795430667698383331e-02
-1.249547675251960754e-02
-3.809641674160957336e-02
-3.579782322049140930e-02
1.454648468643426895e-02
1.085891481488943100e-02
-1.799924671649932861e-02
-2.602951228618621826e-02
-3.586607426404953003e-02
-7.133585214614868164e-02
-1.509399432688951492e-02
-3.678874298930168152e-02
-1.034108325839042664e-01
-7.123311609029769897e-02
-2.757814340293407440e-02
3.604343160986900330e-02
4.160841926932334900e-02
-5.972506478428840637e-03
-2.593330666422843933e-02
-7.367734611034393311e-02
-4.637517407536506653e-02
-2.966118045151233673e-02
1.956433057785034180e-02
-2.671558409929275513e-03
-6.319362670183181763e-03
6.956088542938232422e-02
-1.053594797849655151e-01
1.408601403236389160e-01
-2.953750267624855042e-02
3.384971618652343750e-02
4.515976086258888245e-02
2.451564930379390717e-02
4.647882282733917236e-02
-2.707836590707302094e-02
-1.380164548754692078e-02
6.816168315708637238e-03
6.592784542590379715e-03
-7.177947089076042175e-03
-1.077725365757942200e-02
5.329984426498413086e-02
1.386491302400827408e-02
-4.411491099745035172e-03
-2.378402277827262878e-02
4.737205803394317627e-02
1.179860718548297882e-02
-3.199556097388267517e-02
3.170658275485038757e-02
-9.093839675188064575e-02
-9.535405039787292480e-02
-1.772306673228740692e-02
-2.107813023030757904e-02
-2.139146067202091217e-02
-3.142967447638511658e-02
1.773632538970559835e-04
6.867993623018264771e-02
-2.394543588161468506e-02
6.557070463895797729e-02
-3.328771516680717468e-02
5.602961871773004532e-03
-1.966773159801959991e-02
4.518892616033554077e-02
4.493567347526550293e-02
5.657808855175971985e-02
7.298617064952850342e-02
8.489716053009033203e-02
-6.778367608785629272e-02
-1.263106800615787506e-02
3.508745133876800537e-02
6.933754682540893555e-02
4.252276569604873657e-02
-1.378794666379690170e-02
-3.855938464403152466e-02
2.714493544772267342e-03
-1.040972620248794556e-01
-9.028876572847366333e-02
-5.292502045631408691e-02
4.929274320602416992e-02
5.617210268974304199e-02
-1.557353138923645020e-02
-7.119370996952056885e-02
1.236872524023056030e-01
1.770003512501716614e-02
-8.432241529226303101e-02
2.214149013161659241e-02
1.403221953660249710e-02
-1.731984131038188934e-02
2.682740613818168640e-02
-2.803569287061691284e-02
4.062669351696968079e-02
-3.183151036500930786e-02
-2.491470985114574432e-02
-2.578856796026229858e-02
1.168853510171175003e-02
1.670718938112258911e-02
4.437647014856338501e-02
-2.703898772597312927e-02
-4.286546632647514343e-02
1.661497913300991058e-02
-2.364989835768938065e-03
-7.032519578933715820e-02
5.374284833669662476e-02
1.273513399064540863e-02
-6.245464459061622620e-02
4.937619715929031372e-02
-9.045328944921493530e-03
-3.950469195842742920e-03
6.325359642505645752e-02
1.400886755436658859e-02
-4.283177852630615234e-02
2.355868491576984525e-04
6.328772753477096558e-02
-1.307135354727506638e-02
-2.799544855952262878e-02
5.592711269855499268e-02
5.207601189613342285e-02
-1.025049667805433273e-02
-6.590770184993743896e-02
8.495693653821945190e-02
-1.329573802649974823e-02
-9.449703246355056763e-02
-2.542590163648128510e-02
2.138807252049446106e-02
4.462501406669616699e-02
1.750221708789467812e-03
4.442198202013969421e-02
-2.442797832190990448e-02
4.710075259208679199e-02
2.310510352253913879e-02
5.746908858418464661e-02
-1.030130404978990555e-02
4.430388286709785461e-02
4.187972098588943481e-02
6.580857187509536743e-02
4.196223244071006775e-02
7.094644010066986084e-03
-1.590531878173351288e-02
8.621957898139953613e-02
4.783140029758214951e-04
2.663520164787769318e-02
5.874851718544960022e-02
-3.839593380689620972e-02
2.489116787910461426e-02
-1.209359709173440933e-02
1.321666967123746872e-02
5.160422623157501221e-02
-1.331494376063346863e-02
5.275702476501464844e-02
-8.182304352521896362e-02
2.434286475181579590e-02
-8.574795909225940704e-03
8.768437057733535767e-02
-3.265120461583137512e-02
-2.350022085011005402e-02
1.360912062227725983e-02
-7.515411823987960815e-02
-9.397839196026325226e-03
-1.050605997443199158e-02
2.120882458984851837e-02
7.456242106854915619e-03
8.001863956451416016e-03
8.634087629616260529e-03
-1.899837329983711243e-02
4.779649898409843445e-02
-1.006895899772644043e-01
1.177953835576772690e-02
1.118771210312843323e-01
4.067021235823631287e-02
-5.872657522559165955e-02
-7.992697507143020630e-02
-2.394397929310798645e-02
5.977135524153709412e-02
-5.653600208461284637e-03
6.331196427345275879e-02
-5.059211049228906631e-03
-2.936486154794692993e-02
-8.115320815704762936e-05
-8.357209712266921997e-02
-7.323361933231353760e-02
4.962150752544403076e-02
-4.981005191802978516e-02
1.021568384021520615e-02
-2.613446488976478577e-02
-2.305440232157707214e-02
1.772676780819892883e-02
-2.299933461472392082e-03
-4.004789516329765320e-03
-3.116275370121002197e-02
-2.318452345207333565e-03
-6.542868912220001221e-02
6.232797354459762573e-02
-1.376386731863021851e-02
1.863988861441612244e-02
-5.815100669860839844e-02
-1.715064421296119690e-02
2.446277439594268799e-02
3.652268275618553162e-02
-2.746810764074325562e-02
2.287650667130947113e-02
4.136465577175840735e-05
-3.657165542244911194e-02
-9.775282442569732666e-02
2.298556827008724213e-02
2.824155427515506744e-02
2.013049833476543427e-02
-4.196168854832649231e-02
7.504381239414215088e-02
-6.579634267836809158e-03
-3.244252875447273254e-02
-6.278220564126968384e-03
3.620225936174392700e-02
-1.344313379377126694e-03
-2.744648233056068420e-02
-8.378037810325622559e-02
-5.646174401044845581e-02
-1.565295644104480743e-02
3.429964184761047363e-02
3.540308773517608643e-02
4.567862674593925476e-02
7.219015061855316162e-02
-8.498079329729080200e-02
1.799309998750686646e-02
6.989380926825106144e-04
3.047008998692035675e-02
-3.191696014255285263e-03
6.107156723737716675e-02
-2.594162942841649055e-03
-8.987391367554664612e-03
-1.190538555383682251e-01
-2.284833416342735291e-02
8.044543676078319550e-03
-5.620198789983987808e-03
3.077102825045585632e-02
-4.243650659918785095e-02
-2.302345447242259979e-02
3.371100174263119698e-03
-5.055542103946208954e-03
-3.549738600850105286e-02
-4.974940419197082520e-02
4.166613146662712097e-02
5.091639608144760132e-02
1.014451775699853897e-02
-1.756134815514087677e-02
3.044838272035121918e-02
-3.488390147686004639e-02
-6.582017242908477783e-02
4.355116281658411026e-03
7.900580763816833496e-02
-5.195334926247596741e-02
-2.759061753749847412e-02
5.121323838829994202e-02
-2.162618376314640045e-02
2.418590150773525238e-02
5.881538242101669312e-02
-4.489862918853759766e-02
-2.511479891836643219e-02
1.581033505499362946e-02
-1.552457269281148911e-02
-7.310117781162261963e-02
2.631371095776557922e-02
-1.498587615787982941e-02
8.870204910635948181e-03
-1.892117038369178772e-02
-2.824364416301250458e-02
2.394801005721092224e-02
-1.208343822509050369e-02
5.394315347075462341e-02
-1.666824147105216980e-02
-1.131752156652510166e-03
-1.231108978390693665e-02
3.513279557228088379e-02
6.528088357299566269e-03
-4.652190580964088440e-02
-7.669031620025634766e-02
-4.470213875174522400e-02
4.141585528850555420e-02
3.811802342534065247e-02
-3.652352839708328247e-02
-6.702836602926254272e-02
4.563459008932113647e-02
3.201846033334732056e-02
2.121969126164913177e-02
-7.832627743482589722e-02
2.250122465193271637e-02
4.072536714375019073e-03
-2.375006442889571190e-03
-7.975112646818161011e-02
-7.932864874601364136e-02
1.336868200451135635e-02
5.529735703021287918e-03
-8.154310286045074463e-02
-9.228958748281002045e-03
-2.483941614627838135e-02
3.626978769898414612e-02
-3.435761667788028717e-03
3.197190165519714355e-02
-4.243078827857971191e-02
1.934198662638664246e-02
5.149821192026138306e-02
-1.046207966282963753e-03
-1.775255799293518066e-02
6.786407530307769775e-02
4.098436329513788223e-03
2.405560016632080078e-02
-5.202128738164901733e-02
3.532681614160537720e-02
-7.505489885807037354e-02
3.123896010220050812e-02
1.335936319082975388e-02
-1.233539357781410217e-02
8.175641298294067383e-02
2.786215208470821381e-02
-3.283057885710150003e-04
-3.409320116043090820e-02
-4.820367321372032166e-02
-4.015795886516571045e-02
1.757777296006679535e-02
-1.251750346273183823e-02
2.236089482903480530e-02
-1.986966840922832489e-02
2.921379869803786278e-03
-3.637127950787544250e-02
-4.651124030351638794e-02
2.967209368944168091e-02
-5.876276642084121704e-03
-1.085499394685029984e-02
-9.943022578954696655e-02
1.191456615924835205e-02
-3.549013286828994751e-02
2.188846468925476074e-02
3.753923997282981873e-02
1.716932095587253571e-02
5.350313149392604828e-03
1.208262592554092407e-01
-9.277974255383014679e-03
-3.843034431338310242e-02
2.772442065179347992e-02
4.525367170572280884e-02
-7.359477132558822632e-02
6.439545750617980957e-02
4.151620715856552124e-02
2.684142626821994781e-02
1.411392819136381149e-02
-2.958807349205017090e-02
6.473119556903839111e-02
3.720437735319137573e-02
-7.639568764716386795e-03
4.200256988406181335e-02
-1.568385958671569824e-02
3.830127418041229248e-02
-5.808107182383537292e-02
-1.923586614429950714e-02
-4.339765384793281555e-02
2.724151499569416046e-02
-3.357035294175148010e-02
4.931705445051193237e-02
-7.850965484976768494e-03
3.552089910954236984e-03
-1.060831733047962189e-02
6.848341785371303558e-03
-4.086790978908538818e-02
-4.732685163617134094e-02
-1.300113182514905930e-02
-3.829468041658401489e-02
4.840510338544845581e-02
7.046706974506378174e-02
-3.362300992012023926e-02
2.630432881414890289e-02
3.372645005583763123e-03
-2.744879201054573059e-02
4.687144607305526733e-02
3.222136944532394409e-02
1.931307092308998108e-02
-5.734061449766159058e-02
6.733806431293487549e-02
2.232505194842815399e-02
-2.443319559097290039e-02
-6.588463485240936279e-02
4.308475926518440247e-02
-1.271795574575662613e-02
-5.150720849633216858e-02
-8.226224035024642944e-02
-1.609289646148681641e-02
-6.459194421768188477e-02
-3.249102737754583359e-04
1.804942637681961060e-02
3.414118662476539612e-02
-1.810712367296218872e-02
6.925566494464874268e-02
-5.630060657858848572e-02
2.162224054336547852e-02
-5.149339139461517334e-02
-2.644819021224975586e-02
-1.736749336123466492e-02
-1.026608515530824661e-02
-3.131435438990592957e-02
7.171822711825370789e-03
5.075111519545316696e-03
-4.501480981707572937e-02
-6.243530288338661194e-02
6.269830465316772461e-02
4.714798927307128906e-02
4.322252422571182251e-02
2.126039378345012665e-02
-1.252336427569389343e-02
2.325602993369102478e-02
5.192387104034423828e-02
-2.575946412980556488e-02
-5.264336615800857544e-02
-6.127895042300224304e-02
-6.433488801121711731e-03
4.129761457443237305e-02
-3.683049231767654419e-03
-3.541080653667449951e-02
-4.622122738510370255e-03
-3.847100585699081421e-02
7.445483654737472534e-02
3.201369894668459892e-03
-2.275123633444309235e-02
-4.254761338233947754e-02
4.896458238363265991e-02
-1.126588881015777588e-02
4.041596129536628723e-02
-3.868098184466362000e-02
1.528686471283435822e-02
5.677787121385335922e-03
-2.029071561992168427e-02
6.868507713079452515e-02
3.186004236340522766e-02
-1.124852057546377182e-02
-1.464203838258981705e-02
1.509990263730287552e-02
1.219753921031951904e-02
4.928706213831901550e-02
-5.219684168696403503e-02
-6.731527298688888550e-02
-1.038387883454561234e-02
-2.958534285426139832e-02
-2.103748358786106110e-02
-7.211515307426452637e-02
-3.684540092945098877e-02
-5.277574807405471802e-02
7.929258048534393311e-02
2.447446109727025032e-03
-5.717971548438072205e-02
-6.449203938245773315e-02
6.686454266309738159e-02
-4.560343921184539795e-02
-6.481914222240447998e-02
-7.526501268148422241e-02
2.734250575304031372e-02
1.313056214712560177e-03
-7.273045927286148071e-02
-6.750617921352386475e-02
8.354746550321578979e-02
-8.000317029654979706e-03
1.797393150627613068e-02
-1.705264747142791748e-01
-1.524278242141008377e-02
-1.272558234632015228e-02
4.368440248072147369e-03
-6.519695371389389038e-02
4.080575704574584961e-02
-4.580074548721313477e-02
3.638001903891563416e-02
1.490435097366571426e-03
-3.964785858988761902e-02
-1.979923248291015625e-02
6.280665844678878784e-02
-4.344524815678596497e-03
-3.139138221740722656e-02
-2.238075103377923369e-04
2.082552388310432434e-02
2.250289916992187500e-02
-2.877332083880901337e-02
6.209040805697441101e-02
-1.016857754439115524e-02
1.829827576875686646e-02
1.092728879302740097e-02
-5.449958145618438721e-02
-7.802164182066917419e-03
-1.109888106584548950e-01
-2.606151439249515533e-02
1.693625189363956451e-02
7.074336986988782883e-03
8.290773630142211914e-02
2.314141206443309784e-02
-4.955696314573287964e-02
-3.630373626947402954e-02
-2.541838330216705799e-04
-9.138597175478935242e-03
-3.580264747142791748e-02
-4.286508262157440186e-02
-7.916525006294250488e-02
-2.537582069635391235e-02
-1.788941025733947754e-02
9.207650274038314819e-02
-3.850868903100490570e-03
2.766497805714607239e-02
4.119247198104858398e-02
4.106365144252777100e-02
-6.226889416575431824e-02
3.761869296431541443e-02
-6.064150482416152954e-03
-1.021242979913949966e-02
