6.297007948160171509e-02
-2.142364531755447388e-02
3.587236255407333374e-02
1.129462942481040955e-02
1.256501767784357071e-03
-2.553554438054561615e-02
6.054610013961791992e-03
2.090246649459004402e-03
-8.245018869638442993e-02
1.054134801961481571e-03
2.654368616640567780e-02
-1.718526519834995270e-02
1.250802725553512573e-02
-1.520380727015435696e-03
-5.021287128329277039e-03
8.073580451309680939e-03
7.648479193449020386e-03
7.358312606811523438e-03
8.344692736864089966e-02
3.990882635116577148e-02
-5.119083914905786514e-03
7.746915519237518311e-02
-5.244543030858039856e-02
1.636115275323390961e-02
-1.495041418820619583e-02
-1.174254249781370163e-02
2.094190753996372223e-02
-3.792712837457656860e-02
-2.252810634672641754e-02
-1.662851497530937195e-02
3.223517909646034241e-02
3.470535576343536377e-02
2.614963799715042114e-02
2.857192419469356537e-03
1.017111726105213165e-02
-2.706801751628518105e-04
2.547903731465339661e-02
1.837793551385402679e-02
1.302643120288848877e-02
6.929278373718261719e-03
-1.464197225868701935e-02
-6.262710317969322205e-03
-9.696423076093196869e-03
2.038985118269920349e-02
-3.771664341911673546e-03
6.702102720737457275e-03
-1.288169529289007187e-02
3.181540593504905701e-02
9.070508182048797607e-03
9.919176809489727020e-03
1.053384505212306976e-02
-8.385114371776580811e-02
8.129467070102691650e-02
-9.487652219831943512e-03
-6.057863589376211166e-03
-2.307899668812751770e-02
-3.742128983139991760e-02
1.432715635746717453e-02
4.705776274204254150e-01
-9.080135263502597809e-03
-7.259888574481010437e-03
2.023943141102790833e-02
5.300433188676834106e-02
-6.584877520799636841e-02
-2.749479375779628754e-02
9.525677561759948730e-02
-4.236660152673721313e-02
-5.651281680911779404e-03
-4.495182260870933533e-02
4.394759237766265869e-02
1.920585706830024719e-02
-9.302270598709583282e-03
-5.318670067936182022e-03
-4.595153965055942535e-03
4.426517989486455917e-03
4.279793798923492432e-02
-3.152292687445878983e-03
-1.500981277786195278e-03
5.699121393263339996e-03
5.094533413648605347e-02
-3.289185836911201477e-02
1.319691631942987442e-02
-1.230005361139774323e-02
5.011465400457382202e-02
6.935437768697738647e-02
5.275051109492778778e-03
6.438135635107755661e-03
1.235003769397735596e-02
2.320957556366920471e-02
-3.293064236640930176e-02
2.226794883608818054e-02
7.216496020555496216e-02
-5.397918075323104858e-02
2.611324563622474670e-02
-8.192448876798152924e-03
-2.899345755577087402e-02
-6.110715679824352264e-03
1.940311514772474766e-03
1.595087908208370209e-02
-1.832377165555953979e-02
9.612217399990186095e-05
4.108694568276405334e-02
-1.203103363513946533e-02
1.795162819325923920e-02
1.321694441139698029e-02
6.882061250507831573e-03
3.401578217744827271e-02
-2.906739711761474609e-02
2.738315053284168243e-02
5.446423310786485672e-03
7.535468321293592453e-03
2.253976836800575256e-02
4.184552468359470367e-03
-1.933933421969413757e-02
-9.063593111932277679e-03
2.883102279156446457e-03
-3.286953270435333252e-02
-1.134699024260044098e-02
3.161119297146797180e-02
4.064763896167278290e-03
1.028146222233772278e-02
9.011086076498031616e-03
1.726795174181461334e-02
-2.065660990774631500e-02
2.442498505115509033e-02
2.619936130940914154e-02
-5.172276496887207031e-02
-1.339017134159803391e-02
-1.771415024995803833e-02
7.528578490018844604e-02
3.279488906264305115e-02
2.241185633465647697e-03
-2.618321031332015991e-02
1.292822137475013733e-02
7.754800841212272644e-03
1.269711367785930634e-02
2.846932597458362579e-02
3.631224483251571655e-02
-4.241450875997543335e-02
-1.813508942723274231e-02
-5.556508898735046387e-02
1.447687670588493347e-02
-1.752097904682159424e-02
-3.121361136436462402e-02
-1.119097601622343063e-02
8.370745927095413208e-02
-4.314383026212453842e-03
-1.149353757500648499e-02
-7.391164079308509827e-03
-1.397161837667226791e-02
1.701566949486732483e-02
1.631649397313594818e-02
-1.989096775650978088e-02
4.753305017948150635e-02
-6.954696145839989185e-04
-1.180349476635456085e-02
4.155834671109914780e-03
1.642868854105472565e-02
-2.129469998180866241e-02
-1.738793589174747467e-02
-1.945201493799686432e-02
-5.641214549541473389e-02
-3.809465467929840088e-02
1.018598303198814392e-02
1.293007750064134598e-02
9.026866406202316284e-02
-4.662216082215309143e-02
-2.988329529762268066e-02
1.561307255178689957e-02
9.072258137166500092e-03
1.036665681749582291e-02
-3.965053241699934006e-03
1.763898134231567383e-02
-5.770835094153881073e-03
3.875335305929183960e-02
9.728255681693553925e-03
2.244316507130861282e-03
5.168137140572071075e-03
-1.003033816814422607e-01
1.164475642144680023e-02
-9.749297052621841431e-03
-1.436230633407831192e-02
1.016107015311717987e-02
1.391663245158270001e-04
1.648446545004844666e-03
1.922550052404403687e-02
-2.138320542871952057e-02
-1.631020195782184601e-02
-1.501094922423362732e-02
2.332696132361888885e-02
2.539891935884952545e-02
3.126062685623764992e-03
-1.175731047987937927e-02
-1.891135005280375481e-03
-1.122157089412212372e-02
5.238658934831619263e-02
1.201778650283813477e-01
1.216603256762027740e-02
5.971081554889678955e-02
-2.461346052587032318e-02
-5.878455191850662231e-02
5.687782075256109238e-03
5.965887010097503662e-02
-1.361304987221956253e-02
4.960944410413503647e-03
1.298663765192031860e-02
-7.654338143765926361e-03
2.476321347057819366e-02
6.790263578295707703e-03
-8.234839886426925659e-02
5.175656173378229141e-03
-2.071489766240119934e-02
-1.662779413163661957e-02
1.020283252000808716e-02
3.222563117742538452e-02
8.951422758400440216e-03
1.424008747562766075e-03
4.509871453046798706e-02
-1.077602617442607880e-02
4.430534318089485168e-03
-2.032527932897210121e-03
-7.329667210578918457e-01
1.923449523746967316e-02
1.414456591010093689e-02
1.079522259533405304e-02
-2.501164854038506746e-04
3.540931269526481628e-02
-1.001412048935890198e-02
3.016512840986251831e-02
1.780830137431621552e-02
-1.425147149711847305e-02
-6.265289336442947388e-02
4.460135847330093384e-02
-4.479300987441092730e-04
4.625763103831559420e-04
-6.581572815775871277e-03
1.064257975667715073e-02
-1.324198767542839050e-02
-8.204340003430843353e-03
-1.283199805766344070e-02
2.459810860455036163e-02
-5.635870154947042465e-03
-4.817622713744640350e-03
5.538527294993400574e-02
-3.280600532889366150e-02
1.438391208648681641e-02
-1.722872070968151093e-02
2.829491626471281052e-03
-2.673948928713798523e-02
-4.079132154583930969e-02
-1.965568400919437408e-02
-1.467965357005596161e-02
1.099926233291625977e-02
-7.117301691323518753e-03
-1.214924413943663239e-04
-1.355577632784843445e-02
1.520545482635498047e-01
2.480344288051128387e-02
-1.003675758838653564e-01
1.256228238344192505e-01
-2.817491069436073303e-02
-2.087050490081310272e-02
-4.336018860340118408e-02
-2.914877794682979584e-02
-7.019328325986862183e-02
-2.653310447931289673e-02
9.879924356937408447e-02
1.991030573844909668e-01
5.767263844609260559e-02
-4.342173039913177490e-02
-2.291757240891456604e-02
-6.806854624301195145e-03
3.348341956734657288e-02
-3.633835539221763611e-02
-3.141285851597785950e-02
-4.293569177389144897e-02
-3.099109977483749390e-02
1.397336870431900024e-01
-1.578114479780197144e-01
1.490688603371381760e-02
4.749403521418571472e-02
-5.372504889965057373e-02
-7.201375812292098999e-02
-5.837849155068397522e-02
-6.576637923717498779e-02
-7.341811060905456543e-02
5.421875417232513428e-02
-5.770318955183029175e-02
-4.945043474435806274e-02
-2.094163931906223297e-02
-5.118841305375099182e-02
-1.493672281503677368e-02
-1.088208425790071487e-02
7.805837690830230713e-02
-1.481506675481796265e-01
5.789143592119216919e-02
1.315460167825222015e-02
1.828990578651428223e-01
-1.654541790485382080e-01
-7.501630578190088272e-03
-1.217086985707283020e-01
-6.674896180629730225e-02
7.744528055191040039e-01
-1.820377707481384277e-01
-2.237005718052387238e-02
-7.210178673267364502e-02
-3.352841734886169434e-02
8.241965551860630512e-04
1.555684395134449005e-02
2.579122968018054962e-02
-1.502332370728254318e-02
-6.574346870183944702e-02
-4.167816787958145142e-02
4.602505266666412354e-02
-1.531975716352462769e-01
-3.282042965292930603e-02
4.406714811921119690e-03
4.532063845545053482e-03
-6.864655762910842896e-02
9.547378867864608765e-02
-6.166661903262138367e-02
-2.430005697533488274e-03
3.650361904874444008e-03
7.593009620904922485e-02
-1.908806618303060532e-03
7.838275283575057983e-03
-2.078224159777164459e-02
-4.193267319351434708e-03
-1.167456060647964478e-02
-1.851551467552781105e-03
-2.187401056289672852e-02
-3.833974152803421021e-02
2.507545799016952515e-02
-1.790891587734222412e-02
-1.820637658238410950e-02
-2.030618116259574890e-02
-1.925326138734817505e-02
-6.643404811620712280e-02
-3.585289791226387024e-02
-6.170012801885604858e-02
-1.247400268912315369e-01
-6.829620897769927979e-02
-4.122656211256980896e-02
2.588831447064876556e-02
3.485922515392303467e-02
-9.147641249001026154e-03
3.148914547637104988e-03
-8.239441365003585815e-02
-2.820099703967571259e-02
-2.210698835551738739e-02
5.612221360206604004e-02
-2.717007324099540710e-02
1.747172325849533081e-02
5.674189329147338867e-02
-1.181285604834556580e-01
1.314509809017181396e-01
-2.948544919490814209e-02
3.781943768262863159e-02
3.244275925680994987e-03
1.647158712148666382e-02
5.534025654196739197e-02
-3.599179163575172424e-02
-1.812654361128807068e-02
8.210501633584499359e-03
-9.334955364465713501e-03
-3.844537772238254547e-03
3.347330028191208839e-03
5.756560713052749634e-02
1.250168960541486740e-02
-3.714012447744607925e-03
-2.048625051975250244e-02
5.072277784347534180e-02
-4.340813960880041122e-03
-6.709450483322143555e-02
3.288315236568450928e-02
-8.161877095699310303e-02
-1.099044159054756165e-01
-3.320498764514923096e-02
-1.428823173046112061e-02
-1.977973617613315582e-02
-2.220033481717109680e-02
-4.069798160344362259e-03
6.640010327100753784e-02
-4.795948415994644165e-02
7.115482538938522339e-02
-4.253248497843742371e-02
1.994227757677435875e-03
-4.296308383345603943e-02
6.559418886899948120e-02
1.620540395379066467e-02
8.326172083616256714e-02
7.281345874071121216e-02
4.264798015356063843e-02
-9.300763905048370361e-02
-3.140184655785560608e-02
3.668770194053649902e-02
5.416828766465187073e-02
5.111616849899291992e-02
5.324287805706262589e-03
-3.948512300848960876e-02
3.716554725542664528e-03
-7.472068071365356445e-02
-8.040121942758560181e-02
-5.477152764797210693e-02
3.679808974266052246e-02
7.476987689733505249e-02
-3.025824390351772308e-02
-9.008292853832244873e-02
8.507384359836578369e-02
1.515347976237535477e-02
-9.379450231790542603e-02
2.854674123227596283e-02
4.644600849132984877e-04
-3.124082274734973907e-02
9.276788681745529175e-03
-2.875258401036262512e-02
1.369875203818082809e-02
-3.593638539314270020e-02
2.371262386441230774e-02
-2.061591111123561859e-02
-6.796176545321941376e-03
2.955110929906368256e-02
3.688799589872360229e-02
-1.783245056867599487e-02
-3.432071208953857422e-02
3.254059702157974243e-03
9.235734120011329651e-03
-5.600636824965476990e-02
7.379581034183502197e-02
1.844939403235912323e-02
-6.127677485346794128e-02
4.979581013321876526e-02
9.958464652299880981e-03
-8.809740655124187469e-03
4.211740940809249878e-02
6.304103881120681763e-03
-6.645954400300979614e-02
6.796211469918489456e-03
3.864207491278648376e-02
-9.307455271482467651e-03
-2.725792862474918365e-02
7.087986916303634644e-02
2.184983901679515839e-02
-9.010869543999433517e-04
-9.455725550651550293e-02
6.001541763544082642e-02
-1.930008269846439362e-02
-6.485248357057571411e-02
-3.077049180865287781e-02
4.495066124945878983e-03
3.269975632429122925e-02
1.390930358320474625e-02
6.133473664522171021e-02
-1.541517488658428192e-02
3.604209795594215393e-02
-5.707971286028623581e-03
5.031525343656539917e-02
-9.914706461131572723e-03
2.230778522789478302e-02
4.002569988369941711e-02
1.626647263765335083e-02
5.558383837342262268e-02
5.195758771151304245e-03
-7.660170551389455795e-03
4.879723489284515381e-02
5.873068701475858688e-03
1.181549485772848129e-02
5.060729384422302246e-02
-4.998302087187767029e-03
2.043596841394901276e-02
-7.272064220160245895e-03
3.980879206210374832e-03
3.319458663463592529e-02
-1.317668240517377853e-02
2.714132703840732574e-02
-6.468744575977325439e-02
1.041731983423233032e-02
-9.435272775590419769e-03
6.796537339687347412e-02
-4.193757101893424988e-02
-3.225805237889289856e-02
-1.628280268050730228e-03
-6.564160436391830444e-02
2.825465053319931030e-03
1.596738398075103760e-02
1.609518192708492279e-02
-1.831374503672122955e-02
3.077179007232189178e-02
1.142522413283586502e-02
-3.573922067880630493e-02
4.005011543631553650e-02
-8.058558404445648193e-02
-4.912967560812830925e-04
7.788117974996566772e-02
3.151951357722282410e-02
-4.769325256347656250e-02
-6.327257305383682251e-02
-2.888740785419940948e-02
7.651725411415100098e-02
6.145948078483343124e-03
6.564649939537048340e-02
-1.983900181949138641e-02
-3.851971402764320374e-02
-6.764356046915054321e-03
-7.453475892543792725e-02
-8.801511675119400024e-02
5.041592568159103394e-02
-5.200099200010299683e-02
2.491061203181743622e-02
-1.947722025215625763e-02
-8.453152142465114594e-03
7.597065530717372894e-03
1.474015135318040848e-02
-1.065803319215774536e-02
-4.516141489148139954e-02
3.845661645755171776e-03
-4.481185227632522583e-02
5.998821929097175598e-02
-9.287066757678985596e-03
2.428967319428920746e-02
-6.208357959985733032e-02
1.258914126083254814e-03
1.363021321594715118e-02
3.482647612690925598e-02
7.062483113259077072e-03
3.883301466703414917e-02
-5.902191158384084702e-03
-5.656670033931732178e-02
-5.401397123932838440e-02
2.248243056237697601e-02
3.812235966324806213e-02
3.478620573878288269e-02
-9.232128039002418518e-03
6.033907830715179443e-02
9.497276507318019867e-03
-4.896691441535949707e-02
4.302204120904207230e-03
2.132336422801017761e-02
-7.572066970169544220e-03
-3.082289360463619232e-02
-7.928150892257690430e-02
-5.453307926654815674e-02
1.049171388149261475e-02
3.712609782814979553e-02
7.612560689449310303e-02
6.975749880075454712e-02
5.132949352264404297e-02
-8.199217170476913452e-02
1.479279343038797379e-02
-1.915535330772399902e-02
3.072533942759037018e-02
-2.769828960299491882e-02
5.449388921260833740e-02
-3.247318416833877563e-02
-7.315838243812322617e-03
-1.133768334984779358e-01
-4.747267067432403564e-02
2.223344519734382629e-02
-6.832964252680540085e-03
4.400554299354553223e-02
-3.469688072800636292e-02
-1.718014292418956757e-02
-4.711705259978771210e-03
1.004212349653244019e-02
-2.425328269600868225e-02
-1.731290854513645172e-02
4.401984810829162598e-02
1.918348111212253571e-02
-4.794666892848908901e-05
-1.486258208751678467e-02
3.698059171438217163e-02
-4.262328520417213440e-02
-6.482858210802078247e-02
-1.750598847866058350e-02
7.392779737710952759e-02
-6.465325504541397095e-02
-1.960913185030221939e-03
4.206126928329467773e-02
-1.086960546672344208e-02
1.420461200177669525e-02
4.687566682696342468e-02
-4.176824539899826050e-02
-2.375689707696437836e-02
1.382636930793523788e-02
-3.688133880496025085e-02
-4.151763021945953369e-02
2.222429774701595306e-02
-7.367116864770650864e-03
7.270178291946649551e-03
-1.485472265630960464e-02
-3.154176101088523865e-02
2.928301133215427399e-02
-4.425089061260223389e-02
4.677383974194526672e-02
1.767995208501815796e-02
-8.600340224802494049e-03
-2.452126145362854004e-02
5.198740586638450623e-02
1.838152855634689331e-02
-3.952473774552345276e-02
-8.086855709552764893e-02
-2.314472571015357971e-02
5.327166244387626648e-02
1.503172423690557480e-02
-1.982159726321697235e-02
-7.028044760227203369e-02
7.102200388908386230e-02
8.548469282686710358e-03
-2.730481559410691261e-03
-5.403554812073707581e-02
3.809051960706710815e-02
-1.400867709890007973e-03
2.952007809653878212e-03
-8.766698092222213745e-02
-3.728641569614410400e-02
1.487647555768489838e-02
-3.701280057430267334e-02
-9.477928280830383301e-02
-1.237710844725370407e-02
-2.665104717016220093e-02
4.930865392088890076e-02
-2.172426506876945496e-02
3.213863074779510498e-02
-4.504146426916122437e-02
-2.391030546277761459e-03
5.363998934626579285e-02
1.175416447222232819e-02
-2.678438276052474976e-02
7.977736741304397583e-02
-2.264395169913768768e-02
1.782344654202461243e-02
-5.487705022096633911e-02
3.645839169621467590e-02
-1.068670824170112610e-01
3.999126702547073364e-02
9.062393568456172943e-03
-2.184879593551158905e-02
7.403215765953063965e-02
1.091627776622772217e-02
-9.893863461911678314e-03
-3.497635200619697571e-02
-6.087094545364379883e-02
-2.021904848515987396e-02
2.698850817978382111e-02
-2.865585312247276306e-02
3.498904779553413391e-02
-1.702982746064662933e-02
-1.935057714581489563e-02
-4.391022026538848877e-02
-3.754247725009918213e-02
3.947560489177703857e-02
-2.797005511820316315e-02
-3.296073526144027710e-02
-9.777522832155227661e-02
5.456724204123020172e-03
-2.271528728306293488e-02
5.249288678169250488e-02
4.703631252050399780e-02
3.842893987894058228e-02
-1.435286086052656174e-02
1.326624751091003418e-01
-1.862093620002269745e-02
-3.180687502026557922e-02
2.120543085038661957e-02
6.091250479221343994e-02
-6.213380023837089539e-02
6.427875906229019165e-02
1.304936129599809647e-03
4.170838743448257446e-02
2.125637792050838470e-02
-4.653412103652954102e-02
7.470209896564483643e-02
6.196967139840126038e-02
6.400578189641237259e-03
3.042351454496383667e-02
-3.512200713157653809e-02
3.394738957285881042e-02
-7.195337116718292236e-02
-3.475688397884368896e-02
-1.643508300185203552e-02
4.162087291479110718e-02
-2.365145459771156311e-02
3.760218992829322815e-02
-5.177141726016998291e-02
-1.855184510350227356e-02
-9.232608601450920105e-03
-2.482724748551845551e-02
-2.049885690212249756e-02
-1.169608440250158310e-02
-1.688808319158852100e-03
-3.530091047286987305e-02
3.948668763041496277e-02
7.214955985546112061e-02
-3.053759783506393433e-02
6.864968221634626389e-03
-7.876292802393436432e-03
-3.201530873775482178e-02
2.833125554025173187e-02
1.552068255841732025e-02
3.742848709225654602e-02
-6.348524987697601318e-02
7.242177426815032959e-02
6.258064508438110352e-02
-2.509776502847671509e-03
-6.530246883630752563e-02
4.880710318684577942e-02
-1.067864708602428436e-03
-4.319680482149124146e-02
-3.179033473134040833e-02
-2.642254158854484558e-02
-6.455636024475097656e-02
5.581625271588563919e-03
1.898244768381118774e-02
4.279077053070068359e-02
-4.432915709912776947e-03
6.754674762487411499e-02
-3.996954485774040222e-02
2.654975466430187225e-02
-9.469666332006454468e-02
-3.339058952406048775e-03
-3.409324213862419128e-02
2.767188288271427155e-02
-5.537424585781991482e-04
7.327116094529628754e-03
-5.966467782855033875e-03
-6.200887635350227356e-02
-7.871354371309280396e-02
8.207568526268005371e-02
5.101448670029640198e-02
5.042195692658424377e-02
1.904612593352794647e-02
6.448288448154926300e-03
3.186657279729843140e-02
2.191822975873947144e-02
-2.344348281621932983e-02
-3.327895328402519226e-02
-6.017561256885528564e-02
-1.269927434623241425e-02
2.672384493052959442e-02
-1.186199486255645752e-02
-1.678973250091075897e-02
-1.108327601104974747e-02
-3.016160801053047180e-02
6.968170404434204102e-02
1.053499174304306507e-03
-3.349224478006362915e-02
-4.502959549427032471e-02
5.924205482006072998e-02
3.039945848286151886e-03
1.329813711345195770e-02
-3.063656389713287354e-02
5.400365591049194336e-02
3.664160519838333130e-02
-2.554480917751789093e-02
5.821715295314788818e-02
-2.706813067197799683e-02
-1.923189125955104828e-02
-2.022162452340126038e-02
1.815353520214557648e-02
1.332030072808265686e-02
7.384777814149856567e-02
-7.348708808422088623e-02
-7.926068454980850220e-02
-1.440180372446775436e-02
6.609912496060132980e-03
-5.000950023531913757e-02
-4.086981341242790222e-02
-5.049241334199905396e-02
-2.372403442859649658e-02
8.674719184637069702e-02
7.354475557804107666e-03
-4.272320494055747986e-02
-7.848664373159408569e-02
7.555282860994338989e-02
-4.303857311606407166e-02
-7.220456749200820923e-02
-6.686463207006454468e-02
1.946592517197132111e-02
4.370967508293688297e-05
-1.082187294960021973e-01
-5.625405907630920410e-02
6.716325134038925171e-02
-1.367693208158016205e-02
1.542400801554322243e-03
-1.780273169279098511e-01
-1.020479667931795120e-02
-9.127688594162464142e-03
2.691804245114326477e-02
-5.796182900667190552e-02
3.575296327471733093e-02
-4.091000556945800781e-02
4.728844016790390015e-02
1.069708843715488911e-03
-4.567107185721397400e-02
-7.661988493055105209e-03
8.174361288547515869e-02
8.783606812357902527e-03
-5.042321607470512390e-02
1.314534340053796768e-03
1.536752842366695404e-02
3.572467342019081116e-02
-3.470949456095695496e-02
4.736285656690597534e-02
1.362066436558961868e-02
2.162292972207069397e-02
2.766695991158485413e-02
-5.602102354168891907e-02
-2.599710784852504730e-02
-9.628568589687347412e-02
-1.264457963407039642e-02
-9.129605256021022797e-03
-2.537604887038469315e-03
8.235602080821990967e-02
1.964707672595977783e-02
-3.866534680128097534e-02
-7.066400349140167236e-02
-6.491810083389282227e-03
-2.472957130521535873e-04
-4.265671223402023315e-02
-2.980323694646358490e-02
-4.409328103065490723e-02
-1.511517073959112167e-02
-2.950204536318778992e-02
8.913622796535491943e-02
-3.708281088620424271e-03
9.605537168681621552e-03
5.704184249043464661e-02
2.538227848708629608e-02
-5.955646559596061707e-02
2.655590884387493134e-02
-1.445782743394374847e-02
4.134617745876312256e-03
