2.915596216917037964e-02
-5.101742222905158997e-03
7.035331428050994873e-02
2.708862721920013428e-02
3.844949882477521896e-03
-3.281838074326515198e-02
2.285857126116752625e-02
2.110497280955314636e-02
-2.539381384849548340e-02
7.736483123153448105e-03
-7.672008592635393143e-03
-3.030802588909864426e-03
2.223304007202386856e-03
2.400871179997920990e-02
2.608512155711650848e-02
8.734590373933315277e-03
2.056330628693103790e-02
-2.055236510932445526e-02
3.983939066529273987e-02
2.720935083925724030e-02
1.437558885663747787e-02
7.917280495166778564e-02
-6.342494487762451172e-02
-1.313220825977623463e-03
-1.456124242395162582e-02
7.557257544249296188e-03
2.358869090676307678e-02
-1.728619821369647980e-02
-3.955916035920381546e-03
-7.712423801422119141e-03
-1.533323340117931366e-02
2.190008759498596191e-02
1.987286843359470367e-02
3.410713514313101768e-03
8.520417846739292145e-03
3.846120089292526245e-04
-2.667648904025554657e-02
6.469109095633029938e-03
5.508993752300739288e-03
-3.546092286705970764e-02
-2.142325975000858307e-04
-4.526005592197179794e-03
2.145252190530300140e-02
8.788937702775001526e-03
1.150894165039062500e-02
7.209154311567544937e-03
1.739534921944141388e-02
2.527092397212982178e-02
-2.052628248929977417e-02
1.667361706495285034e-02
2.561967354267835617e-03
-8.685794472694396973e-02
4.456080123782157898e-02
-1.952409930527210236e-02
-1.806456223130226135e-02
-2.587613835930824280e-02
-6.835046224296092987e-03
6.431206129491329193e-03
4.348697066307067871e-01
-4.885865002870559692e-02
-1.567595265805721283e-02
-1.563590578734874725e-02
2.694465965032577515e-02
-6.142865493893623352e-02
-1.139945071190595627e-02
7.623857259750366211e-02
-2.618550881743431091e-02
-2.115722186863422394e-02
-1.853123493492603302e-02
2.238693833351135254e-02
2.045911364257335663e-02
-8.191427914425730705e-04
1.701019704341888428e-02
-2.336570620536804199e-02
4.875896871089935303e-02
3.311826288700103760e-02
2.125812135636806488e-02
3.858644515275955200e-02
-1.632394734770059586e-03
9.051355719566345215e-02
-3.546380670741200447e-03
-2.214712556451559067e-03
-1.894642785191535950e-02
3.058279119431972504e-02
5.319679155945777893e-02
-2.583625901024788618e-04
1.815335080027580261e-02
3.070571832358837128e-02
1.165381725877523422e-02
-4.271459765732288361e-03
-1.380913984030485153e-02
6.983868032693862915e-02
-5.252444371581077576e-02
2.774017117917537689e-02
4.644971631933003664e-04
-6.867539603263139725e-03
-1.489805709570646286e-02
-9.292285889387130737e-03
-3.220779076218605042e-02
-2.284974046051502228e-02
5.308469291776418686e-03
4.362766444683074951e-02
2.611594833433628082e-02
-6.290105520747601986e-04
-1.276161428540945053e-02
1.185954664833843708e-03
-3.422916168347001076e-03
-2.894881740212440491e-02
1.321513950824737549e-02
7.104147691279649734e-03
-2.631848677992820740e-03
1.317731104791164398e-02
-2.079529874026775360e-02
4.091208800673484802e-03
-1.291199866682291031e-02
-1.634196378290653229e-03
-5.290110409259796143e-02
-5.786981433629989624e-03
1.947263814508914948e-02
-2.963814884424209595e-03
-1.977151259779930115e-02
5.183707922697067261e-03
-2.431738562881946564e-02
-8.957196958363056183e-03
9.661576710641384125e-03
-3.961747046560049057e-03
-3.369376808404922485e-02
-2.217126265168190002e-02
-9.730244986712932587e-03
8.102459460496902466e-02
4.391909576952457428e-03
2.637874102219939232e-03
-1.884239166975021362e-02
-2.058511227369308472e-02
2.872591093182563782e-02
8.883299306035041809e-03
4.682664293795824051e-03
2.743800543248653412e-02
-4.264330491423606873e-02
-6.652950774878263474e-03
-7.991225272417068481e-02
-2.793677337467670441e-02
1.247826498001813889e-02
-4.494334757328033447e-02
7.319090422242879868e-03
6.000639125704765320e-02
2.144964225590229034e-02
-5.582667421549558640e-03
-1.156660448759794235e-02
-1.127363648265600204e-02
-3.093491867184638977e-02
4.254105035215616226e-03
-3.858651965856552124e-02
1.612942293286323547e-02
-3.312490181997418404e-03
4.270439094398170710e-04
-8.283080533146858215e-03
4.936071578413248062e-03
-2.940769121050834656e-02
-1.658605784177780151e-02
-1.319393748417496681e-03
-7.877538353204727173e-02
-1.341129001230001450e-02
5.595427006483078003e-03
2.350541949272155762e-02
6.051227450370788574e-02
-4.687749594449996948e-02
-5.380685441195964813e-03
1.077933516353368759e-02
5.160298664122819901e-03
6.933757103979587555e-03
1.202316582202911377e-02
6.040234118700027466e-03
-2.811877429485321045e-02
2.456749230623245239e-02
1.120336540043354034e-02
-2.085638791322708130e-02
-4.316677805036306381e-03
-8.579765260219573975e-02
-4.856845829635858536e-03
-3.564136801287531853e-03
-9.590240195393562317e-03
3.070207079872488976e-03
5.972347687929868698e-03
-4.077187180519104004e-02
6.772390007972717285e-02
-1.573984622955322266e-01
-1.033396925777196884e-02
-1.792742987163364887e-03
4.160116368439048529e-04
8.267285674810409546e-02
3.336273366585373878e-03
1.127437129616737366e-02
-8.916093036532402039e-03
1.985191740095615387e-02
4.076861962676048279e-02
9.229629486799240112e-02
1.390020083636045456e-02
1.748258993029594421e-02
-1.393926329910755157e-02
-5.116117373108863831e-02
2.333211153745651245e-02
-2.326747216284275055e-02
-1.598536781966686249e-02
1.167607959359884262e-02
1.367675233632326126e-02
1.340941060334444046e-02
1.433191727846860886e-02
2.573622390627861023e-03
-9.320722520351409912e-02
3.614737885072827339e-03
-1.828243024647235870e-02
-2.152333967387676239e-03
-5.482582375407218933e-03
1.050015352666378021e-02
4.149673879146575928e-02
-1.383697707206010818e-02
7.234473712742328644e-03
-1.740161213092505932e-03
-2.662196569144725800e-02
3.832831047475337982e-03
-7.557153105735778809e-01
7.548182271420955658e-03
1.334787625819444656e-02
1.049182005226612091e-02
1.189520768821239471e-02
-6.861148867756128311e-03
-4.412256646901369095e-03
-1.517700264230370522e-03
3.372409555595368147e-04
9.209020994603633881e-03
-7.168487459421157837e-02
3.407517448067665100e-02
-9.183616377413272858e-03
3.534577041864395142e-02
-2.763415873050689697e-02
-3.015833673998713493e-03
-1.438974868506193161e-03
-9.488070383667945862e-03
-3.147619543597102165e-03
1.202679937705397606e-03
5.880801938474178314e-03
-1.577932760119438171e-02
4.767564684152603149e-02
-8.018189109861850739e-03
1.132678519934415817e-02
-4.894502088427543640e-02
4.239119961857795715e-02
-3.232309222221374512e-02
-7.307511568069458008e-02
-4.900955595076084137e-03
-4.917694721370935440e-03
-6.299598608165979385e-03
-2.339500747621059418e-02
-1.241224468685686588e-03
-6.800788454711437225e-03
-5.402511917054653168e-03
2.177124284207820892e-02
-1.006173044443130493e-01
1.128005385398864746e-01
-3.220073878765106201e-02
-5.477572605013847351e-02
4.198696464300155640e-02
1.751390472054481506e-02
1.356937363743782043e-02
4.525474831461906433e-02
1.122560873627662659e-01
8.254603296518325806e-02
6.659065932035446167e-02
7.031180709600448608e-02
-2.404958941042423248e-02
8.806651085615158081e-02
-9.527046233415603638e-03
8.403141051530838013e-02
-5.124868080019950867e-02
-4.811606928706169128e-02
-1.003798320889472961e-01
5.021272599697113037e-02
-1.184745058417320251e-01
7.629301398992538452e-02
6.601156294345855713e-02
3.236119076609611511e-02
-3.754524514079093933e-02
-4.681711271405220032e-02
-1.493490636348724365e-01
-1.467229146510362625e-02
1.552198082208633423e-01
1.750038564205169678e-02
-5.648355931043624878e-02
-5.726895853877067566e-02
8.376497775316238403e-02
-1.586427167057991028e-02
-7.068356126546859741e-02
-1.350441575050354004e-02
-1.831322908401489258e-02
1.416109055280685425e-01
-2.120131440460681915e-02
1.668493002653121948e-01
-1.415477599948644638e-02
-1.220513954758644104e-01
6.365675479173660278e-02
6.918327417224645615e-04
7.915188670158386230e-01
-1.477006524801254272e-01
-4.892180487513542175e-02
-8.120435476303100586e-02
-3.355911746621131897e-02
-1.486878376454114914e-02
-4.831024259328842163e-02
1.946830749511718750e-01
-4.723852872848510742e-02
-1.145741343498229980e-01
7.708226889371871948e-02
5.160263180732727051e-02
-9.777799248695373535e-02
-4.393497854471206665e-02
-5.853685736656188965e-02
-1.938328705728054047e-02
1.335314474999904633e-02
7.511551678180694580e-02
-5.369839444756507874e-02
-1.878028851933777332e-03
1.609759591519832611e-02
6.352757662534713745e-02
1.146124769002199173e-02
1.993453595787286758e-03
-1.217251550406217575e-02
4.211727995425462723e-03
-5.277214571833610535e-02
-4.818594548851251602e-03
-4.707866813987493515e-03
-1.011023018509149551e-02
1.657931506633758545e-02
-1.664648950099945068e-02
-3.498398512601852417e-02
-6.065186113119125366e-02
-2.446777187287807465e-02
-6.324439495801925659e-02
-4.275018349289894104e-02
-2.692853659391403198e-02
-8.977228403091430664e-02
-5.674631148576736450e-02
-4.375295341014862061e-02
1.348327007144689560e-02
6.590323895215988159e-02
1.409213151782751083e-02
-1.950794272124767303e-02
-6.806426495313644409e-02
-4.407047107815742493e-02
-4.085580632090568542e-02
4.784122854471206665e-02
7.934168912470340729e-03
2.162125427275896072e-03
6.859365105628967285e-02
-7.937364280223846436e-02
1.374694108963012695e-01
1.476666796952486038e-02
-1.892442465759813786e-03
1.016690302640199661e-02
-1.287223957479000092e-02
4.318230599164962769e-02
-1.975247822701931000e-02
6.563036702573299408e-03
5.248120054602622986e-03
-5.024694371968507767e-03
2.782380208373069763e-02
1.789079979062080383e-02
1.387414243072271347e-02
3.277052892372012138e-03
7.938300259411334991e-03
-1.408837176859378815e-02
6.564091145992279053e-02
-9.843358770012855530e-03
-4.858972504734992981e-03
4.395154118537902832e-02
-7.289328426122665405e-02
-5.833163857460021973e-02
-1.876584067940711975e-02
-5.988814681768417358e-02
-7.182048168033361435e-03
-2.508733607828617096e-02
9.930832311511039734e-03
9.356164932250976562e-02
-1.512728817760944366e-02
5.286804586648941040e-02
7.339580450206995010e-03
3.538117930293083191e-02
-3.462840616703033447e-02
2.149870991706848145e-02
6.387393176555633545e-02
3.286368399858474731e-02
8.815481513738632202e-02
3.686467185616493225e-02
-4.364641383290290833e-02
2.163326181471347809e-02
7.534547150135040283e-02
6.704365462064743042e-02
4.340802878141403198e-02
-2.580330334603786469e-02
-4.188177362084388733e-02
-3.643751144409179688e-03
-9.584623575210571289e-02
-9.132926911115646362e-02
-3.993463516235351562e-02
3.133667632937431335e-02
7.377874851226806641e-02
-1.849121414124965668e-02
-9.266454726457595825e-02
8.964804559946060181e-02
2.430080249905586243e-02
-7.080209255218505859e-02
3.064389899373054504e-02
2.590530365705490112e-02
-9.161569760181009769e-04
3.754687309265136719e-02
-3.669724985957145691e-02
3.393849730491638184e-02
-3.332691267132759094e-02
-4.294274840503931046e-03
1.846622303128242493e-02
-1.171669806353747845e-03
5.037170648574829102e-02
4.835124313831329346e-02
-4.369968920946121216e-02
-4.444362223148345947e-02
4.537048935890197754e-02
1.127370353788137436e-02
-3.393081203103065491e-02
5.903295427560806274e-02
-1.876062527298927307e-02
-5.657932907342910767e-02
9.352355450391769409e-02
2.206968842074275017e-03
1.487817429006099701e-02
4.996825754642486572e-02
2.101032441714778543e-04
-3.162838891148567200e-02
-3.915593773126602173e-02
5.132448300719261169e-02
1.586500369012355804e-02
-1.729626394808292389e-02
7.605139166116714478e-02
2.262059226632118225e-02
-4.511436074972152710e-02
-8.660200238227844238e-02
5.026718601584434509e-02
-4.860003665089607239e-02
-1.019087880849838257e-01
4.577783402055501938e-03
1.273923739790916443e-02
3.699271008372306824e-02
1.993000507354736328e-02
4.801221191883087158e-02
4.972891765646636486e-04
2.365392446517944336e-02
3.345270082354545593e-02
3.056883066892623901e-02
-3.245509043335914612e-02
3.836887702345848083e-02
6.235339865088462830e-02
4.809780046343803406e-02
4.353589564561843872e-02
1.842528954148292542e-02
-4.408034682273864746e-02
4.817488044500350952e-02
-5.614465102553367615e-03
-4.450221080332994461e-03
5.122849345207214355e-02
-4.023288376629352570e-03
4.652991145849227905e-02
-2.195199579000473022e-02
1.360479183495044708e-02
4.196156561374664307e-02
4.490181254368508235e-06
4.265408217906951904e-02
-8.952919393777847290e-02
4.805114585906267166e-03
1.949368417263031006e-02
4.649864137172698975e-02
-2.738635230343788862e-04
-1.654901914298534393e-02
4.674468655139207840e-03
-3.778480365872383118e-02
1.434404030442237854e-02
1.835079118609428406e-02
1.427183020859956741e-02
2.110153064131736755e-02
4.944867268204689026e-02
3.050470724701881409e-02
-2.749461308121681213e-02
3.173745423555374146e-02
-8.683799207210540771e-02
1.144721824675798416e-02
9.792261570692062378e-02
2.523672394454479218e-02
-2.899148501455783844e-02
-7.085378468036651611e-02
-7.888433337211608887e-02
4.874480143189430237e-02
1.083181053400039673e-02
4.620568454265594482e-02
-2.789620682597160339e-02
-3.578076884150505066e-02
-3.319235146045684814e-02
-7.193331420421600342e-02
-8.630958944559097290e-02
3.567682951688766479e-02
-6.022644788026809692e-02
3.929806128144264221e-02
-4.102060198783874512e-02
-1.450491789728403091e-02
-5.095888860523700714e-03
-1.081109512597322464e-02
3.286032378673553467e-02
-3.319518640637397766e-02
-1.687026768922805786e-02
-6.338895112276077271e-02
3.735340386629104614e-02
-4.321883991360664368e-02
1.269966084510087967e-02
-6.382839381694793701e-02
3.245751140639185905e-04
1.632030494511127472e-02
4.531357437372207642e-02
-3.312457725405693054e-02
9.569550864398479462e-03
2.560781547799706459e-03
-4.623152315616607666e-02
-4.908351600170135498e-02
8.584072813391685486e-03
6.166709586977958679e-02
1.898035220801830292e-02
-3.933897614479064941e-02
6.478559970855712891e-02
7.298895623534917831e-03
-4.345107078552246094e-02
4.176073893904685974e-02
2.193274162709712982e-02
-1.758219441398978233e-03
-4.188277199864387512e-02
-9.027982503175735474e-02
-4.422366619110107422e-02
1.112215686589479446e-02
3.961042314767837524e-02
8.896850049495697021e-02
7.005426287651062012e-02
4.474163427948951721e-02
-8.405224233865737915e-02
-1.448963396251201630e-02
-2.411042340099811554e-02
4.678107798099517822e-02
-5.233429372310638428e-02
2.976656891405582428e-02
-8.619919419288635254e-03
-3.792253509163856506e-02
-7.379845529794692993e-02
-6.500746239908039570e-04
-6.446923129260540009e-03
-8.345357142388820648e-03
6.911874562501907349e-02
-2.395386993885040283e-02
-4.663671553134918213e-02
8.044629357755184174e-03
1.788191683590412140e-02
-1.755029149353504181e-02
-1.889169774949550629e-02
3.980680927634239197e-02
-8.902896195650100708e-03
-2.686411701142787933e-02
1.254184730350971222e-02
4.773130267858505249e-02
-7.202004641294479370e-02
-6.847016513347625732e-02
3.831385076045989990e-02
6.435412913560867310e-02
-1.260441727936267853e-02
-3.028568811714649200e-02
1.155465375632047653e-02
-2.365059684962034225e-03
2.993796393275260925e-02
2.472406625747680664e-02
-3.494430705904960632e-02
-1.081093586981296539e-02
7.005119696259498596e-03
-7.015782594680786133e-02
-7.600230723619461060e-02
-6.418736302293837070e-04
1.302097365260124207e-02
-1.365527044981718063e-02
1.997858658432960510e-02
-5.250363051891326904e-02
3.819628432393074036e-02
4.252193029969930649e-03
2.848256379365921021e-02
-1.042621769011020660e-02
-2.661350183188915253e-02
-1.882158592343330383e-02
2.426725812256336212e-02
1.022332347929477692e-02
-1.948648504912853241e-02
-5.540111660957336426e-02
-4.009069129824638367e-02
3.105528838932514191e-02
-4.674994386732578278e-03
-3.731589391827583313e-02
-7.459289580583572388e-02
2.570606768131256104e-02
2.927142195403575897e-02
-1.993376575410366058e-02
-6.215625628829002380e-02
4.621274024248123169e-02
6.033017765730619431e-03
-2.357235364615917206e-02
-5.735248699784278870e-02
-1.312858611345291138e-01
3.921191766858100891e-02
-2.086112834513187408e-02
-8.536271005868911743e-02
-1.679213345050811768e-02
-4.021328687667846680e-02
4.195471853017807007e-02
-1.927760429680347443e-02
3.256412595510482788e-02
-5.377602577209472656e-02
5.389552563428878784e-03
6.502144038677215576e-02
2.403931692242622375e-03
-2.588983438909053802e-02
8.770456165075302124e-02
-1.100440695881843567e-02
-8.996784687042236328e-03
-3.006141632795333862e-02
-2.815695013850927353e-03
-7.764060795307159424e-02
1.928289653733372688e-03
4.438311979174613953e-02
3.718387335538864136e-02
8.041517436504364014e-02
2.753965742886066437e-02
-6.882118526846170425e-03
-2.562533877789974213e-02
-6.519564241170883179e-02
-2.191524766385555267e-02
6.137562915682792664e-03
-9.925711899995803833e-03
-8.334677666425704956e-03
1.201291289180517197e-02
-1.175570022314786911e-02
-2.995144203305244446e-02
-3.521362692117691040e-02
3.804764151573181152e-02
4.304045438766479492e-02
-4.470403119921684265e-02
-4.083555191755294800e-02
4.783369228243827820e-02
-3.062716498970985413e-02
3.009733185172080994e-02
5.474659055471420288e-02
3.439137339591979980e-02
1.965107396245002747e-02
1.363338083028793335e-01
3.809927264228463173e-03
-4.360732063651084900e-02
1.684278808534145355e-02
5.717279762029647827e-02
-3.505957499146461487e-02
4.256313294172286987e-02
5.710818618535995483e-02
4.858682677149772644e-02
-6.298999767750501633e-03
-5.246207118034362793e-02
7.788456976413726807e-02
3.716625645756721497e-02
1.702797971665859222e-02
2.655752561986446381e-02
-6.961456499993801117e-03
1.614418253302574158e-02
-5.000587180256843567e-02
-3.040008433163166046e-02
-4.970718175172805786e-02
7.197087258100509644e-02
-5.497523024678230286e-02
3.219122812151908875e-02
-9.842912666499614716e-03
-1.337814982980489731e-02
3.267376124858856201e-02
1.718862354755401611e-02
-2.841334789991378784e-02
-4.235827177762985229e-02
-2.362964674830436707e-02
-1.998497359454631805e-02
7.860558480024337769e-02
7.312284409999847412e-02
-1.324535533785820007e-02
2.247482724487781525e-02
-3.446379303932189941e-02
-4.700616747140884399e-02
3.905780240893363953e-02
2.777846157550811768e-02
-1.205021701753139496e-02
-9.437504922971129417e-04
5.681937560439109802e-02
3.827950730919837952e-02
-2.313557546585798264e-03
-6.392377614974975586e-02
1.920910552144050598e-02
-1.512578502297401428e-02
-6.930083781480789185e-02
-6.033851578831672668e-02
-1.385614741593599319e-02
-5.915909260511398315e-02
5.523697473108768463e-03
5.622778087854385376e-02
9.801922366023063660e-03
-3.210204467177391052e-02
5.526956543326377869e-02
-3.696796670556068420e-02
7.477731257677078247e-02
-3.997721523046493530e-02
-1.526500284671783447e-02
-3.858108818531036377e-02
3.192143514752388000e-02
-3.097357414662837982e-02
-3.425521543249487877e-03
2.860396727919578552e-02
-2.541827596724033356e-02
-6.836528331041336060e-02
8.297726511955261230e-02
4.402874037623405457e-02
1.317032333463430405e-02
-1.177614089101552963e-02
-2.464441396296024323e-02
4.817292094230651855e-02
3.961847350001335144e-02
-3.393638879060745239e-02
-4.190023243427276611e-02
-6.983488798141479492e-02
1.084026973694562912e-02
9.334386140108108521e-02
3.591394051909446716e-02
2.335045021027326584e-03
-1.349688135087490082e-02
-4.608844593167304993e-02
7.071404904127120972e-02
7.299865130335092545e-03
-3.578400984406471252e-02
-3.048533201217651367e-02
4.520674794912338257e-02
8.502831682562828064e-03
3.731188550591468811e-02
-4.611151665449142456e-02
4.435884207487106323e-02
4.171433672308921814e-02
-5.623858887702226639e-03
8.143333345651626587e-02
5.756023339927196503e-03
-4.318254068493843079e-02
-6.559167057275772095e-03
6.870389729738235474e-02
-7.653004024177789688e-03
3.935193642973899841e-02
-7.403807342052459717e-02
-1.003631502389907837e-01
-1.980116963386535645e-02
-3.467078879475593567e-02
-3.589517623186111450e-02
-4.801628366112709045e-02
-3.360394388437271118e-02
-4.314528778195381165e-02
1.132441908121109009e-01
4.405771940946578979e-02
-3.673877939581871033e-02
-7.906928658485412598e-02
8.871849626302719116e-02
-4.474554955959320068e-02
-5.924146249890327454e-02
-7.887167483568191528e-02
3.048354201018810272e-02
-2.333261817693710327e-02
-8.457390218973159790e-02
-4.870831221342086792e-02
3.334275260567665100e-02
-6.852460652589797974e-02
-1.947049982845783234e-02
-1.613540202379226685e-01
3.075311833526939154e-04
-4.765214771032333374e-02
2.454286068677902222e-02
-5.008508265018463135e-02
2.920380048453807831e-02
-4.108763113617897034e-02
3.062002360820770264e-02
2.001689746975898743e-02
-2.376086823642253876e-02
-2.725340798497200012e-02
6.885201483964920044e-02
1.870186068117618561e-02
-2.851400710642337799e-02
-3.368720645084977150e-03
-2.012689784169197083e-02
1.217170618474483490e-02
8.722834289073944092e-03
5.395162850618362427e-02
1.821486279368400574e-02
-9.955044835805892944e-03
-4.732615780085325241e-03
-6.362549960613250732e-02
-1.412878278642892838e-02
-8.303530514240264893e-02
-4.986035823822021484e-02
1.677968911826610565e-02
-1.442587096244096756e-02
5.798177793622016907e-02
4.814146831631660461e-02
-3.523622825741767883e-02
-2.519754879176616669e-02
-4.116574302315711975e-02
6.575945764780044556e-03
-3.867177292704582214e-02
-2.529399655759334564e-02
-3.781650960445404053e-02
8.058639359660446644e-04
-5.182090401649475098e-02
6.810507923364639282e-02
-5.371014587581157684e-03
-7.822850719094276428e-03
4.627919569611549377e-02
5.453661456704139709e-02
-2.617046236991882324e-02
4.176048934459686279e-02
-7.449372205883264542e-03
1.057994179427623749e-02
