3.704920038580894470e-02
-3.201655298471450806e-02
5.895371735095977783e-02
4.884431138634681702e-02
-4.082000348716974258e-03
-2.276723459362983704e-02
1.982378587126731873e-02
1.298141945153474808e-02
-4.452231526374816895e-02
1.960511505603790283e-02
2.978182397782802582e-03
-3.840757301077246666e-03
2.211038395762443542e-02
2.531925961375236511e-02
2.387176267802715302e-02
1.056332513689994812e-02
1.633710227906703949e-02
-1.356251537799835205e-03
7.661765813827514648e-02
2.619431912899017334e-02
6.518950220197439194e-03
8.198633044958114624e-02
-5.259358510375022888e-02
-5.254002753645181656e-03
-2.273725159466266632e-02
-3.429670759942382574e-04
1.980374194681644440e-02
-2.583884447813034058e-02
-1.080223824828863144e-02
-1.712797768414020538e-02
1.264239544980227947e-03
3.882678970694541931e-02
2.912567555904388428e-02
-8.811043575406074524e-03
6.949824746698141098e-03
1.441203802824020386e-02
-1.212829025462269783e-03
2.079511992633342743e-02
5.183506757020950317e-03
-4.351636394858360291e-02
-2.604241482913494110e-02
-6.554999854415655136e-03
7.679161615669727325e-03
8.575920946896076202e-03
1.943985372781753540e-02
-1.926260255277156830e-02
-3.546784166246652603e-03
2.890432812273502350e-02
-3.193212673068046570e-02
1.911830715835094452e-02
6.426655221730470657e-03
-7.618445158004760742e-02
5.670826137065887451e-02
-3.158380463719367981e-02
-2.137652412056922913e-02
-2.990297600626945496e-02
-1.823339611291885376e-02
1.095789298415184021e-02
4.392096996307373047e-01
-2.391925267875194550e-02
-6.470853928476572037e-03
-1.575485058128833771e-02
4.050368443131446838e-02
-7.028893381357192993e-02
-2.052395604550838470e-02
9.697978943586349487e-02
-3.505245596170425415e-02
-1.919441297650337219e-02
-2.496275678277015686e-02
2.431797981262207031e-02
2.079962939023971558e-02
-4.550979007035493851e-03
1.716124266386032104e-02
-2.943204529583454132e-02
3.221113979816436768e-02
4.180160537362098694e-02
2.228530123829841614e-02
3.939009830355644226e-02
3.180975792929530144e-03
5.810831487178802490e-02
-9.350488893687725067e-03
1.129701267927885056e-02
-3.150339797139167786e-02
3.514139354228973389e-02
8.395430445671081543e-02
-2.906058216467499733e-03
7.475559134036302567e-03
2.357921004295349121e-02
1.305026467889547348e-02
-2.723871730268001556e-02
-2.738948911428451538e-02
6.721665710210800171e-02
-3.898387402296066284e-02
3.581321984529495239e-02
-1.141291018575429916e-02
-1.326681487262248993e-02
-5.262761842459440231e-03
-1.575557701289653778e-02
-1.311278343200683594e-02
-1.516004558652639389e-02
-1.048835273832082748e-02
5.260376632213592529e-02
6.438989192247390747e-03
7.955458946526050568e-03
-4.608016926795244217e-03
-8.432651869952678680e-03
2.716916846111416817e-03
-3.173092380166053772e-02
1.931287348270416260e-02
5.670604878105223179e-04
-8.872493170201778412e-03
1.188526395708322525e-02
-1.003834791481494904e-02
-3.020593139808624983e-04
9.695678018033504486e-03
-1.096488162875175476e-02
-2.731204032897949219e-02
-2.757672779262065887e-02
1.651475764811038971e-02
1.665330346440896392e-04
-1.429645251482725143e-02
-1.435203361324965954e-03
-8.788513019680976868e-03
-6.504940800368785858e-03
-8.574974723160266876e-03
9.970544837415218353e-03
-5.751411244273185730e-02
-2.187767811119556427e-02
-1.205504406243562698e-02
8.998552709817886353e-02
-2.014888916164636612e-03
1.671044272370636463e-03
-2.722535654902458191e-02
-1.220114156603813171e-02
2.941785193979740143e-02
1.637352816760540009e-02
1.134266378358006477e-03
1.346528530120849609e-02
-4.583255946636199951e-02
-3.019485855475068092e-03
-1.032466664910316467e-01
-2.301340177655220032e-02
-3.678871551528573036e-03
-5.165627598762512207e-02
-4.208042751997709274e-03
8.003553748130798340e-02
1.160033512860536575e-02
-2.496579289436340332e-02
-1.458085421472787857e-02
-4.861572051595430821e-07
-5.810446571558713913e-03
1.523125078529119492e-02
-1.742086932063102722e-02
2.174427174031734467e-02
2.225061412900686264e-03
-1.264204364269971848e-02
6.524007185362279415e-04
2.732242457568645477e-03
-2.906717732548713684e-02
-3.213467448949813843e-02
-2.090056426823139191e-02
-7.780028134584426880e-02
-7.540408056229352951e-03
1.722039282321929932e-02
2.521374449133872986e-02
7.475651055574417114e-02
-3.030211851000785828e-02
-1.410670764744281769e-02
1.624662242829799652e-02
2.504907920956611633e-02
2.847282402217388153e-02
2.605590969324111938e-03
9.460362605750560760e-03
-1.371966488659381866e-02
2.345845662057399750e-02
1.094545144587755203e-02
-1.857794634997844696e-02
-3.110354067757725716e-03
-8.687477558851242065e-02
-4.719814751297235489e-03
2.538074180483818054e-02
-1.310977060347795486e-02
7.665435783565044403e-03
1.121575757861137390e-02
-2.906828932464122772e-02
3.965397179126739502e-02
-9.940609335899353027e-02
-1.980127394199371338e-02
-5.795040633529424667e-03
1.119904778897762299e-02
8.222597837448120117e-02
5.357854999601840973e-03
-3.352868836373090744e-03
-1.054485887289047241e-02
1.568637439049780369e-03
3.718027845025062561e-02
8.448670059442520142e-02
2.479044161736965179e-02
2.106136456131935120e-02
-1.689099147915840149e-02
-4.586841538548469543e-02
2.010306343436241150e-02
2.299963124096393585e-02
-3.321671858429908752e-02
2.299253828823566437e-02
-3.538948716595768929e-03
7.869069464504718781e-03
2.892990037798881531e-02
-1.805464038625359535e-03
-8.852224797010421753e-02
-6.543185096234083176e-03
-3.420072048902511597e-02
3.708221251145005226e-03
4.567649215459823608e-03
6.443144753575325012e-03
1.471903268247842789e-02
-7.371400948613882065e-03
3.793057054281234741e-02
-2.130442298948764801e-02
-2.548712305724620819e-02
-1.139447651803493500e-02
-7.506129741668701172e-01
7.961241528391838074e-03
1.593977026641368866e-02
2.317293919622898102e-02
6.171361892484128475e-04
4.702925682067871094e-03
-1.046189945191144943e-02
1.801156252622604370e-02
1.548780314624309540e-02
-7.743699476122856140e-03
-5.821826308965682983e-02
2.792374975979328156e-02
3.781313775107264519e-03
1.171843614429235458e-02
-3.305308893322944641e-02
1.108771422877907753e-03
-5.023468285799026489e-03
4.103475715965032578e-03
3.722690511494874954e-03
1.699153706431388855e-02
1.945546828210353851e-03
-4.213995859026908875e-02
4.110887646675109863e-02
-2.185085788369178772e-02
1.130082737654447556e-02
-4.354322701692581177e-02
3.333992138504981995e-02
-2.812825143337249756e-02
-6.676126271486282349e-02
-1.372583117336034775e-02
-4.414482973515987396e-03
1.283788733417168260e-04
-5.039595533162355423e-03
4.424034152179956436e-03
-5.181937012821435928e-03
9.848701208829879761e-02
-5.960986763238906860e-02
-4.461594298481941223e-02
4.193862527608871460e-02
7.258316874504089355e-02
1.490762457251548767e-02
2.222664281725883484e-02
-1.681758165359497070e-01
3.073615580797195435e-02
5.797833949327468872e-02
7.550120353698730469e-02
1.616184413433074951e-02
4.823496565222740173e-03
-3.372891619801521301e-02
7.388472557067871094e-03
-1.530107203871011734e-02
5.597191303968429565e-02
5.130502954125404358e-02
-3.496500104665756226e-02
-4.291713610291481018e-02
9.449821896851062775e-03
-2.795804105699062347e-02
-1.893919147551059723e-02
1.051910817623138428e-01
-8.614766411483287811e-03
5.741472821682691574e-03
7.681561633944511414e-03
1.859297975897789001e-02
-7.817605882883071899e-02
-8.942821063101291656e-03
1.143726184964179993e-01
-8.150933310389518738e-03
-1.146303415298461914e-01
-3.979855775833129883e-02
1.145315170288085938e-01
-4.870382323861122131e-02
6.272675003856420517e-03
4.039216041564941406e-02
-8.177671581506729126e-03
-3.196414560079574585e-02
-1.909673064947128296e-01
2.064391225576400757e-02
-1.007143035531044006e-02
-5.218420177698135376e-03
8.140452206134796143e-02
-1.640287972986698151e-02
8.701915144920349121e-01
-4.786758124828338623e-02
-1.092236023396253586e-02
-1.352692693471908569e-01
8.942927233874797821e-03
9.773612767457962036e-02
8.341563493013381958e-02
7.089839875698089600e-02
3.353144228458404541e-02
-2.245295047760009766e-02
9.966251999139785767e-02
4.874566197395324707e-02
4.767717793583869934e-02
3.935784101486206055e-02
2.869759220629930496e-03
-3.788705170154571533e-02
1.323951128870248795e-02
1.442120224237442017e-02
-4.782469570636749268e-02
1.322252303361892700e-02
4.277343302965164185e-02
6.529355049133300781e-02
-1.490148343145847321e-02
2.193670533597469330e-02
-2.358922362327575684e-02
1.085970550775527954e-02
-3.766833245754241943e-02
-8.966003544628620148e-03
-1.604899019002914429e-02
-9.843949228525161743e-03
-3.133972641080617905e-03
-3.743678331375122070e-02
-1.603127829730510712e-02
-5.777102708816528320e-02
-3.897477686405181885e-02
-6.662819534540176392e-02
-2.478840202093124390e-02
-2.790301665663719177e-02
-7.905647903680801392e-02
-4.200505837798118591e-02
-5.077220126986503601e-02
5.384379532188177109e-03
3.982201963663101196e-02
2.405535988509654999e-02
4.301851615309715271e-03
-6.373958289623260498e-02
-3.797268122434616089e-02
-2.719579823315143585e-02
2.278935536742210388e-02
4.708390682935714722e-02
2.781558595597743988e-02
3.522980213165283203e-02
-8.963033556938171387e-02
1.237478405237197876e-01
2.099130861461162567e-02
1.181111391633749008e-02
-1.382186659611761570e-03
-2.121847867965698242e-02
4.982054978609085083e-02
-1.835072971880435944e-02
-4.818258807063102722e-03
-6.038655992597341537e-04
1.164697390049695969e-02
2.857036329805850983e-02
8.861133828759193420e-03
1.862813904881477356e-02
-3.271536156535148621e-02
1.705497875809669495e-02
-1.330840960144996643e-02
7.532993704080581665e-02
-1.067016925662755966e-02
-1.048777904361486435e-02
3.300877287983894348e-02
-8.014379441738128662e-02
-7.938529364764690399e-03
-3.331304714083671570e-02
-1.883130893111228943e-02
3.577193990349769592e-02
-1.726477779448032379e-02
1.485228538513183594e-02
9.057280421257019043e-02
-2.144917100667953491e-02
8.830376714468002319e-02
1.030206214636564255e-02
-1.158897182904183865e-03
-6.085795164108276367e-02
-6.056993734091520309e-03
8.388830721378326416e-02
5.757626891136169434e-02
8.773984014987945557e-02
4.845881834626197815e-03
-2.944783307611942291e-02
3.706335648894309998e-02
5.168849229812622070e-02
6.846775114536285400e-02
5.982684902846813202e-03
-3.833174705505371094e-03
-4.538284614682197571e-02
-1.202208735048770905e-02
-1.096159294247627258e-01
-5.946099758148193359e-02
-5.448387563228607178e-02
1.445723883807659149e-02
4.213993996381759644e-02
-4.754798114299774170e-02
-1.068837791681289673e-01
5.201706662774085999e-02
5.746265128254890442e-02
-1.055810302495956421e-01
1.106043718755245209e-02
3.822008520364761353e-02
-3.204360976815223694e-02
2.623017691075801849e-02
-3.206249326467514038e-02
2.751859277486801147e-02
-3.162847831845283508e-02
-8.595612831413745880e-03
1.876099593937397003e-02
-7.646596059203147888e-03
5.340936407446861267e-02
3.808042034506797791e-02
1.137324329465627670e-02
-4.553034901618957520e-02
4.943427443504333496e-02
3.829168900847434998e-02
-3.665845468640327454e-02
6.614971160888671875e-02
-1.918932981789112091e-02
-8.621826767921447754e-02
8.579637855291366577e-02
4.108733311295509338e-02
3.826882317662239075e-02
3.693881258368492126e-02
1.374450046569108963e-03
-2.531126886606216431e-02
-5.106198042631149292e-02
9.075738489627838135e-03
-3.321259049698710442e-03
-2.902635606005787849e-03
7.261794805526733398e-02
3.942848369479179382e-02
-5.313011258840560913e-02
-8.388575911521911621e-02
2.867845445871353149e-02
-5.786919966340065002e-02
-7.225917279720306396e-02
-1.053134794346988201e-03
-5.657814070582389832e-02
1.947879418730735779e-02
1.192063186317682266e-02
1.412125304341316223e-02
-4.229083657264709473e-03
1.533000543713569641e-02
3.981963545083999634e-02
-6.159907672554254532e-03
-3.984522074460983276e-02
7.076718658208847046e-02
4.996826127171516418e-02
-9.249079972505569458e-03
7.387345284223556519e-02
5.579327698796987534e-03
-1.932654157280921936e-02
7.289345841854810715e-03
-1.100610103458166122e-02
-1.043636817485094070e-03
4.001696035265922546e-02
4.644952248781919479e-03
4.637926444411277771e-02
-3.346646577119827271e-02
-7.179172243922948837e-03
4.368487000465393066e-02
5.187956988811492920e-02
1.377585250884294510e-02
-5.532609671354293823e-02
-3.917516022920608521e-02
2.202860265970230103e-02
1.322877686470746994e-02
-4.909045994281768799e-03
-2.741107717156410217e-02
-3.222722560167312622e-02
-3.905760869383811951e-02
2.641866914927959442e-02
9.901476092636585236e-03
1.908935233950614929e-02
2.669820562005043030e-02
7.033847272396087646e-02
6.406812369823455811e-02
-3.586885333061218262e-02
-5.974895786494016647e-03
-9.152437746524810791e-02
1.792383007705211639e-02
9.031005948781967163e-02
6.480961106717586517e-03
-4.323448240756988525e-02
-8.423738926649093628e-02
-4.747992753982543945e-02
2.990401117131114006e-03
2.673685736954212189e-02
2.295662183314561844e-03
1.956009119749069214e-02
-1.952446624636650085e-02
-3.243470191955566406e-02
-7.905272394418716431e-02
-7.485402375459671021e-02
2.782700583338737488e-02
-7.215221226215362549e-02
4.990352317690849304e-02
-1.786641404032707214e-02
-1.585127785801887512e-02
3.510692040435969830e-04
2.160784602165222168e-02
7.247474789619445801e-02
-4.599162191152572632e-02
-7.659791968762874603e-03
-9.009242802858352661e-02
9.436243027448654175e-02
-5.548855662345886230e-02
2.043191343545913696e-02
-4.348219931125640869e-02
2.518783137202262878e-02
4.628972709178924561e-02
2.908573858439922333e-02
7.081368472427129745e-03
-1.193489413708448410e-02
3.132566437125205994e-02
-7.479505985975265503e-02
-6.092826370149850845e-03
2.815111726522445679e-02
5.461465567350387573e-02
2.445707842707633972e-02
-3.595183836296200752e-03
5.551481246948242188e-02
1.399285974912345409e-03
-2.340753003954887390e-02
6.155790016055107117e-02
-5.216740071773529053e-03
-5.588641506619751453e-04
-7.791264355182647705e-02
-7.012712210416793823e-02
-2.144265547394752502e-02
5.315657239407300949e-03
4.686857387423515320e-02
1.131843551993370056e-01
7.846266031265258789e-02
3.828032407909631729e-03
-8.632060885429382324e-02
1.080396212637424469e-02
-7.043905556201934814e-03
4.823120310902595520e-02
-3.548840805888175964e-02
2.123610116541385651e-02
-1.942041702568531036e-02
-8.322246372699737549e-03
-9.784754365682601929e-02
-1.073927059769630432e-02
8.523757569491863251e-03
9.333731606602668762e-03
8.207160234451293945e-02
7.516733836382627487e-03
2.660107566043734550e-04
-3.535060957074165344e-02
-3.700556466355919838e-03
-2.767497673630714417e-02
-3.454132378101348877e-02
3.365194424986839294e-02
-4.333994165062904358e-02
-4.605437070131301880e-02
8.796423673629760742e-03
4.774031415581703186e-02
-8.168272674083709717e-02
-5.307149887084960938e-02
1.193694490939378738e-02
7.518100738525390625e-02
-3.496313467621803284e-02
-1.256033871322870255e-02
-3.575368784368038177e-03
3.301322460174560547e-02
1.839472353458404541e-02
9.476434439420700073e-03
-1.453205756843090057e-02
-4.144058749079704285e-02
-7.384132128208875656e-03
-4.156373813748359680e-02
-4.589899256825447083e-02
-6.850652862340211868e-03
2.953785099089145660e-02
-1.078491099178791046e-03
2.278754115104675293e-02
-6.683557480573654175e-02
5.122567713260650635e-02
1.795738236978650093e-03
1.452391408383846283e-02
2.608691900968551636e-02
-1.508299447596073151e-02
-1.851592399179935455e-02
1.593515463173389435e-02
1.725668087601661682e-02
1.273574889637529850e-03
-3.867603465914726257e-02
-7.375303655862808228e-02
7.277697324752807617e-02
-2.140836231410503387e-02
-2.664995193481445312e-02
-4.302888363599777222e-02
1.883067190647125244e-02
5.622259154915809631e-02
-8.239131420850753784e-03
-3.117952868342399597e-02
2.323952317237854004e-02
8.213195018470287323e-03
-3.464222652837634087e-03
-3.366568684577941895e-02
-9.135533869266510010e-02
3.711241111159324646e-02
1.087807351723313332e-03
-8.952472358942031860e-02
-2.999834530055522919e-02
-9.707230143249034882e-03
6.373164802789688110e-02
-5.431475490331649780e-02
4.094961285591125488e-02
-7.412505894899368286e-02
-3.879684023559093475e-03
2.379682846367359161e-02
-4.319814592599868774e-02
-1.783317537046968937e-03
9.409275650978088379e-02
-2.645232342183589935e-02
-4.595524817705154419e-02
2.437854744493961334e-02
-8.695095777511596680e-03
-3.930140659213066101e-02
-3.781861811876296997e-02
3.441922366619110107e-02
3.302008658647537231e-02
9.508807212114334106e-02
1.195974461734294891e-02
1.490323618054389954e-02
-8.234562724828720093e-02
-6.015599146485328674e-02
-1.376154925674200058e-02
2.117875847034156322e-04
-2.335038594901561737e-02
-4.042379930615425110e-02
2.006065845489501953e-02
-1.334533095359802246e-03
-2.579954685643315315e-03
-4.508321359753608704e-02
1.899176277220249176e-02
-6.238978821784257889e-03
-2.705761417746543884e-02
-5.576562508940696716e-02
3.853576630353927612e-02
-2.373100630939006805e-02
3.509414568543434143e-02
7.797279208898544312e-02
1.034370139241218567e-01
3.456745669245719910e-02
1.113529428839683533e-01
3.219117410480976105e-03
-5.669615417718887329e-02
3.301931545138359070e-03
2.617557905614376068e-02
-3.185059875249862671e-02
4.714886471629142761e-02
3.381980583071708679e-02
3.547022119164466858e-02
-1.108115911483764648e-02
-5.391499400138854980e-02
5.646904185414314270e-02
6.259001791477203369e-02
5.002875626087188721e-02
5.982714705169200897e-03
4.575067386031150818e-02
-1.428888761438429356e-03
-5.275966599583625793e-02
-2.928193286061286926e-02
-2.440205402672290802e-02
6.425968557596206665e-02
-3.830433636903762817e-02
3.868727385997772217e-02
1.756029948592185974e-02
-3.134967759251594543e-02
5.146485939621925354e-02
2.016739547252655029e-02
9.200366213917732239e-03
-7.445190101861953735e-03
-3.151568770408630371e-02
-1.070328615605831146e-02
8.080710470676422119e-02
7.903374731540679932e-02
4.996675532311201096e-03
2.813472645357251167e-03
-5.019957199692726135e-02
-2.813173085451126099e-02
-2.527413598727434874e-04
6.036110222339630127e-02
-2.783826738595962524e-02
1.340034883469343185e-02
4.762245714664459229e-02
4.810801148414611816e-02
1.033774483948945999e-02
-3.288853913545608521e-02
1.374947186559438705e-02
-7.346407976001501083e-03
-2.948688529431819916e-02
-7.912871986627578735e-02
-1.847014203667640686e-02
-9.309279732406139374e-03
5.849597230553627014e-02
3.876493871212005615e-02
6.112573668360710144e-03
-1.322274561971426010e-03
6.592959165573120117e-02
-3.376050665974617004e-02
4.611808061599731445e-02
-4.820308461785316467e-02
7.148729171603918076e-03
-4.023476690053939819e-02
3.185221552848815918e-02
1.904243603348731995e-02
-6.722811609506607056e-03
3.200888261198997498e-02
-2.923235483467578888e-02
-8.035724610090255737e-02
4.751462489366531372e-02
4.966031387448310852e-02
-4.218026250600814819e-02
-1.307256892323493958e-02
-6.713235285133123398e-03
7.919222861528396606e-02
1.643148809671401978e-02
-5.117010325193405151e-02
-6.059610471129417419e-02
-5.560604110360145569e-02
2.053496800363063812e-02
9.299200773239135742e-02
3.049610182642936707e-02
3.019403479993343353e-02
2.289555221796035767e-02
-5.625237524509429932e-02
3.944679722189903259e-02
-1.573051512241363525e-02
-4.516066610813140869e-02
5.386006087064743042e-03
7.382132858037948608e-02
2.960579469799995422e-02
2.553092129528522491e-02
-1.656763255596160889e-02
5.125457048416137695e-02
1.323588471859693527e-02
-2.957880310714244843e-02
7.587002962827682495e-02
-5.582293495535850525e-02
-6.293058395385742188e-02
6.815941073000431061e-03
5.946433171629905701e-02
-8.181272074580192566e-03
3.188820183277130127e-02
-7.746320962905883789e-02
-9.230937808752059937e-02
-3.981241211295127869e-02
-6.656067073345184326e-02
-7.794145494699478149e-02
-4.232328757643699646e-02
-2.230709604918956757e-02
-3.106386773288249969e-02
7.399049401283264160e-02
6.206481158733367920e-02
-1.368105690926313400e-02
-1.253543049097061157e-01
7.623786479234695435e-02
-1.552807725965976715e-02
-5.072317272424697876e-02
-2.721317857503890991e-02
3.111715801060199738e-02
6.312166806310415268e-03
-5.712937191128730774e-02
-2.437258325517177582e-02
4.607867822051048279e-02
-7.001185417175292969e-02
-3.259024024009704590e-02
-1.300439834594726562e-01
4.963904619216918945e-02
-5.638201162219047546e-02
1.936085149645805359e-02
-3.445192426443099976e-02
2.722395025193691254e-02
-1.811664365231990814e-02
3.341170772910118103e-02
4.995430354028940201e-03
1.918130740523338318e-02
-1.325155724771320820e-03
4.764183238148689270e-02
3.361754864454269409e-02
-8.607365190982818604e-03
6.285439245402812958e-03
-1.316319871693849564e-02
8.404009044170379639e-03
1.211246661841869354e-02
2.618505246937274933e-02
8.479339070618152618e-03
-1.594917476177215576e-02
-1.633113424759358168e-04
-9.278915822505950928e-02
-4.757912456989288330e-02
-2.284025400876998901e-02
-5.271098017692565918e-02
-5.394945852458477020e-03
7.050258573144674301e-03
5.160389095544815063e-02
3.560838848352432251e-02
-4.498507454991340637e-02
-3.390082344412803650e-02
-6.290525943040847778e-02
1.537971664220094681e-03
-4.077244922518730164e-02
-2.490516752004623413e-02
-2.885460294783115387e-02
4.896220285445451736e-03
-7.197652757167816162e-02
5.569539964199066162e-02
-3.580459952354431152e-02
-6.361344363540410995e-03
1.048181951045989990e-01
4.013471305370330811e-02
1.012562774121761322e-02
-9.086423553526401520e-03
-2.787534892559051514e-02
1.782968081533908844e-02
