1.289106905460357666e-02
-3.764399094507098198e-03
3.799382224678993225e-02
1.985073834657669067e-02
2.455641143023967743e-02
-4.203261062502861023e-02
1.790614426136016846e-02
-2.749124541878700256e-03
-2.741070464253425598e-03
3.784241853281855583e-03
-1.152380253188312054e-03
1.007336191833019257e-02
-1.144511159509420395e-02
1.297212298959493637e-02
2.343556843698024750e-02
9.536342695355415344e-03
1.551945973187685013e-02
-2.047494798898696899e-02
8.010850101709365845e-02
1.742556504905223846e-02
1.411175820976495743e-02
3.375184163451194763e-02
-2.814313769340515137e-02
-7.074832683429121971e-04
-2.610331168398261070e-03
1.109303068369626999e-02
1.673914608545601368e-03
-5.009927786886692047e-03
-1.327624823898077011e-02
-1.195198670029640198e-02
7.068216800689697266e-02
3.654606407508254051e-03
1.314578857272863388e-02
-6.439633667469024658e-03
6.508200895041227341e-03
-9.554559364914894104e-03
-2.883941493928432465e-02
-2.213448286056518555e-03
1.069549750536680222e-02
-2.554888604208827019e-03
1.501214876770973206e-02
-2.775733591988682747e-03
-2.626570872962474823e-02
-3.373818006366491318e-03
-7.166437804698944092e-03
9.640015661716461182e-03
8.994082920253276825e-03
9.547725319862365723e-03
-2.536954917013645172e-02
1.048446726053953171e-02
-5.651744082570075989e-03
-4.920138046145439148e-02
4.651631042361259460e-02
-1.200218871235847473e-02
-2.238402701914310455e-02
-2.273819595575332642e-02
1.543889008462429047e-02
2.276116982102394104e-03
3.373893499374389648e-01
-2.308661118149757385e-02
-1.497102342545986176e-02
-1.210127025842666626e-02
1.768516004085540771e-02
-1.359231583774089813e-02
-4.679382545873522758e-04
1.784767024219036102e-02
-9.689512662589550018e-04
-2.728225104510784149e-02
2.829750441014766693e-02
1.219576504081487656e-02
1.506699714809656143e-02
4.591170232743024826e-03
4.916269332170486450e-02
-2.969378419220447540e-02
3.350315243005752563e-02
2.597872912883758545e-02
2.011817879974842072e-02
1.402636803686618805e-02
3.108432982116937637e-03
1.561559587717056274e-01
3.121522720903158188e-03
-9.192316792905330658e-03
-8.466604165732860565e-03
4.767502099275588989e-02
4.027747083455324173e-03
4.098117060493677855e-04
9.305056184530258179e-03
1.758613809943199158e-02
1.058369874954223633e-02
1.440839469432830811e-02
-2.306096442043781281e-02
4.200475290417671204e-02
-2.264715172350406647e-02
1.406122092157602310e-02
3.898406575899571180e-04
9.586722590029239655e-03
-9.542748332023620605e-03
-2.213970199227333069e-02
-2.071249485015869141e-02
-1.304595824331045151e-02
6.819565314799547195e-03
6.669778842478990555e-03
2.050584182143211365e-02
-6.257372442632913589e-03
-6.735667120665311813e-03
-2.134608803316950798e-03
-1.220357255078852177e-03
-2.251895703375339508e-02
1.290532201528549194e-02
-8.682681247591972351e-03
7.465119473636150360e-03
1.145998761057853699e-02
-1.852251216769218445e-02
1.301074214279651642e-02
-1.599488221108913422e-02
-7.614775095134973526e-03
-3.351514413952827454e-02
-6.782307289540767670e-03
1.412087772041559219e-02
3.193897195160388947e-03
-1.786945201456546783e-02
2.909060101956129074e-03
-2.956560067832469940e-02
-1.662317663431167603e-02
-2.978732809424400330e-03
-1.095199119299650192e-02
-1.029575895518064499e-02
-1.762371137738227844e-02
-7.874472066760063171e-03
-1.359716337174177170e-02
-9.880084544420242310e-03
-2.734481124207377434e-03
-3.466648515313863754e-03
-1.296268496662378311e-02
-1.387779694050550461e-02
1.975279673933982849e-02
1.619212329387664795e-02
3.040360286831855774e-02
2.097399346530437469e-02
7.484520785510540009e-03
-4.304474964737892151e-02
-3.181331232190132141e-02
1.639025099575519562e-02
-2.129964716732501984e-02
1.375190168619155884e-02
1.065570041537284851e-01
1.501904893666505814e-02
1.118956692516803741e-02
-1.110411807894706726e-02
-2.108017541468143463e-02
-2.427535876631736755e-02
1.856780797243118286e-02
-2.623385936021804810e-02
1.515247672796249390e-02
-8.958484046161174774e-03
-1.185268163681030273e-03
1.321249455213546753e-02
4.867135081440210342e-03
-3.597144782543182373e-02
-3.266955912113189697e-02
2.363754250109195709e-02
-7.744402438402175903e-02
9.318533353507518768e-03
7.783643901348114014e-03
2.041940018534660339e-02
2.832492999732494354e-02
-2.253385633230209351e-02
5.368530284613370895e-03
1.893494627438485622e-03
-8.987326174974441528e-03
1.500312704592943192e-02
6.409627851098775864e-03
3.494413802400231361e-03
-1.905556023120880127e-02
2.505539357662200928e-02
7.113751024007797241e-03
-2.337160333991050720e-02
-3.338031005114316940e-03
4.533383529633283615e-03
-1.305581443011760712e-02
-7.709704339504241943e-03
-3.060320392251014709e-03
-1.551300194114446640e-02
-4.410357214510440826e-03
-5.118810012936592102e-02
1.974965482950210571e-01
-2.335037887096405029e-01
6.687204353511333466e-03
1.327119395136833191e-02
-3.021755442023277283e-02
4.508163407444953918e-02
4.645749460905790329e-03
9.101149626076221466e-03
-1.113235112279653549e-02
1.748090423643589020e-02
4.002745822072029114e-02
1.898116990923881531e-02
1.734451949596405029e-02
5.143849924206733704e-02
-7.811666000634431839e-03
-3.446085005998611450e-02
3.298753127455711365e-02
-1.478986889123916626e-01
-1.289492473006248474e-02
2.326568402349948883e-02
1.074709650129079819e-02
1.059026550501585007e-02
9.864681400358676910e-03
-4.753281362354755402e-03
-9.855934232473373413e-02
2.235846035182476044e-02
-4.895403515547513962e-03
-5.001329816877841949e-03
-4.343762528151273727e-03
-2.502029761672019958e-03
1.309112552553415298e-02
-5.759152583777904510e-03
1.478361315093934536e-03
6.198887247592210770e-03
-1.870705932378768921e-02
6.859301589429378510e-03
-7.848932147026062012e-01
2.709479536861181259e-03
-8.469453081488609314e-03
-5.498333834111690521e-03
6.755315698683261871e-03
2.741266274824738503e-03
1.280957250855863094e-03
-1.596692390739917755e-02
7.414872758090496063e-03
1.691580936312675476e-02
-2.513010986149311066e-02
-1.303242519497871399e-02
-7.910508662462234497e-03
4.207888618111610413e-02
-2.475485205650329590e-03
4.903022665530443192e-03
1.345276925712823868e-02
-6.468785926699638367e-03
4.695514682680368423e-03
-2.446044981479644775e-02
3.566354862414300442e-04
-8.048484474420547485e-02
3.171860054135322571e-02
-1.734999241307377815e-03
5.217086058109998703e-03
-3.478539735078811646e-02
3.898398205637931824e-02
-2.993819862604141235e-02
-3.479235246777534485e-02
-1.090460922569036484e-02
7.774515543133020401e-03
-7.986829616129398346e-03
-2.468175813555717468e-02
-1.534555759280920029e-02
9.368826635181903839e-03
2.853808365762233734e-02
1.176146343350410461e-01
1.175479814410209656e-01
-8.917491137981414795e-02
-9.104222059249877930e-03
-1.197235137224197388e-01
1.544846892356872559e-01
1.549942139536142349e-02
5.201305821537971497e-02
-6.630935706198215485e-03
-5.780521780252456665e-02
5.659992340952157974e-03
-6.655589491128921509e-02
4.802044108510017395e-02
-7.939527928829193115e-02
4.180801287293434143e-02
2.934757992625236511e-02
-2.493408508598804474e-03
2.185697108507156372e-01
-8.157675713300704956e-02
4.529193788766860962e-02
5.125427246093750000e-02
-8.965736627578735352e-02
1.106341704726219177e-01
6.148469075560569763e-02
-3.313488885760307312e-02
1.634549051523208618e-01
6.363271386362612247e-04
2.897686883807182312e-02
7.628703862428665161e-02
-3.542777895927429199e-02
7.126539945602416992e-02
8.804713189601898193e-02
-5.403365567326545715e-02
-3.608828410506248474e-02
-1.326777637004852295e-01
1.043595299124717712e-01
-1.354518234729766846e-01
1.401499658823013306e-01
9.004881232976913452e-02
-2.578821033239364624e-02
-1.238688305020332336e-01
4.158616811037063599e-02
3.788219019770622253e-02
-1.098686270415782928e-02
-9.855638490989804268e-04
7.828816771507263184e-01
6.972558796405792236e-02
-1.334083615802228451e-03
9.080419316887855530e-03
-2.465926669538021088e-02
3.148387372493743896e-02
9.118418209254741669e-03
5.379666760563850403e-02
-6.167102605104446411e-02
3.262852504849433899e-02
7.978001981973648071e-02
-7.066874206066131592e-02
-1.090489476919174194e-01
7.787901442497968674e-03
-4.963575303554534912e-02
1.068403497338294983e-01
2.336542680859565735e-02
-9.175060689449310303e-02
-5.601349845528602600e-02
7.287506014108657837e-03
-4.872675612568855286e-02
3.914900496602058411e-02
-3.581585362553596497e-02
-3.481980413198471069e-02
-9.743892587721347809e-03
-7.891170098446309566e-04
5.002836138010025024e-02
4.685183987021446228e-03
-5.120366811752319336e-02
-5.045122280716896057e-02
1.244795322418212891e-02
1.482421066612005234e-02
-5.189084634184837341e-02
-2.272526919841766357e-02
-2.287787012755870819e-02
-6.783836334943771362e-02
-2.391365729272365570e-02
-4.899689555168151855e-02
-9.811458736658096313e-02
-4.835036769509315491e-02
1.876175031065940857e-02
2.100533433258533478e-02
-2.903936617076396942e-02
-1.076097693294286728e-02
1.779431663453578949e-02
-5.542343109846115112e-02
-1.003316789865493774e-02
-2.095017209649085999e-02
6.395640224218368530e-02
-2.789928950369358063e-02
3.481792658567428589e-02
4.482110962271690369e-02
-1.288018822669982910e-01
8.968468010425567627e-02
7.307577878236770630e-03
-8.469194173812866211e-03
2.596954442560672760e-02
6.592939049005508423e-02
3.330483287572860718e-02
-3.342358861118555069e-03
7.391580380499362946e-03
3.343375772237777710e-02
-2.187228389084339142e-02
-7.133341860026121140e-03
-1.844806596636772156e-02
8.396455645561218262e-02
-4.207681398838758469e-03
3.667313605546951294e-02
-8.524044416844844818e-03
1.754210144281387329e-02
3.859549015760421753e-02
-5.910198390483856201e-02
2.473934181034564972e-02
-8.114369958639144897e-02
-4.413247853517532349e-02
-3.737377375364303589e-02
-1.721435785293579102e-02
-6.613021343946456909e-02
-5.722956731915473938e-03
-1.364540960639715195e-02
8.503780514001846313e-02
-3.808682411909103394e-02
7.420017570257186890e-02
-3.723438829183578491e-02
-9.049380198121070862e-03
-4.207409173250198364e-02
2.972836419939994812e-02
-5.263591883704066277e-04
9.272182732820510864e-02
4.643274843692779541e-02
-1.392799080349504948e-03
-8.656099438667297363e-02
-4.932850971817970276e-02
9.881531819701194763e-03
1.130104437470436096e-02
5.260528251528739929e-02
2.403166890144348145e-02
-8.103740983642637730e-04
7.240125909447669983e-03
-5.541720986366271973e-02
-5.572174489498138428e-02
-9.296227246522903442e-02
3.384612128138542175e-02
6.117255613207817078e-02
-2.762628719210624695e-02
-7.837470620870590210e-02
5.259559303522109985e-02
-3.006030060350894928e-02
-1.353702843189239502e-01
4.381317272782325745e-02
-2.226638607680797577e-02
-2.605840750038623810e-02
1.078170444816350937e-02
-5.244898051023483276e-02
3.971518576145172119e-02
-5.109400302171707153e-02
1.564067229628562927e-02
-2.432158403098583221e-02
-4.663985222578048706e-02
-1.363939885050058365e-02
2.128543332219123840e-02
-3.963883221149444580e-02
-5.340269580483436584e-02
-1.287383772432804108e-02
-2.084427885711193085e-02
-6.564477086067199707e-02
4.489316791296005249e-02
4.267628490924835205e-02
-6.349670141935348511e-02
1.230307295918464661e-02
-1.705705001950263977e-02
7.979464717209339142e-03
3.478417173027992249e-02
2.746653370559215546e-02
-2.704919315874576569e-02
4.880227521061897278e-02
-1.407131925225257874e-02
2.536273188889026642e-02
-2.360806614160537720e-02
5.779138952493667603e-02
-2.258225530385971069e-02
3.076979704201221466e-02
-6.752335280179977417e-02
8.491994440555572510e-02
-1.641814038157463074e-02
-5.970246344804763794e-02
-6.356128305196762085e-02
-6.560444366186857224e-03
1.168379466980695724e-02
1.309874840080738068e-02
1.746209338307380676e-02
-1.538510061800479889e-02
1.650228537619113922e-02
-1.234148722141981125e-02
3.254369646310806274e-02
-3.566572675481438637e-03
-1.337366458028554916e-02
1.031336747109889984e-02
1.521061733365058899e-02
3.117798082530498505e-02
2.224717289209365845e-02
1.111999852582812309e-03
1.739886961877346039e-02
-2.149220928549766541e-02
-2.141921408474445343e-02
5.548591166734695435e-02
-1.724029704928398132e-02
3.171692416071891785e-02
1.976146548986434937e-02
-5.181539058685302734e-02
3.741253539919853210e-02
-2.124683558940887451e-02
1.175051927566528320e-02
-3.084811009466648102e-02
-2.439760230481624603e-02
2.089511789381504059e-02
2.474279841408133507e-03
-7.178726140409708023e-03
-3.044999577105045319e-02
-1.172746066004037857e-02
-2.859534509479999542e-02
1.623551920056343079e-02
-1.408153586089611053e-02
5.873338785022497177e-03
-3.600059822201728821e-02
1.229394320398569107e-02
-1.025552954524755478e-02
-3.559043258428573608e-02
3.886549733579158783e-03
-7.576416432857513428e-02
-2.530722506344318390e-02
6.540228426456451416e-02
1.681037619709968567e-02
-4.477872699499130249e-02
-6.089705601334571838e-02
-3.319837152957916260e-02
9.477838873863220215e-02
2.128950785845518112e-03
7.078609615564346313e-02
6.279673427343368530e-03
-2.380046807229518890e-02
-2.928956225514411926e-02
-5.428947880864143372e-02
-5.539821460843086243e-02
1.186836138367652893e-02
-2.300315909087657928e-02
1.761147007346153259e-02
-4.397240281105041504e-02
-4.428542777895927429e-02
6.401292048394680023e-03
2.880152501165866852e-02
4.379783198237419128e-02
-4.470157995820045471e-02
-3.997785039246082306e-03
-3.806706517934799194e-02
8.377204090356826782e-02
-1.983462832868099213e-03
3.143455460667610168e-02
-6.419151276350021362e-02
-2.500209398567676544e-02
2.777430787682533264e-02
-2.115354873239994049e-02
5.855855718255043030e-02
3.909819573163986206e-02
-1.020691171288490295e-02
-5.641528964042663574e-02
-5.487223155796527863e-03
9.070588275790214539e-03
1.731113344430923462e-02
3.318021446466445923e-02
-7.060152012854814529e-03
3.014759533107280731e-02
4.874603450298309326e-02
-5.023212358355522156e-02
1.061060465872287750e-02
3.028079122304916382e-02
1.269089407287538052e-03
-1.835094951093196869e-02
-7.237716019153594971e-02
-7.609758526086807251e-02
7.433407008647918701e-03
1.604497805237770081e-02
6.147093698382377625e-02
5.410961434245109558e-02
-1.392477750778198242e-02
-1.096178069710731506e-01
4.567841533571481705e-03
-3.493526205420494080e-02
1.151827443391084671e-02
4.107576794922351837e-03
5.351626500487327576e-02
1.024575345218181610e-02
-1.138576492667198181e-02
-1.426395773887634277e-01
-1.278492435812950134e-02
5.969873070716857910e-02
6.346660200506448746e-03
2.756177820265293121e-02
-4.250022396445274353e-02
1.011827681213617325e-02
2.361536584794521332e-02
-4.723098594695329666e-03
-1.744894869625568390e-02
-3.643915057182312012e-02
1.771311508491635323e-03
2.905283682048320770e-02
-1.285829395055770874e-02
-4.169533774256706238e-02
4.659576341509819031e-02
-1.185647491365671158e-02
-4.468166083097457886e-02
-5.458924174308776855e-02
5.741019546985626221e-02
-6.112085655331611633e-02
7.554310560226440430e-02
5.650213733315467834e-02
-4.495983570814132690e-02
1.441694982349872589e-02
6.617038697004318237e-02
-4.931252822279930115e-02
-1.731301285326480865e-02
6.477135699242353439e-03
-3.056012839078903198e-02
-1.054511219263076782e-02
2.804452925920486450e-02
-1.124003552831709385e-03
2.285761293023824692e-03
2.051476156339049339e-03
-2.574346959590911865e-02
-3.269882872700691223e-02
-4.249595478177070618e-02
1.198490895330905914e-02
7.979319244623184204e-02
-2.002338878810405731e-02
-1.141561567783355713e-02
5.814674496650695801e-02
2.876233868300914764e-02
-6.679125875234603882e-02
-1.018555164337158203e-01
-2.187250927090644836e-02
1.008158475160598755e-01
1.426260545849800110e-02
-3.184288367629051208e-02
-9.111028164625167847e-02
5.215228348970413208e-02
-3.816049313172698021e-03
-9.868577122688293457e-03
-6.688611954450607300e-02
5.447942018508911133e-02
2.155336178839206696e-02
1.324134971946477890e-02
-9.525899589061737061e-02
-4.661592096090316772e-02
5.548804998397827148e-02
-4.693106934428215027e-02
-1.184711605310440063e-01
-1.016200985759496689e-02
-3.444397076964378357e-02
1.535534299910068512e-02
-1.346144825220108032e-02
-4.538553766906261444e-03
-2.393083460628986359e-02
-1.661474443972110748e-02
1.641318388283252716e-02
-4.919222369790077209e-02
2.233405970036983490e-02
8.092623203992843628e-02
-1.907731033861637115e-02
5.724541097879409790e-02
-6.198526173830032349e-02
4.565171897411346436e-02
-6.617892533540725708e-02
1.471528131514787674e-02
-8.238699228968471289e-05
-8.986523002386093140e-02
7.280495017766952515e-02
1.647015847265720367e-02
-4.046523571014404297e-02
-1.107020452618598938e-01
-8.724095672369003296e-02
1.439977902919054031e-02
2.920638769865036011e-02
-2.185154147446155548e-02
7.753734942525625229e-03
-2.021377533674240112e-02
-3.050757199525833130e-02
-5.224029347300529480e-02
-2.521502971649169922e-02
5.286493524909019470e-02
-3.888111934065818787e-02
2.001839131116867065e-02
-1.528548002243041992e-01
-7.491338066756725311e-03
-1.013242672343039885e-05
3.186237812042236328e-02
1.989874430000782013e-02
7.811821252107620239e-02
-3.626607125625014305e-03
8.180742710828781128e-02
-3.220788389444351196e-02
2.900960482656955719e-02
2.935643494129180908e-02
6.697615236043930054e-02
-6.102719530463218689e-02
2.592218853533267975e-02
1.264636125415563583e-02
3.028028085827827454e-02
2.468679100275039673e-02
-3.587285429239273071e-02
7.165311276912689209e-02
4.136369377374649048e-02
-6.311200093477964401e-03
-1.508687902241945267e-02
-2.013011835515499115e-02
5.576734244823455811e-02
-6.460379064083099365e-02
-4.479405656456947327e-02
-1.802971772849559784e-02
-1.969068497419357300e-02
-8.235526271164417267e-03
1.341903861612081528e-02
-5.630252137780189514e-02
-9.325168095529079437e-03
-1.123066619038581848e-02
-5.636681802570819855e-03
1.413192879408597946e-02
-1.652100868523120880e-02
2.736311033368110657e-02
-3.160405158996582031e-02
2.662918344140052795e-02
6.478466093540191650e-02
-2.904955111443996429e-02
2.048273384571075439e-02
1.700458116829395294e-02
2.491176826879382133e-03
2.598536387085914612e-02
-2.668463625013828278e-02
6.611936539411544800e-02
-8.396587520837783813e-02
6.580194830894470215e-02
7.773737609386444092e-02
3.166771680116653442e-02
-4.049614816904067993e-02
3.439189121127128601e-02
-4.688137210905551910e-03
-9.967555850744247437e-02
-3.367513045668601990e-02
-1.014092843979597092e-02
-6.814710795879364014e-02
2.008153684437274933e-02
1.467827986925840378e-02
2.818447072058916092e-03
-1.612434722483158112e-02
9.523837268352508545e-02
-2.657854743301868439e-02
-2.425984852015972137e-02
-4.525584354996681213e-02
4.301165696233510971e-03
6.587332580238580704e-03
-3.919522464275360107e-02
1.738606579601764679e-02
-1.904317364096641541e-02
-4.658935964107513428e-02
-1.404691766947507858e-02
-8.340980112552642822e-02
6.187018379569053650e-02
2.824112400412559509e-02
5.889260023832321167e-02
2.892867475748062134e-02
1.700294017791748047e-02
3.888419270515441895e-02
-2.525251172482967377e-02
3.831388195976614952e-03
-4.238193482160568237e-02
-3.860218822956085205e-02
-3.938212990760803223e-02
-9.012809954583644867e-03
3.096668608486652374e-02
-2.149518951773643494e-02
3.950377553701400757e-02
-3.536092862486839294e-02
3.540747612714767456e-02
-8.810496889054775238e-03
-1.547983102500438690e-02
-5.939560756087303162e-02
7.032428681850433350e-02
-1.890549995005130768e-02
-1.490200962871313095e-02
-5.501993745565414429e-02
1.024569850414991379e-02
4.715500399470329285e-02
-1.812566071748733521e-02
4.498476907610893250e-02
-4.015747085213661194e-02
-2.439019968733191490e-03
-5.322010442614555359e-02
-3.283391892910003662e-02
-2.020997554063796997e-02
5.261624976992607117e-02
-5.777238681912422180e-02
-9.413575381040573120e-02
-3.210317716002464294e-02
-1.844372600317001343e-02
-1.066851615905761719e-01
-5.984086915850639343e-02
-4.741315916180610657e-02
-2.688567899167537689e-02
9.124524146318435669e-02
-4.804678633809089661e-02
-3.320043161511421204e-02
-2.891264855861663818e-02
7.343194633722305298e-02
2.041044086217880249e-02
-1.831456460058689117e-02
-7.890808582305908203e-02
2.439957857131958008e-02
1.671340875327587128e-02
-5.627011880278587341e-02
-7.083785533905029297e-02
5.412747710943222046e-02
1.909513957798480988e-02
2.412405423820018768e-02
-1.292356848716735840e-01
-3.377879783511161804e-02
-1.831858418881893158e-02
2.862600050866603851e-02
-2.106242999434471130e-02
3.268967568874359131e-02
-4.989830404520034790e-02
2.457017078995704651e-02
-2.501050382852554321e-02
-5.170111358165740967e-02
-1.894528232514858246e-02
4.626208171248435974e-02
-2.921204455196857452e-02
-5.251313000917434692e-02
-1.092922408133745193e-03
4.856041818857192993e-02
1.717644557356834412e-02
-8.176828175783157349e-02
4.719182103872299194e-02
-3.096330910921096802e-02
-6.824630778282880783e-03
3.749638050794601440e-02
-2.603349648416042328e-02
-1.541383843868970871e-02
-6.548339128494262695e-02
-2.003796957433223724e-02
1.455876510590314865e-02
6.840798072516918182e-03
6.157547608017921448e-02
-4.582708328962326050e-02
2.133756643161177635e-03
-7.926280796527862549e-02
5.965664982795715332e-02
-6.250538397580385208e-03
-6.175205484032630920e-02
-2.855939418077468872e-02
-3.604548051953315735e-02
-2.689747326076030731e-02
-6.396160926669836044e-03
8.952419459819793701e-02
1.305021112784743309e-03
6.379512697458267212e-02
5.892325192689895630e-02
7.274393457919359207e-03
-5.482815951108932495e-02
6.923899985849857330e-03
-7.926940917968750000e-03
1.064363587647676468e-02
