5.437922105193138123e-02
-1.627341657876968384e-02
1.487731933593750000e-02
1.143692433834075928e-02
1.034048944711685181e-02
-1.331797614693641663e-02
1.232235226780176163e-02
-1.949381642043590546e-02
-4.323492199182510376e-02
1.026414427906274796e-02
-1.395750045776367188e-02
1.175748743116855621e-02
5.925145465880632401e-03
1.706803962588310242e-02
1.912649907171726227e-02
-7.165040820837020874e-03
9.735060855746269226e-03
-8.444160223007202148e-03
8.716083317995071411e-02
4.414528980851173401e-02
-4.565393552184104919e-03
7.584622502326965332e-02
-5.353758856654167175e-02
-2.444867789745330811e-02
1.986925024539232254e-03
2.912065945565700531e-02
1.903948187828063965e-02
-5.398625880479812622e-02
-6.991929840296506882e-03
-1.666353642940521240e-02
1.185234729200601578e-02
-7.393914740532636642e-03
7.026921026408672333e-03
-1.120529268519021571e-04
3.116222843527793884e-02
-3.191430587321519852e-03
-8.566043339669704437e-03
-4.026063252240419388e-03
-1.620506285689771175e-03
-1.869226805865764618e-02
7.276460528373718262e-03
-1.052932627499103546e-02
-6.349894683808088303e-03
-9.601545520126819611e-03
-2.291803061962127686e-02
1.940903067588806152e-02
-8.955087512731552124e-03
1.894709281623363495e-02
4.837465006858110428e-03
1.135090459138154984e-02
-3.442955203354358673e-04
-9.480985999107360840e-02
4.058639332652091980e-02
-3.618581395130604506e-04
-3.817271068692207336e-02
-2.642375230789184570e-02
-1.393420272506773472e-03
-1.172035350464284420e-03
4.511920511722564697e-01
4.691715352237224579e-03
-4.153193905949592590e-03
2.336439909413456917e-03
3.333173319697380066e-02
-4.953978955745697021e-02
1.057268120348453522e-02
8.005587011575698853e-02
-9.863952873274683952e-04
-2.371076680719852448e-02
-2.554393373429775238e-02
2.246632985770702362e-02
3.434469108469784260e-04
2.060376666486263275e-02
-2.698373980820178986e-02
-1.097610220313072205e-02
3.736627474427223206e-02
1.166999526321887970e-02
1.418188214302062988e-03
1.168315997347235680e-03
3.242869675159454346e-02
8.095729351043701172e-02
-1.052458304911851883e-02
-2.268762700259685516e-02
1.226723194122314453e-02
2.612329088151454926e-02
6.301834434270858765e-02
-7.818832993507385254e-03
3.114763181656599045e-03
9.642095305025577545e-03
2.030123956501483917e-02
2.666762284934520721e-02
-9.930898435413837433e-03
4.057074710726737976e-02
-3.601330146193504333e-02
3.433477878570556641e-02
8.708208799362182617e-03
-2.024331688880920410e-02
-1.962623791769146919e-03
-2.565670758485794067e-02
-2.232727594673633575e-02
-2.077868441119790077e-03
-4.775330889970064163e-03
4.216254875063896179e-02
4.253539256751537323e-03
-3.204800654202699661e-03
1.331288926303386688e-02
-3.436430543661117554e-02
1.738096401095390320e-02
-2.221655845642089844e-02
3.123258985579013824e-02
-3.007331117987632751e-02
-2.568578202044591308e-05
-6.692853639833629131e-04
-2.410179935395717621e-02
-9.568954817950725555e-03
-1.761598326265811920e-02
-9.030229412019252777e-03
-1.976691931486129761e-02
-1.510123070329427719e-02
1.156875491142272949e-02
1.565475948154926300e-02
6.789140403270721436e-03
-8.571564219892024994e-03
-2.442789636552333832e-02
-9.200415574014186859e-03
1.619997434318065643e-02
3.699840279296040535e-03
1.299061113968491554e-03
-7.688445504754781723e-03
9.528290480375289917e-03
8.376719057559967041e-02
7.048566825687885284e-03
-2.588618546724319458e-02
-2.146835625171661377e-02
-2.101691067218780518e-02
-1.485923677682876587e-02
4.633449018001556396e-03
-3.925618249922990799e-03
3.050671145319938660e-02
-6.114203855395317078e-02
-6.909173447638750076e-03
-7.611377537250518799e-02
-3.542303340509533882e-03
-1.430383976548910141e-02
-3.683336824178695679e-02
-2.491874434053897858e-02
7.352019846439361572e-02
-2.005386725068092346e-02
9.002405218780040741e-03
-3.082743845880031586e-03
-1.613904722034931183e-02
8.204558864235877991e-03
2.401569299399852753e-02
-2.745269052684307098e-02
1.821542903780937195e-02
-3.892281558364629745e-03
-1.456389483064413071e-02
6.679964717477560043e-03
2.019813098013401031e-02
-3.956632316112518311e-02
-1.135250274091959000e-02
1.901775971055030823e-02
-5.326764658093452454e-02
-3.076751902699470520e-02
3.863403806462883949e-03
3.075533360242843628e-02
6.734772771596908569e-02
-2.434746734797954559e-02
7.672482170164585114e-03
3.550717607140541077e-03
-4.354932811111211777e-03
2.337392792105674744e-02
-9.247674606740474701e-03
6.826082972111180425e-05
-1.237123459577560425e-02
3.353909775614738464e-02
3.547546267509460449e-02
-1.797862723469734192e-02
7.949152030050754547e-03
-1.051618084311485291e-01
-1.499373465776443481e-03
-3.179988358169794083e-03
-1.921413838863372803e-02
-4.069155082106590271e-03
3.780374536290764809e-03
-1.080815400928258896e-02
4.746225476264953613e-02
-8.295463025569915771e-02
-3.539932426065206528e-03
-9.241616353392601013e-03
3.087049722671508789e-02
7.357976585626602173e-02
1.344638690352439880e-02
-5.129721947014331818e-03
-4.551881551742553711e-02
4.055185616016387939e-02
3.864947333931922913e-02
8.999891579151153564e-02
2.586946077644824982e-02
3.347668051719665527e-02
-2.143781632184982300e-02
-4.398742690682411194e-02
3.430523723363876343e-02
3.194214776158332825e-02
-3.367071598768234253e-02
4.865688737481832504e-03
3.160025551915168762e-02
1.150012575089931488e-02
1.782734878361225128e-02
1.204259507358074188e-02
-1.076140627264976501e-01
1.022700034081935883e-02
-2.711410820484161377e-02
7.976620458066463470e-03
-3.781530307605862617e-03
-2.462106291204690933e-03
1.638539880514144897e-02
2.816203981637954712e-03
1.844184473156929016e-02
-1.109435595571994781e-02
-2.548442780971527100e-02
-2.717063762247562408e-03
-7.597195506095886230e-01
-1.279932260513305664e-02
-1.496786344796419144e-02
1.789516955614089966e-02
-5.492161493748426437e-03
8.194178342819213867e-03
2.119103213772177696e-03
1.127012260258197784e-02
-9.562565945088863373e-03
2.092322893440723419e-02
-5.990865081548690796e-02
4.324619472026824951e-02
7.306227926164865494e-03
-4.984679166227579117e-03
-1.455982588231563568e-02
-2.539370022714138031e-02
1.353856921195983887e-02
8.505157195031642914e-03
3.442885819822549820e-03
-3.244739770889282227e-02
1.730763353407382965e-02
-7.754011545330286026e-03
2.841691114008426666e-02
-1.614624075591564178e-02
3.747119754552841187e-02
-1.299414038658142090e-02
4.279798269271850586e-02
-1.150013785809278488e-02
-5.373255535960197449e-02
-7.634200621396303177e-03
-8.061946369707584381e-03
3.727859584614634514e-03
-2.125486731529235840e-02
-3.107275255024433136e-02
-8.757369592785835266e-03
3.804942965507507324e-02
3.763769567012786865e-02
5.357073619961738586e-02
-2.836132049560546875e-02
2.466491423547267914e-02
-2.723173424601554871e-02
-7.248458266258239746e-02
-8.659347146749496460e-02
-1.621067523956298828e-02
-4.067670181393623352e-02
1.842529885470867157e-02
1.299277842044830322e-01
-4.919775202870368958e-02
-6.814938783645629883e-02
-5.307016521692276001e-02
-5.236054956912994385e-02
-3.068209812045097351e-02
2.449601888656616211e-02
1.233479231595993042e-01
-1.297709345817565918e-02
1.303585022687911987e-01
-6.599798798561096191e-02
-5.787413939833641052e-02
1.014370098710060120e-02
7.341226190328598022e-02
3.708164440467953682e-03
9.844350628554821014e-03
-2.135099843144416809e-02
-2.051220089197158813e-02
-5.884640663862228394e-02
-3.180726990103721619e-02
7.730552926659584045e-03
-9.801517426967620850e-02
1.382538825273513794e-01
-1.588912494480609894e-02
-4.920624196529388428e-04
1.282352507114410400e-01
7.409146055579185486e-03
-6.045624613761901855e-02
-1.022607162594795227e-01
5.004430189728736877e-03
5.176676064729690552e-02
1.476799882948398590e-02
5.645042657852172852e-02
-7.615520060062408447e-02
2.090486139059066772e-02
8.650811910629272461e-01
9.087694436311721802e-02
7.197722792625427246e-02
5.461690947413444519e-02
-5.238659307360649109e-02
1.088308542966842651e-01
5.007556453347206116e-02
-2.903575077652931213e-02
-3.805882856249809265e-02
-9.735335409641265869e-02
-9.416727721691131592e-02
-4.282112047076225281e-02
4.417105019092559814e-02
8.851575106382369995e-02
8.741483837366104126e-02
-1.614055410027503967e-02
3.106828033924102783e-02
-4.727501422166824341e-03
-4.754990711808204651e-02
-4.458760842680931091e-03
-2.306943759322166443e-02
4.557205736637115479e-02
6.344319786876440048e-03
-2.520477026700973511e-02
-5.535871256142854691e-03
2.840182511135935783e-03
-1.470255432650446892e-03
-8.558155968785285950e-03
-1.450232788920402527e-02
-8.158631622791290283e-03
2.896903455257415771e-02
-1.282861456274986267e-02
-2.440549060702323914e-02
-5.945486947894096375e-02
-3.495068848133087158e-02
-7.669414579868316650e-02
-1.688084192574024200e-02
-2.553799375891685486e-02
-8.776507526636123657e-02
-6.044021621346473694e-02
-1.014490704983472824e-02
-2.023477666079998016e-02
1.986242271959781647e-02
1.631234213709831238e-02
1.137237623333930969e-02
-1.954027265310287476e-02
-2.631076425313949585e-02
-3.987714648246765137e-02
7.154750823974609375e-02
-7.292468566447496414e-03
2.254080772399902344e-02
7.805933803319931030e-02
-4.975171014666557312e-02
1.251075863838195801e-01
2.060220390558242798e-02
-2.279757149517536163e-02
-3.369615599513053894e-02
2.392471022903919220e-02
-2.506242366507649422e-03
1.772171584889292717e-03
-1.851319707930088043e-02
6.501404568552970886e-03
1.971639879047870636e-02
1.881016977131366730e-02
-1.566108688712120056e-02
6.249704398214817047e-03
-1.502597145736217499e-02
-7.927081547677516937e-03
2.353140711784362793e-02
5.477692186832427979e-02
-1.458309311419725418e-02
-4.089054092764854431e-02
3.555230051279067993e-02
-6.949282437562942505e-02
-9.207727015018463135e-02
-3.566333279013633728e-02
-6.653768569231033325e-02
-2.465330809354782104e-02
-3.182347491383552551e-02
8.539181202650070190e-03
4.908961430191993713e-02
-2.360218018293380737e-02
4.289259761571884155e-02
9.600682184100151062e-03
4.655455797910690308e-02
-6.126698851585388184e-02
2.620950900018215179e-02
3.716471791267395020e-02
2.436100319027900696e-02
5.085913464426994324e-02
4.731898196041584015e-03
-6.968551874160766602e-02
6.837041117250919342e-03
6.337199360132217407e-02
4.543919861316680908e-02
2.104327827692031860e-02
-2.044852124527096748e-03
-3.849914297461509705e-02
1.923106610774993896e-02
-7.051193714141845703e-02
-8.083431422710418701e-02
-3.725252673029899597e-02
9.958917275071144104e-03
1.157442107796669006e-01
-1.722575863823294640e-03
-1.018791422247886658e-01
3.486643359065055847e-02
2.797449752688407898e-02
-7.320524752140045166e-02
5.365099012851715088e-02
-1.957643777132034302e-02
1.606082729995250702e-02
8.756032213568687439e-03
-5.988081172108650208e-02
-1.786950044333934784e-02
-2.469736151397228241e-02
3.708721324801445007e-02
4.498635884374380112e-03
4.614926408976316452e-03
3.166817873716354370e-02
3.694664686918258667e-02
-5.143674835562705994e-02
-3.650123998522758484e-02
2.762455120682716370e-02
1.577537506818771362e-02
-4.010349512100219727e-02
4.438637569546699524e-02
-3.275896608829498291e-02
-1.340653840452432632e-02
4.879271611571311951e-02
1.627704128623008728e-03
-1.283932384103536606e-02
2.580201625823974609e-02
5.354819819331169128e-03
-2.640603855252265930e-02
-8.694424480199813843e-02
3.646792843937873840e-03
1.194659620523452759e-02
8.205320686101913452e-03
8.636606484651565552e-02
-4.482256248593330383e-03
-2.123082987964153290e-02
-1.128951013088226318e-01
6.228532269597053528e-02
-4.375541210174560547e-02
-6.049628928303718567e-02
-1.744387485086917877e-02
5.769437644630670547e-03
3.387345699593424797e-03
-6.069259718060493469e-03
8.279270678758621216e-02
2.012796327471733093e-02
-1.184109319001436234e-02
-1.604037173092365265e-02
2.812589285895228386e-03
-4.310701042413711548e-02
3.364092484116554260e-02
6.079545617103576660e-02
5.654261913150548935e-04
7.428138051182031631e-04
3.360890969634056091e-02
-4.793478548526763916e-02
2.282188460230827332e-02
-5.683760624378919601e-03
2.960852580145001411e-03
2.706949971616268158e-02
2.938272990286350250e-02
6.748162955045700073e-02
-1.293810270726680756e-02
-1.590572483837604523e-02
6.092813611030578613e-02
-2.519563212990760803e-02
7.068040221929550171e-02
-6.854908913373947144e-02
1.418882142752408981e-02
-2.038854360580444336e-02
3.787312656641006470e-02
-1.283560972660779953e-02
-1.728858449496328831e-03
-1.268034894019365311e-02
-5.341458320617675781e-02
3.063068352639675140e-02
2.496365457773208618e-02
-6.049763411283493042e-03
-1.811188273131847382e-02
2.772340737283229828e-02
2.997315302491188049e-02
-4.691773653030395508e-02
2.384911058470606804e-03
-5.451041087508201599e-02
-1.051657926291227341e-02
8.222664147615432739e-02
9.743644855916500092e-03
5.785712506622076035e-03
-6.417518854141235352e-02
-7.618331909179687500e-02
6.948008388280868530e-02
-5.066924262791872025e-03
6.073025614023208618e-02
-3.828279301524162292e-02
-4.728177189826965332e-02
-3.061429597437381744e-02
-5.183629691600799561e-02
-6.420076638460159302e-02
9.366812184453010559e-03
-7.059175521135330200e-02
4.894493892788887024e-02
6.267477292567491531e-03
-1.602184772491455078e-02
1.716401427984237671e-02
9.097979404032230377e-03
-3.240907192230224609e-02
-6.472192704677581787e-02
-3.151313588023185730e-02
-5.639640241861343384e-02
1.787668280303478241e-02
-3.116901218891143799e-02
8.366829715669155121e-03
-5.285339802503585815e-02
2.553886547684669495e-02
-1.655261148698627949e-03
2.683435939252376556e-02
-1.058749039657413960e-03
3.020381368696689606e-02
-5.269048269838094711e-03
-4.924253746867179871e-02
2.293955907225608826e-02
1.302713714540004730e-02
8.525344729423522949e-02
3.966074436902999878e-02
-7.432372123003005981e-02
8.235383778810501099e-02
3.630676120519638062e-02
-6.274860352277755737e-02
3.819788619875907898e-02
-2.484178869053721428e-03
1.269284356385469437e-02
-2.765551581978797913e-02
-8.608753979206085205e-02
-5.249318480491638184e-02
3.090305253863334656e-02
3.634197264909744263e-02
8.973336219787597656e-02
1.047448664903640747e-01
4.123177751898765564e-02
-7.194970548152923584e-02
-6.307191401720046997e-02
-1.378447469323873520e-02
2.962380088865756989e-02
-2.179877646267414093e-02
-2.699227817356586456e-02
-1.084354054182767868e-02
-2.670859731733798981e-02
-3.316431120038032532e-02
7.021084893494844437e-03
3.720137476921081543e-02
4.324797540903091431e-03
2.135819755494594574e-02
-2.185616176575422287e-03
-6.644530594348907471e-02
3.627636656165122986e-02
1.577153056859970093e-02
-1.807308942079544067e-02
1.243067625910043716e-02
-2.324883127585053444e-03
-4.542851075530052185e-02
-2.810196951031684875e-02
-1.186322327703237534e-02
2.661491185426712036e-02
-6.266001611948013306e-02
-3.087757714092731476e-02
2.581677027046680450e-02
4.313855618238449097e-02
-9.254925884306430817e-03
-2.387563139200210571e-02
2.814341522753238678e-02
-4.220037721097469330e-03
-1.618764479644596577e-03
4.573905095458030701e-02
-1.978931762278079987e-02
-1.126453839242458344e-02
1.247753575444221497e-02
-4.801384732127189636e-02
-4.550784826278686523e-02
-1.252772845327854156e-02
-8.865858428180217743e-03
-3.609466925263404846e-02
8.354638703167438507e-03
-3.812140226364135742e-02
1.646555494517087936e-03
-3.815689310431480408e-02
2.968946844339370728e-02
5.653881281614303589e-02
-1.258780900388956070e-02
-2.847979217767715454e-02
2.473343163728713989e-02
1.784377917647361755e-02
-3.105196915566921234e-02
-5.698076263070106506e-02
3.276038682088255882e-03
3.167773410677909851e-02
2.325960993766784668e-02
-4.112761467695236206e-02
-4.839507490396499634e-02
6.260298192501068115e-02
1.116241421550512314e-02
-4.934179037809371948e-02
-4.297345504164695740e-02
5.107919871807098389e-02
-9.089945233426988125e-04
-3.762011975049972534e-02
-5.195578560233116150e-02
-7.250420004129409790e-02
9.301812388002872467e-03
-7.711180299520492554e-02
-7.508721202611923218e-02
1.974445395171642303e-02
-3.790228068828582764e-02
2.423990704119205475e-02
-4.113440867513418198e-03
5.000069737434387207e-03
7.276473566889762878e-03
-1.512812101282179356e-03
4.863501340150833130e-02
-9.006567299365997314e-03
-1.248912420123815536e-02
9.650221467018127441e-02
-2.878657355904579163e-02
1.194772962480783463e-02
-5.208312347531318665e-02
1.917684637010097504e-02
-1.140237599611282349e-01
4.932544380426406860e-02
3.891940787434577942e-02
4.468135163187980652e-02
7.100265473127365112e-02
2.177380956709384918e-02
-2.626001834869384766e-02
-6.596958264708518982e-03
-6.060073152184486389e-02
-8.968364447355270386e-03
2.784162200987339020e-02
-6.102644372731447220e-03
3.436089260503649712e-03
-1.378478109836578369e-02
-1.809246279299259186e-02
-3.822795301675796509e-02
-3.746084123849868774e-02
5.718714371323585510e-02
3.399252519011497498e-02
-2.827049605548381805e-02
-3.135720640420913696e-02
5.573725327849388123e-02
-5.128832533955574036e-02
5.298666283488273621e-02
7.178312540054321289e-02
3.017593733966350555e-02
-4.102967306971549988e-02
1.390125155448913574e-01
-2.574822399765253067e-03
-2.119297720491886139e-02
1.203120592981576920e-02
5.962840840220451355e-02
-3.382043167948722839e-02
5.977162346243858337e-02
4.086727648973464966e-02
5.639608949422836304e-02
1.324818190187215805e-02
-4.653993248939514160e-02
8.920660614967346191e-02
5.314720794558525085e-02
1.040026824921369553e-02
6.343137938529253006e-03
-2.857494540512561798e-02
3.840404376387596130e-02
-3.322643414139747620e-02
-4.623966664075851440e-02
-7.651205360889434814e-02
6.163641810417175293e-02
-5.651787668466567993e-02
2.553061209619045258e-02
-6.479626148939132690e-02
-1.301801111549139023e-02
1.962121203541755676e-02
-3.874555230140686035e-03
1.331546436995267868e-02
-3.110188059508800507e-02
2.316792868077754974e-02
2.236661314964294434e-02
6.604420393705368042e-02
5.628763511776924133e-02
3.595188260078430176e-03
3.255804255604743958e-02
-1.947126910090446472e-02
-4.926393553614616394e-02
1.840931922197341919e-02
-1.041056471876800060e-03
-2.264374308288097382e-02
-2.628825418651103973e-02
7.118518650531768799e-02
8.490634709596633911e-02
3.855858370661735535e-02
-6.188228726387023926e-02
1.854810304939746857e-02
-2.276931423693895340e-03
-7.616145163774490356e-02
4.680518992245197296e-03
1.830654963850975037e-02
-6.790381669998168945e-02
-4.470311105251312256e-03
4.965806007385253906e-02
3.169691562652587891e-02
-6.056136917322874069e-04
4.201857745647430420e-02
-3.133833408355712891e-02
7.483970373868942261e-02
-1.168462857604026794e-01
-1.627062074840068817e-02
-4.640961438417434692e-02
5.971940234303474426e-02
3.853159770369529724e-02
-3.007496520876884460e-02
1.612927764654159546e-03
-2.462271787226200104e-02
-7.831703126430511475e-02
1.260061711072921753e-01
8.969850838184356689e-03
2.789219096302986145e-02
2.637646161019802094e-03
-2.919537713751196861e-03
1.537260541226714849e-04
-3.156928718090057373e-02
-3.028927184641361237e-02
-1.382342446595430374e-02
-7.954167574644088745e-02
2.830730006098747253e-02
6.813409924507141113e-02
3.920646384358406067e-02
1.201876718550920486e-02
2.386522851884365082e-02
3.103989176452159882e-03
7.101340591907501221e-02
5.377931892871856689e-02
-2.007889747619628906e-02
-5.796794593334197998e-02
6.118452921509742737e-02
1.971160620450973511e-02
-1.016647554934024811e-02
-6.255122274160385132e-02
6.626725196838378906e-02
4.219583794474601746e-02
2.215874753892421722e-02
7.736996561288833618e-02
-3.738879412412643433e-02
-3.813687711954116821e-02
-1.699601858854293823e-02
5.874507874250411987e-02
9.524125605821609497e-03
2.535288967192173004e-02
-8.152692764997482300e-02
-9.418053179979324341e-02
-3.111513704061508179e-02
-5.992809310555458069e-03
-6.985204666852951050e-02
-4.973357543349266052e-02
-4.064656421542167664e-02
-4.627042636275291443e-02
1.330262422561645508e-01
-1.101990463212132454e-03
-1.149735134094953537e-02
-6.353950500488281250e-02
1.122306138277053833e-01
-7.633444666862487793e-02
-6.597574055194854736e-02
-6.238686293363571167e-02
8.955355733633041382e-03
-2.506492100656032562e-02
-1.280810236930847168e-01
-5.373280495405197144e-02
1.653387211263179779e-02
-6.113428249955177307e-02
-2.001967048272490501e-03
-1.661351174116134644e-01
4.208290483802556992e-03
-3.701868280768394470e-02
4.748000204563140869e-02
-9.089619666337966919e-02
2.417192235589027405e-02
-3.523124009370803833e-02
2.878985926508903503e-02
1.930890046060085297e-02
-1.134378742426633835e-02
-3.583006933331489563e-02
1.058362647891044617e-01
1.840674504637718201e-02
-3.496735543012619019e-02
-1.574285514652729034e-02
-9.385390207171440125e-03
1.867696829140186310e-02
-5.785058252513408661e-03
6.285240501165390015e-02
1.842485181987285614e-02
-1.753696822561323643e-03
3.143493458628654480e-02
-9.270442649722099304e-03
-3.754582488909363747e-03
-3.985953703522682190e-02
-2.998883835971355438e-02
-6.241449154913425446e-04
-1.203453168272972107e-02
4.365093633532524109e-02
5.398953333497047424e-02
2.099096216261386871e-02
-1.466906070709228516e-02
-4.037142265588045120e-03
-2.221878990530967712e-02
-2.499338239431381226e-02
-2.058102563023567200e-02
-2.871988713741302490e-02
1.258899108506739140e-03
-4.214858263731002808e-02
7.329420745372772217e-02
-2.180406823754310608e-02
-2.509149536490440369e-02
5.048027262091636658e-02
4.360990226268768311e-02
-6.107702478766441345e-02
4.036209359765052795e-02
9.132890030741691589e-03
2.528474852442741394e-02
