5.722329393029212952e-02
-1.664058491587638855e-02
1.326289493590593338e-02
9.508450515568256378e-03
1.060405001044273376e-02
-1.301156822592020035e-02
1.221896521747112274e-02
-1.919252052903175354e-02
-4.744134843349456787e-02
9.132864885032176971e-03
-1.435722596943378448e-02
1.487592700868844986e-02
3.856294555589556694e-03
1.546886470168828964e-02
1.604417338967323303e-02
-6.432583555579185486e-03
9.729427285492420197e-03
-5.388395860791206360e-03
8.712338656187057495e-02
4.218477755784988403e-02
-5.008849781006574631e-03
7.046566903591156006e-02
-4.563954845070838928e-02
-1.700377278029918671e-02
1.668708049692213535e-03
2.240939438343048096e-02
1.768590509891510010e-02
-5.406691133975982666e-02
-1.113638002425432205e-02
-1.499012857675552368e-02
2.758436463773250580e-02
-7.987884804606437683e-03
7.093521300703287125e-03
-1.074040890671312809e-03
2.919467538595199585e-02
-1.121361088007688522e-02
-9.378304705023765564e-03
7.286515901796519756e-04
1.144590438343584538e-03
-3.219396574422717094e-03
4.263710230588912964e-03
-1.002049539238214493e-02
-7.566656451672315598e-03
-6.403601728379726410e-03
-2.542017214000225067e-02
1.895258761942386627e-02
-5.628926213830709457e-03
1.550054457038640976e-02
5.200172774493694305e-03
1.068469695746898651e-02
-4.208844620734453201e-03
-9.222296625375747681e-02
4.714441671967506409e-02
1.417355379089713097e-03
-3.499587252736091614e-02
-2.430086210370063782e-02
-7.773998077027499676e-04
-2.082536229863762856e-03
4.567414522171020508e-01
5.599574185907840729e-03
-1.796856988221406937e-03
-1.324388431385159492e-04
3.298559039831161499e-02
-4.462958127260208130e-02
7.275240030139684677e-03
7.697617262601852417e-02
-3.014974063262343407e-04
-2.597300149500370026e-02
-3.007272444665431976e-02
2.139438875019550323e-02
3.400975372642278671e-03
1.813987083733081818e-02
-2.729557082056999207e-02
-1.122958306223154068e-02
3.056773170828819275e-02
1.672776974737644196e-02
4.690712783485651016e-03
-7.767945993691682816e-03
3.091531991958618164e-02
8.624824881553649902e-02
-1.242114510387182236e-02
-2.245464175939559937e-02
1.239731907844543457e-02
2.963123098015785217e-02
5.504558235406875610e-02
-3.258471610024571419e-03
5.590120796114206314e-03
7.942191325128078461e-03
2.041745372116565704e-02
2.625326998531818390e-02
-8.025686256587505341e-03
3.999383747577667236e-02
-3.687064722180366516e-02
3.099252283573150635e-02
7.891587913036346436e-03
-2.113662473857402802e-02
-1.987641677260398865e-03
-1.980326138436794281e-02
-1.869341544806957245e-02
-4.604064859449863434e-03
-2.613732591271400452e-03
4.100144654512405396e-02
3.102591494098305702e-03
-1.957413041964173317e-03
1.522499229758977890e-02
-3.154079616069793701e-02
2.114041708409786224e-02
-2.476754784584045410e-02
2.832507155835628510e-02
-2.835854515433311462e-02
-1.627220888622105122e-03
1.480181585066020489e-03
-1.816145703196525574e-02
-1.025943458080291748e-02
-1.412784121930599213e-02
-7.973222061991691589e-03
-2.282780781388282776e-02
-1.420354656875133514e-02
1.129013113677501678e-02
1.574647054076194763e-02
4.715189337730407715e-03
-9.711276739835739136e-03
-2.144180610775947571e-02
-1.131843868643045425e-02
2.019256912171840668e-02
1.281327218748629093e-03
1.287356717512011528e-03
-1.064409408718347549e-02
1.043666806071996689e-02
7.377707958221435547e-02
1.205197256058454514e-02
-2.463096566498279572e-02
-2.327108010649681091e-02
-2.124015241861343384e-02
-2.130894735455513000e-02
4.180018324404954910e-03
6.900198757648468018e-03
2.805152349174022675e-02
-5.628831312060356140e-02
-4.635309800505638123e-03
-6.134518608450889587e-02
-5.497506354004144669e-03
-1.223045680671930313e-02
-3.807725384831428528e-02
-2.423757500946521759e-02
7.615277916193008423e-02
-1.608443632721900940e-02
1.075693219900131226e-02
1.015276066027581692e-03
-1.818821951746940613e-02
6.541460286825895309e-03
2.186457253992557526e-02
-2.486367523670196533e-02
2.469646371901035309e-02
-4.450570326298475266e-03
-1.481489185243844986e-02
4.317352548241615295e-03
2.196235395967960358e-02
-3.448404371738433838e-02
-9.018456563353538513e-03
1.730318367481231689e-02
-4.450887814164161682e-02
-3.811094537377357483e-02
6.377337034791707993e-03
3.001823835074901581e-02
6.360437721014022827e-02
-2.741782739758491516e-02
5.851537454873323441e-03
2.014598343521356583e-03
-1.176257990300655365e-02
2.390508726239204407e-02
-1.004929933696985245e-02
1.573674031533300877e-03
-8.627030067145824432e-03
3.288527205586433411e-02
3.400622308254241943e-02
-1.428939029574394226e-02
4.728884901851415634e-03
-1.021464914083480835e-01
-3.889771876856684685e-03
-8.506250567734241486e-03
-2.044685743749141693e-02
-7.641711272299289703e-03
1.040010713040828705e-03
-1.007601805031299591e-02
5.919940024614334106e-02
-7.770910114049911499e-02
-5.113265477120876312e-03
-9.307253174483776093e-03
2.564084157347679138e-02
5.545440688729286194e-02
1.290059089660644531e-02
-4.292368423193693161e-03
-4.189368709921836853e-02
3.600927069783210754e-02
3.941390663385391235e-02
9.248913824558258057e-02
2.487619780004024506e-02
4.635619744658470154e-02
-1.789916306734085083e-02
-5.040398985147476196e-02
3.408077359199523926e-02
2.113316208124160767e-02
-2.996795810759067535e-02
6.189891137182712555e-04
3.614955395460128784e-02
1.021914649754762650e-02
1.891550607979297638e-02
1.132484339177608490e-02
-1.043813526630401611e-01
1.513374783098697662e-02
-2.431166730821132660e-02
2.273626625537872314e-03
-3.536635078489780426e-03
-4.369521513581275940e-03
1.307770516723394394e-02
2.198517788201570511e-03
1.922623813152313232e-02
-8.196253329515457153e-03
-2.194213680922985077e-02
2.103528706356883049e-03
-7.652577757835388184e-01
-1.025524456053972244e-02
-1.114266645163297653e-02
1.441460289061069489e-02
-7.279100362211465836e-03
1.205174811184406281e-02
4.207003861665725708e-03
9.885720908641815186e-03
-1.028127502650022507e-02
2.337357401847839355e-02
-5.619695037603378296e-02
4.431821778416633606e-02
6.151029840111732483e-03
-5.579752847552299500e-03
-1.186859142035245895e-02
-1.866932772099971771e-02
1.467704679816961288e-02
8.684576489031314850e-03
-2.752109139692038298e-04
-3.409327939152717590e-02
1.311799045652151108e-02
-3.999139182269573212e-03
3.175782784819602966e-02
-2.044635638594627380e-02
3.667315840721130371e-02
-1.268242951482534409e-02
3.629529103636741638e-02
-1.683751121163368225e-02
-4.886413365602493286e-02
-5.499388556927442551e-03
-8.366405032575130463e-03
4.314327146857976913e-03
-2.187982946634292603e-02
-3.061629459261894226e-02
-9.308609180152416229e-03
2.291053161025047302e-02
2.940668351948261261e-02
6.247018650174140930e-02
-1.881439983844757080e-02
1.780756749212741852e-02
-6.551168859004974365e-02
-8.059016615152359009e-02
-1.150272637605667114e-01
-2.429720573127269745e-02
-6.933943368494510651e-03
1.347989542409777641e-03
1.015145108103752136e-01
-6.616313010454177856e-02
-4.874572902917861938e-02
-5.038923770189285278e-02
-4.172152653336524963e-02
-3.327919915318489075e-02
2.724759466946125031e-02
9.185364097356796265e-02
-3.840272547677159309e-03
1.314098685979843140e-01
-6.977137178182601929e-02
-6.913938373327255249e-02
-2.592612430453300476e-02
8.131473511457443237e-02
-9.264318272471427917e-03
-5.722607951611280441e-03
-1.463627908378839493e-02
-1.853409223258495331e-02
-8.357910066843032837e-02
-4.204421862959861755e-02
1.908607408404350281e-02
-1.315545737743377686e-01
1.593503654003143311e-01
9.535814751870930195e-04
3.511180356144905090e-02
1.242395415902137756e-01
-2.365127392113208771e-02
-4.245352372527122498e-02
-1.036343574523925781e-01
-6.389018148183822632e-03
5.194577574729919434e-02
2.966187708079814911e-02
4.697822406888008118e-02
-5.729266628623008728e-02
2.746518142521381378e-02
8.511434793472290039e-01
7.942104339599609375e-02
7.853288203477859497e-02
6.354381889104843140e-02
-6.567696481943130493e-02
1.093465089797973633e-01
2.312333136796951294e-02
-2.393341995775699615e-02
-3.714410960674285889e-02
-1.008306369185447693e-01
-1.059810295701026917e-01
-3.502509742975234985e-02
7.533372193574905396e-02
1.175916194915771484e-01
8.945821225643157959e-02
-1.261960808187723160e-02
3.745607659220695496e-02
1.183756976388394833e-03
-4.589418694376945496e-02
-1.254009176045656204e-02
-6.053192541003227234e-03
4.054548963904380798e-02
6.766520906239748001e-03
-1.991748623549938202e-02
-1.561338920146226883e-02
-4.423559643328189850e-03
2.984687918797135353e-03
-1.894082874059677124e-02
-2.216577529907226562e-02
-8.285243064165115356e-03
2.669817022979259491e-02
-4.182380624115467072e-03
-1.453555002808570862e-02
-5.717703700065612793e-02
-5.309443175792694092e-02
-7.931257039308547974e-02
-2.730943087954074144e-04
-2.611619047820568085e-02
-9.320051223039627075e-02
-4.804315045475959778e-02
-2.372600510716438293e-02
-1.789368689060211182e-02
4.803842864930629730e-03
7.029066793620586395e-03
1.029528118669986725e-02
-2.214939706027507782e-02
-1.751268282532691956e-02
-4.403996840119361877e-02
7.838468253612518311e-02
-1.773925614543259144e-03
1.311656460165977478e-02
6.034108623862266541e-02
-4.204443469643592834e-02
1.294823437929153442e-01
9.664914570748806000e-03
-1.243980042636394501e-02
-3.227506950497627258e-02
1.895377039909362793e-02
-1.026042364537715912e-02
-7.033565780147910118e-04
-1.404228154569864273e-02
6.655690231127664447e-05
2.438003569841384888e-02
2.009598910808563232e-02
-2.411853149533271790e-02
-7.681622169911861420e-03
-2.969721518456935883e-02
-4.200499504804611206e-03
1.936631277203559875e-02
6.955014914274215698e-02
-1.436209678649902344e-02
-2.873776666820049286e-02
3.742023557424545288e-02
-7.603451609611511230e-02
-5.269581452012062073e-02
-2.952756360173225403e-02
-5.073043331503868103e-02
-1.190960779786109924e-02
-3.971195220947265625e-02
1.857887953519821167e-02
5.208725482225418091e-02
-2.728935144841670990e-02
5.795539915561676025e-02
2.360378392040729523e-02
4.038304835557937622e-02
-8.368674665689468384e-02
-8.389638736844062805e-03
4.833804070949554443e-02
2.087657712399959564e-02
4.702956229448318481e-02
3.456446807831525803e-03
-6.444591283798217773e-02
1.625353097915649414e-02
5.159735679626464844e-02
8.272223174571990967e-02
2.408454194664955139e-02
-2.709085680544376373e-02
-4.820223152637481689e-02
1.953772641718387604e-02
-6.830655038356781006e-02
-6.687160581350326538e-02
-3.651741519570350647e-02
1.320609170943498611e-02
9.270992875099182129e-02
3.398657543584704399e-03
-9.043703973293304443e-02
3.594921901822090149e-02
4.119552299380302429e-02
-9.125380218029022217e-02
3.634077683091163635e-02
9.851914830505847931e-03
8.324844762682914734e-03
-1.486606430262327194e-03
-4.237874969840049744e-02
-6.462448742240667343e-03
-3.255552798509597778e-02
2.514411136507987976e-02
1.943566603586077690e-04
-1.228840835392475128e-02
4.010212048888206482e-02
4.303196072578430176e-02
-4.142579436302185059e-02
-3.598455712199211121e-02
4.847536608576774597e-02
1.925045251846313477e-02
-3.033475764095783234e-02
4.170453920960426331e-02
-3.539032116532325745e-02
-3.059756569564342499e-02
5.659065395593643188e-02
8.868793025612831116e-03
-1.134681049734354019e-02
2.932966314256191254e-02
7.110869046300649643e-04
-3.108275681734085083e-02
-1.004705950617790222e-01
-1.839208044111728668e-02
3.369801212102174759e-03
1.513385958969593048e-02
7.412122935056686401e-02
2.434069663286209106e-02
-1.065056491643190384e-02
-1.076540350914001465e-01
4.088553413748741150e-02
-4.935775324702262878e-02
-5.903824791312217712e-02
-3.988872468471527100e-02
-3.001948446035385132e-02
1.535502169281244278e-02
-5.097244866192340851e-03
6.227850541472434998e-02
1.714614965021610260e-02
-5.268632899969816208e-03
6.655036937445402145e-03
-9.994532912969589233e-03
-4.200188815593719482e-02
5.452768877148628235e-02
8.210755884647369385e-02
2.457871288061141968e-02
1.034459285438060760e-02
2.864991314709186554e-02
-3.234763070940971375e-02
2.884381264448165894e-02
-4.947235807776451111e-03
1.408531889319419861e-02
3.050033934414386749e-02
1.845157891511917114e-02
5.870328843593597412e-02
-1.930422335863113403e-02
-3.838972374796867371e-02
6.811207532882690430e-02
2.328524598851799965e-03
5.522573366761207581e-02
-5.747533589601516724e-02
1.572225242853164673e-02
-2.822169288992881775e-02
2.217196300625801086e-02
-1.234050653874874115e-02
1.096464344300329685e-03
-1.742650941014289856e-02
-6.650712341070175171e-02
2.698586508631706238e-02
2.550023049116134644e-02
3.483064705505967140e-03
-1.220528129488229752e-02
5.982966348528862000e-02
2.518056146800518036e-02
-6.071199476718902588e-02
1.227534189820289612e-02
-6.808476150035858154e-02
-2.355918101966381073e-02
9.576192498207092285e-02
1.108387298882007599e-02
-3.469289047643542290e-03
-8.020719885826110840e-02
-6.412810087203979492e-02
6.298344582319259644e-02
-2.459027804434299469e-02
3.899894654750823975e-02
-9.299349039793014526e-03
-4.351161047816276550e-02
-2.669002115726470947e-02
-6.330358982086181641e-02
-7.507603615522384644e-02
1.733202487230300903e-02
-8.056202530860900879e-02
4.743891581892967224e-02
-7.744317874312400818e-03
-7.941285148262977600e-03
1.830153167247772217e-02
1.137903239578008652e-02
4.667618311941623688e-03
-5.794177204370498657e-02
-4.184505715966224670e-02
-5.982274934649467468e-02
4.339636489748954773e-02
-4.362598434090614319e-02
2.223093528300523758e-03
-5.431118234992027283e-02
4.934484139084815979e-02
2.605939842760562897e-02
1.224773935973644257e-02
9.381311945617198944e-03
1.153784431517124176e-02
4.695265553891658783e-03
-4.858156293630599976e-02
1.934135705232620239e-02
2.588721737265586853e-02
7.142049819231033325e-02
3.167012706398963928e-02
-5.678508430719375610e-02
6.316994130611419678e-02
3.893351554870605469e-02
-6.558683514595031738e-02
4.620201140642166138e-02
1.282001729123294353e-03
5.304595921188592911e-03
-3.485560417175292969e-02
-7.175081968307495117e-02
-4.074645787477493286e-02
1.888175867497920990e-02
4.242310300469398499e-02
1.115907356142997742e-01
1.071622222661972046e-01
2.709960751235485077e-02
-7.960429787635803223e-02
-4.606068506836891174e-02
-9.284604340791702271e-03
3.105378337204456329e-02
-2.598168142139911652e-02
-2.338481321930885315e-02
-2.094849199056625366e-02
-1.579658128321170807e-02
-2.764496393501758575e-02
1.065427437424659729e-02
4.632880166172981262e-02
-5.554135423153638840e-04
3.963239863514900208e-02
-1.742563210427761078e-02
-5.775661021471023560e-02
3.519023582339286804e-02
5.948655307292938232e-03
-2.843157760798931122e-02
7.999432273209095001e-03
1.489980984479188919e-02
-4.795908555388450623e-02
-3.735833615064620972e-02
-1.598886400461196899e-02
1.007735263556241989e-02
-6.628043949604034424e-02
-2.209871634840965271e-02
1.633946411311626434e-02
5.964134261012077332e-02
-7.487028837203979492e-03
-2.477074740454554558e-03
3.037790022790431976e-02
6.395219825208187103e-03
1.190482580568641424e-04
3.659206628799438477e-02
-1.468426734209060669e-02
-2.722320146858692169e-02
1.150054298341274261e-02
-3.882191330194473267e-02
-5.056606978178024292e-02
-1.390991848893463612e-03
-7.784238085150718689e-03
-3.601454943418502808e-02
3.449391573667526245e-02
-4.981287196278572083e-02
2.543139737099409103e-03
-2.771170996129512787e-02
5.271968245506286621e-02
8.911623060703277588e-02
-1.537478435784578323e-02
-1.618230901658535004e-02
3.486684337258338928e-02
1.082636788487434387e-02
-3.183598071336746216e-02
-4.380474984645843506e-02
-6.798414513468742371e-03
2.683627232909202576e-02
2.992929518222808838e-02
-3.256077691912651062e-02
-3.241076692938804626e-02
5.588477477431297302e-02
3.338726609945297241e-02
-2.757364884018898010e-02
-1.369399391114711761e-02
5.457113683223724365e-02
1.602265052497386932e-03
-3.183018416166305542e-02
-1.977269351482391357e-02
-8.201496303081512451e-02
1.024003513157367706e-02
-8.398625254631042480e-02
-7.986743748188018799e-02
-1.339486218057572842e-03
-1.872827298939228058e-02
2.675824984908103943e-02
-1.037926785647869110e-02
2.100277505815029144e-02
9.011123329401016235e-03
-2.212414517998695374e-02
3.939518705010414124e-02
-4.210232757031917572e-03
-1.756434887647628784e-02
9.248620271682739258e-02
-2.414028346538543701e-02
-6.697917357087135315e-03
-4.206342622637748718e-02
2.590567059814929962e-02
-1.118171140551567078e-01
4.021241888403892517e-02
5.441213771700859070e-02
4.839248955249786377e-02
8.640775829553604126e-02
2.137353084981441498e-02
-1.712029241025447845e-02
-5.162959545850753784e-02
-5.762792751193046570e-02
-6.835773587226867676e-03
1.091210916638374329e-02
-1.292360387742519379e-02
-2.154824137687683105e-02
-1.092505268752574921e-02
-1.831706799566745758e-02
-1.946467347443103790e-02
-4.954948276281356812e-02
4.856474697589874268e-02
2.298232913017272949e-02
-1.243261713534593582e-02
-1.993372291326522827e-02
4.797986149787902832e-02
-6.538180261850357056e-02
6.481621414422988892e-02
7.627785950899124146e-02
4.561794921755790710e-02
-1.801815815269947052e-02
1.538145840167999268e-01
-1.310174411628395319e-04
-3.163285925984382629e-02
-2.632791001815348864e-04
3.502094000577926636e-02
-4.371191840618848801e-03
5.554971471428871155e-02
2.960858494043350220e-02
4.587201401591300964e-02
5.144139751791954041e-03
-5.255880579352378845e-02
8.113730698823928833e-02
4.623233899474143982e-02
2.101228758692741394e-02
9.846976026892662048e-03
-2.015942893922328949e-02
2.336623519659042358e-02
-3.665788099169731140e-02
-4.767710343003273010e-02
-7.905479520559310913e-02
5.438918620347976685e-02
-4.920015111565589905e-02
2.346728742122650146e-02
-5.378200858831405640e-02
-1.382254064083099365e-02
3.856929764151573181e-02
-8.626110851764678955e-03
5.297386087477207184e-03
-2.567307464778423309e-02
1.048890408128499985e-02
2.918143011629581451e-02
6.055023521184921265e-02
4.468951001763343811e-02
8.167015388607978821e-03
2.135694399476051331e-02
-2.532707341015338898e-02
-6.026406586170196533e-02
2.263803593814373016e-02
1.735004596412181854e-02
-1.559361163526773453e-02
-1.982373185455799103e-02
8.145324885845184326e-02
8.208305388689041138e-02
2.727804891765117645e-02
-5.873828008770942688e-02
3.814862668514251709e-02
-7.700303685851395130e-04
-6.124871224164962769e-02
-8.641971275210380554e-03
7.289964240044355392e-03
-8.135753870010375977e-02
-2.927985275164246559e-03
5.556482449173927307e-02
3.733337670564651489e-02
-5.117324180901050568e-03
4.397944733500480652e-02
-2.887106873095035553e-02
6.615879386663436890e-02
-1.140191555023193359e-01
-5.854755640029907227e-03
-4.197765141725540161e-02
5.775563418865203857e-02
4.445668682456016541e-02
-1.762791723012924194e-02
-1.634763320907950401e-03
-2.547155693173408508e-02
-8.645135164260864258e-02
1.078159287571907043e-01
1.913584023714065552e-02
4.077121615409851074e-03
-7.214002776890993118e-03
1.017361762933433056e-03
7.570208050310611725e-03
-2.496437169611454010e-02
-3.341684490442276001e-02
-2.088366821408271790e-02
-6.848186254501342773e-02
2.561623044312000275e-02
8.045623451471328735e-02
3.796881809830665588e-02
5.116838961839675903e-03
1.821109838783740997e-02
-6.341675762087106705e-03
5.901874229311943054e-02
3.874635323882102966e-02
-3.128783404827117920e-02
-4.318712279200553894e-02
6.071973219513893127e-02
2.811799524351954460e-03
6.686477456241846085e-03
-5.488920211791992188e-02
8.429578691720962524e-02
4.219235107302665710e-02
3.236418962478637695e-02
9.309420734643936157e-02
-4.265244677662849426e-02
-6.072049587965011597e-02
-3.451154008507728577e-02
4.675127938389778137e-02
1.239702571183443069e-02
-6.081726867705583572e-03
-6.850659102201461792e-02
-1.062672585248947144e-01
-3.434474766254425049e-02
-2.190948277711868286e-02
-9.894429147243499756e-02
-5.737185478210449219e-02
-3.160663321614265442e-02
-3.984067216515541077e-02
1.346347779035568237e-01
2.178487926721572876e-02
-2.785607427358627319e-02
-7.139077782630920410e-02
1.224216967821121216e-01
-4.871224984526634216e-02
-8.193280547857284546e-02
-4.224523156881332397e-02
1.437047380022704601e-03
1.723041292279958725e-03
-1.188543215394020081e-01
-3.693915903568267822e-02
1.622179150581359863e-02
-6.405213475227355957e-02
7.056611590087413788e-03
-1.681064963340759277e-01
2.352094464004039764e-02
-4.687754437327384949e-02
4.126073047518730164e-02
-7.596035301685333252e-02
2.068885788321495056e-02
-2.541094832122325897e-02
1.741755567491054535e-02
1.850528875365853310e-03
-6.649931892752647400e-04
-1.951693184673786163e-02
1.101714149117469788e-01
3.590360656380653381e-02
-3.562725707888603210e-02
-1.477850880473852158e-02
-1.103830523788928986e-02
1.249467488378286362e-02
-2.773688547313213348e-02
5.319457501173019409e-02
1.899517513811588287e-02
-7.774658501148223877e-03
2.668240107595920563e-02
-3.307035937905311584e-02
-5.321364384144544601e-03
-2.511469647288322449e-02
-3.100331313908100128e-02
-1.309256535023450851e-02
-3.489606315270066261e-03
6.235032528638839722e-02
3.922108560800552368e-02
5.446728784590959549e-03
-1.161638367921113968e-02
-1.580489054322242737e-02
-3.039399348199367523e-02
-1.973425969481468201e-02
-1.866423897445201874e-02
-1.768589951097965240e-02
-1.064257230609655380e-02
-3.645925596356391907e-02
6.591237336397171021e-02
-3.790053352713584900e-02
-3.178545460104942322e-02
7.213316857814788818e-02
4.292738065123558044e-02
-3.408469632267951965e-02
2.962917461991310120e-02
1.583338947966694832e-03
3.970178961753845215e-02
