1.361660659313201904e-02
-1.214355463162064552e-03
-4.990487173199653625e-02
-1.482914388179779053e-02
1.107418444007635117e-02
2.454312331974506378e-02
1.218828954733908176e-03
-5.901977419853210449e-02
-2.846001088619232178e-02
1.725791580975055695e-02
-2.851724624633789062e-02
1.835005916655063629e-02
1.285626925528049469e-02
-2.753018960356712341e-02
-3.265056014060974121e-02
-2.786901406943798065e-02
-1.320878881961107254e-02
-3.140712529420852661e-02
1.617159843444824219e-01
2.731066569685935974e-02
-3.374396124854683876e-03
1.413496024906635284e-02
-6.126615684479475021e-03
-1.248826552182435989e-02
2.814940409734845161e-03
2.470900071784853935e-03
5.614765919744968414e-03
5.586725659668445587e-03
-7.824269123375415802e-03
1.859262213110923767e-02
5.788068473339080811e-02
-3.441531956195831299e-02
-1.088697556406259537e-02
9.387131285620853305e-05
-9.557786397635936737e-03
1.168208196759223938e-02
-1.269017928279936314e-03
2.359264902770519257e-02
-1.587626338005065918e-02
4.876039456576108932e-03
-3.362189978361129761e-02
-1.128442492336034775e-02
-1.107478663325309753e-01
-4.763125255703926086e-02
-1.594438031315803528e-02
8.798346389085054398e-04
-3.758144378662109375e-02
2.323970198631286621e-03
2.559460327029228210e-02
3.175235120579600334e-03
-7.809594739228487015e-03
-4.997764527797698975e-02
3.592295339331030846e-03
1.458477042615413666e-02
-3.775118663907051086e-02
3.961337730288505554e-03
9.308964945375919342e-03
-3.024753648787736893e-03
4.287013113498687744e-01
9.668393433094024658e-02
-1.929414458572864532e-02
-1.164134312421083450e-02
1.949933939613401890e-03
-5.714400205761194229e-03
1.998304761946201324e-02
-3.904814657289534807e-04
7.041622884571552277e-03
-2.170915715396404266e-02
6.694581359624862671e-02
1.852201111614704132e-02
2.040491253137588501e-02
-1.843330636620521545e-02
-4.127165302634239197e-02
7.748992182314395905e-03
-4.524188581854104996e-03
-3.373468294739723206e-02
-4.743450134992599487e-02
-3.924119845032691956e-02
5.133823677897453308e-02
7.481032609939575195e-02
-1.834729919210076332e-03
2.582688815891742706e-02
2.627679519355297089e-02
8.395969122648239136e-02
3.433444071561098099e-04
1.873900182545185089e-02
-2.182831987738609314e-03
1.050757989287376404e-02
3.408311307430267334e-02
2.040210925042629242e-02
2.546967705711722374e-03
-3.241792321205139160e-02
7.331208139657974243e-02
1.236162148416042328e-02
-1.493074279278516769e-02
-4.830823745578527451e-03
3.746961802244186401e-02
-2.536921948194503784e-02
6.311769038438796997e-02
4.735500086098909378e-03
-1.014671474695205688e-02
-1.483061816543340683e-02
-2.151039242744445801e-02
1.688767457380890846e-03
6.094596348702907562e-03
-4.441114142537117004e-02
3.152383118867874146e-02
1.333071198314428329e-02
4.563247319310903549e-03
-6.398880481719970703e-02
-1.813014224171638489e-02
2.018906641751527786e-03
3.812289331108331680e-03
-2.211756817996501923e-02
9.123180992901325226e-03
-8.176122792065143585e-03
4.287906922399997711e-03
-2.907003648579120636e-02
-2.171392925083637238e-02
2.366260392591357231e-03
-1.912957243621349335e-02
-3.169922530651092529e-02
5.050841253250837326e-03
7.013479247689247131e-03
-3.782731294631958008e-02
-9.174025617539882660e-03
3.781439736485481262e-02
-9.620524942874908447e-03
2.026904746890068054e-02
2.161888219416141510e-02
-4.318427294492721558e-02
-3.151672706007957458e-02
-2.031683549284934998e-02
-8.600625209510326385e-03
-4.717420414090156555e-02
5.530911497771739960e-03
3.826534666586667299e-04
7.501078769564628601e-03
-1.568516492843627930e-01
3.966645523905754089e-02
-2.445019409060478210e-02
-1.532116997987031937e-02
-1.811206340789794922e-02
-1.303759403526782990e-02
-3.067894279956817627e-02
1.632714122533798218e-01
-1.316446438431739807e-02
-1.226512994617223740e-02
-3.765305969864130020e-03
-2.997561171650886536e-02
4.077432304620742798e-02
2.104553021490573883e-02
-1.010948605835437775e-02
-2.579471096396446228e-03
2.861342579126358032e-02
-1.404262054711580276e-02
-1.286156382411718369e-02
9.993637911975383759e-03
-5.216075107455253601e-02
2.111445879563689232e-03
-7.684356532990932465e-03
-3.950055688619613647e-02
5.640447512269020081e-02
1.685526967048645020e-02
-1.068596076220273972e-02
4.489542543888092041e-02
2.714323811233043671e-02
1.793397008441388607e-03
6.355057470500469208e-03
5.913197062909603119e-03
1.496320473961532116e-03
-2.391763031482696533e-03
-5.970108322799205780e-03
-3.580116899684071541e-03
2.695340290665626526e-02
2.892770245671272278e-02
2.279502712190151215e-02
-3.044251352548599243e-03
-4.925536736845970154e-02
-1.346070226281881332e-02
-2.076262794435024261e-02
-2.086846157908439636e-02
-7.110794074833393097e-03
2.902229502797126770e-02
3.277636691927909851e-02
1.288052927702665329e-02
6.707853823900222778e-02
4.836835898458957672e-03
-3.754226258024573326e-03
2.485680766403675079e-02
4.045738838613033295e-03
4.828527197241783142e-02
2.101180329918861389e-02
-2.310155332088470459e-02
6.607410497963428497e-03
2.156062982976436615e-02
-1.293996255844831467e-02
2.265130355954170227e-02
5.328188836574554443e-02
-8.273524232208728790e-03
9.247760474681854248e-02
2.984866313636302948e-02
8.348810672760009766e-02
-1.932101696729660034e-02
-8.554214611649513245e-03
-5.527307838201522827e-02
3.732721507549285889e-02
-2.346265688538551331e-02
-7.043181452900171280e-03
-7.259194552898406982e-02
1.053895056247711182e-02
-2.198656089603900909e-02
2.519440092146396637e-02
9.485410526394844055e-03
-4.590959474444389343e-02
-1.707185432314872742e-02
-2.790141617879271507e-03
2.878718078136444092e-02
1.197778247296810150e-02
-4.066459368914365768e-03
1.406258158385753632e-02
-7.263420820236206055e-01
-1.390552800148725510e-02
-4.923177510499954224e-02
8.105722256004810333e-03
-2.146121114492416382e-02
-3.536071861162781715e-03
-1.634983904659748077e-02
-8.770965039730072021e-03
-2.476243861019611359e-02
-1.843154896050691605e-03
3.209366230294108391e-03
3.001357661560177803e-03
-6.023017689585685730e-03
-4.368241131305694580e-02
9.003251325339078903e-04
-1.913437619805335999e-02
3.761264728382229805e-03
-6.772717926651239395e-03
-4.630760289728641510e-03
8.427974767982959747e-03
1.832682453095912933e-02
-6.645597517490386963e-02
-6.923504173755645752e-02
4.263163544237613678e-03
2.114810608327388763e-02
1.593143306672573090e-02
-3.539207158610224724e-03
1.998955151066184044e-03
-5.755539052188396454e-03
1.619015674805268645e-04
1.769948378205299377e-02
5.495022237300872803e-02
-4.242838826030492783e-03
-3.633548738434910774e-03
4.781126626767218113e-04
9.139890968799591064e-02
2.794783189892768860e-02
-3.902215138077735901e-02
1.163000091910362244e-01
5.969214439392089844e-02
-3.393393009901046753e-02
6.493123620748519897e-02
-2.326245792210102081e-02
-1.216968288645148277e-03
-3.436551243066787720e-02
9.866180270910263062e-02
6.025689095258712769e-02
-6.027969997376203537e-03
-3.049476258456707001e-02
-9.116049855947494507e-02
1.790281012654304504e-02
2.300371602177619934e-02
4.284020140767097473e-02
4.421491175889968872e-03
-3.120221011340618134e-02
6.818604469299316406e-02
7.712202519178390503e-02
-1.404165029525756836e-01
4.566311836242675781e-02
2.787927165627479553e-02
-4.894153773784637451e-02
6.690929085016250610e-02
-9.061994403600692749e-02
-3.857398405671119690e-02
2.283681370317935944e-02
9.711353480815887451e-02
-4.091261886060237885e-03
6.919361650943756104e-02
-1.381158921867609024e-02
2.326848730444908142e-02
-1.200693845748901367e-02
-1.495660515502095222e-03
7.832930423319339752e-03
-4.900299012660980225e-02
9.104050695896148682e-02
-6.247091665863990784e-02
3.322743996977806091e-02
-5.385921522974967957e-02
-1.231262683868408203e-01
-5.255435127764940262e-03
-5.767711997032165527e-02
8.431146144866943359e-01
-5.941478535532951355e-02
5.081502348184585571e-02
-1.320493221282958984e-01
6.253132969141006470e-02
7.939204573631286621e-02
4.541165009140968323e-02
3.810445964336395264e-02
-6.668578088283538818e-02
-7.397717982530593872e-02
1.456535905599594116e-01
-1.824983581900596619e-02
-1.349957287311553955e-01
-2.541633509099483490e-02
-1.508232504129409790e-01
2.376647479832172394e-02
-1.035945490002632141e-01
-6.152380257844924927e-02
-4.344753175973892212e-02
-1.037006359547376633e-02
-7.487317919731140137e-02
3.118124045431613922e-02
-1.106258641812019050e-04
-3.745529800653457642e-02
-3.806904330849647522e-02
2.362428233027458191e-02
-1.190941198728978634e-03
-1.686088182032108307e-02
-3.921630978584289551e-02
-4.549910500645637512e-02
-4.978892393410205841e-03
2.607799135148525238e-02
-2.755529060959815979e-02
2.218968234956264496e-02
-6.009990349411964417e-02
-3.374035283923149109e-02
2.466959692537784576e-02
-1.510913018137216568e-02
-3.061277419328689575e-02
-4.609033092856407166e-02
-7.827058434486389160e-03
3.384761884808540344e-02
2.093141525983810425e-02
3.428563475608825684e-02
-4.053853824734687805e-02
-4.759960621595382690e-02
-2.919251471757888794e-02
-4.995295405387878418e-02
4.831634834408760071e-02
-3.639545291662216187e-02
-2.054676227271556854e-02
3.044829703867435455e-02
-5.609684437513351440e-02
9.454969316720962524e-02
-3.991168364882469177e-02
-5.397827364504337311e-03
3.990677744150161743e-02
3.600474447011947632e-02
-5.608309525996446609e-03
2.881452813744544983e-02
-6.375115364789962769e-03
1.091399788856506348e-02
-4.984523402526974678e-04
-1.137277297675609589e-02
-2.145620808005332947e-02
8.312484622001647949e-02
5.607745051383972168e-02
-1.534321717917919159e-02
-5.553313530981540680e-03
2.110620960593223572e-02
6.059523671865463257e-02
-3.379537165164947510e-02
3.769017010927200317e-02
-3.118382766842842102e-02
-4.933807998895645142e-02
-9.289086796343326569e-03
-1.950425654649734497e-02
-3.357804939150810242e-02
-3.275964781641960144e-02
3.352602943778038025e-03
1.493397168815135956e-02
1.159160025417804718e-02
2.563469670712947845e-02
2.721508406102657318e-02
2.074916101992130280e-02
-6.503657437860965729e-03
7.532627135515213013e-02
-5.170666426420211792e-02
3.651278559118509293e-03
7.518296130001544952e-03
8.325442671775817871e-02
-1.858837204053997993e-03
-2.241284400224685669e-02
1.755157299339771271e-02
4.830259829759597778e-02
5.609636381268501282e-02
-2.385126659646630287e-03
-3.401873633265495300e-02
5.419562384486198425e-02
-7.636706531047821045e-02
-9.746726602315902710e-03
-4.293823614716529846e-02
3.019419498741626740e-02
-4.755561705678701401e-03
2.682883664965629578e-02
-3.554612398147583008e-02
8.473985642194747925e-02
-1.877291314303874969e-02
-5.812423303723335266e-02
2.389915473759174347e-02
3.571878746151924133e-02
4.543619602918624878e-02
-2.188418805599212646e-02
1.353347906842827797e-03
-5.501963663846254349e-03
-3.462352231144905090e-02
2.169416472315788269e-02
-3.058514930307865143e-02
-1.358168385922908783e-02
-5.501320585608482361e-02
-1.960573345422744751e-02
-4.138998314738273621e-02
-1.178711093962192535e-02
1.800394617021083832e-02
-2.037758007645606995e-02
-5.983605515211820602e-03
-3.380899131298065186e-02
-4.592170566320419312e-02
-2.245559357106685638e-02
1.056662295013666153e-02
1.688206382095813751e-02
-8.941301144659519196e-03
4.954244196414947510e-02
7.355988770723342896e-02
2.432058379054069519e-02
-5.758272483944892883e-03
2.663662098348140717e-02
4.949850030243396759e-03
-2.215193584561347961e-02
1.187426224350929260e-02
5.343862995505332947e-02
4.595650732517242432e-02
-3.480020165443420410e-02
2.672500163316726685e-02
3.578114137053489685e-02
-1.042797863483428955e-01
-4.891273006796836853e-02
5.918969400227069855e-03
2.362669445574283600e-02
-3.274831175804138184e-02
-1.486220955848693848e-02
7.280546240508556366e-03
4.440319165587425232e-02
1.822192594408988953e-02
4.760221764445304871e-02
-3.426648303866386414e-02
-3.418600186705589294e-02
9.459175169467926025e-02
1.190900430083274841e-01
8.102570660412311554e-03
-2.230403572320938110e-02
5.712768994271755219e-03
9.609014540910720825e-02
-1.117245387285947800e-02
5.190064664930105209e-03
3.304060176014900208e-02
9.715789929032325745e-04
3.258882462978363037e-02
-2.822411619126796722e-02
-5.130972713232040405e-02
7.782178372144699097e-02
-1.723041944205760956e-02
1.447498518973588943e-02
-2.306505292654037476e-02
4.840603098273277283e-02
-3.458959981799125671e-02
3.368022292852401733e-02
-5.724202468991279602e-02
-1.036620960803702474e-04
6.951542198657989502e-02
-5.976476892828941345e-02
-4.832344874739646912e-02
1.733252964913845062e-02
9.274871088564395905e-03
-4.718673601746559143e-02
-7.594349794089794159e-03
-8.958439528942108154e-02
-2.123157493770122528e-02
4.669421911239624023e-02
-5.780603736639022827e-02
-2.691924571990966797e-02
4.481419548392295837e-02
4.906416684389114380e-02
-2.180431224405765533e-02
-2.612546272575855255e-02
1.910644210875034332e-02
1.386266350746154785e-01
-2.437992952764034271e-03
4.696508124470710754e-02
-3.192609548568725586e-02
1.692713797092437744e-02
4.431185871362686157e-02
-2.795807458460330963e-02
-6.061387434601783752e-02
3.293440490961074829e-02
1.848111674189567566e-02
-4.023737739771604538e-03
-4.893912002444267273e-02
2.847931534051895142e-02
7.185706403106451035e-03
2.420465461909770966e-02
4.207812249660491943e-02
-3.506595641374588013e-02
3.255699947476387024e-02
-3.144413605332374573e-02
6.307019852101802826e-03
2.351856091991066933e-03
4.326739348471164703e-03
2.369036525487899780e-02
-2.497515827417373657e-02
-6.284134089946746826e-02
-4.936073441058397293e-03
-3.814233839511871338e-02
5.672910064458847046e-02
-2.462505362927913666e-02
5.206114053726196289e-02
-2.194182388484477997e-02
2.065954357385635376e-02
-1.633861474692821503e-02
-5.358757916837930679e-04
-7.884251885116100311e-03
4.650459438562393188e-02
3.766315057873725891e-02
-6.081433966755867004e-02
-1.475961878895759583e-02
6.650158762931823730e-02
1.439332868903875351e-02
8.812641724944114685e-03
-6.683457642793655396e-02
-2.047067694365978241e-02
-1.557077188044786453e-02
-9.876427240669727325e-03
-2.337333513423800468e-03
2.727862447500228882e-03
-9.333076886832714081e-03
-7.500355690717697144e-02
1.262451987713575363e-02
-2.495075389742851257e-02
4.937899485230445862e-02
3.718063607811927795e-02
2.112751267850399017e-02
5.634776316583156586e-03
-3.961539641022682190e-02
-1.365431398153305054e-01
-2.003647945821285248e-02
3.679157420992851257e-02
2.848018426448106766e-03
-4.593868926167488098e-02
-6.374742835760116577e-02
-3.656106442213058472e-02
9.142281860113143921e-02
-3.755670413374900818e-02
-1.758803986012935638e-02
-5.266430974006652832e-02
5.235517770051956177e-02
7.129894942045211792e-02
2.015177719295024872e-02
3.208755748346447945e-03
3.751175850629806519e-02
2.370562776923179626e-02
1.495974231511354446e-02
-4.049186781048774719e-02
4.555748775601387024e-02
-5.231553316116333008e-02
2.448444999754428864e-02
3.884090110659599304e-02
-3.617096692323684692e-02
1.956345979124307632e-03
7.966721057891845703e-02
-1.628983020782470703e-02
2.846484305337071419e-03
4.439496994018554688e-02
7.204651832580566406e-02
-6.180548667907714844e-02
-4.774198168888688087e-04
-1.113979052752256393e-02
-1.832880266010761261e-02
4.971254989504814148e-02
-1.079382374882698059e-02
-5.171810090541839600e-02
-5.024999380111694336e-02
4.935483634471893311e-02
-1.244299337267875671e-01
-8.279217872768640518e-04
1.869018003344535828e-02
8.567116409540176392e-02
9.750471450388431549e-03
-5.420980229973793030e-02
-6.234308332204818726e-02
8.877228200435638428e-02
2.719916217029094696e-02
5.589135363698005676e-02
-4.591043107211589813e-04
-8.359514921903610229e-02
2.530309744179248810e-02
3.545579314231872559e-02
4.830743372440338135e-02
-6.350673735141754150e-02
2.616139873862266541e-02
2.529059350490570068e-02
-3.536294028162956238e-02
-4.502887651324272156e-02
-1.035568267107009888e-01
1.304166298359632492e-02
5.740196444094181061e-03
-5.128736048936843872e-02
6.978607270866632462e-03
-1.654253574088215828e-03
2.732216380536556244e-02
2.555540949106216431e-02
4.502047970890998840e-02
3.181634843349456787e-02
-2.357824891805648804e-02
1.684893667697906494e-02
-3.435555845499038696e-02
-3.346336260437965393e-02
-2.815975435078144073e-02
6.271318066865205765e-03
5.216585844755172729e-02
-1.737432181835174561e-01
3.323838487267494202e-02
-5.463121831417083740e-02
-1.835213392041623592e-03
-2.608760446310043335e-02
-1.244407147169113159e-01
2.430016547441482544e-02
2.419042773544788361e-02
6.089549511671066284e-03
-1.643204316496849060e-02
-5.840531736612319946e-02
4.095222335308790207e-03
1.738791237585246563e-03
2.198587357997894287e-02
-2.411670051515102386e-02
-1.671708934009075165e-02
-1.301086973398923874e-02
-6.690608710050582886e-02
-4.061474278569221497e-02
3.532109782099723816e-02
-5.505918338894844055e-02
1.805028133094310760e-02
-1.046255975961685181e-01
2.840343513526022434e-04
-6.928928941488265991e-02
6.174639612436294556e-02
-1.584680564701557159e-02
-8.730029687285423279e-03
1.969123631715774536e-02
5.910671874880790710e-02
-3.439135616645216942e-03
-3.309042379260063171e-02
4.520851001143455505e-02
2.837429288774728775e-03
2.086600475013256073e-02
-1.513665169477462769e-02
9.571685455739498138e-03
-9.620036929845809937e-03
-3.641119971871376038e-02
1.247017364948987961e-02
3.250436857342720032e-02
-4.095963016152381897e-02
-1.658234745264053345e-02
1.245879847556352615e-02
-8.842740207910537720e-02
5.567216780036687851e-03
-1.761110848747193813e-03
-2.212170325219631195e-02
-6.657627224922180176e-02
-3.682015091180801392e-02
-5.802654661238193512e-03
1.019798964262008667e-02
-3.216485306620597839e-02
8.012321777641773224e-03
-1.773546449840068817e-02
4.258494824171066284e-03
-2.041126973927021027e-02
-3.042617812752723694e-02
3.526467084884643555e-02
3.159889951348304749e-02
2.533680573105812073e-02
-5.321500077843666077e-02
-1.429344620555639267e-02
1.629170216619968414e-02
2.473719231784343719e-02
-3.546961769461631775e-02
5.671967193484306335e-02
4.942340776324272156e-02
6.369282305240631104e-02
-3.451021388173103333e-02
6.127899512648582458e-02
-1.099068857729434967e-02
-2.876158803701400757e-03
-6.002256274223327637e-02
2.383258938789367676e-02
1.137551199644804001e-02
-8.848226070404052734e-02
-9.649821370840072632e-02
-5.343005433678627014e-02
-9.689526259899139404e-02
-7.536854594945907593e-03
8.893718011677265167e-03
3.058679029345512390e-02
-1.353865489363670349e-02
3.739450871944427490e-02
1.179501507431268692e-02
-1.031528636813163757e-01
8.016278594732284546e-02
-1.285489462316036224e-02
-2.455226145684719086e-02
-4.526731371879577637e-02
1.537007372826337814e-02
-7.686878961976617575e-05
2.949675172567367554e-02
2.209668792784214020e-02
-4.460408166050910950e-02
2.332493104040622711e-02
2.852800115942955017e-02
5.092679709196090698e-02
2.903567813336849213e-02
-1.052719191648066044e-03
-1.419665012508630753e-02
1.030886266380548477e-02
8.057559281587600708e-02
-5.405681952834129333e-02
-4.935560747981071472e-02
3.325316682457923889e-02
-1.701976358890533447e-01
9.074549190700054169e-03
-2.568693645298480988e-02
1.076901610940694809e-02
9.758757427334785461e-03
3.785252571105957031e-02
3.231085836887359619e-03
-6.057835184037685394e-03
-6.404982507228851318e-02
-9.482479654252529144e-04
-3.791846707463264465e-02
4.191989079117774963e-02
-2.354978770017623901e-02
5.362129770219326019e-03
1.353052910417318344e-02
-4.252219945192337036e-02
6.733185052871704102e-02
1.492633372545242310e-01
-2.779014874249696732e-03
-3.339208662509918213e-02
-6.358697265386581421e-02
1.885332539677619934e-02
-1.389839326293440536e-05
2.108278498053550720e-02
-8.168381452560424805e-02
-4.954724758863449097e-02
-1.667564548552036285e-02
1.162578444927930832e-02
-8.152779191732406616e-02
-6.932645291090011597e-02
-5.130722001194953918e-02
-5.658429861068725586e-02
-3.922154381871223450e-02
-9.496632218360900879e-02
4.946653544902801514e-02
3.916050121188163757e-02
-1.083154603838920593e-02
-5.881575867533683777e-02
-4.852946102619171143e-02
1.265551336109638214e-02
6.635692715644836426e-02
-2.959705516695976257e-02
-3.213462606072425842e-02
-1.879062876105308533e-02
1.601059585809707642e-01
3.715603426098823547e-02
-5.781436339020729065e-02
5.466059315949678421e-03
-3.111149929463863373e-02
8.342972432728856802e-05
-6.766678299754858017e-03
1.712029241025447845e-02
-3.276193514466285706e-02
-2.006282471120357513e-02
4.196376830805093050e-04
-7.014670222997665405e-02
-2.875522151589393616e-02
2.832813002169132233e-02
5.845688283443450928e-03
-1.814392209053039551e-02
2.054079435765743256e-02
1.671088300645351410e-02
-3.903828794136643410e-03
-1.324104666709899902e-01
3.641084581613540649e-02
2.509512007236480713e-03
-2.747721225023269653e-02
-3.323040530085563660e-02
-1.668338477611541748e-02
4.853779450058937073e-03
-6.221341714262962341e-02
-1.723653823137283325e-02
3.722080588340759277e-02
-5.226901918649673462e-02
3.592780232429504395e-02
-6.559950858354568481e-02
-2.654963359236717224e-02
2.410090528428554535e-02
-1.357878092676401138e-02
-1.414345391094684601e-02
-4.343514516949653625e-02
-3.791894391179084778e-02
-3.540943935513496399e-02
-7.100034505128860474e-02
-1.304270047694444656e-02
8.866468071937561035e-02
-1.823066733777523041e-02
1.045951992273330688e-01
-1.067847386002540588e-02
6.162262987345457077e-03
-6.214512512087821960e-02
7.318756729364395142e-02
2.438417077064514160e-02
-1.508998591452836990e-02
