-0.02030760
-0.01137611
-0.04902447
-0.06701050
0.00857739
0.00560452
-0.01675493
-0.03816231
-0.02124351
0.01639771
-0.01345077
0.01075062
0.01591163
-0.07409509
-0.04035231
-0.03168191
0.00552876
-0.02909313
0.07861243
0.02183987
-0.00297582
0.02620082
-0.03739806
-0.01831058
-0.01305913
0.03552897
0.01698031
0.05174761
0.00095674
0.01316210
-0.01783554
-0.02424313
-0.00825228
-0.01853692
-0.03026539
0.04542733
-0.00037071
0.01624845
0.00141578
-0.03487363
-0.00817696
-0.01483045
-0.06410144
-0.05176030
-0.01907233
0.04284520
-0.06633560
0.00382427
0.03913206
0.01121006
0.01392381
-0.04750855
-0.02083673
0.03651903
-0.03832377
0.00300887
0.01674699
-0.00327419
0.42215702
0.05075252
-0.03298024
0.01759989
0.01193618
-0.01168756
0.01762209
-0.00065250
0.02373077
-0.00926557
0.04402819
0.05596706
0.01284288
-0.01496395
-0.01095288
0.02031101
-0.00532835
-0.04604843
-0.07598840
-0.03095217
0.03485592
0.02022606
0.00035701
-0.00734345
0.02202358
0.05694528
0.01599147
0.00476957
-0.01201726
-0.00319090
0.03630504
0.03978017
0.03918055
-0.00934544
0.03978699
0.00722389
-0.01056112
-0.00597885
0.03005934
-0.04405324
0.03796404
0.00536218
-0.02369630
-0.04789177
-0.01173494
0.01646733
0.01128227
-0.01145959
0.02042830
0.03498270
0.00588292
-0.05975421
0.00227411
0.00887625
-0.00015486
-0.01710347
-0.01060484
-0.01665175
0.04101335
-0.02510689
0.00499753
0.00554647
0.01113099
-0.00707441
0.01165873
0.01267259
0.01219356
0.00938029
0.03776538
0.00304486
0.01059618
0.02955011
0.01275601
-0.02435249
-0.00435631
0.00017267
-0.03081565
0.01760900
-0.01729955
0.04732487
-0.10973760
0.03208886
-0.01165989
-0.02049393
-0.01103172
0.02941894
-0.02197517
0.07643823
-0.03886515
0.00564622
-0.01946475
-0.02477347
0.04983781
0.02688055
-0.02581652
0.00049040
0.01510199
-0.01854326
0.01752253
-0.00670412
-0.05115943
0.01800757
0.01342373
-0.04749493
0.02760066
0.00511424
-0.01224310
0.05351753
0.01842259
0.01152430
-0.00145032
0.04087518
0.01014126
-0.00190214
0.01314210
-0.00583887
0.03666245
0.01534486
0.03783371
-0.01253429
-0.03074162
-0.00272626
-0.05401234
-0.02651352
0.00291750
0.01971065
0.04490789
-0.02428009
0.01885430
0.00903624
0.00143871
0.05263008
0.03480511
0.04038885
-0.00132293
-0.01622513
-0.00842950
0.01932836
0.02030295
0.02852780
0.00681499
-0.03625016
0.06973984
0.02067429
0.06499115
-0.00021860
0.01386274
-0.04171190
0.00400775
-0.01407498
-0.01114338
-0.06921417
-0.02540590
0.01857506
0.01153836
0.00410759
-0.02034847
-0.01390461
0.00200696
0.02430121
-0.00483778
0.02004420
-0.00559377
-0.77760845
-0.00548609
-0.06531823
-0.00836768
-0.01020737
0.03292857
-0.05160706
0.01200809
-0.01492532
-0.00622010
-0.03039415
0.00122096
0.01649840
-0.01712932
0.01015348
-0.02686952
0.01326861
0.00314201
0.00113790
0.00726687
0.03381131
-0.00848726
-0.05430015
0.02119011
0.01286513
0.04969709
0.02391460
0.02267174
0.01226862
-0.01186914
0.02176852
0.02770207
0.01219102
-0.00816209
-0.00037086
0.14794795
0.04488199
0.02951444
-0.03525931
0.06533714
-0.00081294
0.02438785
0.07148038
-0.10112715
0.21902128
0.16316268
0.09389612
-0.05206281
0.06048201
-0.05609815
0.25906500
0.06339100
0.03745027
-0.01329087
0.01492569
-0.17978272
-0.07292254
0.01268051
0.03846089
-0.00374736
0.05612951
0.07882544
-0.09632871
0.04012153
0.06870934
0.15799655
0.15294152
-0.03084974
-0.04532756
0.18624425
0.00584836
0.02688798
0.03168353
0.08944702
0.05533132
-0.13014242
0.05456521
-0.14458194
-0.07692268
0.06408692
-0.07467780
0.60954630
-0.08343324
-0.11003651
-0.09109456
-0.01740247
0.00379333
-0.27344638
0.04349248
0.07739950
-0.12438395
-0.05274934
0.08916932
-0.14574546
-0.09616072
0.08019324
-0.08850127
0.12396052
0.01247444
-0.03438934
0.02036486
0.02261536
-0.00832460
0.02121363
0.00350939
0.01917029
-0.00474905
0.02328334
0.02484431
-0.01544265
0.01758103
0.02843319
-0.02558905
0.00753346
0.08328608
0.02736758
-0.01940990
-0.03723621
-0.01356140
0.06310160
0.00899023
0.00602538
-0.05559778
0.04045838
0.01038414
0.05660423
0.00576164
0.03316884
-0.02135357
0.02305269
0.06699934
0.01723509
-0.06079034
0.03894584
-0.06719916
0.00969245
-0.01103749
0.04957066
-0.02174248
0.02235514
-0.01559401
-0.04312908
0.01329558
0.00470101
-0.01422817
0.00903277
-0.05319343
-0.04502224
0.03231252
-0.01412773
-0.01741577
0.04268393
-0.04815978
0.03239954
-0.01175009
-0.02844702
-0.02550655
0.00927848
-0.01215880
-0.02860084
0.04827211
0.09323718
0.02547704
-0.04273790
-0.00948506
0.00889656
0.01845868
0.04747619
-0.02046426
0.00274975
0.04518396
-0.02410010
0.01726531
-0.04767697
-0.02452876
-0.13325070
-0.06794663
0.04532481
0.04923708
-0.00540389
-0.00626843
-0.04806065
-0.01447974
-0.00161660
0.01422957
0.06327128
-0.01630377
-0.00213400
0.06389533
-0.00970809
-0.00699952
-0.04218302
0.00504559
-0.01760750
-0.03903515
-0.03754201
-0.06684721
0.08549413
0.02592423
-0.03147884
0.00514322
-0.03329512
-0.03025929
0.00908643
0.01442623
0.02959718
0.02418452
0.06335253
0.01041196
-0.03413724
-0.03980117
0.05332003
0.01625014
-0.02093229
0.02317118
-0.04285898
0.01187749
0.00146398
0.00169251
0.01795896
-0.00547848
-0.05660826
-0.06391430
-0.09422824
-0.01472808
-0.00588963
-0.12641908
0.04318246
0.00931843
-0.03731668
0.02627325
0.00528703
0.00963834
0.04311200
-0.05594173
0.02795898
0.01691453
-0.02776588
-0.04197938
-0.04963484
0.02432700
0.01875046
-0.06546631
0.00663197
0.01519818
0.02399134
0.00377759
0.04332561
0.00811931
0.00168353
-0.00487555
0.00744659
0.00956947
-0.14038695
0.00128377
0.03309331
0.02784116
0.05663615
0.02710288
-0.02979650
-0.07337112
0.05445530
0.03459734
-0.03408432
-0.04442958
-0.03168413
-0.03884317
-0.01693229
-0.01888802
0.00626485
-0.05552953
-0.00200664
0.00520251
-0.01305081
0.02116232
0.00281802
-0.01007091
0.09869863
0.01743261
-0.08076843
-0.02589760
-0.01061394
0.04343801
-0.00953545
0.05013068
-0.04895986
-0.00114413
0.00607849
-0.08262652
0.02813541
-0.03976199
0.01077523
0.04173202
0.04632176
0.00805361
-0.05302913
-0.01836960
0.03367324
-0.02524279
-0.02255313
-0.04312861
-0.00648106
0.01398428
0.00478525
-0.13321722
0.00273555
-0.04967445
0.12824425
-0.03427772
0.08926331
0.00771281
0.07030438
-0.05593700
0.14255983
-0.01608958
-0.02809827
-0.10798655
0.00998783
-0.00982869
-0.00488715
-0.03695308
-0.01210405
0.03886390
-0.00370179
0.05851049
-0.03221105
0.01842012
-0.02389975
-0.02937588
-0.01063448
-0.01882104
-0.00539018
-0.05351432
0.00076600
-0.01097532
-0.01457993
0.01031634
-0.06749517
-0.00274492
0.00158693
0.01828266
0.00018133
0.03375178
0.03863308
0.04931846
-0.00083852
0.00719362
0.00023907
-0.01489660
-0.00939680
0.00168861
0.02294592
-0.02179068
0.04895075
-0.01248165
0.04788744
-0.05556645
0.03524726
0.01253360
-0.09670500
0.01490996
-0.03200478
-0.07068406
-0.03583940
-0.00193115
-0.01022920
-0.01785541
-0.00335696
0.00707185
0.04348501
0.02140476
0.01591653
0.02140829
-0.02188423
-0.02188664
-0.03282147
-0.05703548
0.01427205
0.04095048
-0.00610846
-0.01611004
-0.08614111
-0.03198206
-0.03632613
0.05255397
-0.06299012
-0.00662427
-0.05312664
0.01750992
0.02945480
0.02972952
-0.00861291
0.01923866
-0.23818426
0.01116029
0.07200385
0.02646100
0.05008688
-0.04158389
0.01469489
0.07272597
-0.02812049
-0.07831159
-0.00812748
-0.03309342
0.07334556
0.00213990
0.08804335
-0.01014932
-0.03261843
-0.00420403
-0.01169050
-0.00966434
-0.05897780
0.03790284
0.05092083
0.02769335
-0.13142399
-0.01254430
-0.03825631
0.01578378
0.03097382
0.00260160
-0.00385847
0.00956514
0.00121001
0.00089661
0.19232458
0.07238986
0.00080229
0.04048137
-0.03095975
0.00919146
-0.02244733
-0.01215290
0.10414270
0.00700215
0.02402291
-0.03131057
0.01479499
0.01860631
-0.04506722
-0.01572609
0.00789169
0.04202580
-0.08289636
0.01753403
0.05149202
0.03840102
0.02413537
-0.01739532
-0.04698443
0.01480431
0.00998116
-0.01346875
-0.00170085
0.00495248
-0.03784050
0.11492557
0.00779936
-0.01022683
-0.07584043
0.06895221
-0.05210713
-0.04422519
-0.02826893
0.05242605
0.05838317
0.03471344
0.01852207
0.05631684
0.00699209
0.00263106
-0.01221836
-0.00898394
-0.01451607
-0.01208250
-0.00850927
-0.02456772
0.04680647
0.01370354
0.06248396
0.02304049
0.00150225
0.06354491
-0.00798360
-0.21729088
-0.09433732
0.04456577
0.00787911
-0.03385236
0.00411419
0.00867393
-0.01704533
0.04598702
-0.08182915
-0.01256607
0.11203115
0.01869368
-0.05923437
-0.00428686
0.02901082
-0.00141030
-0.03918842
-0.07447471
-0.01693971
0.02671967
-0.02456150
0.00328831
-0.00477972
-0.00895762
0.02345901
0.02336169
0.00414840
0.02180813
-0.02421856
0.03369079
0.10399504
-0.03720212
0.01374887
-0.05531766
-0.03154596
0.01672488
0.00374337
0.03421276
0.04968775
-0.00478232
-0.00006734
-0.04517601
-0.01333528
0.04355526
-0.00435771
-0.10473921
-0.01559139
-0.05623795
0.02331548
0.06573661
0.04856604
0.02812145
-0.01507003
-0.05970552
0.04116252
0.01503427
0.07048090
0.05072781
0.06390062
0.03898154
0.00033364
0.14109777
-0.04251238
0.07849482
0.04315403
0.01520484
0.01589688
-0.02722610
-0.01833718
-0.01532334
0.00728006
0.01150815
-0.02484064
0.04375126
-0.11024559
0.03640239
-0.00853677
0.03078626
0.01621340
0.00704760
0.04566342
-0.04486992
0.00671404
-0.00974294
0.00470468
-0.03939569
-0.01380235
-0.01175504
0.04892280
-0.00129966
-0.00676836
-0.01930715
0.00738560
-0.01364354
-0.01669028
-0.05949887
-0.01561637
0.04088986
0.00041674
0.02216719
-0.02192935
-0.00990303
0.02564698
-0.02927979
-0.02692657
-0.03189649
0.01039805
0.01495451
-0.04667862
-0.00369718
0.00882269
0.05020259
0.04800283
0.01668558
-0.05679812
0.06421289
-0.00879571
-0.00130719
0.02764274
0.05971354
0.11677378
-0.00791707
0.01582783
-0.01563112
