0.01324566
0.00071206
-0.04828226
-0.01119434
0.01443075
0.01218157
-0.01441204
-0.04018335
-0.00990778
0.00786673
-0.00236727
0.01810686
0.00410053
-0.06040132
-0.02829197
-0.01334007
0.01324116
-0.04034022
0.10057623
0.03472660
0.00275421
0.01397055
0.00559222
-0.00524818
-0.00642858
-0.00496890
0.00573129
0.02572424
-0.01058082
0.01818933
0.00248316
-0.03291976
-0.00101983
-0.00914089
-0.03169299
0.01495782
0.00130897
0.01104968
-0.01357679
0.00659478
0.00543361
-0.00106527
-0.05482605
-0.04331101
-0.01732793
0.02669263
-0.04878425
-0.00056750
0.00284104
0.03573332
0.00358653
-0.00648881
-0.01495645
0.01259347
-0.02388952
0.00883236
0.02298644
-0.00423457
0.46503833
0.08733665
-0.03553847
-0.00026561
-0.01227396
0.00475999
0.01603887
-0.01150656
0.01891713
-0.01900255
0.04809433
0.02264980
0.02869010
0.00005398
-0.04300838
0.00702227
-0.00343174
-0.03130109
-0.03998363
-0.04462230
0.04105614
-0.01850741
0.00665985
0.00260632
0.01960127
0.06145746
-0.01481840
0.00261982
-0.00937295
0.00809199
0.04377037
0.02504278
0.00229670
-0.04279242
0.08594650
0.01724395
-0.00758704
0.00944724
0.00268855
-0.04268314
0.04331999
0.00910931
0.00198917
-0.04278462
-0.01446306
0.01393387
0.00838972
-0.00824757
0.02225965
0.02287843
0.00116059
-0.05825021
0.02232197
0.02609667
0.00617251
0.00604052
-0.00816121
-0.01098196
0.02761119
-0.00884084
0.02004036
0.02667904
0.00301062
0.00238737
0.01018419
-0.00317547
-0.01562858
-0.00957441
0.03634177
-0.03569828
0.00090238
0.02324643
-0.00186685
-0.01766626
-0.00337484
-0.02357600
-0.04339860
0.00438685
0.01555303
0.02767947
-0.15140213
0.02728095
0.01322597
-0.03510438
-0.01025505
-0.00435336
-0.02072678
0.06831617
-0.02326134
0.01837967
-0.01178082
-0.02388069
0.05121771
0.02055760
-0.02094305
0.00851713
0.00709866
-0.01549849
-0.00137125
0.00416907
-0.02219928
0.01737801
0.00478477
-0.00538736
0.03582956
0.00773353
-0.02080968
0.04289883
0.04132213
0.00016123
0.00720126
0.00685206
0.00428248
0.00254876
0.02476729
-0.02128574
0.04537979
0.02928225
0.01825132
-0.01542883
-0.02350723
-0.00793320
-0.03593414
-0.00777344
-0.01028882
0.00699305
0.04287960
-0.07135309
0.12478551
0.00798240
-0.00973075
0.02641678
-0.00536801
0.02363435
0.00054431
-0.00318212
-0.00649933
0.01420815
-0.00357643
0.03485087
0.03262709
-0.02161462
0.07450960
0.03230957
0.09548583
-0.00727653
0.01611389
-0.06754272
0.01759856
-0.01978423
-0.03267585
-0.03193524
0.00910238
0.00821345
0.01188168
-0.00705331
-0.02396421
-0.00250563
-0.02288074
0.03028798
0.00713218
0.02120328
0.01277775
-0.75247681
0.01408313
-0.03689285
-0.00808526
-0.01874495
0.02575302
-0.01500230
0.00643775
-0.02160638
0.00016341
0.00780508
0.00071159
-0.00733749
-0.04545313
-0.00638826
0.01045927
0.00628026
-0.00914425
-0.00092605
-0.00107531
0.01128132
-0.02444842
-0.06736451
0.00576389
-0.01812943
0.02715108
0.00399320
-0.01226569
0.00726874
-0.02258635
0.02063259
0.05465100
-0.00062637
-0.00614312
0.00699378
0.23251474
-0.00500182
-0.09634446
0.08148389
0.08648838
-0.10250769
-0.09526551
-0.09580281
-0.11255472
0.02026022
0.07461371
0.07939286
0.01516164
-0.11609937
-0.01917834
0.02738073
0.04369659
-0.04725832
0.04060657
0.03837756
0.05302214
0.11340031
-0.03358350
-0.06828400
0.03998602
-0.13272876
0.05403594
-0.05786898
0.04381232
-0.06620190
-0.00518513
0.01285661
0.04920963
-0.02218629
-0.08961894
0.09221952
0.01791306
0.12807427
-0.14499766
-0.10446797
-0.11402606
0.04378741
-0.16901384
0.02868437
-0.05066836
-0.07514103
0.76114333
-0.09084035
0.00531546
-0.15454346
0.07338440
0.12153720
-0.03249465
-0.09256392
0.07815390
-0.05744799
-0.01738919
0.02091312
0.00259391
0.05295140
-0.00574563
-0.04072523
-0.11366984
0.06148138
-0.03735407
0.03374197
0.04070674
0.01776569
0.05403471
0.03113081
0.04105969
0.01861278
-0.05861999
0.00469957
0.03936195
0.02017543
0.04073787
0.00503571
0.04466492
-0.01020397
-0.02148898
0.00565601
-0.01268946
0.01740806
0.09064467
-0.01721523
0.02111610
-0.04575431
0.02304491
-0.03700473
0.01223190
-0.03434219
0.05507062
-0.01332080
0.05449584
0.04745419
0.00384641
-0.03103032
0.00226027
-0.01321659
-0.05045617
0.05414581
-0.00029767
-0.01733690
-0.03274570
-0.00041423
-0.04196728
-0.02885021
0.00312421
0.02271101
0.02880820
-0.05100346
-0.01472853
0.03070926
-0.00858245
0.05378954
0.05113673
-0.02576390
-0.00457684
-0.03279916
-0.00317853
0.00129483
-0.00447125
-0.00997080
-0.05275756
0.05585707
0.08214919
0.05527587
-0.00096715
0.01599770
0.02405592
0.03967195
0.00160485
-0.00514695
-0.04984309
-0.00371489
-0.07646333
0.06049698
0.01448876
0.00095953
-0.07328358
-0.06901947
0.01631219
0.07852987
-0.06437907
-0.00129835
-0.04559235
0.03126698
0.03812235
0.00216966
0.04501169
-0.03561783
0.04784213
0.00559158
-0.04904372
-0.02749282
0.03767654
0.00131737
-0.01145241
-0.00163155
-0.06731477
-0.02211413
0.09448157
-0.00087785
-0.05115671
0.02591476
-0.01623999
-0.03136056
0.08368884
0.01798639
0.00802330
0.07836513
0.04056245
-0.00713352
-0.01815106
0.08215988
0.01630618
-0.03229621
0.00817810
-0.01113273
-0.03505835
-0.02663254
0.01632730
-0.01614494
0.00767736
-0.00524767
-0.01503236
-0.04977516
-0.10669412
-0.06282908
-0.00086014
-0.12334890
0.06259043
0.00190057
-0.03715650
0.03107592
0.03226564
0.01506660
0.00879065
-0.02223741
0.01508009
0.03464815
-0.01678182
0.01828355
-0.03688374
0.01344369
-0.02187195
-0.02749038
0.00259482
0.01487578
-0.01564079
-0.03262064
-0.00036698
0.01324105
-0.02543664
0.00533725
-0.01760110
0.01111418
-0.04267875
-0.02538553
0.07869218
0.01871727
0.06080913
-0.00297056
-0.00090801
-0.02434355
-0.03251282
-0.02980270
0.02138795
-0.04487389
0.00634161
-0.05060650
-0.01629317
0.04819440
0.00077343
-0.03122389
-0.03123568
0.00187738
-0.02745882
0.05031703
0.04163781
-0.00011927
0.08893365
0.00528417
-0.10482101
-0.00225170
-0.04814101
0.02191502
0.00777390
0.00100565
-0.00744572
-0.05675219
0.00686957
-0.11328211
0.00615958
-0.09610989
-0.01915943
0.03640794
0.02352565
0.03280935
-0.04517946
-0.01572741
0.01781528
0.01411621
0.01151250
0.03663197
0.00990973
0.02907228
-0.02281497
-0.09705689
-0.00374664
0.02238547
0.13878961
-0.03747324
0.03560099
0.03440556
0.05018684
-0.00771344
0.11977599
-0.03009508
-0.00195310
-0.05536831
0.01404045
0.03443211
-0.00354157
-0.02482287
0.02730309
0.01704764
-0.01692184
0.06233356
0.02964994
0.01223163
-0.03634520
-0.02083849
0.02886619
-0.03942067
-0.00709475
-0.07024752
-0.00745085
0.05091028
0.00843159
-0.03194528
-0.02697477
-0.01787614
0.01501051
-0.01064842
0.03511576
-0.00312185
0.00157067
0.10966524
0.07501108
-0.04156997
-0.01056661
0.00974378
-0.00216734
-0.00715494
-0.00334910
0.02372198
0.03725648
-0.01693619
0.03849259
-0.04421104
0.07428578
0.03083990
-0.01764560
0.00098315
0.01300933
-0.06886816
-0.02855357
0.03772574
0.02187067
-0.00991045
-0.05731955
0.02805407
0.04939258
-0.01090416
0.00707399
0.00235445
0.01181326
0.00595596
-0.01053739
-0.06663835
-0.00778442
0.00311249
0.05734748
0.01744887
-0.07194555
0.00330390
-0.02958217
0.00635735
-0.02267991
0.00078209
0.01800838
0.04291601
-0.00682747
0.06113411
0.00390038
0.06215029
-0.23784044
-0.05491220
0.02454267
0.04679734
0.02632347
-0.05807290
-0.00481037
0.08702752
0.03140341
-0.03462932
-0.04989541
-0.02019153
0.04253569
-0.06021507
0.03656852
0.03221480
-0.00479466
-0.04910938
-0.06591608
0.00655105
-0.04845917
0.07728770
0.05166855
0.01710783
-0.06096486
0.01140070
-0.02876885
0.04524751
0.00082024
-0.00166326
0.01506316
0.03054667
-0.03226989
-0.00962765
0.14316562
0.01105695
0.02689596
0.12112954
-0.05390739
0.06604467
-0.00988321
-0.04202863
0.08331238
-0.01877123
0.06944194
-0.03857685
-0.01885266
-0.03583893
-0.06482773
0.02505548
0.03361277
0.07504700
-0.09208030
0.05388277
0.05377982
0.00095870
-0.00004475
-0.03397093
-0.04210547
-0.00050674
-0.01167560
-0.02984636
-0.00757198
0.06014328
0.02758585
0.04547207
-0.00633173
-0.03350424
-0.03853401
0.10692967
-0.00141011
-0.00113486
-0.03928514
0.02072546
-0.00452040
0.02475370
0.02067919
0.02407457
-0.06551111
-0.00410854
-0.03038520
-0.01839795
-0.05246814
0.00612617
0.02476968
-0.06698601
0.13270080
-0.00128446
0.05312956
0.00246131
-0.04673760
0.02356794
-0.02733302
-0.21949907
-0.08526929
0.01136793
0.00339518
-0.00634069
-0.01296404
0.00400993
-0.00437453
-0.01905463
0.00207504
0.05475694
0.05302642
0.04100625
-0.03949461
0.02898070
0.00381548
0.06211270
0.00168448
-0.08379826
0.01231471
0.02781260
0.00288099
0.01685471
-0.00378086
-0.00436074
-0.03172828
0.05082431
0.01573367
0.04602161
-0.02749426
0.04989696
0.10507673
-0.03055549
0.01726157
-0.02262842
-0.00382319
-0.01296133
0.01092263
0.03324487
0.03628285
0.01904283
0.01183368
-0.00163866
0.04550949
0.04197703
-0.04863450
-0.05131771
-0.05120491
-0.06352667
-0.01781322
0.04391195
-0.02099086
0.02340475
-0.07639222
-0.03479908
0.03663684
-0.01594728
0.05109518
-0.01113453
0.01209454
0.01902074
-0.04904092
0.18736194
0.03175292
0.02546721
0.05086567
0.04160915
0.01343565
-0.03002970
-0.02079681
0.00856227
0.02913646
0.03399141
0.04314384
-0.06123357
-0.13148284
-0.03989987
0.06234074
0.03436055
-0.01929288
-0.01940536
0.02063398
-0.06530549
-0.00231922
-0.03146234
0.03793428
-0.05003780
-0.03710821
-0.01947642
0.03424198
0.07225819
0.01016720
-0.00594119
0.00913308
0.00032359
0.00156917
0.00792578
0.01751054
0.00295863
0.02432005
0.01808666
-0.02365269
0.00361777
-0.03169016
-0.02987803
-0.05601280
0.01245181
0.02482046
0.02183376
-0.06140671
-0.05388562
0.02641489
0.05628607
0.06261270
0.02205052
-0.06273297
0.03996461
-0.01785880
-0.00716290
-0.01985311
0.06132147
0.08165794
0.02106736
0.00285261
-0.05409868
