0.00277296
0.01072054
-0.04684789
-0.01713000
0.01618693
0.01718980
-0.01045216
-0.04207342
-0.00689590
0.00707052
-0.00813033
0.01234333
0.00609844
-0.05067687
-0.02733287
-0.01979665
0.00675783
-0.03507205
0.12667197
0.03288182
-0.00499603
0.01104251
0.00778315
-0.00062910
-0.00126605
-0.00355464
0.00427971
0.02112728
-0.00377617
0.02201855
0.02721260
-0.03471155
-0.00076763
-0.00853479
-0.02587462
0.00820105
-0.00185197
0.01337646
-0.01121651
0.01271992
0.00221849
0.00553269
-0.06610093
-0.04163440
-0.01560723
0.02794876
-0.04400679
-0.00543309
0.00775431
0.02828940
0.00574272
-0.01683359
-0.00081214
0.01897521
-0.02463688
0.01548473
0.02183124
0.00117571
0.46734548
0.09570554
-0.02911167
0.00494774
-0.01797179
0.00292662
0.02481589
-0.00949807
0.01713087
-0.01868556
0.05401053
0.02148007
0.02442014
-0.00247986
-0.04236969
0.00721789
-0.00875585
-0.02995924
-0.03824948
-0.04682679
0.04128982
0.00642448
-0.00038316
0.00887951
0.02273371
0.07328580
-0.01430716
0.00159820
-0.00720040
0.01358611
0.04305365
0.01909153
0.00522307
-0.03678766
0.07741184
0.01408117
-0.00537026
0.00354925
0.00838287
-0.03402596
0.05574644
0.00972046
-0.00568969
-0.03886059
-0.01042149
0.00671381
0.00017387
-0.00904205
0.03055773
0.02857980
0.00273609
-0.05528775
0.01087274
0.02423657
0.01081303
-0.00399993
-0.00673965
-0.00590336
0.02290275
-0.00847834
0.01211037
0.02156678
-0.00175990
-0.00511728
0.00896091
-0.00173478
-0.02536762
-0.01083781
0.02865772
-0.02562825
0.01165785
0.01832843
-0.01008463
-0.01669533
-0.00315132
-0.01441799
-0.04727439
-0.00154329
0.02402664
0.02482267
-0.14886728
0.03334448
0.00484422
-0.03068637
-0.00709889
-0.00270227
-0.01343760
0.10570905
-0.01547173
0.01496214
-0.01055920
-0.02359465
0.05146774
0.01630283
-0.01790102
0.00811639
0.00798525
-0.01354349
-0.00049624
0.00362400
-0.02736904
0.01947458
-0.00108501
-0.02039938
0.04169238
0.00773496
-0.02145006
0.04867132
0.03741261
0.00270973
0.01261754
0.00180620
-0.00347947
0.00082058
0.01486158
-0.01561240
0.04079911
0.02636194
0.01730993
-0.01340397
-0.02600221
-0.00947454
-0.03587024
-0.01047270
-0.00925066
0.01277969
0.04593448
-0.04169288
0.11832618
0.00886629
-0.01182891
0.02006429
-0.01119744
0.02545316
0.01429212
-0.00755795
-0.00355119
0.01727023
-0.00465889
0.03332414
0.04863013
-0.01253918
0.07113537
0.02706517
0.09695882
-0.00005789
0.01322853
-0.06219871
0.02277996
-0.02558666
-0.02282740
-0.04383524
0.00834665
0.00142824
0.01559922
0.00025639
-0.01907458
-0.00322205
-0.01674520
0.02858799
0.01337590
0.01858726
0.01850599
-0.74751920
0.01401729
-0.03670718
-0.00274871
-0.00886808
0.02312592
-0.01176035
0.00487978
-0.02253613
0.00305266
0.01055649
0.00434597
-0.01361281
-0.04483872
-0.00537404
0.00551565
0.00792980
-0.01138711
-0.00475535
0.00471422
0.00869137
-0.03766582
-0.06361740
0.00828297
-0.01228345
0.02274056
-0.00352557
-0.00288874
0.00792348
-0.01288411
0.02190454
0.05867697
-0.00065798
-0.00438892
0.00101355
0.21755084
-0.00129071
-0.09996882
0.09079019
0.08260334
-0.01892359
-0.11678160
-0.12470597
-0.18561502
-0.04989161
0.10762392
0.09284613
0.01454712
-0.18523879
0.02029002
-0.02710020
0.08262283
-0.12388582
0.01020900
0.08087497
0.11900397
0.10068813
-0.05334760
-0.11006575
-0.01850080
-0.21346965
0.01073037
-0.06089067
-0.00879501
-0.06206174
-0.05183280
-0.06283190
0.04625008
0.02943900
-0.06708605
0.11497129
0.02531497
0.17155400
-0.19325571
-0.11877091
-0.17086615
0.07823673
-0.09170720
0.05423161
-0.13597776
-0.08981019
0.59931970
-0.06466438
0.01976996
-0.17084192
0.06603841
0.13944702
0.04976618
-0.18156615
0.05947091
-0.01045180
-0.00207008
0.00387156
0.00129729
0.06771725
-0.00069574
-0.08265135
-0.18215790
0.03058777
-0.04003619
0.01299469
0.02343499
-0.03256626
0.03948188
0.01913951
0.03465716
-0.00445953
-0.00259107
0.01886345
-0.01331000
0.05166051
0.04764686
0.00292146
0.05679767
0.02325010
0.02410749
-0.01438086
0.00690035
0.01663011
0.05331116
-0.03114984
0.00245875
-0.05538773
0.06498794
0.00235830
0.04315769
-0.03039160
0.06099767
0.01000174
0.07800392
0.05520342
0.00366704
-0.03603090
0.00974181
-0.01639448
-0.00352793
0.03836156
0.06911764
0.00250116
-0.01107977
0.02977451
-0.03913205
-0.00989907
-0.00597420
-0.00814226
0.01633854
-0.02414143
-0.03445716
0.03202941
0.00668098
0.02405181
0.02779447
-0.04535466
0.01258059
-0.02649741
0.04033850
-0.02327766
0.00200761
-0.02962161
-0.02962932
0.05240999
0.05837281
0.02179091
-0.02130693
0.00741423
-0.01158404
0.03854510
-0.00615292
-0.02584595
-0.00823940
0.01528044
-0.05835945
0.04401357
-0.03272844
-0.02066261
-0.08590294
-0.03796108
0.04501877
0.06247274
-0.02849572
-0.02157584
-0.02409925
-0.01510303
0.02559450
0.03047016
0.06274297
-0.01139302
0.02034314
0.00869849
-0.07042068
-0.03465689
0.01728437
-0.01259592
0.00671819
-0.02419908
-0.05283294
-0.05865511
0.05708288
-0.01469468
-0.04483863
0.00404304
-0.07519656
-0.04516669
0.01891267
-0.02730819
0.03099981
0.04826752
0.01368920
0.02676409
-0.04971041
0.00833178
0.01427842
-0.00109393
-0.02970807
-0.02109994
-0.03984423
-0.01401709
-0.01194020
-0.02788667
0.03910919
-0.01017549
-0.07614697
-0.06201928
-0.15505846
-0.02327220
0.04006809
-0.15240917
0.08055981
0.02280577
-0.04524586
0.02231644
0.03812933
0.01744422
0.00668903
-0.01737111
0.00499010
0.02245588
-0.03462397
-0.01298501
-0.01999096
0.00704537
0.02521127
-0.04390198
-0.01926026
0.04113439
0.01663360
-0.00992046
0.02316781
0.00308492
-0.00752965
-0.01031998
-0.01605332
0.00351196
-0.07836893
-0.01724056
0.03851610
-0.00133839
0.05108014
0.01859889
-0.00089631
-0.05200528
0.00817345
0.00413524
-0.00558197
-0.05079143
-0.01802159
-0.04922391
-0.05323372
0.00151678
-0.00716958
-0.07750353
-0.02641927
0.03367592
-0.00951615
0.05143943
-0.02016253
0.00039923
0.14388303
0.00046187
-0.08435702
-0.01708717
-0.07224668
0.03384756
-0.00413686
0.01227098
-0.03538697
-0.01034698
0.02615551
-0.10465716
0.01229427
-0.07299184
-0.01958207
0.07226037
-0.00838471
0.02194334
-0.03903793
-0.01023203
0.01538819
-0.01678108
0.01443743
-0.04213375
-0.03735161
-0.03352518
0.02278150
-0.15757184
0.01857090
-0.00773418
0.06614600
-0.03077354
0.07451914
0.00203413
0.00789071
-0.02757081
0.17122641
-0.03208468
-0.01996695
-0.07458864
-0.01688355
0.00981245
-0.00220545
-0.03706237
-0.00120393
0.03459856
-0.04799178
0.05895849
-0.00963688
-0.02544065
-0.02656998
-0.05969528
0.02254490
-0.03182512
-0.00483471
-0.04490969
0.00879413
0.03229447
0.01892334
-0.00027041
-0.07050336
-0.01696527
-0.04459836
-0.00035281
-0.02681218
0.03509879
0.01744935
0.06692465
0.04075134
-0.00104164
0.00746940
-0.00778840
0.00215555
0.02225094
-0.01063234
0.00157081
0.01489606
-0.00566163
0.05815524
-0.04492254
0.03182285
0.01968092
-0.07348090
0.01258085
-0.01541327
-0.08545336
-0.03065016
0.01062691
0.03009023
-0.01154701
-0.03602586
-0.01539894
0.04496934
-0.00691451
-0.01570259
-0.00610358
-0.01801274
-0.00419900
0.00000319
-0.04809147
0.02051275
0.04577342
-0.02027863
0.03610857
-0.06011998
-0.01308151
-0.05280011
0.01748984
-0.03706644
-0.01077263
-0.02760842
0.02074406
0.01097817
0.04660241
0.03540493
0.01327104
-0.22111700
-0.01531350
0.09215327
0.01271196
0.03156882
-0.06753540
-0.01378176
0.07833268
-0.00618198
-0.02593798
-0.02924940
0.01224272
0.05240624
-0.00420195
0.06404943
0.01403913
-0.05076584
-0.03349536
-0.04736065
-0.00590564
-0.09125085
0.08637229
0.01872262
0.04515490
-0.09252421
-0.00510891
-0.08531452
-0.00570152
0.03799598
-0.01115428
-0.01881652
0.01959836
-0.04978441
-0.04031703
0.18365780
0.01050084
0.01468000
0.07877501
-0.05464370
0.04132938
-0.01097953
-0.02195844
0.06222784
-0.04192929
0.04836110
-0.00967065
-0.01222756
-0.02386418
-0.01737773
0.00962054
0.02013284
0.02642536
-0.07953891
0.03260318
0.05216090
-0.02009267
0.01322013
-0.04101829
-0.06596155
-0.01625707
0.01615490
-0.02670230
0.00307634
0.02475673
-0.01893728
0.06034080
0.05063609
-0.00522807
-0.04246971
0.08772942
0.01522818
-0.04337353
-0.03160378
0.00432241
0.02124042
0.03115202
0.02534500
0.03416474
-0.02121403
0.00143451
-0.03048378
-0.02362236
-0.04161914
0.04185096
-0.01299951
-0.05754871
0.10627426
0.02101120
0.05923002
0.01611750
-0.01683216
0.05904587
-0.03760481
-0.18965928
-0.11982624
0.04986756
-0.05334245
-0.03657710
0.01292381
-0.01610218
-0.03268799
0.01581555
-0.02453802
-0.06514174
0.17611621
0.03394811
-0.05382647
-0.01443610
0.00613768
0.01216419
-0.04566270
-0.09758162
0.01449093
0.04100011
-0.01730841
0.00825000
0.01194436
-0.01222996
-0.01736292
-0.02534495
0.01085968
0.01402426
-0.04670057
0.03354207
0.08329908
-0.04078561
0.03534618
-0.02710555
-0.01220247
-0.01848090
-0.01288394
0.07566423
0.04002008
-0.01003269
-0.07188443
-0.02314076
0.01197322
0.01610987
-0.02543598
-0.03561609
-0.02333478
-0.00901762
0.01772054
0.00683114
0.03291728
0.04339390
-0.03184342
-0.04924583
0.00903948
0.00681541
0.03767296
-0.04031084
0.01332046
-0.00400251
-0.01916213
0.08063306
-0.02023559
0.06494386
0.06534740
0.02585118
0.08141471
-0.00391594
-0.01807372
0.01590397
-0.00260600
0.01829804
0.00105108
-0.03003271
-0.11007807
-0.00590951
0.01280347
0.00867370
0.01848635
0.01662492
0.07324169
-0.02899440
-0.02446399
-0.01737583
0.02271020
-0.03673719
-0.01823651
-0.05821735
0.03462312
0.01493796
-0.00613482
-0.01965455
0.03819145
-0.06282925
-0.00540307
-0.03636695
0.00729817
0.04419303
0.00877731
0.00486036
-0.02877111
0.01630693
-0.01201009
-0.03270148
-0.07546388
-0.01758527
0.05512528
0.00722328
-0.01253366
-0.03705600
0.02098485
0.05148844
0.05773044
0.03608124
-0.07967060
0.04091794
-0.04030125
0.03716559
0.00994306
0.05455318
0.11045455
0.03525241
0.04489245
-0.05540030
