-0.00170000
-0.02077843
-0.02471755
-0.06229524
0.00843122
-0.01383257
-0.01716205
-0.03118835
-0.03567113
0.00848098
-0.00156592
0.02094746
0.01749789
-0.06666511
-0.03970618
-0.02972767
0.01647726
-0.03794076
0.07372957
0.04693812
-0.00252497
0.05041797
-0.04916031
-0.02338807
-0.01717374
0.03131831
0.02129922
0.03676918
-0.00829964
0.00983372
-0.02790501
-0.01846186
-0.00969234
-0.01450387
-0.01118178
0.04281788
0.00129957
0.01866840
0.00220065
-0.03426095
-0.00850169
-0.02972995
-0.05686048
-0.04321311
-0.01508085
0.05131095
-0.05852891
0.02043289
0.04354307
0.00742309
0.01095609
-0.03474487
-0.01849212
0.01592658
-0.05843245
-0.01039280
0.01529834
-0.01616686
0.41910884
0.03338341
-0.03890453
0.02958172
0.02651390
-0.02218925
0.01283319
0.00195502
0.01035289
-0.01313791
0.04567521
0.06912933
0.02387682
-0.01558929
0.00076631
0.01031851
0.00766452
-0.03340247
-0.07355571
-0.03201770
0.04975532
0.02453186
-0.00616931
-0.00526732
0.01352490
0.06980503
0.00573186
0.02199139
0.00338279
0.00973806
0.04222203
0.03747909
0.04615856
0.00999268
0.04698946
0.02393656
-0.01333929
-0.00514707
0.01835031
-0.03468969
0.03691403
-0.00716755
-0.02044057
-0.05340898
-0.01764545
0.02427371
0.01706637
-0.01716816
0.00528550
0.02291973
0.00965328
-0.05827963
0.02077444
0.01566350
-0.00536477
-0.02178841
-0.01124332
-0.01057928
0.01803317
-0.02605082
0.01473105
-0.00213186
0.00309607
-0.01576947
0.01438396
0.00030885
0.02450416
0.02699077
0.02462498
-0.00509475
0.01081462
0.03648774
0.00883008
-0.04177579
-0.01915569
-0.00522350
-0.02275393
0.02949272
-0.01972106
0.06271298
-0.09759172
0.01784730
-0.00535838
-0.02029221
-0.02173101
0.00634173
-0.03134336
0.06519543
-0.03742348
0.00670002
-0.01988374
-0.04734936
0.04140449
0.01903355
-0.03067799
-0.00111286
0.03118070
-0.02020887
0.02093127
0.01529589
-0.03834546
0.01340576
0.01704241
-0.05697792
0.01883483
0.00962278
0.00405509
0.06242154
0.01845939
0.00596623
0.01259290
0.04869015
0.01971865
-0.00341943
0.01540949
-0.02137198
0.05400814
0.03860878
0.03163332
-0.01440359
-0.02825404
0.00151648
-0.06313422
-0.03965917
-0.00339245
0.02764641
0.02223352
-0.02924500
-0.00117228
-0.00787341
-0.00070280
0.04178523
0.04878546
0.04581933
0.00432676
-0.02308887
-0.01023792
0.04245930
0.04058772
0.03339577
0.02067707
-0.03782655
0.06794737
0.02173944
0.04338994
-0.00309466
0.02098182
-0.06177871
-0.00106028
-0.01058244
-0.00383453
-0.08118784
-0.01427108
0.00626072
0.00171366
0.01656157
-0.01037224
-0.00732350
-0.00045740
0.05161307
-0.00805598
0.01175890
0.01682515
-0.77153486
0.00121376
-0.05842464
-0.00274689
-0.00897152
0.02299921
-0.05388812
0.02040961
-0.00893771
-0.00274627
-0.04181805
0.00917818
0.01023366
-0.00950679
-0.00900271
-0.02537722
0.00618433
0.00087619
0.00300369
0.00104309
0.03319674
-0.01103029
-0.04233839
0.01826826
0.01348022
0.03745537
0.02813583
0.01449318
-0.01414865
-0.00861165
0.00458841
0.03377867
-0.00053091
-0.01889855
-0.00529214
0.18341358
0.05781965
0.03939858
-0.05341129
0.05052144
-0.03068914
0.05977742
0.05839545
-0.05301991
0.13436684
0.17840055
0.07767632
-0.09739448
0.04256688
-0.08158346
0.20180018
0.05589129
0.03864314
0.00786360
0.00878938
-0.14933793
-0.06667800
-0.00750316
0.05673013
-0.00666083
0.03997920
0.06153144
-0.11475460
0.05283480
0.08014210
0.20307373
0.15565202
0.01377459
-0.05593536
0.14535691
-0.02527865
0.05155516
0.04164276
0.09192363
0.02236661
-0.14624207
-0.00179892
-0.09128495
-0.05043460
0.06921994
-0.01352926
0.71573567
-0.08758494
-0.07772594
-0.07200755
-0.00968389
0.06499356
-0.17230825
0.05320974
0.01328663
-0.10195106
0.03311255
0.04792970
-0.12575272
-0.09804721
0.02275496
-0.07774086
0.11268213
0.01845524
-0.03844347
0.03702462
0.07306840
0.02310948
0.05010878
0.02953978
0.03039539
-0.01236096
-0.01595650
0.02939597
0.03484851
-0.01132610
0.02088504
0.00113271
0.03898290
0.03455323
-0.01781489
-0.03519413
-0.03578647
-0.01407857
0.03642216
0.00940599
0.00356561
-0.03365365
-0.02394104
-0.01858596
0.05475921
-0.03209644
0.03106181
-0.02826098
0.00457210
0.06354863
0.01735045
-0.08349710
0.02162473
-0.02276221
-0.03761492
0.03421977
0.02264640
-0.04049895
0.00599059
-0.06535271
-0.05072752
-0.01698183
0.03159368
-0.00461067
0.02369859
-0.08719490
-0.03890140
-0.00550726
-0.02801524
0.00882948
0.02331124
-0.03236842
0.02256392
-0.06137805
-0.06476090
-0.02507596
-0.01155970
0.02094305
-0.05120854
0.04986115
0.09210933
0.05418198
0.03135641
-0.00353298
0.03120976
0.01098986
0.05905841
0.04549375
-0.02474678
0.02689339
-0.01591034
-0.01184911
-0.01987977
-0.02683347
-0.07077552
-0.09451360
0.01738097
0.02354265
-0.05480081
-0.04033158
-0.01906160
0.00825272
0.01025062
-0.00038030
-0.00284072
-0.04610691
0.01486542
0.09568419
-0.03210761
-0.03571817
-0.00685634
-0.01182053
-0.01948398
-0.00561964
-0.05048246
-0.03403031
0.06773774
0.02218916
-0.03851081
0.06392211
0.00074019
0.04764350
0.05929815
0.05369616
0.01850655
0.01193145
0.05458838
0.01318469
-0.03864690
0.00503531
0.08583699
-0.01299374
0.02032018
-0.02340045
-0.09005026
-0.00953329
0.00186048
-0.00953011
-0.00915445
-0.01101239
0.01035439
-0.05469327
-0.06312386
-0.04991128
-0.02707329
-0.06596804
0.01676299
-0.03155779
0.00310395
0.03130724
0.00253241
-0.00423471
0.05159158
-0.03289840
0.04266546
0.04772672
0.02888556
-0.01283855
-0.02504518
0.05500096
-0.03182650
-0.06604078
0.01558032
0.02267990
0.03071641
0.01944042
0.01627108
0.02409165
0.00043080
0.00677473
-0.00265297
0.01752485
-0.13784520
-0.02173091
0.04100039
-0.00381034
0.07855745
0.01608756
-0.03886753
-0.06544281
0.03545522
0.00335755
-0.03069884
0.00278762
-0.00061146
-0.02479466
0.03019781
0.02562576
0.01741961
-0.05238441
-0.00410750
0.00849886
-0.04610239
-0.00405528
0.01426474
-0.00213996
0.02506862
0.02808233
-0.09554313
0.01681694
-0.00776158
0.02394692
-0.05776203
0.00991965
-0.02940533
-0.09236537
-0.01810134
-0.01570749
0.02356174
-0.06628579
-0.01229899
0.05617341
0.07156846
-0.00129319
-0.06224319
-0.00733847
0.03397991
-0.00351600
-0.03930189
0.05942652
0.09712464
0.05348388
-0.02489348
-0.08989631
0.01422808
-0.02472995
0.10561171
-0.04187604
0.05360025
0.01648259
0.06985579
-0.05323834
0.05920878
-0.00271890
0.00409696
-0.10162470
0.01602040
0.00648347
-0.02815799
-0.04797309
0.02492852
0.02621562
0.01998120
0.07129832
0.01024729
0.00238025
-0.00181650
0.02524751
-0.00249705
-0.04068424
-0.00147384
-0.09039390
0.01274396
-0.03125644
-0.01883609
-0.02663365
-0.04414699
0.03957245
0.05816992
0.01689101
0.00732105
0.01059058
0.00727386
0.07901251
0.02720814
-0.01278285
-0.03658884
0.00693669
-0.01419326
-0.01472835
0.00964625
-0.00786396
0.05789751
-0.07356450
0.01321519
-0.06217853
0.09141163
0.03020767
-0.08575370
-0.00193436
-0.01566266
-0.07811382
-0.05385710
0.03237253
-0.00554109
-0.00109908
-0.01062262
0.04720971
0.03285004
0.05335450
0.04006512
0.04101578
0.02920545
-0.02484458
-0.01551652
-0.10182025
-0.00399014
-0.00239123
0.06073350
-0.08458296
-0.07162541
-0.03091502
-0.02933352
0.05497965
-0.03230769
0.00646248
0.00257887
0.04034878
0.02310755
0.01818182
-0.00336243
0.04899759
-0.17152351
-0.00739842
0.00725463
0.00684292
0.05103055
-0.04511698
0.05816126
0.03552701
0.01301086
-0.06931143
-0.04375633
-0.04311195
0.07613541
-0.03474978
0.03562064
-0.00079061
-0.01674293
0.00840936
-0.00907547
-0.00340042
-0.05537516
0.05308181
0.05887728
0.02317737
-0.10734238
-0.00941600
-0.06010489
0.04220763
0.01281380
0.02949222
0.00710915
-0.00520198
0.02483632
0.04006498
0.17383440
0.04415057
-0.00590152
0.03074559
-0.02599736
-0.00659039
-0.02883180
-0.00517390
0.05408807
0.02471929
0.08004595
-0.04142303
0.03873149
-0.01403427
-0.11720423
-0.02781096
0.05247282
0.03281988
-0.01808681
0.04382619
0.04054008
0.03046126
-0.02561213
-0.02151046
0.04318330
0.02815817
0.00493463
0.02850199
-0.01743427
0.03732592
-0.01254949
0.09023889
-0.04063093
-0.05166040
-0.02043262
0.09890948
-0.06431309
-0.01537273
-0.01542727
0.03522034
0.03399939
0.01198518
0.02878092
0.04846655
-0.04082898
0.00811335
-0.00049636
0.01957268
-0.04591441
-0.01629413
0.03370757
-0.04971592
0.06802622
-0.00843468
0.05719879
-0.01612148
-0.00619739
0.08112696
0.00309490
-0.14775805
-0.03456875
0.01286539
0.04649971
0.00042884
-0.00199623
0.05521203
-0.02466096
0.01054635
-0.07044994
0.02022511
-0.03595763
0.03266713
-0.04064711
0.00183928
0.02270839
0.07366193
-0.01251012
-0.10971853
-0.01792915
0.01523998
0.03630373
-0.02294372
-0.03396712
-0.00446821
0.00242105
0.10298688
0.00528924
0.02724982
-0.01582165
0.03218614
0.11105116
-0.03438236
0.01225589
-0.04452896
-0.03153786
0.00871994
0.02509239
-0.01913847
0.07759066
0.02573403
0.05300577
-0.03768611
0.02499724
0.04327763
-0.02160398
-0.13632856
-0.02463829
-0.06770202
-0.03190548
0.07017473
0.02163545
0.03502564
-0.02496252
0.01375411
0.05143803
0.00190683
0.02083690
0.01289801
0.05993527
0.05776495
-0.01196249
0.17852162
0.03297468
0.02485037
-0.01846025
0.03803243
-0.00822223
-0.08160030
-0.02125234
0.00372376
-0.00877832
0.01262493
0.00567712
0.05571871
-0.12586291
0.00504881
0.00985402
0.05652142
-0.02918175
-0.01682179
0.03642950
-0.07847103
-0.00014330
-0.02405900
0.02439308
-0.01554387
-0.00921626
0.01303776
0.02755080
0.05938753
0.02494965
-0.02344750
0.01569461
-0.00261773
-0.01368103
-0.01294665
-0.01915169
0.02638012
-0.00232736
0.03770577
-0.03592627
0.00109817
-0.01146251
-0.00775091
0.01599764
-0.03025803
-0.04077332
0.01885642
-0.10439340
-0.00097457
-0.00218961
0.05825133
0.05543556
0.01844162
-0.02647843
0.01765095
0.02564472
-0.06320067
0.03559011
0.08446461
0.09265965
-0.03705166
-0.01972194
-0.01822944
