-0.04225627
0.00259216
-0.02544951
-0.00972891
-0.00737496
0.01259298
-0.01864145
-0.01544619
0.00806624
-0.00313183
0.02145743
-0.03390719
-0.00071220
-0.04407435
-0.02359127
-0.00130742
-0.00480600
0.00793564
0.00842075
-0.00216033
-0.00321686
0.01920594
0.02591539
0.00646796
0.00527563
0.00053875
-0.00124669
0.01539412
0.01070167
-0.00727520
-0.06784797
0.00635473
0.03523546
-0.04089968
-0.01464125
0.03762006
0.03629958
0.00346704
0.01296260
-0.01874872
0.03264801
0.01632820
0.04549219
-0.01385416
0.02127686
0.02844211
-0.06063988
-0.03346056
-0.00246300
0.03456003
0.03550832
0.04657900
-0.00374325
0.02864014
0.02602171
0.02283653
0.01791122
0.02614294
0.45623979
0.04965123
-0.00864277
0.02478682
-0.01247962
-0.02356455
0.01879595
0.01559573
0.00248235
0.01765255
-0.00963061
0.02865021
-0.02312097
-0.00431696
-0.01697754
0.01571486
-0.03021769
-0.02647691
-0.02053556
-0.01757877
0.01221043
-0.16270754
-0.00404644
-0.00421842
0.01271483
0.00574079
0.00098560
-0.03144361
-0.02901420
-0.01816206
0.02240950
-0.01449508
-0.00679420
-0.01734095
0.05486644
-0.00011889
0.00133717
-0.00075645
-0.00008907
-0.04465627
0.03581377
0.04209535
-0.01759184
-0.03436435
-0.02186375
0.00210064
-0.00929001
0.03169566
0.01654824
0.05304479
0.00669436
-0.02842104
0.00794076
0.01669530
0.02298155
-0.01931703
-0.01207286
0.00855492
0.06849232
0.00372256
0.00617571
0.01406993
0.04080538
0.02213159
0.01922601
-0.00412330
0.00040091
-0.00183629
-0.03130907
-0.00256061
0.00507907
0.04809594
0.03583201
0.01138047
0.04186445
0.01335353
-0.01351416
-0.01223035
0.03139075
0.01883175
-0.07804858
0.02064912
0.01008345
0.00401884
0.00418851
0.03432111
0.02206418
-0.07877271
-0.01228397
0.01587613
-0.00515266
0.00736882
0.08959184
0.01333605
-0.00623914
-0.00000055
-0.01237041
-0.02954725
0.02436783
-0.02208414
0.01733364
0.02471481
-0.01440390
0.01790612
0.00683392
-0.02543294
-0.00598312
0.05993913
0.04453655
-0.02830153
0.02181311
0.04885558
-0.00378647
-0.01842942
0.02689352
0.00869155
0.02825080
0.01314924
-0.00825302
-0.00715983
-0.00369058
0.01376788
0.00400594
0.00594010
0.02395745
-0.00929924
0.06834392
-0.19408648
0.17719524
0.02930297
-0.02541092
0.03435154
-0.00390853
-0.02944352
-0.02337138
0.02019765
-0.03880519
-0.00160247
0.03475932
0.03952115
0.00694762
-0.01231035
0.00511162
0.00222358
0.12375677
0.01753228
0.02463506
-0.06191185
0.01110887
-0.00617556
-0.03041393
0.02757352
-0.03340559
-0.01385406
0.01293284
0.01279375
0.00859507
-0.00586889
0.00163472
0.02157793
-0.01660895
0.04202414
0.00297430
-0.71280366
0.02803035
-0.00434430
0.02331267
0.02440630
0.06676631
-0.02445200
0.05601270
0.01575724
-0.01443360
0.02140694
0.01065894
0.00241849
-0.05664673
-0.00658726
0.00990659
0.00327055
0.00128364
-0.00114573
0.00521847
-0.01309803
0.03538365
-0.03717527
-0.00027163
-0.02733604
0.03058339
-0.01747998
0.03613399
0.02172305
-0.01518410
0.03033074
0.03883610
0.04209050
-0.00067910
0.01419186
-0.14439227
0.03420763
-0.18635082
0.05978242
-0.02304393
0.06108784
-0.14150575
0.06764562
0.00742709
0.20167935
-0.14800738
-0.02857591
0.14111054
0.02184221
0.02651630
0.07313086
-0.03550958
0.05312546
-0.09557050
0.05121836
-0.11102952
-0.01037597
0.07283420
-0.14155439
-0.08945888
0.19636026
-0.11735871
0.01434064
-0.08864534
-0.06741365
0.04710907
-0.00292154
-0.00083931
-0.12697257
0.08245984
-0.02498391
-0.13164079
-0.05006041
-0.00763764
0.06412341
0.15774120
0.19532230
-0.05235186
-0.02124996
0.06485519
-0.08677108
0.61255556
-0.12949336
-0.05213826
-0.01981464
-0.08416618
-0.08094053
-0.20799942
0.13830483
0.15657926
-0.04648990
0.02528058
0.11812846
0.01640907
-0.00398876
0.16359873
-0.08235903
0.03508160
0.13841207
0.02085503
0.02389839
-0.00340230
0.00583542
0.05944972
0.00558745
0.03998360
-0.03658310
0.01375831
0.00403470
0.01308072
0.01604201
0.01597396
-0.03125189
0.00136099
-0.04966093
-0.03584767
-0.01604011
-0.01726022
-0.00710341
-0.01134275
-0.03206753
0.01210891
-0.02304102
-0.06042660
-0.04847006
0.04415464
-0.01503934
-0.00089855
-0.01611404
0.08009784
0.04030611
0.03686537
0.03224469
0.00608270
0.02368540
-0.00517347
-0.00910098
-0.00932482
-0.02783813
-0.02437027
-0.02004425
-0.04574170
0.00582478
0.00687063
0.03845193
-0.01935671
-0.06955310
-0.00605124
-0.00744274
0.00710870
0.06282655
0.01567133
-0.01323533
-0.01122868
-0.04436687
-0.01933612
-0.02219633
-0.07860181
-0.00338912
-0.03078031
0.03293865
0.06240112
0.01997330
0.03567407
0.02061636
0.03387304
-0.02274775
-0.03626402
0.01741500
-0.03059876
0.01632022
-0.02580159
-0.03505304
-0.01035948
0.00338047
-0.06964146
-0.03914975
0.01502415
0.07601893
-0.04735512
0.01826436
-0.05826483
0.00116887
0.04231562
0.05990922
0.02418822
-0.02495484
-0.01794027
0.00064321
-0.08281043
0.02458387
-0.02682739
0.00720556
-0.03497342
-0.01607318
-0.06938992
-0.01634965
0.11756478
0.01725822
-0.03287620
0.02602023
0.02632938
-0.03122426
0.06422817
0.01760295
0.00560856
0.05294005
0.04173270
0.00009076
0.01337873
0.03404653
-0.00921208
-0.07027733
0.01487908
-0.01701246
-0.01613322
-0.07419595
-0.02923010
-0.01471571
-0.00173435
0.02226159
-0.02858218
-0.02642852
-0.10146572
-0.06653954
-0.02704822
-0.08907289
-0.04090595
0.01822644
-0.04298210
-0.00707435
0.04684441
0.02514413
-0.02739069
-0.00909327
-0.02234398
-0.03494293
0.01034091
0.04099254
-0.04858629
-0.00380704
0.00647523
-0.02587311
-0.00535256
0.00335956
0.00487626
0.01446094
-0.01794593
0.01675164
-0.03730877
-0.02496518
0.01644867
-0.00320833
-0.02318046
-0.04713614
0.03076373
-0.00842314
-0.02480363
0.03452115
-0.00276931
-0.01484675
-0.02623728
-0.01614250
0.05298491
0.02316315
-0.01574498
-0.01753849
0.03715044
0.00429316
0.00468630
0.00019561
-0.02785400
0.04227957
-0.03314188
0.03509450
-0.00730436
-0.01760841
0.09081892
0.00182963
-0.02901322
0.01162690
-0.03445489
0.01565854
0.00922855
-0.01500668
-0.04339065
-0.11061428
0.02927012
-0.04324190
0.00945672
-0.03863187
-0.03787981
-0.00917043
-0.03963385
-0.04193423
-0.01331384
-0.00965704
0.01120344
0.01488885
-0.03132631
0.06728496
0.06593582
0.03684389
0.02344646
-0.07797391
0.01410568
-0.03625448
0.14310494
-0.03016686
0.04490147
0.04437602
-0.01969254
0.01475796
0.13662314
-0.03594124
0.01960501
-0.06044197
0.02946477
0.02576005
-0.03441631
-0.01222485
0.03960518
0.01070527
0.06180852
0.08187377
0.04336147
-0.03296646
-0.03428033
0.00014969
0.02838473
-0.00631906
-0.05152125
-0.05275290
-0.01271410
0.05463453
0.10417049
0.00071762
0.01133008
-0.01678794
0.02272683
-0.08704343
0.02004129
-0.01443144
0.01180209
0.11215699
0.01800917
-0.05924331
-0.01899204
0.00346281
-0.02747789
-0.04391260
0.00732112
0.07808342
0.01598365
0.00467912
-0.01551136
0.02633515
0.04356449
-0.01889063
-0.00642056
0.02100665
0.04428997
-0.02725739
0.02251501
0.07498383
0.00155540
0.00720452
-0.05340661
0.01087954
0.03935060
-0.01230091
-0.01643262
-0.00153086
0.08779116
0.00930258
-0.01116080
-0.02546975
0.00042599
-0.01177367
-0.00418741
0.01622780
-0.00215839
0.03136420
0.00373155
0.00437657
0.01474508
-0.03151931
-0.01991898
0.03077916
0.02623015
0.02091120
-0.01319534
0.05522466
-0.18975700
-0.00606820
-0.06860155
0.01956336
0.03375822
-0.04308264
0.02568018
0.03393570
0.01905687
0.00591162
-0.04067748
-0.00227206
-0.01661492
-0.00989781
0.07747710
-0.02351077
-0.01518865
-0.02416920
0.01260622
-0.07107002
0.02094073
0.07316288
0.08017021
-0.01035108
-0.06424353
-0.01761576
-0.04547938
0.00403686
-0.00701187
0.01142468
-0.02375824
0.04179948
-0.01939017
-0.02982638
0.15833476
-0.05852567
0.01339159
0.11643854
-0.01127048
0.07775597
0.03152082
-0.04261851
0.07750475
0.03798080
0.03280509
-0.08254671
0.06916510
-0.03917026
-0.03484068
-0.02471441
0.05173471
0.04073819
0.00071743
0.03548384
0.02326945
0.03118892
-0.02570359
0.01971371
0.01964719
0.01814979
0.00129661
-0.06815919
0.02646303
0.05233816
0.01078850
-0.02937934
0.00469588
-0.05815244
0.00019163
0.00516753
-0.05209526
0.00903138
-0.03932631
0.02790650
0.02823202
0.04903715
0.04776153
0.02443771
0.00947023
0.01883437
-0.01830037
-0.01352391
-0.05609492
0.00922379
-0.00250043
-0.05334859
-0.00209914
0.01660769
0.11693795
0.01569643
-0.04210273
-0.02129119
0.00988728
-0.21569473
0.02680584
0.00971835
-0.00406397
0.02498636
0.00908033
0.04723855
0.02375699
-0.01585979
-0.02061445
0.09434874
-0.11906336
0.04009822
-0.01865076
0.09747653
0.02988874
0.05376352
0.00005230
-0.08885244
-0.05038179
0.07913814
-0.01798017
-0.00023385
0.00374304
-0.03898425
-0.02467596
-0.00317986
-0.01192909
0.02968279
-0.03128396
-0.01587561
0.12257622
0.00549959
-0.00859944
0.06094275
0.05579072
0.03088303
0.05037653
-0.00200290
-0.00168819
0.03460816
0.02713930
-0.01991120
-0.01135749
0.06728573
0.00625657
0.01765895
0.00158185
-0.08992162
-0.03212388
0.01275008
-0.02056018
0.03649200
-0.07066047
-0.05971761
-0.02655946
-0.01163298
-0.01452583
-0.06142607
-0.02399868
-0.00382156
-0.00957717
0.26923275
0.00092862
0.03858973
-0.02489978
0.11900296
-0.06681112
-0.06112722
-0.00476685
-0.01055003
-0.01453094
-0.05326242
0.06685120
-0.01901210
-0.14024085
-0.00589516
-0.06251422
0.02619218
-0.03556455
0.01025794
-0.00080025
-0.05613729
-0.01340594
-0.01722709
0.03313636
0.00484778
-0.01141818
0.05209621
0.03765649
-0.00327595
-0.02000481
-0.03686685
0.01497259
0.01631846
-0.01674072
0.01714329
0.01391018
0.05289211
0.02129930
0.00386586
0.02842161
0.01514333
-0.06568439
-0.04219181
0.01038793
0.04349825
0.08321670
0.00657157
-0.01956971
-0.03592451
0.04379446
0.03926247
0.00224597
0.01456343
-0.00788440
0.08742800
-0.00829003
-0.10519128
0.01814675
0.03218253
0.00349828
-0.01087941
0.03053595
-0.00265825
