-0.00783402
-0.00832316
-0.03829570
0.02910102
-0.01341567
0.03485785
0.00866803
-0.00771514
0.00479155
0.00694877
0.00048317
-0.02576170
0.00341173
-0.00624603
-0.01564956
0.00146772
-0.01543455
0.02857993
-0.07469921
0.00217552
0.00362728
-0.01227608
0.07072277
-0.02201914
0.00204029
0.00308520
-0.02132586
-0.00753878
-0.00223786
-0.01614355
-0.08158416
-0.00803626
0.02521430
-0.03883360
-0.00871442
0.01311148
0.03123776
-0.00137068
-0.00709750
0.00088577
0.00245611
-0.01154385
0.02455773
-0.01999291
0.01550876
-0.00993357
-0.02509473
-0.03460825
-0.01255503
0.02821000
0.01588833
0.11127330
-0.06055037
0.00623860
0.01240881
-0.00635103
-0.00741171
0.01179650
0.41463524
0.04335232
-0.00007793
-0.00830675
-0.01877895
0.01143483
0.02344201
-0.02724622
-0.00519321
0.01156310
-0.01379073
-0.02195387
-0.01206176
0.00547450
-0.00930320
0.00888728
-0.03083726
-0.01897682
0.00893863
-0.01459576
0.00565237
-0.17125256
0.00381509
-0.00526186
0.01413676
-0.02634682
-0.07039615
-0.03048584
-0.04067766
-0.01503942
0.02194455
-0.01260676
-0.02635063
-0.08001007
0.13154519
-0.00557033
-0.02180918
-0.00386770
0.00136683
-0.03579184
0.00875116
0.02003975
-0.00309009
-0.01749172
-0.02241074
0.00797007
-0.00352747
-0.01481348
-0.01506870
0.02121795
0.02365717
-0.02454006
-0.00882426
-0.00606468
0.00356950
-0.00696547
0.00777761
-0.01710461
0.05570279
-0.00986210
-0.00837084
0.01267352
0.03215514
0.01749763
-0.00406560
0.00619788
-0.00075755
0.00710328
0.00052249
-0.01393215
-0.00306317
0.00396448
0.00847756
-0.00138053
0.02386731
0.00446182
-0.01351830
-0.02321109
-0.00286906
-0.02305239
-0.06202038
0.00779278
0.10463837
0.01921899
-0.00415368
0.01235644
0.00637034
-0.17082001
-0.01202408
-0.00304015
-0.01457294
-0.00028089
0.07199243
0.01632458
0.02080667
-0.01919726
-0.00197137
-0.03381209
0.00651878
-0.00719201
0.04568918
0.00822042
-0.00612865
0.12386438
0.00570993
-0.01353831
-0.00209027
-0.02497681
0.07303128
-0.03709608
0.00574352
0.03721414
0.00586188
-0.03050628
0.01842629
0.00903574
0.02290354
0.02931402
-0.00740904
-0.00246219
0.03913083
0.00660858
0.05336999
0.02029164
0.01737422
-0.01333332
0.04152463
-0.21946469
0.17319807
0.02100307
-0.01759249
0.01920171
-0.03306462
-0.01523520
-0.03149881
-0.00358532
-0.01081201
-0.02832543
-0.02818405
0.03347614
-0.00572438
-0.00459902
0.02779791
0.01846784
0.02981609
-0.01694938
0.00655971
-0.05402585
0.02205774
0.01523915
-0.00647595
0.09256466
-0.01121737
-0.00930919
0.01781628
0.00164139
-0.01615346
-0.00770737
-0.00656066
0.02835977
-0.03539637
0.01308447
-0.00481611
-0.69146007
0.00325099
0.00205202
0.01472112
-0.00428033
0.00784826
-0.01066758
0.03276746
0.01498032
-0.00567615
0.05237440
-0.01710874
0.02024624
-0.07758921
0.00290791
-0.00643438
0.01354836
-0.01474148
0.03232545
-0.00107955
0.00131760
0.04532820
-0.06263997
-0.01777012
-0.00528599
0.01985488
-0.02066240
0.03367715
0.03017616
-0.02365883
0.03437361
0.03958165
0.02873222
-0.00335470
0.03494436
0.29856682
-0.09475147
-0.04618210
0.05875628
0.08307625
0.04993738
-0.05267882
-0.07767803
0.01751552
-0.08387816
0.15861882
0.08681513
0.02320476
-0.12117335
-0.04287834
-0.06428987
0.14747930
0.05963739
-0.00350085
0.06551472
0.06926146
0.03568562
0.02788186
0.09410171
-0.03244757
-0.12514323
0.00901519
0.01846993
0.02752713
-0.08380444
0.07942650
-0.05650295
-0.03742986
0.03143010
-0.02331589
-0.01613808
0.06999850
0.21589345
-0.16610478
-0.18847723
-0.12509756
-0.03861197
-0.15590265
0.05911634
-0.03494041
0.00910150
0.68673462
-0.04243819
-0.01006075
-0.11078691
0.10917211
0.12392872
0.10218916
-0.14410150
0.05085028
-0.04109852
0.10028050
0.04144157
-0.00458028
-0.02172610
0.02356697
-0.08044499
-0.06778668
0.02521469
-0.00574619
0.02195999
-0.01695974
0.01427585
0.06461870
-0.00039730
0.02376296
-0.01803631
0.01248604
0.01692734
0.00562882
0.00683877
0.01959641
-0.02645210
0.01533899
-0.02451868
-0.03029977
-0.04617750
-0.00074901
-0.00549747
0.02284914
-0.03492356
0.05795272
-0.04458506
-0.05420060
-0.01179700
0.07002347
0.01980535
0.01289850
-0.03851258
-0.00186591
0.05616779
0.03102762
-0.01346818
0.01541926
0.05867987
0.00786228
0.00012912
-0.01838702
-0.01556762
-0.05218972
-0.02760126
-0.04119832
-0.00206426
0.02184625
0.06224273
-0.02133263
-0.07801145
0.00593797
-0.02033129
0.02365707
0.04502552
-0.02140252
-0.04448549
-0.00817233
-0.03596165
-0.04896989
-0.02694815
-0.04528791
0.00684891
-0.04020935
0.01968142
0.04238136
0.03774444
0.01966610
0.00246893
0.04655715
-0.05602504
-0.03723764
0.04736211
-0.03229831
0.02052030
-0.05995382
-0.04332334
-0.00890953
0.00146937
-0.06392907
-0.08081436
0.05115193
0.04424642
-0.06017143
-0.02220966
-0.04192086
-0.01773860
0.01427451
0.04702096
0.01148597
-0.06970256
-0.01955206
0.01216410
-0.08167809
0.03289174
-0.04699317
-0.02030266
-0.03435354
-0.01391808
-0.05895349
-0.01427349
0.10086296
-0.00163088
0.00205646
0.00420342
0.00726969
0.00294409
0.02519055
0.05904683
0.02858512
0.03227192
0.05154102
0.00232074
-0.00443485
0.01690012
0.00334789
-0.04509166
0.02338818
-0.02047687
-0.00603739
-0.07892606
-0.03329865
0.00225699
0.00085312
0.02048049
-0.00169534
-0.05648240
-0.12933680
-0.05542872
-0.04871155
-0.04301965
-0.03633822
-0.03041820
-0.03744022
-0.01155264
0.07203354
0.02031462
0.00808006
-0.01908310
-0.00747807
-0.03824418
0.01894818
0.00814054
-0.11509369
0.02521704
-0.01101276
-0.01995355
0.00558614
0.01110537
0.00826093
-0.01802168
-0.01535287
0.02365942
-0.02040911
0.00389468
0.02719017
0.03187174
0.02649697
-0.06004513
0.02646627
-0.00953833
-0.00134999
0.03282690
0.00000011
-0.01938090
-0.01052149
-0.00659830
0.02234441
-0.01452124
-0.00283162
-0.01564381
0.05788680
-0.01125714
-0.00136677
0.00839742
0.01908996
0.03073208
-0.05875736
0.00705504
-0.00426431
-0.03631691
0.08979870
0.00861001
-0.01696693
0.00748312
-0.01790452
0.03476638
-0.02659063
-0.01918380
-0.03322395
-0.10545570
0.04674764
0.01399467
0.01122529
-0.00881653
0.00393964
-0.04952397
-0.04654469
-0.04651552
-0.07259844
0.00244616
0.00277842
0.02558624
-0.02734087
0.09264184
0.06877872
0.03912194
0.03349852
-0.02971463
0.00736686
-0.04509887
0.21707499
-0.01260299
0.06222839
0.09915898
-0.05019365
0.01195135
0.10789026
-0.01292254
0.02029838
-0.08602482
0.03473052
-0.01657137
-0.07456975
-0.01849280
0.00758388
0.03306028
0.06382717
0.13341887
0.02603348
0.00442403
-0.06611816
0.04261737
0.03217606
0.01727943
-0.04738660
-0.06361410
0.00238198
0.01128419
0.05042416
0.00822074
-0.00887450
-0.00728677
0.03458369
-0.03963263
0.03281090
-0.02116474
0.00333361
0.07053522
0.04336544
-0.07905888
-0.03623168
-0.00014415
0.01478975
-0.07022902
-0.00879149
0.04109070
0.02039467
-0.02314406
-0.01527375
0.02141924
0.03703633
-0.00227372
-0.02300876
0.00063104
-0.01035686
-0.01050600
0.02190544
0.08088368
-0.01849902
0.01613439
-0.04732430
-0.01614762
-0.00173909
0.01888313
-0.02251052
0.02747972
0.09860300
0.00750113
-0.01766572
-0.05039252
-0.01787560
-0.00927292
0.02376546
-0.00236390
-0.01824670
0.04792878
-0.00103706
0.04874408
0.02106391
-0.01781376
-0.04580161
-0.00004355
0.00804836
-0.03292499
-0.03319376
0.04752196
-0.11273241
-0.00649339
-0.04185041
0.01185652
0.06661920
-0.03081303
0.02945446
0.02173850
0.04061661
0.01650021
-0.03785807
-0.07744454
-0.02295990
0.01120897
0.07414543
0.00982468
0.01940216
-0.01932711
0.00446393
-0.08526957
-0.00328055
0.04770321
0.04978833
0.01552928
-0.04565929
-0.02211170
-0.02083993
0.02256577
-0.03863194
0.00713715
0.00070962
0.04180441
-0.02167827
0.03293788
0.10945372
-0.05020417
-0.00636723
0.09272153
0.02669494
0.02997983
0.05818338
-0.04289602
0.08637792
0.07653400
0.08229891
-0.07708224
0.03509821
0.01291512
-0.03375837
-0.07401559
0.04160041
0.04946002
0.00154075
0.04618747
0.01148473
0.04237882
-0.04368677
0.02851547
0.06861542
0.02634302
-0.04239491
-0.00055527
0.04696565
0.02664747
0.01462061
-0.01306389
-0.04449120
-0.07220215
0.02496702
-0.01609917
-0.04858277
0.02663879
-0.05285402
0.08454120
0.04734211
0.04041252
0.02156836
0.02574593
0.00429784
0.01821919
0.06671403
-0.00702205
-0.05516026
-0.02853534
-0.00100109
-0.06474415
-0.02649814
0.03851439
0.13319428
0.03793257
-0.02079357
-0.00277811
0.01678691
-0.15502472
0.01071320
0.03362978
0.03310321
0.04681282
0.01389889
0.05567211
0.04798483
0.03820293
-0.02923337
0.06225013
-0.12513921
0.03200872
-0.04429274
0.05287166
0.07521639
0.02790420
0.00251756
-0.08946965
-0.03759715
0.04992123
-0.02808724
-0.01902435
-0.01966386
-0.01122073
-0.02942259
-0.03199699
-0.02934087
0.05646770
-0.02759803
-0.01469284
0.06726974
-0.00672395
-0.01000469
0.06606708
0.06331301
0.03475389
0.05300819
0.02013883
0.03779805
0.07202807
0.05492644
-0.04694844
-0.01782244
0.09859544
0.01995995
-0.04461940
-0.00006673
-0.10410285
-0.03162319
0.05697820
0.00827405
0.03579865
-0.01490437
-0.05737958
-0.02284616
-0.00622103
-0.00722743
-0.05909668
0.00682517
0.02336628
-0.01452129
0.19263282
0.01656514
0.02585076
-0.02905631
0.10756902
-0.08211820
-0.05613084
0.02864894
-0.01990195
-0.01442324
-0.07096674
0.05082391
0.00983988
-0.07851690
0.00498560
-0.03117403
0.03852898
-0.05041911
0.03906214
-0.04923359
-0.04391533
0.00855198
-0.00389482
0.03175672
-0.00297498
0.00720302
0.07696445
0.04632160
-0.00968675
-0.05483248
-0.00740295
0.03152676
-0.01353295
-0.01080281
-0.03409248
0.01583650
0.04533961
0.01816085
0.00238606
0.04410401
-0.02584028
-0.06771632
0.00492575
-0.00014450
0.03747083
0.06317637
0.00956983
-0.01953463
-0.05983156
0.04273193
0.03735759
0.03486816
0.03399049
-0.02449555
0.08914457
-0.01663760
-0.06954803
0.02185127
0.04766590
0.00235837
-0.06173427
0.02150728
0.01273774
