0.00716795
-0.00122159
-0.04069417
-0.00782668
0.01466878
0.02090518
0.01372161
-0.03715750
-0.02347077
0.00747154
-0.02509864
0.00360833
0.01207587
-0.02203512
-0.03240532
-0.01916997
-0.01705199
-0.00118368
0.10086194
0.01600624
-0.00006290
-0.00535898
0.01016251
-0.01521286
0.01749243
0.00468599
-0.00209381
-0.01122829
-0.01373237
0.01128614
0.06379867
-0.02985496
-0.00700119
-0.03086147
-0.00058635
-0.01668274
-0.00859912
0.01248789
-0.00894659
0.03440008
-0.01141116
-0.01272745
-0.07370526
-0.03552119
0.00084937
0.01273701
-0.01375299
-0.01824776
0.00855964
-0.00160503
0.00877012
-0.01478644
0.00128758
0.02800304
-0.01665618
0.00883224
0.00972500
0.00683481
0.44567719
0.07157024
-0.01309894
-0.00802051
-0.01239414
0.02306145
0.03725470
-0.01381079
0.00901605
-0.02304743
0.03066392
-0.00709795
0.00005250
-0.00543575
-0.01315772
0.00177043
-0.02796143
-0.03125316
-0.00974813
-0.03327991
0.03955348
0.04917055
0.01017137
0.00117365
0.04716911
0.05404680
-0.03416764
-0.01162476
-0.01783242
-0.00362567
0.03719103
0.01516182
-0.01869348
-0.03861715
0.06791241
-0.01899271
0.00510943
0.00670194
0.03212443
-0.05120910
0.03233984
0.00871143
0.01027273
-0.01897227
-0.01239866
0.00583417
0.02279611
-0.02657211
0.00948759
0.01661884
0.00053069
-0.05707610
-0.01211991
0.00215445
0.01354123
-0.02239024
0.01293419
-0.01059873
0.01430557
-0.03882001
-0.00604299
0.01488006
-0.00580063
-0.02705979
-0.01548882
0.00783618
-0.02846533
-0.00362933
0.03665392
-0.01003824
0.02521159
-0.01622659
-0.01142826
-0.01291640
0.00718448
-0.00721014
-0.04899913
-0.01053621
0.02303268
-0.00364740
-0.08865426
0.04519929
0.03245946
-0.00624316
0.00548130
0.01153612
-0.00171407
0.10137051
-0.01209295
0.01057298
0.00989718
-0.03061088
0.03341405
0.05832902
0.00629913
-0.01482587
0.03153366
-0.03737070
0.00002000
0.00747157
-0.01998439
0.00217297
0.00982572
-0.00057115
0.01404940
-0.00301778
0.00083944
0.00687599
0.01152524
-0.00126887
0.00379766
0.00853259
0.01253747
-0.00702097
-0.00122338
0.01033396
0.04792568
0.03302246
0.01412659
-0.02194711
-0.00576564
-0.02696488
-0.00549060
-0.01772199
-0.03010175
-0.00128408
0.01277376
0.01897958
0.05001141
0.01038635
-0.00015480
0.00070946
-0.02610274
0.00879057
-0.01732495
-0.01771779
0.01307399
0.01262193
-0.00912984
0.03945403
0.06350051
-0.01666545
0.03415851
0.04481099
0.00915276
-0.01734883
-0.00882681
-0.02637775
0.03567277
0.00297047
0.00248382
-0.05157517
0.01735293
-0.02367137
0.01142298
-0.00213111
-0.04540473
-0.00268838
0.00191534
0.04301237
0.00168515
0.00538584
0.02257166
-0.79709965
-0.00796020
-0.02059263
0.01389989
-0.01438236
-0.00050940
-0.01317709
0.00124002
-0.01364220
0.03253889
0.01996962
-0.02580151
0.02340712
-0.04996986
0.00213308
-0.01343515
0.01544867
0.00823094
0.01133025
-0.01160739
-0.00796478
-0.03875123
-0.04973468
-0.00550576
0.00387399
0.00176836
-0.00719116
0.02170566
0.01294846
-0.00792826
0.03602898
0.03623342
-0.00235590
-0.00929570
0.02029961
-0.05469627
0.07141502
-0.02330445
0.10329738
-0.12138010
-0.03316465
-0.05329584
0.00276647
0.00557204
-0.07145746
0.03287277
0.08380108
0.08813893
0.00616048
0.02745284
0.00424500
-0.10089266
0.06322953
-0.10644397
0.01674377
0.05214583
0.13376576
-0.14587633
-0.12319863
0.07582105
-0.04303837
-0.05207674
-0.00497249
-0.08639842
0.00474164
-0.08857968
-0.01115172
0.05925715
0.07475324
0.01708985
0.14503947
-0.06192740
0.01277726
-0.04459939
0.02209964
-0.02382913
0.11948270
0.00298586
-0.01594646
-0.01513764
0.02083911
0.84781438
-0.06259457
0.03673704
0.01911618
0.10369009
0.02884263
-0.02691818
0.02114679
-0.08231159
-0.10553429
-0.08566626
0.04871342
-0.01522689
0.06857690
-0.03728072
0.04586080
-0.06796300
-0.03190802
-0.02428481
0.03178267
0.02185342
0.05241247
0.03239036
-0.00903384
0.01812762
-0.02827413
-0.02315074
-0.02237613
0.02112724
0.02269404
-0.00343877
-0.06518507
-0.01355046
-0.04297887
-0.02690936
-0.03387608
-0.01827726
-0.01498738
-0.04816151
-0.05236947
-0.00141774
-0.06797100
0.00599062
-0.00115099
0.03055566
-0.05592798
-0.01734605
-0.01251955
0.02405203
0.06776871
0.03575239
0.05573693
-0.02223633
0.04323039
0.00137019
0.00315907
-0.02096759
-0.02282858
-0.00877399
-0.03741592
-0.05739505
-0.00804332
0.00658296
0.01380271
-0.01703551
-0.00676171
0.03320324
0.02012652
-0.02773484
0.05921924
0.04346925
-0.06966890
-0.00566201
-0.02602739
-0.00288699
-0.03870307
-0.08019511
-0.01866952
-0.02100268
0.06752328
0.07523308
0.00629981
0.01197653
0.00871068
0.02460713
-0.01424374
-0.02953606
0.03087522
-0.01179681
0.06534654
-0.01480080
-0.03015695
0.00835503
0.06669528
-0.02008026
0.04021243
0.01246528
0.05713651
-0.01646525
-0.02711422
-0.05174701
-0.02561892
0.02013865
0.05931696
0.05739706
-0.03957117
0.01833608
0.01143478
-0.05184364
0.00796273
0.00027298
0.02547235
-0.03008968
-0.04342009
-0.04144939
-0.03697205
0.06580838
0.01299099
-0.04189569
0.01561438
0.00970194
-0.00345347
0.00828737
0.00077156
0.03949635
0.08123139
0.06274661
-0.02115553
-0.03618379
0.06443942
-0.01670969
-0.05916595
0.02450163
-0.01297859
-0.02143015
-0.07854631
0.00724123
-0.00442646
0.01179530
0.07057260
-0.01304056
-0.05410165
-0.10354970
-0.05932525
-0.02499919
-0.16977188
0.00716738
0.02862782
-0.01139857
0.01613726
0.03088003
0.01412702
-0.01701467
0.00221270
-0.00391779
-0.00397009
0.00062541
0.02295450
-0.03173261
0.02343196
-0.00237390
-0.01666719
-0.00809807
0.00188803
0.00288696
0.01768484
-0.00505944
0.06830122
-0.04659326
-0.03094734
0.02644195
0.00438534
-0.01552834
-0.05875929
0.04355449
0.02712688
0.00599086
0.02014676
-0.01337135
0.01480620
-0.03160791
-0.02060816
0.07036909
0.02245486
-0.01536386
-0.03546369
0.04357490
-0.01477001
-0.01226476
-0.00744224
0.01435596
0.05719811
-0.02052899
0.03244683
0.00926816
-0.03940509
0.09670047
-0.00070464
-0.00833310
-0.02094056
-0.04943989
-0.00503576
-0.03358243
-0.06988458
0.00307907
-0.03440994
0.06702704
-0.07584410
-0.01895835
-0.04885247
-0.03151881
0.02125322
-0.04188701
0.00230500
-0.06422149
0.01548162
-0.02529817
-0.00475738
-0.00067414
0.00390044
-0.00843496
0.05705647
0.00643812
-0.06601060
0.00115600
-0.04220156
0.09499599
-0.03884917
0.03254333
0.04087010
0.01017097
0.04553800
0.09561086
-0.01083430
0.02347261
-0.02147237
0.01905148
0.01745722
-0.04433199
-0.00548166
0.04634960
-0.01479970
0.04649845
0.05164489
0.03776352
-0.05461432
-0.03495407
0.02733418
0.03238179
-0.05431557
-0.03496284
-0.08936230
-0.02141061
0.03382998
0.06797236
0.01666264
-0.04397683
0.01254476
0.03320084
-0.04410102
-0.01629061
-0.01817785
0.01416647
0.04115855
0.06362801
-0.06541376
-0.04662612
-0.00263037
-0.00985020
-0.04596334
-0.01534688
0.05940731
0.02381260
0.01519451
0.01228864
0.02979848
0.03058425
-0.01835356
0.02233894
-0.00633076
0.01486057
-0.03435509
-0.00985691
0.01383332
0.00938275
-0.01855182
-0.05327533
-0.01771494
0.02297081
0.00413015
-0.07859539
0.01919607
0.05155643
-0.03637374
-0.00843308
-0.00276811
0.01214451
0.00625923
-0.04519095
0.03894208
-0.02949141
-0.02221734
0.00631745
-0.02846031
0.04214008
-0.01677741
-0.00336428
0.00785843
0.05376231
0.03217130
0.00953910
0.04669226
-0.21070808
0.00414440
-0.01715824
-0.00013571
-0.00192244
-0.07875828
0.04976590
0.01796198
0.04053775
-0.02342075
0.01985830
0.02069795
-0.00884274
-0.00907572
0.09721768
-0.05048130
-0.01812791
-0.02170108
-0.01842718
-0.12113412
0.01788687
0.05132718
0.02519145
0.03518239
-0.06718402
-0.00698047
-0.00433058
-0.01151850
-0.00618502
0.02532514
-0.00938205
0.03613990
-0.01550937
-0.01305370
0.11627782
-0.03956041
0.03381183
0.10247388
-0.05922750
0.07695837
0.04117807
-0.08614810
0.09650449
0.03768471
0.03142981
0.00052874
0.06943825
-0.01068585
-0.05141364
0.03072530
0.05572122
0.05904144
-0.05701335
0.00413546
0.02508199
0.01690318
0.01010119
0.04632570
-0.00557221
-0.00536295
0.02995296
-0.08633869
0.03131654
0.04114877
-0.00625625
-0.05293090
0.03280545
-0.02066960
-0.03982488
0.02856594
-0.07031097
0.02572739
-0.04807533
-0.01145246
0.00777167
0.03584411
0.04691914
0.00649727
0.04399854
0.03434906
-0.04359533
-0.03231221
-0.05665467
-0.00787069
0.03127647
-0.08647690
0.01618582
0.06504696
0.07908375
-0.01470558
-0.05378771
-0.01684874
0.01254176
-0.18694887
-0.00697785
0.02120049
0.02886817
-0.02278043
0.00489326
0.02392266
-0.01346270
0.00390576
-0.01159239
0.11537366
-0.06437453
0.03615401
-0.05518587
0.14293376
0.00537809
0.03853843
0.01484591
-0.10516952
-0.05689891
0.09307691
0.03107374
-0.00653978
0.04164601
-0.01903895
-0.00555129
-0.00065688
-0.01342646
-0.02097723
-0.03813571
0.01733687
0.06017876
0.00011119
-0.01246337
0.01513732
0.02214199
0.04487606
0.02013928
-0.00473339
-0.01089355
0.03452216
0.03182476
-0.03384213
-0.01842245
0.09341495
0.00548524
0.02148535
0.02625449
-0.06336121
-0.01300733
0.00225194
0.01056361
0.03290681
-0.05455402
-0.08882210
-0.04352837
-0.03359494
-0.00636744
-0.02567664
-0.03529172
-0.07483365
-0.00813338
0.14249700
0.00572529
0.02260433
-0.07201216
0.06506579
-0.05259990
-0.07317603
-0.03465200
0.02862808
0.03185813
-0.11210848
0.02914268
-0.06996724
-0.05367720
-0.01078631
-0.09408600
-0.00099789
-0.01093386
0.03489738
-0.01386907
-0.04173594
-0.03098701
0.00032567
0.05616872
-0.04295398
-0.02172858
0.05432637
0.04990446
-0.03453812
0.01747698
-0.06665692
0.06019842
0.06977537
-0.04161111
0.04180282
0.00524370
0.05902098
0.00422635
-0.05641176
0.00085894
0.00659948
-0.02349654
-0.04564701
-0.02285773
0.07142741
0.07063097
-0.01344968
-0.04737509
-0.04622206
0.01078326
0.08306876
-0.04509329
0.02455718
-0.04900316
0.16478501
-0.05185775
-0.07172055
0.05898182
0.02332587
0.03558496
0.00563509
0.05446946
-0.02027255
