2.249651588499546051e-03
-2.464928291738033295e-02
-3.411898016929626465e-02
-4.341901093721389771e-02
6.676900200545787811e-03
2.785487100481987000e-02
-1.286764722317457199e-02
-2.224363386631011963e-02
-1.495287287980318069e-02
1.382241304963827133e-02
-9.981971234083175659e-03
1.816999167203903198e-02
1.005424279719591141e-02
-5.064486712217330933e-02
-3.078985959291458130e-02
-2.757254987955093384e-02
1.660408265888690948e-02
-2.573878318071365356e-02
9.250746667385101318e-02
3.665396571159362793e-02
-1.229223125847056508e-04
4.813239723443984985e-02
-3.657605126500129700e-02
-1.796519197523593903e-02
-1.484348066151142120e-02
2.537043020129203796e-02
7.469224277883768082e-03
2.340411767363548279e-02
-1.640901900827884674e-02
7.307488471269607544e-03
-3.715693950653076172e-02
-1.745633222162723541e-02
2.327554859220981598e-03
-2.534037455916404724e-02
-1.069394685328006744e-02
5.126444995403289795e-02
-1.039864029735326767e-02
2.933642454445362091e-02
6.167441606521606445e-03
-5.261526629328727722e-02
-1.375754363834857941e-02
-2.293918281793594360e-02
-7.109174877405166626e-02
-5.934358015656471252e-02
-1.427788753062486649e-02
2.695935964584350586e-02
-5.937515199184417725e-02
-4.680643323808908463e-03
3.035079501569271088e-02
1.924230158329010010e-02
5.364757031202316284e-03
-5.545265600085258484e-02
-3.085042722523212433e-02
1.936073601245880127e-02
-4.811446368694305420e-02
-4.842845723032951355e-03
2.103400602936744690e-02
-4.953748080879449844e-03
4.381559789180755615e-01
6.939198821783065796e-02
-3.326584398746490479e-02
1.890369690954685211e-02
1.800170913338661194e-02
-2.313333190977573395e-02
1.056994218379259109e-02
1.508606970310211182e-02
1.028244290500879288e-02
-1.958693936467170715e-02
4.959891363978385925e-02
4.713655263185501099e-02
1.934043131768703461e-02
-1.583965308964252472e-02
-3.816245123744010925e-02
1.098151225596666336e-02
-2.327795955352485180e-04
-2.890180237591266632e-02
-5.577911436557769775e-02
-2.463461831212043762e-02
3.812175989151000977e-02
1.446469966322183609e-02
-1.322826091200113297e-02
1.444734353572130203e-02
9.775767102837562561e-03
6.419379264116287231e-02
3.481891006231307983e-02
1.692403294146060944e-02
4.707763437181711197e-03
6.108594126999378204e-03
4.038849845528602600e-02
3.825118392705917358e-02
2.611972205340862274e-02
-3.263449529185891151e-03
5.246220156550407410e-02
1.498070918023586273e-02
-1.217438466846942902e-02
-1.087637245655059814e-02
2.186141721904277802e-02
-3.392660245299339294e-02
3.567065671086311340e-02
-3.334645007271319628e-04
-2.020947821438312531e-02
-3.075451031327247620e-02
-9.066578932106494904e-03
1.974749565124511719e-02
1.264647115021944046e-02
-2.731924876570701599e-02
9.003449231386184692e-03
2.043404243886470795e-02
1.366427354514598846e-02
-6.322041898965835571e-02
-2.843195339664816856e-03
1.771241240203380585e-02
-3.769777016714215279e-03
-1.535762380808591843e-02
-1.042160112410783768e-02
-1.678430847823619843e-02
4.022835940122604370e-02
-2.220259979367256165e-02
1.337389834225177765e-02
6.690496113151311874e-03
3.228744899388402700e-04
-6.088100373744964600e-03
6.664967164397239685e-03
-5.830411799252033234e-03
-1.200804673135280609e-02
2.531677484512329102e-03
1.959794573485851288e-02
-3.487419802695512772e-03
1.650201901793479919e-02
6.920027732849121094e-02
-1.517871022224426270e-02
-3.257343173027038574e-02
-1.750542409718036652e-02
-1.148378569632768631e-02
-1.751690171658992767e-02
6.077369325794279575e-04
-2.901992946863174438e-02
4.361741244792938232e-02
-1.628187894821166992e-01
2.932810783386230469e-02
-3.433225303888320923e-02
-3.332049399614334106e-02
-2.018767967820167542e-02
-5.435868166387081146e-03
-3.517027571797370911e-02
9.392789006233215332e-02
-3.352317586541175842e-02
8.099663071334362030e-03
-1.315069291740655899e-02
-3.658402711153030396e-02
4.766071960330009460e-02
1.081847213208675385e-02
-2.654244378209114075e-02
-8.461990393698215485e-03
3.574844915419816971e-03
-2.545434422791004181e-02
9.678225964307785034e-03
9.211303666234016418e-03
-5.003041028976440430e-02
1.443989947438240051e-02
1.419098861515522003e-02
-5.358779802918434143e-02
3.744721040129661560e-02
1.905901543796062469e-02
2.784824464470148087e-03
6.214172393083572388e-02
2.546183951199054718e-02
6.930247414857149124e-03
-1.113751437515020370e-03
3.211851790547370911e-02
2.119186706840991974e-02
-7.769592572003602982e-03
2.030069567263126373e-02
-7.075022440403699875e-03
4.051858931779861450e-02
2.354835718870162964e-02
3.041225485503673553e-02
-2.193235605955123901e-02
-5.682710558176040649e-02
-6.246584933251142502e-03
-4.714861512184143066e-02
-3.660593926906585693e-02
-6.843163282610476017e-04
3.497598692774772644e-02
4.243601858615875244e-02
-6.533264368772506714e-02
5.131366103887557983e-02
-7.266939617693424225e-03
-4.872033372521400452e-03
5.395508930087089539e-02
5.494370311498641968e-02
4.836342856287956238e-02
9.544811211526393890e-03
-2.534137666225433350e-02
-6.672690156847238541e-03
1.923685520887374878e-02
2.302981168031692505e-02
4.199350997805595398e-02
-2.471439773216843605e-03
-2.808582223951816559e-02
8.873909711837768555e-02
2.996991015970706940e-02
1.141388416290283203e-01
-2.046976611018180847e-02
8.236906491219997406e-03
-6.225891783833503723e-02
8.355982135981321335e-04
-3.876627422869205475e-03
-8.755847811698913574e-03
-6.890506297349929810e-02
-3.063768893480300903e-02
5.553884897381067276e-03
2.041315473616123199e-02
1.927187107503414154e-02
-1.536319591104984283e-02
-1.594352163374423981e-02
-3.748923074454069138e-03
3.582323342561721802e-02
-1.407937519252300262e-02
2.104662917554378510e-02
6.124087143689393997e-03
-7.362740635871887207e-01
3.051056293770670891e-03
-5.162300541996955872e-02
-8.824647404253482819e-03
-1.157218590378761292e-02
1.207249611616134644e-02
-3.487953171133995056e-02
2.135701291263103485e-02
-1.465581636875867844e-02
-2.175956033170223236e-03
-3.401932865381240845e-02
1.073173806071281433e-02
7.816589437425136566e-03
-4.024616628885269165e-02
-1.474909950047731400e-02
-2.429088391363620758e-02
1.757659390568733215e-02
2.602015854790806770e-03
-4.852856043726205826e-03
-3.825674299150705338e-03
3.192093595862388611e-02
-1.755348779261112213e-02
-6.175067648291587830e-02
1.124793011695146561e-02
2.365817688405513763e-02
4.202372953295707703e-02
3.279054909944534302e-02
-5.106959957629442215e-03
-1.109826005995273590e-02
-2.604251494631171227e-03
9.412803687155246735e-03
4.365175589919090271e-02
3.437151433899998665e-03
-1.810133829712867737e-02
-9.182597510516643524e-03
-7.615548092871904373e-04
8.115042746067047119e-02
-3.122373670339584351e-02
1.331532839685678482e-02
3.467622771859169006e-02
7.659582886844873428e-03
5.503106117248535156e-02
-4.062308743596076965e-02
-7.407790981233119965e-04
5.673519894480705261e-02
1.133328117430210114e-02
2.340874820947647095e-02
4.095306247472763062e-02
-2.726601436734199524e-02
-5.785884708166122437e-02
3.550706058740615845e-02
-1.250046491622924805e-02
-4.121144115924835205e-02
7.127208262681961060e-02
-9.641183167695999146e-02
3.059067577123641968e-02
6.589914113283157349e-02
-9.637979418039321899e-02
5.269441381096839905e-02
1.441322080790996552e-02
2.650176733732223511e-02
1.036426126956939697e-01
-9.171867370605468750e-02
-6.007558852434158325e-02
1.193338930606842041e-01
9.536053985357284546e-02
4.318401589989662170e-02
9.995334595441818237e-02
-1.317276954650878906e-01
7.908497005701065063e-02
-1.028027907013893127e-01
-3.741174237802624702e-03
-4.796136170625686646e-02
6.423786282539367676e-02
1.653907597064971924e-01
-8.079009503126144409e-02
3.688846901059150696e-02
-1.551987323909997940e-02
-6.943172216415405273e-02
2.607186324894428253e-02
-1.218614652752876282e-01
8.197847008705139160e-01
-1.945288665592670441e-02
3.633007034659385681e-02
-1.702546626329421997e-01
2.809853106737136841e-02
7.484801113605499268e-02
-2.266918076202273369e-03
1.425679773092269897e-01
2.280582673847675323e-02
-2.596392296254634857e-02
1.298636943101882935e-01
-1.967794820666313171e-02
-1.416524648666381836e-01
-3.286591172218322754e-02
-9.923287481069564819e-02
5.597736313939094543e-02
-3.077698498964309692e-02
-5.947308987379074097e-02
-2.696221508085727692e-02
2.524741226807236671e-03
4.508251324295997620e-02
-2.782581746578216553e-02
5.761222541332244873e-02
3.459630161523818970e-02
3.876256197690963745e-02
9.793810546398162842e-03
-3.503724932670593262e-02
6.451481021940708160e-03
-2.503749355673789978e-02
3.303991258144378662e-02
3.058297932147979736e-02
1.687665283679962158e-02
6.043940782546997070e-02
2.664573676884174347e-02
2.268984168767929077e-02
2.241458371281623840e-02
1.304389070719480515e-02
1.144857332110404968e-02
3.201613947749137878e-02
-4.870469123125076294e-02
-2.853599563241004944e-02
-2.937003038823604584e-02
8.780082315206527710e-02
7.141526322811841965e-03
7.713844999670982361e-03
-6.439590454101562500e-02
4.282573238015174866e-02
-1.191803812980651855e-02
2.497987076640129089e-02
7.044383883476257324e-02
-1.484740339219570160e-02
-3.167643025517463684e-02
-7.007450331002473831e-03
2.179731242358684540e-02
-2.491945773363113403e-02
4.277254641056060791e-02
1.075178980827331543e-01
2.169857174158096313e-02
-2.529782243072986603e-02
3.530798852443695068e-02
-2.081594243645668030e-02
1.985367015004158020e-02
-2.961357682943344116e-02
3.800359787419438362e-03
4.126375913619995117e-02
-1.227143779397010803e-02
-2.479424327611923218e-02
1.920268405228853226e-04
2.509110840037465096e-03
2.445010282099246979e-02
3.126693889498710632e-02
-2.227672748267650604e-02
3.264275938272476196e-02
-1.745493523776531219e-02
7.473823428153991699e-02
-1.477115321904420853e-02
7.091554813086986542e-03
-6.339333206415176392e-02
-3.007667884230613708e-02
5.789808183908462524e-02
8.115059137344360352e-02
1.642070896923542023e-02
-6.318848580121994019e-03
9.650915861129760742e-03
1.057360204868018627e-03
3.630470484495162964e-02
-1.462514791637659073e-02
-1.124665490351617336e-03
-1.272455416619777679e-02
3.375103697180747986e-02
-1.653668656945228577e-02
7.499539107084274292e-02
-4.021880403161048889e-02
-6.153044290840625763e-03
-7.065336406230926514e-02
-7.254438940435647964e-03
5.093004927039146423e-02
3.876916691660881042e-02
-3.198955953121185303e-02
-3.448023274540901184e-02
-3.280161693692207336e-02
-1.245934050530195236e-02
2.588528208434581757e-02
1.406447845511138439e-03
5.130880698561668396e-02
-2.829417958855628967e-02
5.698862299323081970e-02
-3.015324473381042480e-02
-4.378255084156990051e-02
-2.765887230634689331e-02
6.356637179851531982e-02
-1.262321881949901581e-02
3.042407147586345673e-02
-7.229576352983713150e-03
-3.797507286071777344e-02
-4.410498589277267456e-02
1.143720746040344238e-02
-3.575117513537406921e-02
-5.654848366975784302e-02
4.234726540744304657e-03
-5.806126073002815247e-02
-5.520476028323173523e-02
2.211508806794881821e-03
-8.474817499518394470e-03
2.946596220135688782e-02
5.786406621336936951e-02
5.649331025779247284e-03
-1.243214122951030731e-02
-5.814772844314575195e-02
2.761682681739330292e-02
-5.801490042358636856e-03
1.927756704390048981e-02
-1.637883484363555908e-02
-1.816487498581409454e-02
-7.089094724506139755e-03
7.158854859881103039e-04
1.346754375845193863e-02
-1.248108502477407455e-02
2.231624536216259003e-02
-1.896941661834716797e-02
-3.432430699467658997e-02
-5.503839999437332153e-02
-1.344338655471801758e-01
-1.827885396778583527e-02
4.080646485090255737e-02
-1.651863604784011841e-01
7.864867895841598511e-02
-4.727217834442853928e-03
-2.531484700739383698e-02
2.614627592265605927e-03
4.250007867813110352e-02
2.384957298636436462e-02
1.248577143996953964e-02
1.898235082626342773e-02
-2.528170822188258171e-03
-3.328584367409348488e-03
-2.215894684195518494e-02
1.431315019726753235e-02
9.265266358852386475e-03
4.899812117218971252e-02
-5.774109158664941788e-03
-2.562729641795158386e-02
6.956303026527166367e-03
5.217728391289710999e-02
-1.038430351763963699e-02
-8.644320070743560791e-03
5.464164074510335922e-03
2.247117832303047180e-02
-4.399045184254646301e-02
-1.957884430885314941e-02
-6.961242295801639557e-03
8.144802413880825043e-04
-5.202250927686691284e-02
-4.838400334119796753e-02
3.898457065224647522e-02
1.901463046669960022e-02
1.998386345803737640e-02
-2.011626213788986206e-02
9.356803260743618011e-03
-4.658094421029090881e-02
-1.014064718037843704e-02
-4.626128356903791428e-03
-5.063563585281372070e-03
-5.111810564994812012e-02
-9.412765502929687500e-03
-3.877191618084907532e-02
-5.520845204591751099e-02
-1.664469018578529358e-02
1.779621094465255737e-02
-1.060901433229446411e-01
-1.707718148827552795e-02
5.613740906119346619e-02
-2.132357843220233917e-02
1.635094732046127319e-02
-6.583224236965179443e-02
3.488898975774645805e-03
1.229301095008850098e-01
5.268458276987075806e-03
-5.448246002197265625e-02
-1.785735040903091431e-02
-5.727761983871459961e-02
4.709784686565399170e-02
-2.002266049385070801e-02
-2.378664538264274597e-02
-1.470641791820526123e-02
-1.604466326534748077e-02
4.222308471798896790e-02
-1.320763379335403442e-01
1.180479861795902252e-02
-5.190847069025039673e-02
-3.972690552473068237e-02
9.405038505792617798e-02
-2.075343020260334015e-02
6.234101485460996628e-03
-9.599566459655761719e-03
-2.618263708427548409e-03
-1.570132188498973846e-02
-1.693051680922508240e-02
3.575427457690238953e-02
-5.124985054135322571e-02
-2.020831033587455750e-02
-2.333208359777927399e-02
-7.022871286608278751e-04
-1.566166579723358154e-01
1.523687876760959625e-02
-1.599530875682830811e-02
3.602069243788719177e-02
-2.087335847318172455e-02
5.953204631805419922e-02
-2.788156736642122269e-03
-9.255954064428806305e-03
-5.821654200553894043e-02
1.611865013837814331e-01
-4.834073409438133240e-02
-1.586824096739292145e-02
-2.583950944244861603e-02
-1.825967989861965179e-02
-1.125087402760982513e-02
1.589816063642501831e-02
-1.961654983460903168e-02
-2.018289268016815186e-02
5.120943486690521240e-02
-4.287131503224372864e-02
6.133446469902992249e-02
-9.215736645273864269e-04
-2.160176448523998260e-02
8.760928176343441010e-03
-3.406397253274917603e-02
4.489254206418991089e-02
-2.275647222995758057e-02
2.335004694759845734e-02
-6.504198908805847168e-02
-2.518234588205814362e-02
9.657167247496545315e-04
2.516558021306991577e-02
-9.731276892125606537e-03
-7.595107704401016235e-02
-3.801253158599138260e-03
-5.533592402935028076e-02
-1.713996380567550659e-02
-3.435109183192253113e-02
2.288917824625968933e-02
-1.193115022033452988e-02
2.379622496664524078e-02
5.245158821344375610e-02
3.420986980199813843e-02
-4.315150901675224304e-03
8.560623973608016968e-03
1.227018609642982483e-02
3.103253990411758423e-02
-2.064742520451545715e-02
-1.470609661191701889e-02
7.008914370089769363e-03
-1.699639670550823212e-02
4.963348060846328735e-02
-4.195084050297737122e-02
5.475542042404413223e-03
4.758010059595108032e-02
-7.118681073188781738e-02
2.379532717168331146e-02
1.102733518928289413e-02
-5.175429955124855042e-02
-1.482986006885766983e-02
-2.888933755457401276e-02
4.169992730021476746e-02
-3.582488279789686203e-03
-2.959121391177177429e-02
1.061548851430416107e-02
3.201310336589813232e-02
2.435233909636735916e-03
-1.985907740890979767e-02
-5.870148539543151855e-03
-2.223033830523490906e-02
1.758969575166702271e-02
2.934157662093639374e-02
-1.541110500693321228e-02
3.599160537123680115e-02
3.356029465794563293e-02
-3.274346515536308289e-02
-1.414715126156806946e-02
-1.404764037579298019e-02
-9.728772565722465515e-03
-3.888944163918495178e-02
2.220389433205127716e-02
-5.666028335690498352e-02
9.670374915003776550e-03
-2.605176344513893127e-02
3.864706959575414658e-03
9.277500212192535400e-03
3.202775120735168457e-02
2.690963633358478546e-02
-1.787956804037094116e-02
-2.110020816326141357e-01
8.900537155568599701e-03
1.142294034361839294e-01
-9.800531901419162750e-03
-1.491773058660328388e-03
-6.327470391988754272e-02
-8.401104249060153961e-03
6.421067565679550171e-02
3.559833019971847534e-02
-3.304915502667427063e-02
-1.917424984276294708e-02
6.029392126947641373e-03
2.391662262380123138e-02
2.823705319315195084e-03
6.811818480491638184e-02
3.978214412927627563e-02
-6.809859722852706909e-02
3.977483604103326797e-03
-6.048375368118286133e-02
-2.410593442618846893e-02
-9.883480519056320190e-02
1.005547791719436646e-01
-4.252040293067693710e-03
6.410017609596252441e-02
-8.398596197366714478e-02
1.471005193889141083e-02
-9.002190083265304565e-02
-2.341963164508342743e-02
1.879620738327503204e-02
-3.673079609870910645e-02
-4.566060006618499756e-02
1.654074899852275848e-02
-6.162129715085029602e-02
-9.782387642189860344e-04
1.603020429611206055e-01
-7.982042734511196613e-04
-3.425993723794817924e-03
7.667925208806991577e-02
-1.530482247471809387e-02
3.491436317563056946e-02
-5.340244621038436890e-03
-2.333389222621917725e-02
4.010004922747612000e-02
-5.765768885612487793e-02
3.299597650766372681e-02
3.959270194172859192e-02
1.142511609941720963e-02
1.594680920243263245e-02
-6.653339136391878128e-03
-1.234739460051059723e-02
1.533707231283187866e-02
6.158225238323211670e-02
-7.634402811527252197e-02
3.288262337446212769e-02
4.477831348776817322e-02
-5.415386334061622620e-02
7.954793982207775116e-03
-3.261343762278556824e-02
-8.889108896255493164e-02
-2.711318247020244598e-02
2.041122317314147949e-02
4.381752107292413712e-03
4.509432241320610046e-03
-1.156918006017804146e-03
-1.006725709885358810e-02
5.946154519915580750e-02
5.609383806586265564e-02
2.364537911489605904e-03
-3.169078752398490906e-02
5.347128584980964661e-02
5.348498374223709106e-02
-1.910672336816787720e-02
-2.273313142359256744e-02
7.617751602083444595e-03
1.705895736813545227e-02
2.430683746933937073e-02
7.288523018360137939e-03
3.257872909307479858e-02
-7.544267456978559494e-03
-1.481146831065416336e-02
6.055749021470546722e-03
-2.478193119168281555e-02
-2.964605577290058136e-02
5.316614732146263123e-02
2.390677109360694885e-02
-3.844051063060760498e-02
9.647735208272933960e-02
3.848521411418914795e-02
4.064229503273963928e-02
1.111667975783348083e-02
-1.592760905623435974e-02
7.163163274526596069e-02
-5.004119127988815308e-02
-1.617177873849868774e-01
-1.681250333786010742e-01
1.574677973985671997e-02
-8.324041962623596191e-02
-4.826239868998527527e-02
3.827670961618423462e-02
-1.985783874988555908e-02
-3.226561099290847778e-02
1.783576793968677521e-02
-6.925185211002826691e-03
-8.544337749481201172e-02
1.925926655530929565e-01
3.360394015908241272e-02
-5.648618191480636597e-02
-5.382491648197174072e-02
-8.896732702851295471e-03
1.926593482494354248e-02
-1.864111050963401794e-02
-8.261305093765258789e-02
1.877065398730337620e-03
2.513674832880496979e-02
-2.290608733892440796e-02
-1.810095738619565964e-03
3.785280510783195496e-03
-1.038139918819069862e-03
-1.096884440630674362e-02
-1.717582345008850098e-02
-1.475372817367315292e-02
-2.532182261347770691e-02
-5.437373742461204529e-02
3.676331415772438049e-02
7.135073095560073853e-02
-8.590976707637310028e-03
4.653044417500495911e-02
-3.298570588231086731e-02
-3.002483770251274109e-02
-1.490215864032506943e-02
-5.517192184925079346e-02
9.927175939083099365e-02
4.420761391520500183e-02
-3.023452684283256531e-02
-9.288223087787628174e-02
-7.877816446125507355e-03
2.060893550515174866e-02
2.009349316358566284e-02
-1.387173961848020554e-02
-2.417731471359729767e-02
-9.285172447562217712e-03
2.236730046570301056e-02
7.336110342293977737e-03
7.381012663245201111e-03
2.570019289851188660e-02
4.592755064368247986e-02
-2.617013268172740936e-02
-5.949298292398452759e-02
-1.931453123688697815e-02
-4.309475887566804886e-03
-4.860495217144489288e-03
-3.924748674035072327e-02
2.152044326066970825e-02
-2.608570829033851624e-02
-7.862444967031478882e-03
4.380268976092338562e-02
-3.433744423091411591e-03
4.701792076230049133e-02
5.080034956336021423e-02
4.909469932317733765e-02
1.051923781633377075e-01
-1.057997066527605057e-02
-3.020123578608036041e-02
2.143680490553379059e-02
1.228982023894786835e-02
2.041062340140342712e-02
5.921138916164636612e-03
-1.687094452790915966e-03
-6.401876360177993774e-02
-1.214415999129414558e-03
-2.343755587935447693e-02
1.912062428891658783e-02
-1.239272765815258026e-02
7.349015679210424423e-03
7.526199519634246826e-02
-3.721663728356361389e-03
-3.943292424082756042e-02
-4.876627027988433838e-02
-1.029613893479108810e-02
-1.284199021756649017e-02
8.365676738321781158e-03
-8.438215404748916626e-02
4.131563007831573486e-02
3.963027149438858032e-03
-1.654872298240661621e-02
3.497557714581489563e-03
2.217143960297107697e-02
-8.308199793100357056e-02
-6.619749590754508972e-03
-4.387203231453895569e-02
-9.161431342363357544e-03
1.721807755529880524e-02
-3.060975857079029083e-02
-9.645569138228893280e-03
-3.318770229816436768e-02
-5.867388244951143861e-05
-2.598424628376960754e-02
-5.240600183606147766e-02
-6.323029100894927979e-02
-3.937501832842826843e-02
1.480166986584663391e-02
8.503993158228695393e-04
-3.436882048845291138e-02
-1.142211258411407471e-02
4.131433367729187012e-02
3.729493543505668640e-02
4.924744367599487305e-02
2.935689873993396759e-02
-1.052151769399642944e-01
5.181026458740234375e-02
-5.387374013662338257e-02
3.404808416962623596e-02
3.354490268975496292e-03
4.459353908896446228e-02
1.196347624063491821e-01
3.399084880948066711e-02
4.777316004037857056e-02
-2.685766853392124176e-02
