1.656734384596347809e-02
-4.107348155230283737e-03
-3.809602186083793640e-02
-2.997569739818572998e-03
1.227645482867956161e-02
1.321701426059007645e-02
2.720788179431110620e-04
-4.818559065461158752e-02
-3.437868133187294006e-02
1.634013652801513672e-02
-2.044842764735221863e-02
1.253989897668361664e-02
2.446977421641349792e-02
-3.504944592714309692e-02
-1.875582151114940643e-02
-1.604370214045047760e-02
-4.921846091747283936e-03
-2.891033142805099487e-02
1.590472310781478882e-01
3.758793696761131287e-02
-1.236301846802234650e-02
2.119483612477779388e-02
-1.067768875509500504e-02
-2.057145535945892334e-02
1.203757361508905888e-03
1.363142393529415131e-02
7.027881219983100891e-03
-7.915287860669195652e-04
-9.834096999838948250e-04
5.721746478229761124e-03
4.423192515969276428e-02
-2.876108326017856598e-02
-9.616346098482608795e-03
-6.843997398391366005e-04
-3.173817647621035576e-03
3.844450693577528000e-03
2.540777903050184250e-03
1.915922015905380249e-02
-1.217723917216062546e-02
3.565302817150950432e-03
-2.014390192925930023e-02
-1.817624457180500031e-02
-8.200430870056152344e-02
-3.594750165939331055e-02
-9.327948093414306641e-03
1.804440282285213470e-02
-3.662782907485961914e-02
6.963599473237991333e-03
2.353223972022533417e-02
1.494516152888536453e-03
-1.581137534230947495e-03
-5.024231970310211182e-02
1.044118031859397888e-02
1.326553896069526672e-02
-4.321353510022163391e-02
4.069280810654163361e-03
9.444508701562881470e-03
2.534311497583985329e-03
4.599260687828063965e-01
8.905573934316635132e-02
-2.365427464246749878e-02
-1.270890887826681137e-02
1.452568452805280685e-02
-1.430871430784463882e-02
2.300156652927398682e-02
2.399278990924358368e-02
2.039612736552953720e-03
-2.423655986785888672e-02
4.284202307462692261e-02
2.782639488577842712e-02
2.125586755573749542e-02
-1.237331703305244446e-02
-3.491779789328575134e-02
2.105222083628177643e-03
-6.312326993793249130e-03
-3.077789954841136932e-02
-2.917482517659664154e-02
-3.385980427265167236e-02
5.709405615925788879e-02
4.525172710418701172e-02
1.423659268766641617e-03
1.471798587590456009e-02
2.626839466392993927e-02
7.619696110486984253e-02
1.402755733579397202e-02
9.922543540596961975e-03
-8.236326277256011963e-03
1.431320887058973312e-02
3.067363426089286804e-02
2.431519515812397003e-02
2.854270394891500473e-03
-1.187004707753658295e-02
6.651812046766281128e-02
1.226031407713890076e-02
-3.149011870846152306e-03
-7.091031875461339951e-03
2.779043838381767273e-02
-3.629771620035171509e-02
5.154341086745262146e-02
3.314764238893985748e-03
-1.740909181535243988e-02
-1.343354210257530212e-02
-1.627576537430286407e-02
4.046984948217868805e-03
1.236781384795904160e-02
-4.125517979264259338e-02
2.898915298283100128e-02
1.304793171584606171e-02
2.809700090438127518e-03
-6.258599460124969482e-02
-1.338011305779218674e-02
-4.567564610624685884e-05
5.399226676672697067e-03
-2.994392253458499908e-02
7.593102753162384033e-03
-6.343499291688203812e-03
1.320740580558776855e-02
-3.216515481472015381e-02
-2.111594192683696747e-02
1.154084596782922745e-02
-1.172911934554576874e-02
-2.811579033732414246e-02
-8.656569407321512699e-04
1.046607363969087601e-02
-3.463779017329216003e-02
-7.241738960146903992e-03
2.669178694486618042e-02
-2.147098630666732788e-02
1.864124834537506104e-02
3.728669509291648865e-02
-2.533609420061111450e-02
-3.835151344537734985e-02
-1.181253977119922638e-02
-1.788266189396381378e-02
-4.413346946239471436e-02
6.611964665353298187e-03
6.863973103463649750e-03
1.749194785952568054e-02
-1.486092209815979004e-01
3.015063703060150146e-02
-2.873739600181579590e-02
-1.849275082349777222e-02
-9.284287691116333008e-03
-2.596689760684967041e-02
-2.470376342535018921e-02
1.418635696172714233e-01
-1.800853759050369263e-02
-3.906865138560533524e-03
-1.086432253941893578e-03
-2.976260334253311157e-02
4.370797798037528992e-02
2.089174278080463409e-02
-1.141876680776476860e-03
-2.898272825405001640e-03
2.713292464613914490e-02
-2.679437026381492615e-02
-3.678772831335663795e-03
1.522433105856180191e-02
-4.061379656195640564e-02
-5.517177749425172806e-03
-3.723863512277603149e-03
-4.039205983281135559e-02
3.290146216750144958e-02
2.619249513372778893e-03
3.549721091985702515e-03
5.394214764237403870e-02
2.530011348426342010e-02
8.303201757371425629e-03
1.122146751731634140e-02
1.735595799982547760e-02
9.465980343520641327e-03
-9.597014868631958961e-04
-4.148747771978378296e-03
-1.573503250256180763e-03
3.294866159558296204e-02
3.400044888257980347e-02
1.192456390708684921e-02
2.145922277122735977e-03
-5.928612500429153442e-02
-1.246678270399570465e-02
-1.888119243085384369e-02
-2.097967267036437988e-02
-9.415928274393081665e-03
1.987247914075851440e-02
3.004890307784080505e-02
-1.460368838161230087e-02
9.543343633413314819e-02
9.464486502110958099e-03
-5.197581369429826736e-03
2.223950065672397614e-02
9.781035594642162323e-03
3.067591786384582520e-02
1.406791340559720993e-02
-2.356970682740211487e-02
1.414733193814754486e-02
2.836283855140209198e-02
1.159216929227113724e-02
2.528200671076774597e-02
5.636249482631683350e-02
-1.418363396078348160e-02
6.370000541210174561e-02
2.383323945105075836e-02
1.102459356188774109e-01
-2.061183378100395203e-02
4.192617256194353104e-03
-4.599783197045326233e-02
2.781977318227291107e-02
-7.287030573934316635e-03
-1.363181415945291519e-02
-7.227714359760284424e-02
9.090753272175788879e-03
-2.419339679181575775e-02
1.961415447294712067e-02
6.984796375036239624e-03
-4.355885833501815796e-02
-1.478296518325805664e-02
-3.419780172407627106e-03
3.258069232106208801e-02
1.169230230152606964e-02
-6.261689588427543640e-03
2.066339924931526184e-02
-7.335820198059082031e-01
-1.740875840187072754e-02
-4.025682806968688965e-02
1.458010170608758926e-02
-1.725924760103225708e-02
7.491238415241241455e-03
-1.896993815898895264e-02
1.288390601985156536e-03
-2.042688801884651184e-02
1.108420733362436295e-02
-1.146439462900161743e-03
5.339173134416341782e-03
3.810355206951498985e-03
-4.804478585720062256e-02
-9.392184205353260040e-03
-2.096967399120330811e-02
6.504050921648740768e-03
-1.096104388125240803e-03
1.542434911243617535e-03
3.968219272792339325e-03
1.496953703463077545e-02
-5.657505244016647339e-02
-5.310845002532005310e-02
-1.657133339904248714e-03
1.402994990348815918e-02
6.714351475238800049e-03
5.698946770280599594e-03
7.422124501317739487e-03
-7.125393953174352646e-03
-7.968148216605186462e-03
1.478057354688644409e-02
4.692458733916282654e-02
-4.525429103523492813e-03
-4.221251234412193298e-03
5.935866385698318481e-03
1.661145538091659546e-01
6.949114054441452026e-02
3.066401928663253784e-03
1.057465076446533203e-01
5.178508162498474121e-02
-1.016786843538284302e-01
7.195938378572463989e-02
-1.933971419930458069e-02
-1.041449420154094696e-02
-2.377144806087017059e-02
7.639405131340026855e-02
2.584445476531982422e-02
-8.850714564323425293e-02
-1.177015248686075211e-02
-8.917675167322158813e-02
4.508830606937408447e-02
6.300365924835205078e-02
5.898414924740791321e-02
1.486252993345260620e-02
-7.474738173186779022e-03
5.014725029468536377e-02
8.205755054950714111e-02
-8.012098819017410278e-02
-2.460427954792976379e-02
5.678467918187379837e-03
-4.417757317423820496e-02
6.788527965545654297e-02
-7.759108394384384155e-02
2.842441387474536896e-02
-5.789860617369413376e-03
7.031623274087905884e-02
1.323942653834819794e-02
1.070987954735755920e-01
-3.336373344063758850e-02
-1.861806772649288177e-02
-3.656245023012161255e-02
-1.479476504027843475e-02
-2.279250137507915497e-02
-3.623922169208526611e-02
5.407405644655227661e-02
-7.405900955200195312e-02
-1.293726637959480286e-02
-4.674172401428222656e-02
-1.154725030064582825e-01
-1.209788676351308823e-02
-5.077896267175674438e-02
8.470299243927001953e-01
-8.900520950555801392e-02
-1.291660405695438385e-02
-1.236083209514617920e-01
1.384231727570295334e-02
9.642358124256134033e-02
2.304172888398170471e-02
2.548075467348098755e-02
-7.939879596233367920e-02
-2.866340056061744690e-02
1.575353741645812988e-01
-3.382949903607368469e-02
-1.155791059136390686e-01
-2.116430364549160004e-02
-1.215255260467529297e-01
-3.459562361240386963e-02
-1.064990237355232239e-01
-3.562813997268676758e-02
-1.587673649191856384e-02
-4.596119280904531479e-03
-5.755942314863204956e-02
4.967714101076126099e-02
5.495039746165275574e-03
-2.060179598629474640e-02
-4.044765979051589966e-02
-2.228081598877906799e-02
4.062503576278686523e-02
-1.438856683671474457e-02
-2.100973576307296753e-02
-2.370072156190872192e-02
2.162238210439682007e-02
1.632406748831272125e-02
-2.762193605303764343e-02
5.395193584263324738e-03
2.828864613547921181e-03
-4.650634899735450745e-02
3.285330021753907204e-04
-1.885132119059562683e-02
-4.139162600040435791e-02
-2.023826166987419128e-02
6.342528015375137329e-02
-1.500462088733911514e-02
-4.680959507822990417e-02
-3.548202663660049438e-02
-2.205453999340534210e-02
-6.758129596710205078e-02
1.904195733368396759e-02
-7.293350994586944580e-03
2.637378498911857605e-02
1.369727402925491333e-02
-2.325566310901194811e-04
2.976763993501663208e-02
-3.820744901895523071e-02
9.837356209754943848e-02
-1.973055489361286163e-02
-3.105255775153636932e-02
5.424886941909790039e-02
4.314110428094863892e-02
-2.150046825408935547e-02
-4.823884367942810059e-02
-3.860157728195190430e-02
3.436080366373062134e-02
-2.391796745359897614e-02
1.051720883697271347e-02
-4.128241911530494690e-02
7.448538392782211304e-02
5.425965040922164917e-02
2.367196977138519287e-02
-2.570048160851001740e-02
3.586229681968688965e-02
4.843406751751899719e-02
-2.318040281534194946e-02
5.359736387617886066e-04
-8.770614862442016602e-02
-1.057597575709223747e-03
-1.057201717048883438e-02
-4.065702483057975769e-02
-6.620182096958160400e-02
-6.724015623331069946e-02
2.849822305142879486e-02
7.712002098560333252e-02
4.158334061503410339e-02
4.390396550297737122e-02
7.726167328655719757e-03
1.311206445097923279e-02
2.044885884970426559e-03
-2.177291549742221832e-02
-5.259807687252759933e-03
-1.215743087232112885e-02
4.592651128768920898e-02
5.621893331408500671e-02
-4.392566159367561340e-03
1.032597385346889496e-02
-1.720324653433635831e-04
6.913319975137710571e-02
5.092909932136535645e-02
-2.586888149380683899e-02
1.408027671277523041e-02
9.788646362721920013e-03
-2.479072473943233490e-02
-3.155830875039100647e-02
-5.313855409622192383e-02
5.431671440601348877e-02
-1.181059051305055618e-02
6.510332971811294556e-02
2.214095927774906158e-02
1.016038283705711365e-01
9.620666503906250000e-03
-6.629880517721176147e-02
6.552421022206544876e-03
-2.619651891291141510e-02
2.904764749109745026e-02
-7.957407832145690918e-02
-4.511937871575355530e-02
1.363215036690235138e-02
-6.428470462560653687e-02
5.116742849349975586e-02
5.294041708111763000e-03
-1.055394187569618225e-01
-2.141826227307319641e-02
3.390627726912498474e-02
-1.448670960962772369e-02
1.394856721162796021e-02
4.395355936139822006e-03
-7.167212665081024170e-03
6.173004582524299622e-02
-5.437021609395742416e-03
6.773271597921848297e-03
-7.505677640438079834e-02
3.232795745134353638e-02
-1.673166453838348389e-02
-6.154060363769531250e-02
5.648925155401229858e-02
4.036037996411323547e-02
-4.750248789787292480e-02
2.762814611196517944e-02
1.359618175774812698e-02
5.610302835702896118e-02
3.436271566897630692e-03
-7.412413600832223892e-03
3.908506780862808228e-02
5.523783620446920395e-03
-8.790167421102523804e-02
-6.228880211710929871e-02
-4.184084758162498474e-02
-1.169412657618522644e-01
-3.957035765051841736e-02
-2.225553058087825775e-02
2.230356819927692413e-02
-3.761247033253312111e-03
-1.270924415439367294e-02
-2.940529398620128632e-02
4.571718350052833557e-02
9.977222979068756104e-02
1.546408515423536301e-02
1.224819291383028030e-02
-8.344789966940879822e-03
2.345211990177631378e-02
2.466724719852209091e-03
4.601094126701354980e-02
-2.182311378419399261e-02
-1.420945115387439728e-02
9.759340435266494751e-02
-3.310799226164817810e-02
5.453261733055114746e-02
5.129943042993545532e-02
-9.910641610622406006e-02
2.265236899256706238e-02
5.206056404858827591e-03
-3.180433437228202820e-02
1.893896982073783875e-02
2.209850214421749115e-02
-3.780375048518180847e-02
-2.828802727162837982e-02
6.225859001278877258e-02
8.355565369129180908e-03
6.363939610309898853e-04
8.461622148752212524e-02
-1.829134672880172729e-02
4.117961972951889038e-02
-4.460757598280906677e-02
-8.030892163515090942e-02
8.716750890016555786e-03
1.131388731300830841e-02
-2.202439587563276291e-03
-1.357926707714796066e-02
-2.777854539453983307e-02
1.352014020085334778e-02
7.722467929124832153e-02
-4.128886759281158447e-02
-5.048342514783143997e-03
8.242102712392807007e-02
1.235810201615095139e-02
-3.798402845859527588e-02
1.450822129845619202e-02
-3.982998058199882507e-02
2.058488130569458008e-01
6.530449725687503815e-03
3.908932209014892578e-02
-1.154853729531168938e-03
4.295068234205245972e-02
-7.874645292758941650e-03
-7.560395449399948120e-02
-7.518116384744644165e-02
1.733922399580478668e-02
-3.330730274319648743e-02
4.650867078453302383e-03
-1.444738209247589111e-01
1.559134572744369507e-02
-4.355056211352348328e-02
-4.770425334572792053e-02
3.612120822072029114e-02
-5.621214862912893295e-03
-5.944021511822938919e-03
-1.518533565104007721e-02
5.529362708330154419e-02
-9.982222691178321838e-03
4.113369155675172806e-03
4.351893812417984009e-02
-1.018978655338287354e-02
-2.237606048583984375e-02
3.376735746860504150e-02
-1.062417030334472656e-02
1.704649440944194794e-02
-5.883010476827621460e-02
3.405735269188880920e-02
3.918262198567390442e-02
-8.145106025040149689e-03
-1.854875474236905575e-03
2.494461275637149811e-02
4.656481370329856873e-02
1.102364808320999146e-02
1.171317920088768005e-01
-1.258621178567409515e-02
-2.818259410560131073e-02
7.063403725624084473e-03
7.599187549203634262e-03
1.344009023159742355e-02
-6.699638068675994873e-02
-4.410699754953384399e-02
-1.816467940807342529e-02
-3.798657283186912537e-02
1.672142185270786285e-03
4.803616553544998169e-02
4.384070262312889099e-02
-4.866213351488113403e-02
1.999608939513564110e-03
-1.166278216987848282e-02
4.407410044223070145e-03
5.541688762605190277e-03
7.743188738822937012e-02
-1.510594598948955536e-02
1.255865488201379776e-02
-9.521503746509552002e-02
6.954661011695861816e-02
-1.161414198577404022e-02
-8.502512238919734955e-03
2.709737792611122131e-02
-2.214558795094490051e-02
-5.328699946403503418e-02
2.118414081633090973e-02
-6.755782663822174072e-02
-7.916029542684555054e-03
-3.890324756503105164e-02
9.399209171533584595e-02
8.556024730205535889e-02
-1.081464625895023346e-02
-1.761613413691520691e-02
1.781054213643074036e-02
3.053745068609714508e-02
1.020131073892116547e-02
-1.233482616953551769e-04
6.133295595645904541e-02
-3.705678135156631470e-02
9.015594422817230225e-02
3.872485086321830750e-02
-2.234167791903018951e-02
-1.374608487822115421e-03
4.352543130517005920e-02
-3.512974828481674194e-02
-2.882828935980796814e-03
6.950891762971878052e-02
2.466879412531852722e-02
5.688666924834251404e-02
2.571373060345649719e-02
1.490285620093345642e-02
6.028565112501382828e-03
-5.077355541288852692e-03
1.627239026129245758e-02
-4.726274404674768448e-03
-3.622858226299285889e-02
6.980713456869125366e-02
-9.783790446817874908e-03
-2.809355407953262329e-02
-6.896021077409386635e-04
6.009960174560546875e-02
-2.011180296540260315e-02
-4.399431496858596802e-02
-5.736670270562171936e-02
7.880852371454238892e-02
1.519457995891571045e-02
9.444741532206535339e-03
7.768828887492418289e-03
-4.115557298064231873e-02
-8.235292043536901474e-04
2.279383689165115356e-02
2.857870981097221375e-02
2.039371803402900696e-02
3.636357188224792480e-02
1.129701151512563229e-03
4.495962336659431458e-02
4.354225844144821167e-02
-1.416397988796234131e-01
-3.593968972563743591e-02
7.416240987367928028e-04
-1.451480202376842499e-02
2.264893241226673126e-02
-1.153241377323865891e-02
2.022415772080421448e-02
3.504968807101249695e-02
6.643281877040863037e-02
6.086222361773252487e-03
-3.715974511578679085e-03
-3.678220883011817932e-02
-2.392822317779064178e-02
1.463711541146039963e-02
-2.122228965163230896e-02
-1.587845385074615479e-02
6.157143786549568176e-02
-1.048346608877182007e-01
7.159596774727106094e-03
-6.623619049787521362e-02
-2.422937564551830292e-02
1.861351169645786285e-02
-1.509499549865722656e-01
1.463947817683219910e-02
-4.137108568102121353e-03
-1.711004413664340973e-02
-4.156487435102462769e-02
-5.159434396773576736e-03
-1.843347586691379547e-02
4.631569236516952515e-02
1.462416909635066986e-02
7.967605255544185638e-03
4.925638437271118164e-02
-1.730215176939964294e-02
6.389346905052661896e-03
-3.533771634101867676e-02
-1.187297399155795574e-03
8.588252961635589600e-02
4.240572452545166016e-02
-4.962512850761413574e-02
4.102256894111633301e-02
-7.462423294782638550e-02
1.084651201963424683e-01
-2.846505306661128998e-02
3.826119005680084229e-02
-9.926158236339688301e-04
4.482072591781616211e-02
6.297563202679157257e-03
-2.577152848243713379e-02
1.575028896331787109e-02
-5.107450298964977264e-03
1.003922373056411743e-01
-7.510446757078170776e-02
2.088417299091815948e-02
-1.748412661254405975e-02
3.339565126225352287e-03
1.643620431423187256e-03
-1.456878986209630966e-02
-5.529815703630447388e-02
-7.380149792879819870e-03
-1.965947821736335754e-02
-8.600167185068130493e-02
4.373578727245330811e-02
-6.789722945541143417e-03
2.579027786850929260e-04
-4.054200369864702225e-03
-1.048177182674407959e-01
7.936019450426101685e-03
-2.954137325286865234e-02
1.025177352130413055e-02
-1.700554043054580688e-02
4.594427347183227539e-02
-7.014106959104537964e-02
-7.138292491436004639e-02
1.936354674398899078e-02
5.532669834792613983e-03
2.409514738246798515e-03
6.365465000271797180e-03
-3.333385335281491280e-03
1.855951175093650818e-02
-7.417442742735147476e-03
-1.037000492215156555e-02
-5.757648870348930359e-02
1.308895740658044815e-02
2.895364165306091309e-02
-9.933494031429290771e-03
-8.046478778123855591e-02
6.321366131305694580e-02
6.393279135227203369e-02
2.331348694860935211e-02
-8.939187973737716675e-02
-5.974564701318740845e-04
-1.012879516929388046e-02
-1.637801527976989746e-01
-6.918640434741973877e-02
-4.682052135467529297e-02
-1.625705696642398834e-02
1.425153855234384537e-02
-1.022638753056526184e-02
1.482353545725345612e-02
1.314947102218866348e-02
4.072256013751029968e-02
3.725307295098900795e-03
-5.817466415464878082e-03
-4.591159522533416748e-03
-2.752699889242649078e-02
-1.802738010883331299e-02
-5.033682566136121750e-03
-1.790803112089633942e-02
1.795297116041183472e-02
-3.593066008761525154e-03
-1.278053671121597290e-01
-1.582479104399681091e-02
-2.469775453209877014e-02
8.735091425478458405e-03
2.294320240616798401e-02
6.770387291908264160e-02
2.778567373752593994e-03
-5.513164680451154709e-03
2.272686362266540527e-02
4.183793812990188599e-02
-3.924775496125221252e-02
-1.877038739621639252e-02
-3.766384720802307129e-02
-1.095916405320167542e-01
-4.419779404997825623e-02
-5.708981677889823914e-02
-3.812465583905577660e-03
-1.674228906631469727e-02
3.161271661520004272e-02
-1.144384127110242844e-02
-3.324019489809870720e-03
-4.379624128341674805e-02
6.368976831436157227e-02
6.792126689106225967e-03
5.137970671057701111e-02
1.345414901152253151e-03
2.970606274902820587e-02
-2.269061747938394547e-03
-6.024800613522529602e-02
4.817509651184082031e-02
3.144442103803157806e-03
2.543877623975276947e-02
2.444441244006156921e-02
-5.965223163366317749e-02
-2.145912498235702515e-02
-4.962337389588356018e-02
-5.516258999705314636e-03
-3.690713644027709961e-02
-2.447595074772834778e-02
-3.318727016448974609e-02
1.576753705739974976e-02
-6.603808701038360596e-02
-7.210094481706619263e-02
-3.148041665554046631e-02
5.832690745592117310e-02
-8.724185638129711151e-03
-3.711642324924468994e-02
3.206480666995048523e-02
7.808520644903182983e-02
1.028696168214082718e-02
-4.486917704343795776e-02
-1.416359562426805496e-03
1.249211281538009644e-02
6.936329603195190430e-02
-4.560318216681480408e-02
6.070175766944885254e-02
-1.550378836691379547e-02
1.298365294933319092e-01
4.662258550524711609e-02
-3.957306593656539917e-02
1.171387033537030220e-03
-2.549213543534278870e-02
1.775237545371055603e-02
5.161245912313461304e-02
6.199330091476440430e-03
-4.451036080718040466e-02
-2.263114415109157562e-02
-1.789010502398014069e-02
-9.853961318731307983e-02
-1.057345326989889145e-02
1.031207107007503510e-02
3.411092981696128845e-02
-4.264390468597412109e-02
6.557440850883722305e-03
-1.575463265180587769e-02
5.738629400730133057e-02
-5.301225557923316956e-02
1.484654564410448074e-02
-8.900118991732597351e-03
-2.918242476880550385e-02
6.341645121574401855e-02
2.762729674577713013e-02
1.716599613428115845e-02
-3.728004917502403259e-02
-2.796215238049626350e-03
-1.867774873971939087e-02
3.043766692280769348e-02
4.861420020461082458e-02
7.096455898135900497e-03
3.124933503568172455e-02
-2.905402332544326782e-02
-9.068378712981939316e-04
-4.000399261713027954e-02
-6.737506948411464691e-03
3.260502591729164124e-02
-5.818722769618034363e-02
-1.204532291740179062e-02
5.449308827519416809e-02
1.371953636407852173e-01
-4.006982780992984772e-03
9.309646673500537872e-03
2.969507873058319092e-02
4.436719790101051331e-02
4.496413841843605042e-02
1.224243361502885818e-02
4.385025706142187119e-03
-8.359385654330253601e-03
