1.324955560266971588e-02
-1.770386099815368652e-02
-4.111410677433013916e-02
-1.345742587000131607e-02
1.406970247626304626e-02
4.212568700313568115e-02
6.567493983311578631e-05
-4.650247842073440552e-02
-7.765512447804212570e-03
2.450924925506114960e-02
-2.105180919170379639e-02
2.340266853570938110e-02
-3.424747614189982414e-03
-8.613742887973785400e-03
-3.169316425919532776e-02
-2.511956170201301575e-02
-8.405728265643119812e-03
-1.649628952145576477e-02
1.443372815847396851e-01
2.667634934186935425e-02
2.814242150634527206e-03
2.654242515563964844e-02
-8.459176868200302124e-03
3.664418763946741819e-04
-3.200999693945050240e-03
-2.260118024423718452e-03
-1.660883799195289612e-02
3.436178434640169144e-03
-3.652592375874519348e-02
8.922735229134559631e-03
4.335823655128479004e-02
-2.164566144347190857e-02
6.100967526435852051e-03
-1.946727558970451355e-02
-5.410448065958917141e-04
3.821583464741706848e-02
-1.008411683142185211e-02
2.455389127135276794e-02
9.011716581881046295e-03
-2.507371641695499420e-02
-2.570487186312675476e-02
-5.774639081209897995e-03
-1.019256263971328735e-01
-6.273548305034637451e-02
-2.382256835699081421e-02
-2.234193868935108185e-02
-5.680099502205848694e-02
-1.744532585144042969e-02
2.364769205451011658e-02
1.312167476862668991e-02
-1.627004006877541542e-03
-5.007057264447212219e-02
3.298844443634152412e-03
1.265101414173841476e-02
-4.413809999823570251e-02
-1.030770968645811081e-02
1.354078948497772217e-02
1.884050550870597363e-03
4.188718199729919434e-01
9.254983067512512207e-02
-2.672370336949825287e-02
9.185533039271831512e-03
3.836680669337511063e-03
-1.036695670336484909e-02
1.013347227126359940e-02
5.382201634347438812e-03
1.722813956439495087e-02
-2.232551388442516327e-02
6.345546990633010864e-02
1.328410580754280090e-02
2.058486081659793854e-02
-1.765253581106662750e-02
-4.468673467636108398e-02
-4.463397781364619732e-04
1.995790284126996994e-03
-8.823662064969539642e-03
-4.319202154874801636e-02
-3.558113425970077515e-02
3.146158531308174133e-02
6.635106354951858521e-02
-1.315166614949703217e-02
3.240312635898590088e-02
2.169318962842226028e-03
7.348573207855224609e-02
2.435181662440299988e-02
2.498461492359638214e-02
3.287355182692408562e-03
5.660806782543659210e-03
3.753175213932991028e-02
2.376102656126022339e-02
5.606788909062743187e-04
-2.391478791832923889e-02
5.355527624487876892e-02
1.434493251144886017e-02
-2.156025171279907227e-02
-8.357449434697628021e-03
4.086796939373016357e-02
-3.049955517053604126e-02
4.984501004219055176e-02
1.169822365045547485e-02
-1.490793377161026001e-02
-6.963644642382860184e-03
-1.608326099812984467e-02
1.081101130694150925e-03
-9.836909594014286995e-04
-3.954365849494934082e-02
2.881161123514175415e-02
2.236314583569765091e-03
2.682591415941715240e-02
-5.864670872688293457e-02
-2.077290043234825134e-02
1.443701051175594330e-02
-1.039490289986133575e-02
-2.685193903744220734e-03
-1.868460327386856079e-02
-1.616330258548259735e-02
2.507592923939228058e-02
-1.830325834453105927e-02
-2.532622544094920158e-03
9.366301237605512142e-04
-9.072453714907169342e-03
-5.005113314837217331e-03
-1.075399341061711311e-03
-1.279281452298164368e-02
-3.790728747844696045e-02
-8.652178570628166199e-03
1.867712661623954773e-02
9.898458607494831085e-03
1.099924836307764053e-02
3.562772274017333984e-02
-4.880742356181144714e-02
-2.645474486052989960e-02
-2.646258287131786346e-02
4.049697425216436386e-03
-4.032071307301521301e-02
1.349892845610156655e-04
-1.352843455970287323e-02
9.762606583535671234e-03
-1.433973163366317749e-01
3.494274616241455078e-02
-4.855732992291450500e-02
-1.994379609823226929e-02
-3.146339207887649536e-02
-4.569875076413154602e-03
-3.539996966719627380e-02
1.464179158210754395e-01
-1.376278698444366455e-02
-1.078270841389894485e-02
-1.421074941754341125e-02
-3.329773619771003723e-02
4.607224464416503906e-02
1.896089129149913788e-02
-1.980834081768989563e-02
1.037570927292108536e-02
-4.707492887973785400e-03
-6.398817524313926697e-03
-7.731628604233264923e-03
-7.242989959195256233e-04
-5.812736228108406067e-02
1.065859396476298571e-04
1.115822140127420425e-02
-4.824991524219512939e-02
5.391471087932586670e-02
3.074812889099121094e-02
-5.714269354939460754e-03
5.141587555408477783e-02
2.759965509176254272e-02
-5.443674512207508087e-03
-8.986396715044975281e-03
-4.729122389107942581e-03
1.155587378889322281e-02
-1.436800230294466019e-02
5.663564428687095642e-03
1.676159794442355633e-03
2.886009775102138519e-02
1.458469685167074203e-02
1.824194006621837616e-02
-1.072790822945535183e-03
-4.082890972495079041e-02
-6.900446489453315735e-03
-1.190495025366544724e-02
-2.058952860534191132e-02
-1.226688385941088200e-03
4.446415975689888000e-02
3.978724777698516846e-02
1.104568410664796829e-02
2.670910395681858063e-02
3.078921232372522354e-03
1.475417986512184143e-03
3.078538551926612854e-02
2.855036407709121704e-02
6.649155914783477783e-02
2.147172018885612488e-02
-2.732606232166290283e-02
-6.285836454480886459e-03
9.096855297684669495e-03
-1.324637513607740402e-02
3.714541718363761902e-02
3.483801335096359253e-02
-1.138578634709119797e-02
8.096843957901000977e-02
3.801628202199935913e-02
7.359954714775085449e-02
-2.637690864503383636e-02
-4.199398681521415710e-03
-4.984745383262634277e-02
2.290672622621059418e-02
-1.310423761606216431e-02
-2.072201576083898544e-03
-7.411836832761764526e-02
-9.368663653731346130e-03
-1.203093957155942917e-02
2.614473178982734680e-02
2.489781752228736877e-02
-2.448422275483608246e-02
-3.746646270155906677e-02
1.173783442936837673e-03
2.305371873080730438e-02
-4.100704565644264221e-03
7.937775924801826477e-03
-9.740613750182092190e-04
-7.503011226654052734e-01
-5.722246598452329636e-03
-5.490199476480484009e-02
-8.192885667085647583e-03
-1.332783419638872147e-02
4.281238652765750885e-03
-5.982887465506792068e-03
5.063438322395086288e-03
-7.012238260358572006e-03
-1.296970713883638382e-02
-4.496771376579999924e-03
3.226236440241336823e-03
-1.101300399750471115e-02
-4.236161336302757263e-02
2.851880621165037155e-03
-1.342423632740974426e-02
1.396742090582847595e-02
-8.967499248683452606e-03
-1.078212633728981018e-02
1.787961460649967194e-03
2.003757096827030182e-02
-6.513415277004241943e-02
-5.874978005886077881e-02
5.593004170805215836e-03
3.431712836027145386e-02
3.185933828353881836e-02
1.092232391238212585e-02
-1.777428574860095978e-02
-6.229849066585302353e-03
-3.340342780575156212e-03
1.462416071444749832e-02
5.161035805940628052e-02
3.217820078134536743e-03
-2.324139140546321869e-02
-8.475933223962783813e-03
1.004404276609420776e-01
-1.152166649699211121e-01
-2.136847190558910370e-02
-2.581059001386165619e-03
8.208858966827392578e-02
-1.907075638882815838e-03
-4.066381603479385376e-02
-7.101827114820480347e-02
2.262380160391330719e-02
-1.697079837322235107e-02
1.312849372625350952e-01
-9.661564230918884277e-02
-2.784100174903869629e-02
-1.091738343238830566e-01
-7.370524108409881592e-02
4.700197279453277588e-02
8.842237293720245361e-02
1.205978021025657654e-01
-1.814693026244640350e-02
7.525185495615005493e-02
-4.735312238335609436e-02
-9.632910788059234619e-02
1.203822065144777298e-02
-4.340011626482009888e-02
-3.831446915864944458e-02
-2.204395458102226257e-02
1.247544214129447937e-01
3.408236801624298096e-02
-6.272830069065093994e-02
-1.659479737281799316e-02
7.100643217563629150e-02
4.135851562023162842e-02
-1.058620586991310120e-01
9.771219640970230103e-02
1.495649367570877075e-01
6.484756618738174438e-02
-2.164006419479846954e-02
7.448670268058776855e-02
2.367464127019047737e-03
-1.375720202922821045e-01
-1.634273976087570190e-01
-1.190365627408027649e-01
-1.848936080932617188e-02
6.518051773309707642e-02
1.485559940338134766e-01
5.088794231414794922e-02
7.866480350494384766e-01
9.619695693254470825e-02
-1.176177337765693665e-02
1.301733031868934631e-02
5.284624174237251282e-02
1.191273331642150879e-01
6.924138870090246201e-03
-4.831267520785331726e-02
-1.764797419309616089e-02
4.189857095479965210e-02
1.687784790992736816e-01
8.775991201400756836e-02
1.012700144201517105e-02
-3.027475066483020782e-02
1.267927605658769608e-02
4.370659217238426208e-02
-4.912988469004631042e-02
-9.785524010658264160e-02
1.187471579760313034e-02
1.113887317478656769e-02
2.863982506096363068e-02
3.088926523923873901e-02
7.405232638120651245e-02
2.651441097259521484e-02
3.330311924219131470e-02
-4.504396766424179077e-02
1.719242334365844727e-02
-6.734443828463554382e-03
-2.871684543788433075e-02
1.253762561827898026e-02
4.573946073651313782e-02
-1.492282841354608536e-02
2.473278902471065521e-02
1.327825710177421570e-02
-3.507125750184059143e-02
-2.031802199780941010e-02
-1.925801299512386322e-02
-3.714295476675033569e-02
-2.176548540592193604e-02
-2.603263780474662781e-02
4.013527557253837585e-02
-5.835291743278503418e-02
-8.857009932398796082e-03
5.638649314641952515e-02
4.659008234739303589e-02
-4.500639066100120544e-02
3.818369656801223755e-02
-5.793729797005653381e-02
-7.189268618822097778e-02
6.157602369785308838e-02
3.957965411245822906e-03
-1.301608048379421234e-02
3.433054313063621521e-02
4.929088056087493896e-02
-6.805367022752761841e-02
-5.563044920563697815e-03
5.122176930308341980e-02
1.414567884057760239e-02
-7.708046585321426392e-02
-6.410577148199081421e-02
-4.826356098055839539e-02
1.455819886177778244e-02
2.576929749920964241e-03
2.120880410075187683e-02
9.610226377844810486e-03
-6.081622559577226639e-03
3.925655409693717957e-02
-2.661982178688049316e-02
-3.454909101128578186e-02
2.173569425940513611e-02
-2.269753953441977501e-03
-7.254022359848022461e-02
5.746424198150634766e-02
-5.221913009881973267e-02
1.603732071816921234e-02
-3.409823402762413025e-02
-1.232892647385597229e-02
-5.457378923892974854e-02
-5.658502504229545593e-02
6.638666242361068726e-02
5.933389812707901001e-02
6.091562658548355103e-02
3.745779395103454590e-02
-3.882251679897308350e-03
2.046097815036773682e-02
-2.218191884458065033e-02
-4.474518075585365295e-02
5.781345069408416748e-02
-1.993850246071815491e-02
2.850047312676906586e-02
-9.214634075760841370e-03
2.552478807047009468e-03
-2.417050860822200775e-02
2.751690894365310669e-02
-3.048107959330081940e-02
3.676139516755938530e-03
4.462847113609313965e-02
-2.175713656470179558e-03
-5.933419987559318542e-02
-4.603349789977073669e-02
-3.709877282381057739e-02
-1.525403000414371490e-02
1.144751533865928650e-02
2.422138786641880870e-04
3.715423494577407837e-02
-4.121471568942070007e-02
3.314703702926635742e-02
-1.078481785953044891e-02
-3.158077970147132874e-02
-2.410079725086688995e-02
1.792474277317523956e-02
-1.179370004683732986e-02
-3.430861234664916992e-02
-3.026348724961280823e-02
-2.850685454905033112e-02
-2.847465127706527710e-02
2.798263169825077057e-02
-3.345656022429466248e-02
-6.387278437614440918e-02
2.051830664277076721e-02
-4.654601961374282837e-02
1.128370594233274460e-02
3.920225799083709717e-02
4.421157389879226685e-02
1.731894537806510925e-02
7.012009620666503906e-02
5.608741194009780884e-02
-2.517477050423622131e-02
-4.426534101366996765e-02
1.875663362443447113e-02
-2.925147861242294312e-02
-7.114812731742858887e-02
4.095685482025146484e-02
-4.161152988672256470e-02
-6.802674382925033569e-02
-3.938623145222663879e-02
-1.683554874034598470e-04
2.804720960557460785e-02
-1.450909650884568691e-03
2.546838251873850822e-03
3.682322055101394653e-02
-1.929788663983345032e-02
-1.049931794404983521e-01
-8.616671711206436157e-02
-3.057706542313098907e-02
-1.753030121326446533e-01
-1.696601137518882751e-02
-4.829984530806541443e-02
-1.286141853779554367e-02
-2.610642276704311371e-02
5.945179611444473267e-02
-8.202861063182353973e-03
2.241220511496067047e-02
2.324269711971282959e-02
-1.948275417089462280e-02
1.489199977368116379e-02
7.764879148453474045e-03
8.037183433771133423e-03
-2.724890410900115967e-02
7.931977510452270508e-02
-6.474950164556503296e-02
-1.330550294369459152e-02
4.730588570237159729e-02
-6.069690920412540436e-03
1.658326014876365662e-02
1.188370771706104279e-02
-4.696216806769371033e-02
5.694357678294181824e-02
-2.043218165636062622e-02
-3.434083983302116394e-02
-2.458676882088184357e-02
4.767052084207534790e-02
-2.845673449337482452e-02
-7.958746701478958130e-02
6.404654681682586670e-02
8.166245184838771820e-03
-2.484891563653945923e-02
2.298416383564472198e-02
-3.030898747965693474e-03
1.005000341683626175e-02
-1.396506186574697495e-02
-1.882426999509334564e-02
-1.459137629717588425e-02
9.191502816975116730e-03
1.121898274868726730e-02
-3.918000310659408569e-02
3.226691111922264099e-02
-5.236681085079908371e-03
5.133804306387901306e-02
-3.120438382029533386e-02
3.472248837351799011e-02
6.111974269151687622e-02
-4.306023567914962769e-02
-3.925516828894615173e-02
-8.006059564650058746e-03
-2.128288848325610161e-03
1.016826331615447998e-01
2.438140101730823517e-03
-4.232497420161962509e-03
-2.796654356643557549e-03
4.229791462421417236e-03
1.813969761133193970e-02
-6.641031801700592041e-02
-7.555843144655227661e-02
-3.113867715001106262e-03
-6.071971729397773743e-02
2.762332931160926819e-02
-4.405876621603965759e-02
1.060750894248485565e-02
-2.684987708926200867e-02
-6.193667650222778320e-02
3.415494784712791443e-02
-8.512632921338081360e-03
-5.283783376216888428e-02
-5.020238831639289856e-02
2.601650916039943695e-02
-1.840345188975334167e-02
-1.547305472195148468e-02
1.970598287880420685e-02
6.352816522121429443e-02
4.109784960746765137e-02
6.114521622657775879e-02
1.427226979285478592e-02
-5.680727586150169373e-02
-4.890730604529380798e-02
-1.962822303175926208e-02
2.067172974348068237e-01
-2.673227898776531219e-02
7.122711744159460068e-03
9.382021427154541016e-02
-3.022515913471579552e-03
-4.401450604200363159e-02
7.540870457887649536e-02
-1.482663117349147797e-02
1.453201007097959518e-02
-2.880663238465785980e-02
-1.490186550654470921e-03
-8.750460110604763031e-03
-3.135186061263084412e-02
-3.983764722943305969e-02
-1.900188438594341278e-02
5.642889533191919327e-03
1.233715191483497620e-02
1.266414672136306763e-01
2.278592251241207123e-02
-8.915620855987071991e-03
-1.034233812242746353e-02
9.329702705144882202e-02
1.195970643311738968e-02
1.002998556941747665e-02
2.434004656970500946e-02
-1.181620955467224121e-01
2.037357189692556858e-04
-3.893417119979858398e-02
5.228089168667793274e-02
-1.768565922975540161e-02
-6.590586155652999878e-02
1.658708602190017700e-02
2.878016792237758636e-02
-2.077079005539417267e-02
9.222595952451229095e-03
-5.883688479661941528e-02
-4.792037419974803925e-03
-1.432603411376476288e-02
9.979216009378433228e-02
-3.431850578635931015e-03
-6.029950454831123352e-02
1.013458520174026489e-02
-1.674384344369173050e-03
-2.303235791623592377e-02
1.949459500610828400e-02
1.889779930934309959e-03
2.255918271839618683e-02
-1.713341102004051208e-02
4.565015062689781189e-02
-7.223659195005893707e-04
3.823687136173248291e-02
3.483437746763229370e-02
-3.146045282483100891e-02
3.183710575103759766e-02
-2.377248601987957954e-03
-1.739268004894256592e-02
-4.292970523238182068e-03
3.170822933316230774e-02
1.129413023591041565e-02
-5.310118198394775391e-03
2.245547808706760406e-02
7.493318989872932434e-03
4.395544901490211487e-02
1.496868580579757690e-02
-5.518475174903869629e-02
8.066006749868392944e-02
5.017450451850891113e-02
-2.868045307695865631e-02
1.345742866396903992e-02
-2.257880941033363342e-02
-1.333964057266712189e-02
-1.258911192417144775e-02
-1.663721539080142975e-02
-1.732278987765312195e-02
-5.160436406731605530e-02
-8.534199558198451996e-03
-1.073310524225234985e-02
4.838985949754714966e-02
-8.864478208124637604e-03
2.990856766700744629e-03
1.344406139105558395e-02
5.276580154895782471e-02
4.638194572180509567e-03
-3.318820893764495850e-02
1.839301176369190216e-02
6.324405968189239502e-02
-2.479493468999862671e-01
-4.018211364746093750e-02
3.908250853419303894e-02
-1.116667501628398895e-02
8.005852811038494110e-03
-7.231748104095458984e-02
2.727243490517139435e-02
6.081481277942657471e-02
4.952824488282203674e-02
-2.340819500386714935e-02
1.331953983753919601e-02
-9.842596948146820068e-02
-3.766180947422981262e-03
-4.124915227293968201e-03
4.349112883210182190e-02
1.133194658905267715e-02
1.814454793930053711e-02
-1.664363965392112732e-02
-2.990887686610221863e-02
-8.843968808650970459e-02
-3.555197641253471375e-02
6.069620698690414429e-02
-4.578279331326484680e-02
2.872165292501449585e-02
-4.913104325532913208e-02
9.871592745184898376e-03
-2.979985997080802917e-02
2.446437999606132507e-02
-2.413605712354183197e-02
1.434499770402908325e-02
-5.838238820433616638e-02
2.985930815339088440e-02
6.583809852600097656e-03
7.722260802984237671e-02
1.028373166918754578e-01
-1.046772208064794540e-02
-1.409881003201007843e-02
7.709382474422454834e-02
5.589677393436431885e-02
5.012364126741886139e-03
4.434262868016958237e-03
-7.750434428453445435e-02
7.073498517274856567e-02
3.072573244571685791e-02
6.304023414850234985e-02
5.431477911770343781e-03
2.183074317872524261e-02
4.811933264136314392e-02
-4.800927266478538513e-02
-6.879059225320816040e-02
5.477013532072305679e-03
1.192385256290435791e-01
-4.668788239359855652e-02
3.485586866736412048e-02
4.176888242363929749e-02
-1.566683128476142883e-02
-1.139535289257764816e-02
-4.757338901981711388e-04
1.146347075700759888e-02
1.145642902702093124e-02
-1.458989642560482025e-02
1.275170501321554184e-02
2.363637275993824005e-02
1.503427512943744659e-02
1.352277118712663651e-02
2.100950106978416443e-02
-8.035860210657119751e-02
-3.501576557755470276e-02
-8.890626020729541779e-03
7.382650859653949738e-03
-1.647767797112464905e-02
4.835367202758789062e-02
-5.608383938670158386e-02
3.800278902053833008e-02
3.202373161911964417e-02
2.210048958659172058e-02
1.201920211315155029e-02
-3.428971394896507263e-02
4.967608838342130184e-04
-1.158575247973203659e-02
6.369439512491226196e-02
-3.807241329923272133e-03
-5.629958957433700562e-02
-1.738327555358409882e-02
3.401739895343780518e-02
-5.967760086059570312e-02
-2.190657146275043488e-02
4.938841611146926880e-02
9.812548011541366577e-02
-2.725322032347321510e-03
-3.651053830981254578e-02
4.942580312490463257e-02
9.603885933756828308e-03
-2.208475619554519653e-01
-6.544566154479980469e-02
7.711568381637334824e-03
2.498823590576648712e-02
-2.007046341896057129e-02
4.217746108770370483e-02
3.008568100631237030e-02
-1.628558523952960968e-02
4.653663188219070435e-02
-3.505709767341613770e-02
2.019300125539302826e-02
-1.542407367378473282e-02
5.811817198991775513e-02
-3.940801322460174561e-02
2.198975067585706711e-03
1.014959253370761871e-02
6.457401067018508911e-02
-1.209302991628646851e-02
-1.494714915752410889e-01
-2.302207984030246735e-02
-2.015740051865577698e-02
-1.292678294703364372e-03
-3.209976479411125183e-02
3.041516465600579977e-04
1.192630454897880554e-02
-3.878942131996154785e-02
4.268781840801239014e-02
-2.706914953887462616e-02
-7.018084172159433365e-03
-9.649015963077545166e-03
-1.066855737008154392e-03
-8.001106791198253632e-03
-1.609376817941665649e-02
-9.023956954479217529e-03
-1.908328756690025330e-02
1.752542704343795776e-02
1.403544098138809204e-02
2.193331718444824219e-02
2.104095183312892914e-02
2.747628279030323029e-02
4.099432751536369324e-02
4.073553159832954407e-02
-2.428217418491840363e-02
3.938422352075576782e-02
9.939214587211608887e-02
4.710214678198099136e-03
-5.569440126419067383e-02
9.952233172953128815e-03
-2.577374875545501709e-02
-5.866461899131536484e-03
4.268495365977287292e-02
-1.498812623322010040e-02
5.651493370532989502e-02
-3.306448459625244141e-02
-4.791157320141792297e-02
-1.156003493815660477e-02
1.190121751278638840e-02
-1.900413818657398224e-02
-4.472460970282554626e-02
5.384092219173908234e-03
-7.567100692540407181e-03
2.438651770353317261e-02
8.880288898944854736e-02
3.953780233860015869e-02
-9.068715386092662811e-03
-8.420509286224842072e-03
5.553096160292625427e-02
-7.631652522832155228e-03
-6.346676498651504517e-02
3.041056171059608459e-02
1.521198730915784836e-02
2.838062681257724762e-02
-6.387268006801605225e-02
6.654196232557296753e-02
2.117247506976127625e-02
3.139508888125419617e-02
3.537920862436294556e-02
-1.075449865311384201e-02
1.167614012956619263e-02
-2.185706980526447296e-02
3.107111901044845581e-03
2.680926769971847534e-02
-6.289121508598327637e-02
-1.951636560261249542e-02
-1.894788630306720734e-02
2.582943532615900040e-03
-2.600296586751937866e-02
2.434517815709114075e-02
5.086515564471483231e-03
3.611396625638008118e-02
-1.787682762369513512e-03
-2.856743521988391876e-02
-1.187463570386171341e-02
4.274799302220344543e-02
-2.554605901241302490e-02
-2.169602550566196442e-02
-5.189195275306701660e-02
-2.864922769367694855e-02
3.520048782229423523e-02
-2.503995224833488464e-02
1.869759522378444672e-02
1.579123735427856445e-02
4.253581282682716846e-04
-4.949090629816055298e-02
-1.508358400315046310e-03
1.682286616414785385e-03
-3.996035549789667130e-03
2.443406358361244202e-02
6.871188059449195862e-03
-5.681663006544113159e-02
-3.519943356513977051e-02
6.223574280738830566e-02
6.468650698661804199e-02
1.870362833142280579e-02
3.076248057186603546e-02
-1.297551114112138748e-02
1.749027967453002930e-01
-2.445145510137081146e-02
-5.702043697237968445e-02
3.537727147340774536e-02
4.799542576074600220e-02
7.135484367609024048e-02
-4.547627270221710205e-02
3.234791010618209839e-02
2.552788518369197845e-02
