1.691999472677707672e-02
-1.904719881713390350e-02
1.680988445878028870e-02
1.466974266804754734e-03
-8.634378202259540558e-03
2.209272980690002441e-02
6.497928872704505920e-03
4.200247675180435181e-02
1.270811166614294052e-02
-8.965704473666846752e-04
6.086191628128290176e-03
-1.206967607140541077e-02
-7.991153397597372532e-04
-1.439572428353130817e-03
-2.008922770619392395e-02
-3.354024607688188553e-03
5.546478088945150375e-03
-4.290726501494646072e-03
-9.154480695724487305e-02
8.309954777359962463e-03
1.976482942700386047e-02
5.628166347742080688e-02
-5.011629313230514526e-02
-1.969570852816104889e-02
-1.816556975245475769e-02
1.476622559130191803e-02
2.771608717739582062e-02
-2.560553513467311859e-02
-1.352920383214950562e-02
-5.794048309326171875e-03
-1.825984418392181396e-01
1.727355271577835083e-02
2.962847799062728882e-02
-6.181031931191682816e-03
4.696909338235855103e-03
6.449992954730987549e-02
-2.239452624053228647e-05
1.345555298030376434e-02
-1.675589568912982941e-02
-9.308101981878280640e-02
-1.955225132405757904e-02
-5.030541215091943741e-03
6.543907523155212402e-02
-2.209300361573696136e-02
7.540299557149410248e-03
-5.425238050520420074e-03
6.033983081579208374e-03
1.157807651907205582e-02
4.829287063330411911e-03
1.714124716818332672e-02
2.504650875926017761e-02
-3.672477602958679199e-02
-5.915063992142677307e-02
-1.582041382789611816e-02
1.239550951868295670e-02
-2.923001348972320557e-02
-3.712657140567898750e-03
7.466657087206840515e-03
4.380674958229064941e-01
-2.485522069036960602e-02
4.191549029201269150e-03
-3.845151979476213455e-03
1.261321455240249634e-02
-3.960621356964111328e-02
-1.605197973549365997e-02
4.743443429470062256e-02
-1.880991272628307343e-02
6.352520082145929337e-03
-5.165231600403785706e-02
1.792942988686263561e-03
2.704189857468008995e-03
-7.806984242051839828e-03
-4.192577302455902100e-02
2.383573912084102631e-03
1.702458783984184265e-02
2.433789195492863655e-03
-8.618367835879325867e-03
5.810954049229621887e-02
-7.580239325761795044e-03
-1.027205958962440491e-01
-2.234150841832160950e-02
-4.242754366714507341e-04
-6.511762738227844238e-03
-5.980217084288597107e-02
7.733131945133209229e-02
1.656969450414180756e-02
8.569580968469381332e-04
-1.080855145119130611e-03
5.045241676270961761e-03
-2.989340946078300476e-02
-8.774262387305498123e-04
1.014826819300651550e-02
-2.799693681299686432e-02
1.461937744170427322e-02
-1.729362457990646362e-02
-5.393253639340400696e-03
-2.731876447796821594e-03
2.326837740838527679e-03
-5.911772325634956360e-02
1.084454823285341263e-03
7.692704908549785614e-03
4.822583869099617004e-02
-2.084433101117610931e-02
1.158524490892887115e-02
-1.019664388149976730e-02
-8.047752082347869873e-03
-3.562089428305625916e-02
-1.040127826854586601e-03
1.240892615169286728e-02
3.703933907672762871e-03
-5.093545769341289997e-04
9.624662809073925018e-03
-2.286926470696926117e-02
-3.678870620205998421e-03
-2.328399801626801491e-03
-3.039724659174680710e-03
1.827786304056644440e-02
-2.319055795669555664e-02
2.770840888842940331e-03
-1.123724225908517838e-02
2.267377218231558800e-03
-3.396546235308051109e-03
1.892952946946024895e-03
-1.346193347126245499e-02
1.230658218264579773e-02
1.903861202299594879e-02
-2.352388948202133179e-02
1.266535185277462006e-02
4.734634421765804291e-03
1.259146183729171753e-01
-2.065282315015792847e-03
1.896817050874233246e-02
-1.654847757890820503e-03
2.172968164086341858e-02
7.080799341201782227e-02
-1.662388071417808533e-02
-7.972662895917892456e-02
3.981368150562047958e-03
-7.978910952806472778e-02
-2.787780249491333961e-03
-6.872452050447463989e-02
1.535816770046949387e-02
-1.959317177534103394e-02
-1.780681684613227844e-02
-6.354138720780611038e-03
-1.117612272500991821e-01
-8.408202789723873138e-03
-2.236040681600570679e-02
-2.474497444927692413e-02
5.215445999056100845e-04
-9.933999739587306976e-03
-3.563639009371399879e-03
-3.597072139382362366e-02
-3.188349679112434387e-02
7.200520019978284836e-03
9.972381405532360077e-03
-1.330457814037799835e-02
-6.726301275193691254e-03
-1.613392122089862823e-02
2.242624759674072266e-02
-1.893331669270992279e-02
6.151445209980010986e-03
-1.568411476910114288e-02
7.570471148937940598e-03
-1.181884363177232444e-04
1.575822755694389343e-02
1.879033166915178299e-03
-1.798344403505325317e-02
2.782161580398678780e-03
2.711261436343193054e-02
-5.266346503049135208e-03
-6.272149737924337387e-03
8.050583302974700928e-03
-1.602116413414478302e-02
1.380424667149782181e-02
-3.031425410881638527e-03
5.785658955574035645e-03
8.825132623314857483e-03
-7.467644661664962769e-02
1.106096897274255753e-02
6.327901035547256470e-03
-1.290276367217302322e-02
1.122480072081089020e-02
2.098448574542999268e-02
2.676415955647826195e-03
-1.705650836229324341e-01
-2.076559886336326599e-02
-2.104331040754914284e-03
-4.118704702705144882e-03
6.833375245332717896e-02
9.107773005962371826e-02
1.005567796528339386e-02
-1.263035740703344345e-02
6.240112707018852234e-03
-3.707418451085686684e-03
-1.227302290499210358e-02
6.454765796661376953e-02
6.425433792173862457e-03
-1.291645318269729614e-01
-2.668421901762485504e-02
1.767901517450809479e-02
-8.112026378512382507e-03
1.028085500001907349e-01
-3.863388299942016602e-02
-5.718502681702375412e-03
-6.819422356784343719e-03
-9.747803211212158203e-03
1.376839634031057358e-02
7.408461999148130417e-03
1.059256773442029953e-02
-5.181314796209335327e-02
-2.094159089028835297e-02
3.387146815657615662e-02
1.977025531232357025e-02
2.843474037945270538e-02
1.993542537093162537e-02
-4.959390033036470413e-03
3.137862682342529297e-02
-2.547715418040752411e-02
1.987168565392494202e-03
-4.652636125683784485e-02
-7.088419198989868164e-01
2.095249667763710022e-02
1.609455421566963196e-02
1.053875777870416641e-02
-4.775627516210079193e-03
-2.698220871388912201e-02
-2.519227564334869385e-02
2.090519480407238007e-02
2.058824896812438965e-02
-3.402628004550933838e-02
-4.442518576979637146e-02
3.576757013797760010e-02
6.015931721776723862e-03
-1.203390071168541908e-03
-3.358641266822814941e-02
-1.940206252038478851e-02
-5.767347756773233414e-03
4.756222013384103775e-03
-3.701683366671204567e-03
1.431212201714515686e-02
1.465214136987924576e-02
8.438819646835327148e-02
-2.341797947883605957e-02
2.817837055772542953e-03
5.654177162796258926e-03
-1.293852226808667183e-03
5.474222451448440552e-02
4.993111826479434967e-03
-3.111439384520053864e-02
2.697051968425512314e-03
7.524451706558465958e-03
-1.251485198736190796e-02
4.946883302181959152e-03
1.554331649094820023e-02
-1.384806074202060699e-02
9.879278391599655151e-02
-1.276685763150453568e-02
-4.757114872336387634e-02
-2.900901250541210175e-03
-2.805972844362258911e-02
1.659820787608623505e-03
-3.312883153557777405e-02
3.152851760387420654e-02
-1.375209540128707886e-02
6.016399338841438293e-02
3.128016367554664612e-02
-3.365407139062881470e-02
-1.101780217140913010e-02
4.316840320825576782e-02
2.121494151651859283e-02
1.168800964951515198e-01
-1.453714724630117416e-02
1.278906166553497314e-01
-3.581006452441215515e-02
-1.762818917632102966e-02
-1.613594442605972290e-01
-1.999875158071517944e-02
6.194688752293586731e-02
3.322993218898773193e-02
-3.447261080145835876e-02
6.119679287075996399e-02
-4.920445010066032410e-02
-2.718673832714557648e-02
-2.675733156502246857e-02
-6.311392411589622498e-03
7.072447240352630615e-02
9.945171326398849487e-02
-8.051916956901550293e-02
-1.059414818882942200e-01
7.430567592382431030e-02
-7.622087746858596802e-02
-2.510339394211769104e-02
7.383103948086500168e-03
3.943659737706184387e-02
7.082115858793258667e-02
4.965944960713386536e-02
7.227576524019241333e-02
2.985657192766666412e-02
-5.872185900807380676e-02
9.092102199792861938e-02
3.083744645118713379e-02
8.672029376029968262e-01
-3.643318265676498413e-02
-4.287714138627052307e-02
-1.233819872140884399e-02
-3.806855157017707825e-02
-3.606679663062095642e-02
-1.284531205892562866e-01
9.256621450185775757e-02
3.249052911996841431e-02
-1.026883125305175781e-01
-2.994599752128124237e-02
5.182933062314987183e-02
-8.476387709379196167e-02
-7.171369343996047974e-02
1.368973869830369949e-02
-6.708417087793350220e-02
9.894997626543045044e-02
8.317921310663223267e-02
-2.727424725890159607e-02
-1.659767143428325653e-02
-1.076095923781394958e-02
-8.490527421236038208e-02
6.146957725286483765e-02
-2.070371806621551514e-02
-1.804605498909950256e-02
2.278104797005653381e-02
-2.569939382374286652e-02
8.229998871684074402e-03
4.169688560068607330e-03
4.222292825579643250e-02
1.967127993702888489e-02
1.878506690263748169e-02
6.262773275375366211e-02
-1.408875081688165665e-02
-2.488526329398155212e-02
-1.259750965982675552e-02
6.446693837642669678e-02
2.454556152224540710e-02
1.332515943795442581e-02
-2.957866899669170380e-02
3.510656207799911499e-02
1.901042123790830374e-04
1.583220995962619781e-02
6.813549995422363281e-02
-1.108481362462043762e-02
1.213800627738237381e-02
-4.445360042154788971e-03
-9.652474522590637207e-02
-5.132802203297615051e-02
1.080378666520118713e-01
-5.857888609170913696e-02
2.470467425882816315e-02
4.204183816909790039e-02
5.159269273281097412e-02
1.609428785741329193e-02
-3.568947722669690847e-04
1.167024523019790649e-01
1.618837559362873435e-04
-6.921245902776718140e-02
-4.357565939426422119e-02
2.830344252288341522e-02
-3.216465935111045837e-02
-1.242925599217414856e-02
1.616668701171875000e-02
-2.071576565504074097e-02
-1.120243519544601440e-01
-4.956942796707153320e-02
-5.535298213362693787e-02
1.857616566121578217e-02
4.059828817844390869e-03
-3.056727908551692963e-02
2.844579052180051804e-03
4.043694958090782166e-02
-8.761264383792877197e-02
4.011729615740478039e-04
-4.628369957208633423e-02
-4.124105349183082581e-02
-1.661110110580921173e-02
2.204680815339088440e-02
-2.482577040791511536e-02
-1.109145581722259521e-01
5.786290392279624939e-02
5.257736146450042725e-02
3.166160732507705688e-02
3.976305201649665833e-02
8.390671573579311371e-03
1.038370560854673386e-02
2.085359767079353333e-02
-8.416015654802322388e-02
-1.829236745834350586e-02
6.103000417351722717e-02
-2.314068935811519623e-02
1.238495483994483948e-02
-1.426721271127462387e-02
-4.998474940657615662e-02
-9.145663678646087646e-02
-5.433349288068711758e-04
4.311530664563179016e-02
-3.735027089715003967e-02
-3.030009008944034576e-02
1.085977703332901001e-01
-2.825172431766986847e-02
3.237155824899673462e-02
6.861640512943267822e-02
-1.361209060996770859e-02
1.542547717690467834e-02
5.104407668113708496e-02
1.445644418708980083e-03
-1.216388866305351257e-01
-5.754914600402116776e-03
2.069456130266189575e-02
-6.234147772192955017e-02
9.064119309186935425e-03
1.530036609619855881e-02
-1.450973935425281525e-02
-1.644930429756641388e-02
-1.567282527685165405e-02
1.490906812250614166e-02
1.917950622737407684e-02
9.148905985057353973e-03
-1.211583316326141357e-01
-1.242767274379730225e-02
-6.657646503299474716e-03
3.813188523054122925e-02
-3.645736724138259888e-02
-1.378002483397722244e-02
-1.420960295945405960e-02
3.106808848679065704e-02
6.604652851819992065e-02
-8.310191333293914795e-02
-1.036118436604738235e-02
-6.341720465570688248e-03
1.438469812273979187e-02
-3.760543838143348694e-02
1.869195839390158653e-03
1.142263039946556091e-02
-2.525725588202476501e-02
7.995605468750000000e-03
-1.993396319448947906e-02
8.409003727138042450e-03
8.073968812823295593e-03
-5.297426506876945496e-02
-1.069812551140785217e-01
5.529083777219057083e-03
3.029214031994342804e-02
-8.882202208042144775e-02
1.225924678146839142e-02
9.067019820213317871e-02
-5.016447976231575012e-03
1.665700785815715790e-02
7.919760793447494507e-02
3.691110177896916866e-04
3.632050007581710815e-02
3.995139896869659424e-02
5.032977834343910217e-02
9.785868227481842041e-03
-4.335942119359970093e-02
-1.482483092695474625e-02
-1.344815882475813851e-05
-2.726095030084252357e-03
-3.869546204805374146e-02
4.321920685470104218e-03
9.066244214773178101e-02
2.735468372702598572e-02
1.165131479501724243e-02
5.569740198552608490e-03
-3.409595414996147156e-02
-2.581230923533439636e-02
3.922004625201225281e-02
-1.979187875986099243e-02
6.311773508787155151e-02
-6.553643196821212769e-02
3.047655569389462471e-03
-3.050504252314567566e-02
6.644703680649399757e-04
-3.182758763432502747e-02
2.868891507387161255e-02
3.754279389977455139e-02
-4.482138156890869141e-02
-8.515289053320884705e-03
6.528161000460386276e-03
-6.016326951794326305e-04
-1.103302370756864548e-02
4.537415504455566406e-02
-2.152468822896480560e-02
-8.888082951307296753e-02
2.867832966148853302e-02
-5.454963073134422302e-02
5.450471863150596619e-02
-2.274378761649131775e-02
8.781539276242256165e-03
7.472494244575500488e-02
-7.063968479633331299e-02
-1.197405904531478882e-02
-5.773646291345357895e-03
4.049597308039665222e-02
7.154114544391632080e-03
2.066482976078987122e-02
-7.534142583608627319e-02
3.423728514462709427e-03
-4.667492583394050598e-03
3.240756690502166748e-02
7.971506565809249878e-03
4.635999724268913269e-02
-4.618379101157188416e-02
-9.054391086101531982e-02
-8.393087238073348999e-02
6.413992494344711304e-02
4.145026952028274536e-02
-5.367816425859928131e-03
-5.288239941000938416e-02
1.150645781308412552e-02
7.528822869062423706e-03
-6.268896162509918213e-02
-4.468930885195732117e-02
-1.799784600734710693e-02
1.699865795671939850e-02
2.446413226425647736e-02
1.016149576753377914e-02
9.956254065036773682e-02
-1.030961051583290100e-02
-2.723110094666481018e-02
-2.212814753875136375e-03
-6.191609427332878113e-02
8.039434999227523804e-02
-4.883738234639167786e-02
6.922437250614166260e-02
-4.015642777085304260e-02
1.204922702163457870e-02
-3.327478468418121338e-02
-1.199486553668975830e-01
3.236654913052916527e-03
1.091668754816055298e-01
1.181818637996912003e-02
5.669770296663045883e-03
-3.689294680953025818e-02
3.417585976421833038e-03
2.368326112627983093e-02
-2.468046732246875763e-02
-3.514718636870384216e-02
1.572982035577297211e-02
-3.251466155052185059e-02
-3.857684880495071411e-02
8.167959749698638916e-02
4.456507414579391479e-02
-4.181165620684623718e-02
-7.341975346207618713e-03
6.177501007914543152e-02
2.189096622169017792e-02
2.390107326209545135e-02
-1.915952563285827637e-02
-2.175334095954895020e-02
9.478861466050148010e-03
-1.563618076033890247e-03
8.372908830642700195e-02
-2.682533301413059235e-02
1.288630533963441849e-02
-2.453462220728397369e-02
-5.712979659438133240e-02
-4.167474061250686646e-02
8.716537803411483765e-02
2.887319959700107574e-02
-1.402492052875459194e-03
6.915874779224395752e-02
-1.427564769983291626e-03
5.652769282460212708e-02
-5.177304893732070923e-02
3.013858944177627563e-02
-2.172807976603507996e-02
-2.921960875391960144e-02
3.053008951246738434e-02
5.950477719306945801e-02
2.285839617252349854e-02
-1.623525284230709076e-02
-1.301357746124267578e-01
-1.938717789016664028e-03
3.598913177847862244e-02
-1.222860254347324371e-02
-3.785505145788192749e-02
6.035012379288673401e-02
4.667231068015098572e-02
-3.737953677773475647e-02
-3.140827640891075134e-03
-3.580522909760475159e-02
-2.338689006865024567e-02
3.556358069181442261e-02
-6.266815960407257080e-02
3.791948780417442322e-02
-4.604549333453178406e-02
-2.419548667967319489e-02
1.043891906738281250e-02
6.164655089378356934e-02
-3.728086128830909729e-02
1.346784178167581558e-02
8.470290899276733398e-02
-9.642595052719116211e-02
-4.527005925774574280e-02
-4.467832297086715698e-02
4.513310641050338745e-02
-1.707922853529453278e-02
-9.197244048118591309e-02
6.002980843186378479e-02
-4.298499226570129395e-02
3.631784766912460327e-02
-4.575828835368156433e-02
2.859734185039997101e-02
-4.564261808991432190e-02
-3.922607749700546265e-02
3.715069033205509186e-03
-6.707455962896347046e-02
-4.592923074960708618e-02
1.549528166651725769e-02
-2.395651116967201233e-02
1.893748901784420013e-02
9.776187129318714142e-03
3.064567409455776215e-02
3.848222643136978149e-02
-1.453417469747364521e-03
-2.554974518716335297e-02
4.879606142640113831e-02
-1.644625887274742126e-02
3.397719562053680420e-02
-5.334624275565147400e-02
-5.039454996585845947e-02
-3.569185966625809669e-03
-1.827053609304130077e-03
1.728009432554244995e-02
-1.245996262878179550e-02
-1.522932294756174088e-02
5.298762395977973938e-02
-3.514895215630531311e-02
-3.089914284646511078e-02
-2.223852835595607758e-02
4.254337772727012634e-02
6.950641423463821411e-02
7.937557063996791840e-03
-2.822833880782127380e-02
-1.761915907263755798e-02
-4.336416721343994141e-02
-3.126935660839080811e-02
-4.818886518478393555e-03
-2.857545018196105957e-02
-6.138143688440322876e-02
-3.522235900163650513e-02
-3.110752813518047333e-02
8.005457371473312378e-02
6.032933294773101807e-02
-9.633727022446691990e-04
1.668762299232184887e-03
3.874928131699562073e-02
6.652238219976425171e-02
-1.370233297348022461e-02
-5.239109974354505539e-03
1.363543141633272171e-02
2.199093438684940338e-02
4.699901863932609558e-02
1.600916683673858643e-02
-1.042936835438013077e-02
-4.290902242064476013e-02
4.253897070884704590e-02
-5.731096025556325912e-03
-7.213649898767471313e-02
-8.675568737089633942e-03
-1.868694089353084564e-02
9.385044872760772705e-02
4.177037253975868225e-02
5.413013324141502380e-02
-8.607555180788040161e-03
-2.928097033873200417e-03
-8.090653456747531891e-03
2.512926980853080750e-02
2.194091677665710449e-02
1.982312276959419250e-02
-1.581341400742530823e-02
-9.125292301177978516e-02
4.717458784580230713e-02
1.760881021618843079e-02
-6.462759524583816528e-02
-1.009529735893011093e-02
-3.201286122202873230e-02
8.276094496250152588e-02
4.350084811449050903e-03
2.274888940155506134e-02
-5.551187321543693542e-02
3.713691979646682739e-02
2.052631601691246033e-02
-4.015163332223892212e-02
2.076394297182559967e-02
9.412270039319992065e-03
1.192762982100248337e-02
2.665058150887489319e-02
8.090209215879440308e-03
4.432381317019462585e-02
1.511189807206392288e-02
-2.830987237393856049e-02
-1.129085291177034378e-02
8.167203304765280336e-06
-3.444411233067512512e-02
5.166963115334510803e-02
-2.333155833184719086e-02
1.265961327590048313e-03
-5.105445906519889832e-02
1.225415710359811783e-02
2.675425261259078979e-02
2.131527476012706757e-02
1.279704831540584564e-02
1.445732917636632919e-02
6.293843686580657959e-02
7.683049887418746948e-02
-2.306477166712284088e-02
3.804617328569293022e-03
3.448104485869407654e-02
-1.398226432502269745e-02
5.535081960260868073e-03
-4.722733050584793091e-02
-1.635479182004928589e-01
9.166657691821455956e-04
1.026019081473350525e-02
-1.745287212543189526e-03
-5.625598877668380737e-02
-1.735195145010948181e-02
1.334397308528423309e-02
-8.225284516811370850e-03
-8.675980567932128906e-02
-5.265819281339645386e-02
-1.737188082188367844e-03
2.077705925330519676e-03
-2.072612196207046509e-02
-3.965824842453002930e-02
-8.881698548793792725e-02
-1.041045039892196655e-02
4.241734370589256287e-02
-6.566410511732101440e-02
-3.063074685633182526e-02
-9.680352173745632172e-03
2.704932913184165955e-02
-4.777807369828224182e-02
-4.860904533416032791e-03
-5.454524070955812931e-04
4.460922442376613617e-03
3.436759859323501587e-02
1.489211805164813995e-02
6.065841391682624817e-02
-4.351384937763214111e-02
5.547976121306419373e-02
-7.778417319059371948e-02
-4.090721905231475830e-02
-2.363228471949696541e-03
-3.284541890025138855e-02
2.731570601463317871e-02
-1.059918478131294250e-02
2.013281546533107758e-02
5.133939906954765320e-02
9.844834357500076294e-02
1.257615629583597183e-03
-1.652700640261173248e-02
-9.682076051831245422e-04
9.281162172555923462e-02
-1.301430910825729370e-02
7.964137196540832520e-02
-1.209359616041183472e-02
3.151002526283264160e-02
-7.961412519216537476e-02
-5.487710237503051758e-02
-5.729079246520996094e-02
4.078784957528114319e-02
-1.672495156526565552e-02
-1.092050075531005859e-01
-3.673683851957321167e-03
3.694033995270729065e-02
-1.127502042800188065e-02
1.296986639499664307e-02
6.026925984770059586e-03
-2.736746706068515778e-02
-2.653398551046848297e-02
2.064043842256069183e-02
-1.017541885375976562e-01
-6.748762447386980057e-03
-5.121180415153503418e-02
4.981783218681812286e-03
-4.109423607587814331e-02
2.817920222878456116e-02
5.101548507809638977e-02
3.473434969782829285e-02
-1.814843527972698212e-02
-1.608915813267230988e-02
-3.891087695956230164e-02
-4.284865409135818481e-02
-1.969923451542854309e-02
-1.607262156903743744e-02
4.273831844329833984e-03
-4.455114249140024185e-03
6.450317054986953735e-02
6.143484637141227722e-02
1.117036212235689163e-02
7.219194620847702026e-02
-5.907536298036575317e-02
-4.999254830181598663e-03
-2.956237457692623138e-02
-9.486293792724609375e-02
1.080516376532614231e-03
-5.138371139764785767e-02
-5.095869675278663635e-02
-5.515003204345703125e-02
-2.073283679783344269e-02
3.796209767460823059e-02
-5.685093253850936890e-02
2.294947579503059387e-02
3.777562826871871948e-02
-2.982003614306449890e-02
-8.280562609434127808e-02
-7.140085566788911819e-03
-1.189329475164413452e-02
9.909594058990478516e-02
1.270438451319932938e-02
2.408726606518030167e-03
2.342135831713676453e-02
2.683255635201931000e-02
-5.752279236912727356e-02
-4.614774882793426514e-02
5.938399583101272583e-03
6.867434084415435791e-02
3.511272370815277100e-02
-1.836281456053256989e-02
-4.159053042531013489e-02
6.768818944692611694e-02
-3.336254134774208069e-02
-6.004007533192634583e-02
2.650965005159378052e-02
-4.208417609333992004e-02
