2.840284258127212524e-02
-2.684516832232475281e-02
4.740707110613584518e-03
-1.169734983704984188e-03
-6.325504276901483536e-03
2.504816651344299316e-02
1.568856835365295410e-02
5.100870132446289062e-02
5.247194692492485046e-02
4.304220899939537048e-03
-3.696526400744915009e-04
1.285593258216977119e-03
-2.323184889974072576e-05
-1.975668780505657196e-02
-3.977594152092933655e-02
4.596209328155964613e-04
-5.067936144769191742e-03
-6.837571039795875549e-03
-1.015352010726928711e-01
1.063486281782388687e-02
2.422852627933025360e-02
4.801057651638984680e-02
-4.908255487680435181e-02
-1.169056165963411331e-02
-1.069916877895593643e-02
7.823104388080537319e-04
2.251584641635417938e-02
-2.137030661106109619e-02
-3.479372337460517883e-02
9.446532349102199078e-04
-1.958358883857727051e-01
4.848293494433164597e-03
2.548341825604438782e-02
-6.900459527969360352e-03
-2.888334682211279869e-03
7.915021479129791260e-02
-1.735140755772590637e-02
1.696699298918247223e-02
-2.623865380883216858e-02
-1.121285557746887207e-01
-2.038364671170711517e-02
-8.065944537520408630e-03
6.193373724818229675e-02
-3.709764033555984497e-02
3.092210681643337011e-04
-1.079523097723722458e-02
7.604943588376045227e-03
6.315539125353097916e-03
1.409583631902933121e-02
1.464472617954015732e-02
1.995847932994365692e-02
-4.302257299423217773e-02
-8.544034510850906372e-02
2.278313972055912018e-03
1.374431606382131577e-02
-1.887740008533000946e-02
-6.189683452248573303e-03
6.859946995973587036e-03
3.790423870086669922e-01
-1.990033686161041260e-02
3.481168299913406372e-03
-3.542683785781264305e-03
-4.925040528178215027e-03
-2.037550881505012512e-02
-1.698713190853595734e-02
1.807599328458309174e-02
-9.364708676002919674e-04
-9.312094189226627350e-03
-3.373858332633972168e-02
-2.139131724834442139e-02
1.192310918122529984e-02
-1.409876067191362381e-02
-5.743474140763282776e-02
1.507849898189306259e-03
2.406966686248779297e-02
-5.834766197949647903e-03
-1.009391620755195618e-02
6.641729176044464111e-02
-3.067119745537638664e-03
-7.704018801450729370e-02
-1.691639982163906097e-02
5.780918523669242859e-03
1.063351985067129135e-02
-8.651074767112731934e-02
8.297559618949890137e-02
2.852048911154270172e-02
3.010617569088935852e-03
4.956041928380727768e-03
1.018480677157640457e-02
-1.987260766327381134e-02
3.582775359973311424e-03
-1.551248878240585327e-02
-3.397021442651748657e-02
6.346321199089288712e-03
-1.200201641768217087e-02
8.339236956089735031e-05
7.337692659348249435e-03
-2.730767475441098213e-03
-7.221727818250656128e-02
8.229083381593227386e-03
1.838403008878231049e-02
5.010224878787994385e-02
-2.620472013950347900e-02
1.699734665453433990e-02
8.363021537661552429e-03
-3.625512355938553810e-03
-4.332460835576057434e-02
-9.782187640666961670e-03
1.481126435101032257e-02
9.914758848026394844e-04
-2.318764803931117058e-03
1.339410897344350815e-02
-3.877658769488334656e-02
1.146067050285637379e-03
-4.380778991617262363e-04
-1.309412298724055290e-03
3.035265766084194183e-02
-3.312103450298309326e-02
1.012707035988569260e-02
-1.036299671977758408e-02
-1.477215555496513844e-03
-9.791267104446887970e-03
-1.094635762274265289e-02
-1.477022934705018997e-02
5.459805950522422791e-03
1.806976646184921265e-02
6.605128757655620575e-03
6.732197478413581848e-03
-1.475050463341176510e-03
1.199723929166793823e-01
-2.373137325048446655e-02
1.880795136094093323e-02
-1.314500346779823303e-02
9.768288582563400269e-03
8.114761114120483398e-02
-1.765297912061214447e-02
-1.125523373484611511e-01
-2.037014812231063843e-02
-8.485332876443862915e-02
-4.272992722690105438e-03
-9.782443195581436157e-02
9.521995671093463898e-03
-2.477546036243438721e-02
-1.134656742215156555e-02
-1.655612513422966003e-02
-1.064597144722938538e-01
-3.818032797425985336e-03
-2.037570998072624207e-02
-2.043019048869609833e-02
-6.732690380886197090e-04
-2.551368996500968933e-02
4.126239102333784103e-03
-4.267394542694091797e-02
-3.981158509850502014e-02
1.199069619178771973e-02
3.040518611669540405e-02
-4.918875917792320251e-02
-1.018659491091966629e-02
-2.753687836229801178e-02
2.680032327771186829e-02
-2.109565958380699158e-02
2.310257870703935623e-03
-1.548743573948740959e-03
9.251494891941547394e-03
-1.101229712367057800e-02
-2.999218879267573357e-03
1.642850227653980255e-02
-2.166398800909519196e-02
-4.167641513049602509e-03
1.360848546028137207e-02
7.007848471403121948e-03
-1.235837349668145180e-03
1.150309666991233826e-02
-1.218271628022193909e-02
2.762816660106182098e-02
4.866199102252721786e-03
1.884396001696586609e-02
1.063701347447931767e-03
-6.306906789541244507e-02
-1.220142701640725136e-03
3.643005620688199997e-03
-1.320647820830345154e-02
-4.853488411754369736e-03
2.930204011499881744e-02
-5.512033589184284210e-03
-1.335516422986984253e-01
-8.279578387737274170e-02
-1.654442748986184597e-03
1.957354601472616196e-03
6.835006922483444214e-02
9.909728169441223145e-02
1.754917763173580170e-02
-2.162967063486576080e-02
9.675399400293827057e-03
-2.661969279870390892e-03
-3.937002643942832947e-02
3.279061987996101379e-02
2.301163971424102783e-03
-1.882175505161285400e-01
-2.970176562666893005e-02
5.245325341820716858e-02
4.175371490418910980e-03
8.548230677843093872e-02
-5.635331943631172180e-02
-2.954071201384067535e-02
-1.834377326304093003e-04
-6.827706936746835709e-03
8.120980113744735718e-03
-2.038480248302221298e-03
2.034965530037879944e-02
-6.981714069843292236e-02
-1.828271709382534027e-02
2.892726659774780273e-02
1.545575633645057678e-02
1.766670681536197662e-02
1.518380083143711090e-02
-2.829902805387973785e-03
3.601369261741638184e-02
-1.720424182713031769e-02
2.143065258860588074e-02
-6.590897589921951294e-02
-6.940307617187500000e-01
1.196581777185201645e-02
1.145920995622873306e-02
3.280974226072430611e-03
-2.235960215330123901e-02
-5.186633393168449402e-02
-2.474769577383995056e-02
9.332080371677875519e-03
2.441268414258956909e-03
-4.054117202758789062e-02
-2.938902564346790314e-02
3.522874787449836731e-02
1.071297004818916321e-02
1.633464545011520386e-02
-3.759555146098136902e-02
-1.976633630692958832e-02
-4.124408122152090073e-03
1.291217375546693802e-02
-7.603561971336603165e-03
1.206163316965103149e-02
8.138692937791347504e-03
8.663628250360488892e-02
-5.463469401001930237e-02
1.369279716163873672e-02
3.912271931767463684e-03
1.662053051404654980e-03
7.527980208396911621e-02
-5.431971978396177292e-03
-3.341886773705482483e-02
-3.439221763983368874e-03
1.862400211393833160e-02
-2.170155569911003113e-02
-2.188201993703842163e-03
9.655190631747245789e-03
-1.464506797492504120e-02
-4.167638346552848816e-02
3.686210140585899353e-02
-1.698744446039199829e-01
1.006412208080291748e-01
-4.760897159576416016e-02
6.534690409898757935e-02
-1.087203770875930786e-01
7.443412393331527710e-02
1.348441187292337418e-02
8.588910102844238281e-02
3.832812979817390442e-02
3.899422287940979004e-02
1.394650489091873169e-01
2.787637524306774139e-02
2.280745655298233032e-03
9.123595803976058960e-02
-2.641333453357219696e-02
8.956367522478103638e-02
-9.766281396150588989e-02
1.122699119150638580e-03
-9.970710426568984985e-02
6.238339841365814209e-02
-2.121813781559467316e-02
-5.908881872892379761e-02
-4.625393450260162354e-02
1.005549207329750061e-01
-9.849520772695541382e-02
-4.575486481189727783e-02
-1.467902660369873047e-01
-1.807697815820574760e-03
1.276120096445083618e-01
2.513768896460533142e-02
-5.744625348597764969e-03
-1.306806951761245728e-01
7.330648601055145264e-02
-2.888104878365993500e-02
-1.191027536988258362e-01
2.572101075202226639e-03
-1.585332304239273071e-02
1.550367772579193115e-01
1.257496178150177002e-01
2.241953611373901367e-01
3.379952395334839821e-03
-1.063829585909843445e-01
5.488148704171180725e-02
-4.183602333068847656e-02
7.181693315505981445e-01
-9.921804815530776978e-02
-1.538309082388877869e-02
-8.041533827781677246e-02
-1.517758332192897797e-02
-4.725125804543495178e-02
-1.606855690479278564e-01
1.718274950981140137e-01
6.064110249280929565e-02
-1.299409270286560059e-01
5.142083764076232910e-02
8.857997506856918335e-02
-1.171265691518783569e-01
-8.361804485321044922e-02
8.780250325798988342e-03
-6.130470708012580872e-02
1.255985535681247711e-02
8.077942579984664917e-02
-5.565033853054046631e-02
-1.935674995183944702e-02
-3.257687762379646301e-02
-6.480437517166137695e-02
2.985379658639431000e-02
-6.296099722385406494e-02
-4.868396557867527008e-03
4.250836744904518127e-02
-2.665429562330245972e-02
2.288526156917214394e-03
3.353308141231536865e-02
1.448984909802675247e-02
9.029693901538848877e-03
1.584307104349136353e-02
6.045334786176681519e-02
-1.221434865146875381e-02
-2.234383672475814819e-02
-8.569497149437665939e-04
5.802621692419052124e-02
3.953560814261436462e-02
4.232629388570785522e-02
-1.480589713901281357e-02
9.132003784179687500e-02
5.077366251498460770e-03
-3.480388969182968140e-02
-4.844412673264741898e-03
-3.419050201773643494e-02
1.570071652531623840e-02
1.353547815233469009e-02
-1.224168017506599426e-01
-8.888183161616325378e-03
4.031150043010711670e-02
8.301617577672004700e-03
-3.986207302659749985e-03
2.167695574462413788e-02
3.074941411614418030e-02
1.282020006328821182e-03
7.607515435665845871e-03
1.037117838859558105e-01
6.041424348950386047e-02
-5.048454552888870239e-02
-3.296831250190734863e-02
1.573522016406059265e-02
-1.892197690904140472e-02
-2.288437075912952423e-02
2.208789251744747162e-02
-2.774339728057384491e-02
-7.716419547796249390e-02
3.988990094512701035e-03
-4.854655265808105469e-02
3.783540800213813782e-02
-3.026311844587326050e-02
-2.688751928508281708e-02
-3.032821603119373322e-02
-2.597607206553220749e-03
-1.062308698892593384e-01
6.085478886961936951e-02
-3.443818166851997375e-02
2.063247933983802795e-02
-5.722067132592201233e-02
2.447672188282012939e-02
-4.007051140069961548e-02
-8.068664371967315674e-02
2.044582366943359375e-02
6.956837326288223267e-02
2.502168761566281319e-03
2.669108472764492035e-02
8.825262077152729034e-03
1.007160637527704239e-02
-1.476517692208290100e-02
-8.655931055545806885e-02
-2.072839438915252686e-02
2.128423936665058136e-02
-3.304015100002288818e-02
6.066469009965658188e-03
-9.889301843941211700e-03
-8.196604996919631958e-02
-5.867787450551986694e-02
3.786319866776466370e-02
1.038119047880172729e-01
-5.735132098197937012e-02
-1.708707585930824280e-02
1.445158421993255615e-01
-1.391606312245130539e-02
3.746747598052024841e-02
6.127169821411371231e-03
-6.415688246488571167e-02
2.157544344663619995e-02
3.315389528870582581e-02
-2.852061763405799866e-02
-1.331921368837356567e-01
-1.261278521269559860e-02
7.693170569837093353e-03
-7.758973538875579834e-02
-2.378953993320465088e-02
2.579130791127681732e-02
-5.394252948462963104e-03
-2.450909651815891266e-02
5.085382610559463501e-02
4.165990650653839111e-02
-2.786834165453910828e-02
1.562631456181406975e-03
-8.924817293882369995e-02
1.883438089862465858e-03
1.243121642619371414e-02
5.036333203315734863e-02
-4.609734192490577698e-02
3.627196885645389557e-03
-2.587421424686908722e-02
4.548949748277664185e-02
4.901441559195518494e-02
-6.377833336591720581e-02
-3.830592380836606026e-03
-1.598300039768218994e-02
1.818527095019817352e-02
-3.393151564523577690e-04
-2.778147719800472260e-02
7.005131989717483521e-02
-4.375348240137100220e-02
3.016896545886993408e-03
4.788411781191825867e-03
-1.525212079286575317e-03
9.746592841111123562e-04
-2.549374243244528770e-03
-1.162182986736297607e-01
1.570124365389347076e-02
4.598105698823928833e-02
-1.382833812385797501e-02
-1.020443253219127655e-02
5.508041009306907654e-02
1.164264231920242310e-02
3.472103178501129150e-02
6.370355188846588135e-02
-5.889954511076211929e-03
1.276050042361021042e-02
4.018282890319824219e-02
4.265801981091499329e-02
3.979559615254402161e-02
-9.989278018474578857e-02
-5.652244761586189270e-02
-7.304305583238601685e-02
8.175570517778396606e-03
-4.503694176673889160e-02
-2.057630009949207306e-02
5.842243880033493042e-02
5.160200223326683044e-02
-1.244123745709657669e-02
-1.496162638068199158e-02
-3.760916367173194885e-02
-2.514399029314517975e-02
7.789033651351928711e-02
-1.695955544710159302e-02
7.931386120617389679e-03
-5.357307568192481995e-02
-2.586662769317626953e-02
8.369976654648780823e-03
8.391789160668849945e-03
2.774648368358612061e-02
-6.358686834573745728e-03
3.698309510946273804e-02
-9.211787953972816467e-03
1.616598851978778839e-02
-7.758299820125102997e-03
-5.453208461403846741e-02
4.170534387230873108e-02
3.182939440011978149e-02
-2.973567880690097809e-02
-8.524212241172790527e-02
1.338706444948911667e-02
-1.178930979222059250e-02
2.230210974812507629e-02
4.550502821803092957e-02
2.920735441148281097e-02
-6.702546495944261551e-03
-7.426761835813522339e-02
-2.167403325438499451e-02
7.841179519891738892e-02
7.628207653760910034e-02
6.410595774650573730e-02
1.827000454068183899e-02
-1.010905057191848755e-01
4.181182011961936951e-03
3.982520475983619690e-02
-1.644400320947170258e-02
1.270291954278945923e-02
2.957351505756378174e-03
-1.279833260923624039e-02
-8.849959820508956909e-02
-8.111871778964996338e-02
2.922023274004459381e-02
2.721458114683628082e-02
-8.547292090952396393e-03
-5.497710406780242920e-02
6.289588660001754761e-02
8.231403306126594543e-03
-3.913747612386941910e-03
-2.914556860923767090e-02
-1.169828046113252640e-02
3.208729624748229980e-02
3.477319702506065369e-02
1.327888481318950653e-02
9.366104751825332642e-02
-5.793070793151855469e-02
-3.215959668159484863e-02
3.716942295432090759e-02
1.190394163131713867e-02
7.991561293601989746e-02
-5.313010513782501221e-02
8.752267807722091675e-02
-7.730948925018310547e-02
-1.511904038488864899e-02
-2.720975130796432495e-02
-7.268559932708740234e-02
-2.856960333883762360e-02
1.600175946950912476e-01
4.001053050160408020e-02
9.479139000177383423e-03
-1.767678000032901764e-02
1.934773102402687073e-02
5.242743343114852905e-02
-1.112820487469434738e-02
-1.420813053846359253e-02
4.471985623240470886e-02
-7.228584587574005127e-02
-1.739362068474292755e-02
7.440284639596939087e-02
4.029506444931030273e-02
-3.338564559817314148e-02
-2.265046350657939911e-02
2.456086128950119019e-02
1.675335131585597992e-02
-6.871147081255912781e-03
1.010848674923181534e-03
-5.478068720549345016e-03
1.376253925263881683e-02
-1.819794811308383942e-02
7.382071763277053833e-02
1.615842245519161224e-02
7.466679438948631287e-03
-4.796586930751800537e-03
-4.045372456312179565e-02
1.728933118283748627e-02
1.074986457824707031e-01
-1.049141492694616318e-02
-2.416952513158321381e-02
1.061299294233322144e-01
1.802804879844188690e-02
5.668034404516220093e-02
-5.126130208373069763e-02
4.049085825681686401e-02
8.706914260983467102e-03
-2.126059308648109436e-02
3.193396329879760742e-02
8.289853110909461975e-03
2.515789307653903961e-02
-4.059961810708045959e-02
-6.723566353321075439e-02
-1.097598229534924030e-03
4.965878324583172798e-04
-1.881485432386398315e-02
-3.338605910539627075e-02
2.598915249109268188e-03
6.733468919992446899e-02
-3.391751274466514587e-02
-4.117729142308235168e-03
3.107220865786075592e-02
1.827051304280757904e-02
2.520202472805976868e-02
-9.318590164184570312e-02
6.197432801127433777e-02
-5.202659592032432556e-02
-2.674839645624160767e-02
-1.304404903203248978e-02
4.301984980702400208e-02
-4.547765478491783142e-02
-2.379963360726833344e-02
8.704393357038497925e-02
-9.042350947856903076e-02
-4.515339806675910950e-02
-7.961836457252502441e-02
6.549225002527236938e-02
3.848863393068313599e-02
-3.378412127494812012e-02
3.689200803637504578e-02
2.832644386216998100e-03
8.804400451481342316e-03
-1.417864579707384109e-02
3.851944953203201294e-02
1.414042152464389801e-02
-2.072189748287200928e-02
1.263533253222703934e-02
-6.417380273342132568e-02
-1.298225577920675278e-02
4.587449657265096903e-04
7.363323122262954712e-02
1.411920320242643356e-02
-1.311515364795923233e-02
4.731970652937889099e-02
-1.295064296573400497e-02
-3.180001303553581238e-02
-1.581484917551279068e-03
4.780116677284240723e-02
-2.301061060279607773e-03
1.261546555906534195e-02
-7.277261465787887573e-02
-4.810770601034164429e-02
-2.125815860927104950e-02
-1.180691365152597427e-02
-1.225388795137405396e-02
-4.034856706857681274e-02
5.393567308783531189e-02
1.883226260542869568e-02
-1.521984580904245377e-02
-3.374099358916282654e-02
-5.763713642954826355e-02
1.604369841516017914e-02
-4.019077867269515991e-03
-1.032503787428140640e-02
-2.650215104222297668e-02
-5.204370245337486267e-02
-2.511609904468059540e-02
-4.182973504066467285e-02
4.687575157731771469e-03
5.275604780763387680e-03
-2.557682059705257416e-02
-2.745535224676132202e-02
-2.335719205439090729e-02
4.825289547443389893e-02
2.454316802322864532e-02
-8.611387573182582855e-03
1.757701509632170200e-03
3.175324201583862305e-02
5.247875675559043884e-02
-2.482113614678382874e-02
-2.174708247184753418e-02
4.281409084796905518e-02
8.032052963972091675e-02
2.347822859883308411e-02
6.877250224351882935e-02
-1.398593559861183167e-02
-7.125508785247802734e-02
1.701477542519569397e-02
1.337480172514915466e-02
-3.743316605687141418e-02
-2.401268854737281799e-02
4.196505527943372726e-03
8.373723179101943970e-02
2.164026163518428802e-02
4.081562906503677368e-02
2.499018795788288116e-02
-1.099137309938669205e-02
-2.252108044922351837e-02
4.760966636240482330e-03
-1.694863475859165192e-02
-4.545896127820014954e-02
-7.983803749084472656e-02
-7.553847134113311768e-02
4.476728290319442749e-02
2.852186793461441994e-03
-6.317771039903163910e-03
-6.438697874546051025e-02
1.351375970989465714e-02
8.933261036872863770e-02
3.013090416789054871e-02
-7.075305329635739326e-04
-5.218575894832611084e-02
1.956337131559848785e-03
3.948219493031501770e-02
-2.168045751750469208e-02
3.796529024839401245e-02
-2.525684051215648651e-02
-6.371261179447174072e-02
5.375768058001995087e-03
1.045964891090989113e-03
3.016587346792221069e-02
1.823261938989162445e-02
-3.239733725786209106e-02
-1.118163298815488815e-02
-5.308921262621879578e-02
-1.099406462162733078e-02
3.791236504912376404e-02
-3.663456812500953674e-02
1.075352076441049576e-02
-5.237010493874549866e-02
2.646438218653202057e-02
1.352142542600631714e-02
4.143277183175086975e-02
3.796643018722534180e-02
3.989400714635848999e-02
2.725538425147533417e-02
1.482810974121093750e-01
6.250755395740270615e-03
-1.351255457848310471e-02
1.897025294601917267e-02
-2.690119668841362000e-02
2.654772542882710695e-04
3.015050198882818222e-03
-1.468510180711746216e-01
-1.835710252635180950e-03
2.658711932599544525e-02
-6.639323662966489792e-03
-9.701779112219810486e-03
1.750719267874956131e-03
2.023328281939029694e-02
-9.043831378221511841e-03
-8.750151842832565308e-02
-1.787650771439075470e-02
-5.098484456539154053e-02
2.527500130236148834e-02
1.926581375300884247e-02
-4.364573210477828979e-02
-6.068578734993934631e-02
1.011663395911455154e-02
2.804894931614398956e-02
-3.107008524239063263e-02
-2.618422731757164001e-02
5.704575404524803162e-02
2.092665294185280800e-03
-1.237672418355941772e-01
-7.329155225306749344e-03
-2.775679714977741241e-02
-1.858380506746470928e-03
4.284565895795822144e-02
-1.030163932591676712e-02
4.354435577988624573e-02
-5.157940462231636047e-02
6.887475401163101196e-02
-3.469061106443405151e-02
-2.141780860256403685e-04
-1.033937931060791016e-02
-2.088587265461683273e-03
2.536225505173206329e-02
-7.728558965027332306e-03
-3.026355430483818054e-02
1.276783831417560577e-02
6.204978749155998230e-02
9.801501873880624771e-04
1.025766716338694096e-03
-3.438153117895126343e-02
7.379038631916046143e-02
6.089751608669757843e-03
8.749663084745407104e-02
1.864332519471645355e-02
5.258025974035263062e-02
-7.983932644128799438e-02
-5.288950726389884949e-02
-4.786445945501327515e-02
-6.556950975209474564e-03
-2.035978063941001892e-02
-1.203840747475624084e-01
1.220068056136369705e-02
-1.666864752769470215e-02
-4.807525314390659332e-03
4.818744782824069262e-04
3.932349383831024170e-02
-2.997658215463161469e-02
-1.874013803899288177e-02
3.476300090551376343e-02
-9.110797941684722900e-02
-6.616644677706062794e-04
-2.436415106058120728e-02
-6.276921182870864868e-02
7.395645603537559509e-03
-1.328835729509592056e-02
9.091567993164062500e-02
2.401423826813697815e-02
-2.669221907854080200e-02
4.948623245581984520e-04
-8.819345384836196899e-03
-2.459136396646499634e-02
-4.161634296178817749e-02
-5.895757582038640976e-03
1.652240380644798279e-02
-7.032711058855056763e-02
5.557597056031227112e-02
5.452211573719978333e-02
-5.696731153875589371e-03
5.610466003417968750e-02
-5.173129215836524963e-02
2.943835593760013580e-02
-1.751288399100303650e-02
-7.238787412643432617e-02
-3.215429186820983887e-02
-4.355870932340621948e-02
-4.194295778870582581e-02
-3.712622076272964478e-02
3.250360488891601562e-02
1.754489541053771973e-02
-4.537861794233322144e-02
2.004201151430606842e-02
2.886703237891197205e-02
-3.245641291141510010e-02
-1.031752079725265503e-01
-4.850751254707574844e-03
-2.081397734582424164e-02
6.489222496747970581e-02
1.759850606322288513e-02
9.515492245554924011e-03
2.458673715591430664e-02
-2.715937793254852295e-03
-2.335175499320030212e-02
-6.344161927700042725e-02
2.079240046441555023e-02
8.675405755639076233e-03
3.314074501395225525e-02
7.956073619425296783e-03
-2.607536874711513519e-02
6.302383542060852051e-02
-4.148852825164794922e-02
-7.695532590150833130e-02
1.342680025845766068e-02
-6.705005466938018799e-02
