-0.00579006
-0.03510805
-0.03563778
-0.03161782
-0.00437837
0.00996446
-0.01534670
0.00569958
0.01335940
0.01370231
0.01267503
0.00469883
0.02347223
-0.07433584
-0.03531187
-0.00611922
0.00965258
-0.01411126
-0.02724704
0.01648851
0.00417917
0.03612285
-0.03476116
-0.01287976
-0.02106072
0.02223605
0.01742261
0.02225160
-0.00295737
0.00418304
-0.13410453
0.00011415
0.01219139
-0.01356452
-0.02522828
0.07127235
0.00955678
0.01944963
-0.00785739
-0.07272086
-0.00861756
-0.00868463
0.02394176
-0.03666605
-0.01183688
0.03361665
-0.04536792
0.00868631
0.02457013
0.01570690
0.02003720
-0.02910121
-0.05381617
0.01639008
-0.01592644
-0.00065877
0.00903350
0.00277986
0.43571916
0.02471511
-0.02367948
0.02548628
0.01056071
-0.01966333
-0.00133047
0.01922005
0.01251154
-0.00136106
-0.00866409
0.03684425
0.01899225
-0.00923972
-0.03855814
0.01445347
-0.00149283
-0.02299469
-0.04940538
0.00748186
0.01905383
-0.09516579
-0.00413583
-0.00497711
0.00944740
-0.02101622
0.05688857
0.01331751
-0.01213297
-0.01187003
0.01599325
-0.00048440
0.03418095
-0.00855231
0.01328954
0.01416111
-0.00944036
-0.00500385
0.01591024
-0.02913276
-0.00437664
0.01299262
-0.02072211
-0.00882122
-0.02917289
0.02959544
0.01618036
0.00228647
-0.00363108
0.02030464
0.00612070
-0.03420908
0.01658223
0.01265729
-0.00635960
-0.01341491
-0.00042744
-0.01258896
0.06174095
-0.02996643
0.01601653
-0.00326529
0.01914582
0.00199153
0.01695429
0.00510061
0.01755249
0.02292736
0.01335508
0.00323535
-0.00597609
0.08397388
0.01324784
-0.00682963
-0.00720086
0.01130095
0.02218708
0.00177093
-0.05518781
0.02415168
-0.10366523
0.01056810
-0.04880104
-0.00895073
-0.01344509
0.01167682
-0.01102008
-0.06136640
-0.02872908
-0.00469281
-0.02406725
-0.01020411
0.04040810
0.01014088
-0.02546047
-0.01220348
0.00667291
-0.00456673
-0.00333732
-0.01279983
-0.02659052
0.02805135
-0.01292830
-0.00569490
0.00156267
0.00209257
-0.00929450
0.03861961
0.03492799
0.00125734
0.00461039
0.03873266
0.02238977
-0.01520591
0.02986906
-0.00833952
0.02907813
0.00858058
0.02954021
-0.00205835
-0.05178471
0.00861442
-0.02653701
-0.02598610
0.01100233
0.01576784
0.04338517
-0.13999823
0.03185757
0.00208828
-0.00625768
0.07297242
0.05829979
0.01679765
-0.01794373
0.00109475
-0.02002285
-0.00461517
0.04011503
0.01499831
-0.09681071
-0.03648982
0.05419412
-0.00117899
0.12148922
-0.01766958
0.01053161
-0.03141906
-0.01244354
0.00120256
-0.01822158
-0.00026096
-0.05259017
0.00692025
0.01355649
0.00788465
0.00641522
-0.00640317
0.00077246
0.04057837
-0.01292094
0.02620794
-0.04030677
-0.75714940
0.00665372
-0.02518911
0.00260133
-0.01087392
0.01489808
-0.04487658
0.02392519
0.00427840
-0.03097835
-0.02525712
0.03169105
0.02183923
-0.01554921
-0.00952933
-0.01515330
-0.00405094
0.01265309
-0.00123778
0.02708534
0.01912501
0.06248859
-0.05672000
0.01310914
-0.00986070
0.04157931
0.04623840
0.02004233
0.00347251
-0.01854689
0.01497188
0.00963432
0.01559110
0.00128726
-0.00321724
0.03838482
0.18942265
0.04819715
-0.06293602
0.00704969
-0.01452310
-0.02959100
-0.03516214
-0.00277231
0.09087318
-0.03637398
0.14196169
-0.03944634
-0.05422830
-0.09044030
0.08238570
-0.11009082
-0.02025220
0.11644160
-0.04281483
0.02980544
0.01685235
-0.08589175
0.00905673
0.06297999
0.12032612
0.09742318
-0.04987657
-0.00928488
0.09318758
-0.01629298
0.13358562
0.07224154
-0.07381576
-0.03174612
-0.07253880
0.02185447
-0.02998552
0.06938297
-0.00108905
-0.04398507
0.03558335
-0.03675994
0.08817945
-0.04209155
-0.08252292
0.83665454
0.04421056
0.01614675
-0.04947247
0.00673978
0.04626451
-0.04122730
0.07627673
-0.03160411
-0.13098499
-0.09155709
0.00599871
-0.06877680
0.06603865
0.03237441
0.05590783
0.03694996
-0.10641740
-0.07151841
-0.02544858
-0.01657642
-0.07670563
0.01403901
-0.01836028
-0.03481174
0.04234784
-0.04144329
-0.01475334
-0.00000074
0.00677315
0.04663600
0.03207976
0.03046196
0.00284957
-0.05532549
-0.03068246
0.04103872
0.03519781
0.00050773
-0.02109911
0.02474162
-0.03464201
0.04203576
0.13380028
-0.01275637
0.00645802
0.00431421
-0.11949835
-0.07394003
0.07927231
-0.02828587
0.03154888
0.03281648
0.07398057
0.01548723
-0.00830518
0.06617267
0.01493563
-0.05957702
-0.02711994
0.05374147
-0.02749196
-0.01572079
0.04483007
0.00667171
-0.06144012
-0.02666732
-0.06177253
0.01263364
-0.03658131
-0.02082766
-0.05004335
0.02784774
-0.08306183
0.05911601
-0.03824756
0.01495428
-0.01242832
0.05172640
-0.02374058
-0.08477768
0.02631303
0.03119856
0.00446541
0.03990580
-0.05100993
-0.01613655
-0.00178641
-0.08534930
-0.00506981
0.05481731
-0.04736059
0.05273169
0.01213311
-0.00994944
-0.06449623
0.01232910
0.03117886
-0.02160805
-0.03964853
0.14391643
-0.03414490
-0.02209404
0.03066021
-0.01969004
0.00459964
0.04205256
-0.00240301
-0.09159972
-0.02063004
0.02494678
-0.08361840
-0.03947068
0.01469707
0.04593988
-0.03003233
0.00293065
0.02802225
-0.00908364
-0.00552737
-0.09974872
-0.01450901
-0.05666135
0.07753570
-0.04791926
0.03705161
-0.03854387
-0.00166367
0.03537109
-0.01248053
-0.02882929
-0.00207344
0.04430626
0.04514193
-0.00335451
-0.00740648
-0.00195036
0.05440672
0.00516274
-0.00270976
0.04379683
-0.07612953
-0.11019389
0.02326336
0.02709533
-0.02942817
-0.02367450
0.07878233
0.02292297
0.06048870
0.06659040
0.01709627
0.04899159
0.04759900
0.03693118
0.01450833
-0.05522799
0.05875484
0.03015609
0.05284850
-0.05647253
0.00976703
0.07016132
0.02220497
-0.00487408
-0.02162117
-0.01042609
0.01179460
0.02161494
-0.01722774
0.02457568
-0.03596874
0.04852426
-0.00872501
0.01074672
0.02762502
-0.04753876
0.00447355
0.00316381
0.03486829
0.01742361
-0.02766231
0.01572279
0.02838379
-0.05077080
-0.03205911
0.00271805
-0.04769818
0.05251923
-0.02449654
0.01301312
0.06512942
-0.03648071
-0.04611013
0.00512322
0.02312213
0.04112342
-0.01210460
-0.04364508
0.02689114
0.02489451
0.00593767
-0.03445898
-0.00990730
0.02557711
-0.05711382
-0.05531760
0.06499669
0.06915480
0.06342908
-0.05774903
0.06076869
-0.00114852
-0.00424338
-0.01911153
-0.00432597
-0.04796433
0.04649785
0.00899041
0.08983333
-0.04597226
-0.01803366
0.01136349
0.02399683
0.05580002
-0.02055087
0.09999814
0.00559493
0.02749169
-0.01236245
-0.09876664
-0.00228212
0.07261647
-0.01898448
0.02886205
-0.01186301
-0.02362536
0.01642121
-0.03519679
-0.03085083
0.01361156
-0.02951805
0.02596057
0.11316105
-0.00422343
-0.03203592
0.01830040
0.06758349
0.05560295
-0.03381836
-0.00354226
-0.01247782
-0.01598075
-0.01930681
0.06245484
-0.03282765
0.00282604
0.02921563
-0.06449334
-0.05053563
0.10180286
0.00558440
-0.01681435
0.03235562
0.06768992
0.03785133
-0.09107279
0.02368087
0.00500529
-0.03236300
0.01419353
0.03211436
0.02015338
0.00899174
-0.10558598
0.01564359
-0.00223837
-0.00037821
-0.02317897
0.00355907
0.02150123
-0.01645045
-0.01923309
-0.07654940
0.01651549
0.02459466
-0.05641348
0.08028199
-0.05539369
0.01236997
-0.01977259
0.07809798
-0.06092023
-0.07313210
0.07668967
-0.00954696
-0.01295363
-0.07245447
0.05399537
0.00636242
-0.05361422
0.05466249
-0.02785793
-0.00538495
-0.02393817
0.04688383
-0.01733775
-0.04289519
0.02178112
-0.10096290
-0.01884268
0.00458128
0.01575329
0.01172266
-0.00797720
0.04089757
-0.04175715
-0.03281434
-0.01553116
-0.00401519
0.03753243
0.02970044
-0.06339113
-0.06982405
-0.01263297
0.00569135
0.02332931
-0.01371682
0.00822194
0.02358690
-0.00347407
-0.07836963
-0.00938692
-0.00739778
0.01909046
0.02289405
0.01240999
-0.02705740
-0.01177698
-0.06039866
-0.03782962
-0.03684335
-0.02630360
-0.04928114
0.01529489
0.10249789
-0.04312961
0.00593785
-0.00842485
-0.01669730
0.04083522
-0.00392573
0.02544765
-0.00192347
0.09521164
0.01339483
-0.02347922
0.02841321
0.02319336
0.09101671
0.00577841
-0.04355713
-0.05262991
0.02240196
0.07348395
0.01316645
0.04819021
-0.01726054
-0.03520729
0.00479078
-0.00362082
0.00897888
-0.00151895
-0.04956691
-0.04805654
0.03478948
-0.01472428
-0.08387324
-0.01932516
-0.03339909
0.06792143
-0.04555604
0.01548264
-0.00954668
-0.00298856
0.06310474
-0.03858097
0.00708686
-0.01990259
-0.01261993
0.03565233
-0.01207096
0.05354384
-0.00817335
-0.05612737
-0.04702027
0.02950050
0.01025593
0.01417169
0.00973011
0.00486906
-0.05394296
0.04341645
0.04680494
-0.00782668
0.01450034
0.03116843
-0.00927399
0.03299126
-0.01665255
0.00733404
-0.01324862
-0.03870003
0.03612384
-0.03772142
-0.13402790
0.04244794
0.02173609
-0.08958739
-0.03952494
-0.05229632
-0.01970807
-0.00049752
-0.02872884
-0.06819906
-0.05417242
0.03388874
-0.02511569
-0.03885795
-0.06769306
-0.01074862
0.01956224
-0.04872395
-0.03996682
-0.03090506
0.04987404
-0.12579247
0.01306854
-0.02073133
-0.05142791
0.03570303
-0.00009729
0.05193598
-0.04564213
0.00446523
-0.07961028
-0.04929694
-0.01416308
-0.04068990
0.09733658
0.03212211
0.04972165
0.07353273
0.14382133
-0.02253594
-0.04056304
-0.01689686
0.07157797
-0.00561479
0.09350656
-0.07737317
-0.01544168
-0.07031114
-0.04167844
-0.05283319
0.00623743
-0.01954520
-0.11898426
0.03928789
-0.03722310
-0.00304881
0.01294706
0.01959072
-0.03319009
0.01829457
0.00085816
-0.04744739
-0.04570372
-0.03012988
-0.02143733
0.04929181
0.01208500
0.03730795
-0.00182415
0.02272245
0.01358599
-0.03478604
0.00379142
-0.04742825
0.00931383
0.01831093
-0.04384691
0.06271272
0.10347127
0.06337653
0.01400103
-0.05940330
-0.00030272
-0.02588001
-0.10258912
0.00281580
-0.04167152
-0.06828989
-0.07049951
-0.03155436
-0.00700282
-0.02572296
-0.02647654
0.06398036
-0.01259605
-0.05008782
0.00505936
-0.05821138
0.04617688
0.01156054
0.00499677
0.00757484
-0.01496512
-0.03113089
-0.08201492
-0.07637339
0.05201363
0.02964706
0.00348594
0.01445356
0.05704189
-0.05355309
-0.05100031
0.00185321
-0.01351587
