-0.00212547
-0.03725741
-0.03870857
-0.02730414
-0.00594815
0.02539350
0.00284510
0.02758422
0.07346372
0.02146929
-0.00936019
0.00180207
0.02330320
-0.06605250
-0.03408914
-0.00253194
0.00327906
-0.01454492
-0.04216849
0.02126650
0.00870815
0.03126352
-0.03633769
-0.01974799
-0.02250511
0.02909527
0.00901385
0.01303986
-0.01095001
-0.00307839
-0.17227410
-0.01041819
0.01764827
-0.00893628
-0.01391138
0.09559448
-0.02200710
0.02874084
-0.01998292
-0.12054331
-0.01935757
-0.01775633
0.00658528
-0.05486033
-0.01069641
0.03219999
-0.02609176
0.00359036
0.04126538
0.01235934
0.01586064
-0.03885033
-0.10124379
0.03172953
-0.01623261
-0.00195064
0.00340717
0.00678444
0.35888648
0.03427940
-0.01597979
0.01041248
-0.00268474
-0.00448179
0.00229462
-0.01213861
0.01629726
-0.01148062
0.02940259
0.01037342
0.02409656
-0.01849822
-0.05294162
0.00674889
0.01086970
-0.03411470
-0.03766119
0.03856624
0.01819078
-0.05879468
-0.00727662
0.01479549
0.01828326
-0.05027039
0.06133108
0.02187161
-0.00478100
0.00526870
0.01635980
0.00639702
0.03736111
-0.03085720
0.02371834
0.00316978
-0.00555898
-0.01534140
0.01970372
-0.01896819
-0.01904446
0.01042150
-0.01393335
0.00409944
-0.02605428
0.03124003
0.01965721
-0.01090448
-0.02272612
0.01249193
0.01252578
-0.03559872
-0.00672896
-0.00032546
-0.04027994
-0.02866155
0.00129927
-0.01673803
0.06880295
-0.03793117
0.01019971
-0.00613991
0.00993534
-0.00171495
-0.00002251
-0.00223117
-0.01986503
0.01497921
0.03568204
0.00079755
-0.00214519
0.08523796
-0.04703295
-0.00543106
-0.01030424
0.00403574
0.05195396
-0.01539381
-0.12003903
0.00133993
-0.13362446
0.00512062
-0.09208646
-0.00878117
-0.01027346
-0.00676712
-0.00300290
-0.04999988
-0.01082270
-0.01355315
-0.02256017
-0.01495473
0.01305819
0.01106071
-0.03347993
-0.04394287
0.00958331
0.01883223
-0.04245064
-0.01624344
-0.04734422
0.01625048
-0.01016287
-0.02020964
0.04562286
0.00401888
-0.00211396
0.01203612
0.06269916
0.00029506
-0.00195491
0.02221719
0.02142571
-0.00825315
0.02621784
-0.00847025
0.02964720
0.00899232
0.02714680
-0.00402356
-0.03912971
-0.00474407
-0.02900052
-0.02063630
0.00555340
0.03002981
0.02498600
-0.11043440
-0.04997089
0.01060261
-0.00558631
0.06798488
0.09048751
0.02831272
-0.01361173
-0.00019570
-0.00124443
-0.03060285
-0.02455876
0.00677987
-0.18194705
-0.03561532
0.11729167
0.00515348
0.10673885
-0.05137742
-0.01645633
-0.03145345
-0.00815970
0.00252501
-0.01702874
0.01865099
-0.08499669
-0.00145939
0.02524653
0.00987403
-0.00390408
-0.00594860
-0.00076003
0.03628342
-0.00361781
0.03030318
-0.06296860
-0.71160400
-0.00764096
-0.02565512
-0.00086865
-0.01282815
-0.04245986
-0.04025543
0.00582372
-0.01298779
-0.03839185
-0.00796508
0.01725769
0.02050999
0.00063890
-0.01999330
-0.04411150
0.00671239
0.01164911
-0.00545840
0.02841031
0.03121499
0.04049535
-0.10315636
0.02532800
0.00862409
0.02866789
0.08246545
0.00861286
-0.01143173
-0.01899226
0.02689018
0.00208531
0.00108746
0.00540099
0.00247266
0.24652873
0.01418267
-0.04000773
0.08301785
0.11989042
-0.02201133
-0.08790586
-0.05345345
-0.11292242
0.01577393
0.12772538
0.14423126
-0.05469406
-0.10079525
-0.08598428
0.04438518
0.04331420
0.01742705
0.01417340
0.04595371
0.02840016
0.06316373
-0.07719534
-0.09083072
-0.07022095
-0.06276985
0.00576506
-0.03458388
0.04334234
-0.05681120
0.01846367
0.02560483
-0.02590421
-0.00236127
-0.11229756
0.04205603
0.03086761
0.12485254
-0.11204060
-0.07851860
-0.03084877
0.02790387
-0.12501700
0.03295882
-0.07409585
-0.05421564
0.80419451
-0.04342319
0.02563815
-0.14170100
0.07218134
0.01456100
-0.00880596
-0.08530702
0.01995796
-0.12289529
-0.00710143
0.01540403
-0.10428120
0.00333545
-0.01873623
-0.04251596
-0.06442690
-0.02125958
-0.04691971
-0.02927471
-0.06167242
-0.06596690
0.02055474
-0.06757900
-0.00076055
0.02824361
-0.00850093
-0.01400246
-0.01168541
0.00274915
0.01160548
0.03662758
0.01793166
0.00013251
-0.04882737
0.00976773
0.06488397
0.01859013
0.02439752
-0.03201063
0.06264014
-0.00324773
-0.00063426
0.08513451
-0.03510709
0.00087754
0.00519646
-0.11256628
-0.00235276
0.04295829
-0.00900629
0.05645568
0.01935783
0.01850794
-0.01122221
-0.01806302
0.09444506
0.03884491
-0.06712060
0.01679702
0.04418392
-0.02737377
-0.02268991
-0.02227038
-0.04157256
-0.01062256
0.01425271
-0.03304801
0.02028917
-0.03596618
-0.00140754
-0.01393880
0.03226385
-0.05678622
0.04511964
-0.02750464
-0.02456292
-0.05509445
0.01901245
-0.02781315
-0.11156239
0.03102353
0.03913116
0.03537702
0.02485122
0.02989499
0.01076438
-0.04566387
-0.06379825
-0.04283564
0.02694792
-0.01879105
0.00167957
-0.00628462
-0.04406216
-0.01942507
0.04371352
0.03453776
-0.01175281
-0.03000164
0.15161882
-0.03220215
0.02683148
0.04323417
-0.02068475
0.00670844
0.04509938
-0.05402516
-0.12197692
-0.00739596
0.03867177
-0.02785981
0.00893275
-0.00377170
-0.01034148
-0.02715608
0.00053925
-0.01384909
0.00365627
-0.04915905
-0.12485576
-0.02846500
0.00521358
0.00535338
-0.06528215
-0.01544609
-0.08194529
0.00303390
0.06190470
-0.05133142
-0.04608560
-0.03828249
0.00045106
0.01126575
0.01211959
-0.01062915
-0.02761676
-0.00104138
-0.00741080
0.01698270
0.00052257
0.00317736
-0.09109526
0.03971524
0.07523451
-0.05501176
-0.00769375
0.08728848
-0.01718373
-0.00906504
0.05001038
0.00818798
-0.00608252
0.03109447
0.03929594
0.01775550
-0.09422310
0.00460970
0.01887765
-0.00314096
-0.03712771
-0.00135324
0.08649721
0.02950353
-0.02738768
-0.01253684
-0.02473925
0.02558631
0.04648878
-0.05745257
0.03770994
-0.06720556
0.05443503
-0.02209296
0.00834016
-0.01368669
-0.01321550
-0.01149014
-0.01424024
0.04977839
-0.01016404
-0.04340236
0.00838040
0.05218757
-0.04867659
-0.07394149
-0.02615635
-0.02802915
0.03118073
0.00510776
-0.00724715
0.03963557
-0.01778867
-0.01890025
0.04332646
0.07673351
0.07847990
0.02609321
-0.01279290
-0.02302286
0.02475004
0.02533757
0.03069384
0.00822401
0.00783274
-0.01333686
-0.05218305
0.04030247
0.03310795
0.00190590
-0.03057775
0.03929238
-0.01866373
-0.00416037
-0.03216445
-0.01613936
0.01703865
0.02148158
0.03345722
0.06863368
-0.07735685
-0.06049123
0.03711342
0.03900877
0.04510852
-0.00847623
0.08357543
-0.03893653
-0.02481083
-0.02286293
-0.11874734
0.00874360
0.10686757
-0.01053110
-0.01477020
0.03633093
-0.00084916
0.05850076
-0.00779853
-0.01725855
0.02967500
-0.07111435
-0.05760091
0.04177983
0.00532999
-0.04944249
-0.00831279
0.02175884
0.02285583
0.04109954
-0.01487476
0.00283616
-0.02479515
-0.02916505
0.06353028
0.01485213
0.01037396
-0.05084875
-0.06148976
-0.02119882
0.11870550
0.00413624
-0.01362275
0.03337558
0.00983883
0.05691895
-0.03294689
0.02257901
0.01404768
0.01676211
0.01836965
0.02421307
-0.01770777
0.00531816
-0.04882891
0.01762245
-0.01810883
-0.01664055
0.04570126
0.02554177
0.05875435
0.00141737
0.03769502
-0.04923185
0.00057358
-0.00031256
-0.05698252
0.05900913
-0.01869359
-0.05817618
-0.02529994
0.03990810
-0.04820282
0.00089754
0.07606656
-0.03820814
-0.05068213
-0.05206415
0.03128424
0.07756629
-0.03535080
0.04933222
-0.00784475
-0.02691666
-0.01037419
0.04060984
0.02028538
-0.05665011
-0.00096638
-0.07414094
-0.02068484
-0.02130719
0.02242716
0.00987665
-0.01651079
0.01314746
-0.01664340
-0.03721027
-0.02979370
0.07264067
-0.00916292
0.05835601
-0.06124042
-0.04118072
-0.03883312
-0.01293138
-0.02720362
-0.02868482
0.04521102
-0.04458447
-0.00031138
-0.02723224
0.00358716
-0.03081732
-0.04967447
-0.00162402
-0.00191659
-0.02693209
-0.03505773
-0.05274574
0.00365560
0.01169778
-0.04511936
-0.02081682
-0.05170779
0.03929312
-0.03262578
-0.01931298
0.01928047
0.00570566
0.03860899
-0.04638265
-0.02240741
-0.00840401
0.04315024
0.00948790
-0.00139769
-0.00286427
-0.05703150
0.02869442
0.03331044
-0.01859281
-0.01571316
0.00339108
0.03429824
0.01521516
0.03121587
-0.02617428
0.00683380
-0.01133397
-0.03760561
-0.01902222
-0.03656990
-0.07948907
-0.07210042
0.06167819
-0.00215864
-0.08144646
-0.04958340
0.00896986
0.05916275
-0.02993159
0.03952515
-0.06484387
0.03743038
0.00940993
-0.07156375
0.06687548
0.01111603
-0.03073058
-0.00422393
-0.00660716
0.03789896
0.02963141
-0.03816481
0.01362354
-0.03332423
-0.00348130
0.03355638
-0.02585969
-0.00867998
-0.04736818
0.02607558
-0.00223346
0.02334192
-0.00677755
0.03513672
0.02765877
0.05161770
-0.02975591
0.00963574
0.01916080
-0.04166471
0.01251173
0.00192042
-0.20083095
0.05370819
0.02494753
-0.02367254
-0.06939344
-0.00509869
0.00075829
-0.01779405
-0.03752746
-0.04544592
0.00681231
0.00658457
0.03358429
0.00402493
-0.03713248
-0.02936369
-0.00193157
0.00689290
-0.05577331
-0.01434113
0.02166506
-0.20112665
0.00050323
-0.02919409
0.01918726
0.03247872
-0.00296099
0.04866407
-0.04059668
-0.00955611
-0.06493140
-0.03356001
0.00350265
-0.01052235
0.01569668
0.00573723
0.06286781
0.04148227
0.15596728
0.03077276
-0.05558461
-0.04721166
0.07535394
-0.02482166
0.11821762
-0.04117569
0.01951535
-0.06995823
-0.06790646
-0.07315632
-0.02722479
-0.01006225
-0.17159262
-0.03252041
-0.01156077
0.05815834
-0.00525391
0.03508810
0.01121889
-0.04793954
0.05173017
-0.02768793
-0.00920335
-0.06136717
-0.07496150
0.10926799
0.02120975
0.08780558
-0.00617896
-0.00182773
-0.01467060
-0.03260465
-0.00224212
-0.06389496
-0.01888880
0.00167399
-0.04621391
0.04823483
0.03475816
-0.01267083
0.02844759
-0.04463771
0.02784326
-0.01492051
-0.12684137
-0.00507725
-0.04296708
-0.05696310
-0.05537936
0.02311020
0.01239265
-0.04497264
0.02518455
0.05561001
-0.06441858
-0.08515462
-0.03272370
0.01402269
0.10982534
0.03598101
0.00326439
0.03023625
-0.00254154
-0.05125588
-0.06108219
-0.01116152
0.04680614
0.00714846
0.05550315
-0.05491465
0.02840991
-0.05870795
-0.02701599
0.05173550
-0.08045223
