0.00964410
-0.02380728
-0.04537835
-0.01639511
-0.00208308
0.03841210
0.00621897
0.02847124
0.08092628
0.01917643
-0.01094449
-0.00274237
0.01609948
-0.06398910
-0.04450630
-0.00222642
-0.00683209
-0.01240024
-0.04719894
0.01195175
0.00914787
0.02445845
-0.02824295
-0.01567696
-0.01470562
0.01619344
0.00884719
0.00329815
-0.02834739
-0.00460061
-0.17527825
-0.02181727
0.01572721
-0.01036310
-0.01820174
0.09304200
-0.02448026
0.02553899
-0.03030419
-0.11935561
-0.01936948
-0.00865616
0.01257405
-0.06420553
-0.01629195
0.00969405
-0.02445207
-0.01078714
0.03466729
0.01721357
0.01125036
-0.03508077
-0.10894111
0.04245483
-0.00254295
0.00047984
-0.00456398
0.01317574
0.34737363
0.03957139
-0.00784663
-0.00056291
-0.01663274
0.00435261
0.00107737
-0.01812756
0.02265380
-0.01542620
0.02103013
-0.01386177
0.02021328
-0.02017095
-0.07184384
0.00925456
0.01160658
-0.03397499
-0.03057025
0.04475812
0.01340948
-0.06299691
-0.01111582
0.01211493
0.02686089
-0.06959032
0.06805737
0.02661147
-0.01004832
0.00890575
0.01964607
-0.00024730
0.02586165
-0.05092669
0.01635671
-0.00368936
-0.00659250
-0.01380348
0.02398212
-0.01665891
-0.03107965
0.01522290
-0.00136563
0.01618812
-0.03096827
0.02459020
0.01573438
-0.01354222
-0.02620870
0.00916647
0.01179752
-0.03327314
-0.01866744
0.00605243
-0.04509960
-0.02253910
0.00015724
-0.01121155
0.07392613
-0.03474673
0.00767512
0.00158220
0.01226041
-0.00879208
-0.00550635
-0.00613840
-0.01851048
0.01249805
0.04011454
0.00262466
-0.00171907
0.09449062
-0.04797018
0.00230848
-0.00828907
0.00955200
0.05171187
-0.02297744
-0.12559639
-0.02007040
-0.13816018
0.01094534
-0.09992516
-0.00945700
-0.01465820
-0.00717790
-0.01326357
-0.05553630
-0.01222786
-0.01100165
-0.01940002
-0.00955220
0.00907670
0.00833163
-0.03401919
-0.04494909
0.00183515
0.02892978
-0.05614643
-0.01351650
-0.04457240
0.02086981
-0.01410754
-0.00691383
0.04378348
0.00449862
-0.01977859
-0.00065085
0.06284847
-0.00981588
-0.00614478
0.01274627
0.01076502
-0.00715852
0.02287825
-0.00031130
0.03184137
0.00339513
0.02640179
-0.00472333
-0.03974812
-0.01177225
-0.01725667
-0.01133287
-0.00040550
0.03186396
0.02610947
-0.11792088
-0.04592913
0.01334314
-0.00477324
0.07317392
0.08567898
0.03061209
-0.01160420
0.00379496
0.00225383
-0.05273361
-0.03074914
0.00523427
-0.19790359
-0.02930043
0.11773873
0.00835735
0.11664555
-0.06458562
-0.03211959
-0.02366435
-0.00460495
0.00048473
-0.01651893
0.02802342
-0.08522795
-0.00338104
0.03507745
0.00976333
-0.00915232
-0.00846408
0.00478661
0.02876871
-0.00224441
0.04668178
-0.06999023
-0.68994123
-0.00010185
-0.02191072
-0.00912419
-0.02162112
-0.05207568
-0.03277211
0.00163038
-0.01627284
-0.04123579
0.00181647
0.01615795
0.01792575
-0.00164249
-0.02079513
-0.03911223
0.01248013
0.00580957
-0.00569313
0.01950360
0.02547753
0.04896992
-0.11107972
0.02312749
0.00338336
0.03017380
0.08064348
-0.00212658
-0.01006787
-0.02024697
0.03543907
-0.00404946
0.00247782
0.00544160
-0.00265369
0.18579908
0.08570471
0.03111373
0.00441216
0.11105981
-0.00120832
-0.04867840
-0.04848770
-0.10827091
0.09789869
0.07590049
0.06139872
-0.13927981
-0.08019640
-0.07180073
0.10445189
0.05149339
0.07125397
0.01398066
0.02009009
0.00132535
-0.02115872
-0.04684903
-0.06854246
-0.12859136
-0.00723254
0.01191854
0.00567254
0.06359503
0.02624568
-0.02149262
0.06442740
-0.03549381
-0.03582442
0.00630978
-0.00546986
0.02962093
0.02581795
0.00912579
-0.06224865
-0.09425808
-0.00687937
-0.04221075
0.08786250
-0.03579706
-0.05868750
0.85265952
0.04511321
-0.01923734
-0.10501388
0.02288973
0.00585503
-0.07940834
-0.07845923
0.03208235
-0.10812949
-0.01952620
0.03150505
-0.12472056
0.03882141
0.04921162
-0.01595991
0.01700041
-0.08185023
-0.05436430
-0.03583541
-0.03124869
-0.05417087
0.03605700
-0.04860333
-0.01073974
0.03351929
-0.00722414
-0.01624866
-0.02486350
0.00828313
0.02344572
0.02596348
0.03603138
0.03267919
-0.04486138
0.01856565
0.05801187
0.00061819
0.00699252
-0.03247255
0.04408162
-0.00115496
0.02495401
0.10140584
-0.02801007
-0.01559212
0.02175181
-0.11133240
-0.03592920
0.05890851
-0.02865740
0.04413702
0.01641721
0.03766567
-0.04630973
-0.00983108
0.10781898
0.04686456
-0.06592467
-0.01241369
0.04083161
-0.03418505
-0.02368055
-0.03379604
-0.01204960
-0.00846312
-0.01065408
-0.04578458
-0.00372084
-0.04500521
-0.01171029
-0.04612118
0.04267392
-0.06456122
0.05208641
-0.03650333
0.00412499
-0.06999276
0.02993039
-0.00804751
-0.11832015
0.03524885
0.04884595
-0.00467658
0.01002098
0.02001270
0.01606516
-0.04375562
-0.05858264
-0.03252757
0.03870673
-0.03049203
-0.00357919
-0.00823086
-0.04097352
-0.02193630
0.02586168
0.00944430
-0.02793597
-0.02921880
0.16595410
-0.04527943
0.00704582
0.04347411
-0.00063858
-0.00493325
0.08321799
-0.03937169
-0.11817938
-0.03106323
0.05681070
-0.05421808
0.01191488
0.00522189
-0.00265403
-0.04026937
-0.02330666
-0.02079722
-0.01217023
-0.04816955
-0.11627615
-0.01115096
-0.00650020
0.01172441
-0.05796117
-0.00375410
-0.05480211
-0.01137063
0.04940843
-0.05831996
-0.05052060
-0.03068197
0.01583860
-0.00536584
-0.03541990
-0.00402476
-0.01552976
0.00005941
-0.00573163
0.00689015
0.01683940
-0.00450610
-0.08264929
0.03277363
0.08520504
-0.06256869
-0.01072914
0.07452486
-0.01455396
0.00295904
0.06614223
-0.00270819
0.03443821
0.02916538
0.05362034
0.05187991
-0.08524518
0.01230209
0.01903537
0.02191270
-0.05087796
0.01904364
0.10950724
0.04093802
-0.02867513
-0.00195995
-0.01496509
0.01804112
0.04277332
-0.05466149
0.03626978
-0.04005317
0.03702217
-0.03933641
0.03185292
-0.02748054
-0.00224126
-0.04576574
-0.00865404
0.02424869
-0.01356853
-0.03016590
-0.00956786
0.05567992
-0.05058319
-0.06686732
-0.01289481
-0.04523201
0.05939764
-0.00828677
-0.00891663
0.06045426
-0.01702037
-0.04351211
0.02434929
0.07108036
0.04292310
0.00584512
-0.04111170
-0.01575963
0.01514167
0.03122991
0.00009575
-0.00459765
0.00968125
-0.00040698
-0.06300421
0.03114834
0.02853475
0.00209755
-0.04159462
0.03694113
0.00727122
-0.01825072
-0.03782357
0.00715658
0.01464503
0.00456750
0.01921695
0.08461551
-0.05461117
-0.06388901
0.04642136
0.02327880
0.04825552
-0.02582007
0.09071702
-0.02616033
-0.02268699
-0.01224475
-0.08836706
-0.01030167
0.07583808
-0.01231507
-0.02845842
0.02685691
-0.00873560
0.05440955
0.00398500
-0.02816087
0.00671603
-0.06568991
-0.05891776
0.05525413
0.01911212
-0.05406993
0.00498308
0.04808188
0.02363167
0.01209067
0.02195865
-0.01394746
0.00121921
-0.03697816
0.02755550
0.01267873
-0.03631403
-0.02886855
-0.07298852
-0.00707495
0.10263149
0.01697938
-0.01106409
0.02020385
0.02670168
0.08274786
-0.03687382
0.01427902
-0.00498109
0.00245983
0.02925313
-0.00278526
0.00671399
-0.00321388
-0.02922330
0.00569172
-0.00337107
0.00514684
0.03166745
0.03009344
0.02171136
-0.03080321
0.00402275
-0.06577674
0.01741295
-0.00368869
-0.04093025
0.05627421
-0.02039161
-0.04134824
-0.01791853
0.07468905
-0.00568273
-0.00479450
0.09157533
-0.04110663
-0.02811121
-0.05061359
0.03086213
0.03083075
-0.07507347
0.03748057
-0.03179479
-0.00731552
-0.01099506
0.03657382
0.01755554
-0.04172830
-0.00157075
-0.08234901
0.00019980
-0.01176913
0.00530456
-0.00595849
0.00331628
0.01015573
-0.01402436
-0.03251739
-0.03182946
0.08159637
-0.00956546
0.04387882
-0.05620835
-0.05896176
0.00151617
-0.02260917
-0.00415883
-0.03014170
0.03815823
0.00083761
-0.00598376
-0.04725371
0.02733383
-0.01832069
-0.03638001
0.01830298
0.00398209
-0.03039010
-0.03986241
-0.04681177
-0.00253998
0.00736893
-0.06385864
-0.00770176
-0.04310868
0.06461567
-0.03397955
0.00470748
0.02120528
-0.00460327
0.03377452
-0.05883566
-0.03581079
-0.02743556
0.05409291
0.01121318
-0.00600468
0.01656116
-0.04632477
0.04049367
0.02504286
-0.03163089
-0.04067253
0.02196245
0.02611838
0.00081050
0.05807880
-0.03001314
0.00401004
-0.01329826
-0.03231456
-0.02974173
-0.02483995
-0.06051927
-0.07655907
0.04607076
-0.02631371
-0.07090654
-0.05507065
0.00957881
0.05777716
-0.03575774
0.04373715
-0.05028684
0.01189940
0.01956697
-0.06939154
0.03244234
0.00390988
-0.03346505
0.02135643
-0.01912013
0.04267384
0.03926148
-0.02548135
-0.00041592
-0.01337961
0.00445894
0.02190151
-0.00915029
-0.01490127
-0.06464753
0.04925086
0.04401047
0.02054810
0.00388328
0.03160273
0.03006986
0.05697206
-0.08436603
0.01873385
-0.00089213
-0.05365523
0.04104815
-0.03049751
-0.19403790
0.05177979
0.02485362
-0.02859383
-0.07521007
-0.02653280
0.00263913
-0.03272821
-0.06014024
-0.05109718
-0.01566913
0.02755844
0.01511994
-0.00282497
-0.04219029
-0.02583341
0.02102875
-0.01576965
-0.07242148
-0.02762672
0.05046072
-0.16923545
-0.02260264
-0.02144182
-0.03010334
0.02103004
0.01619263
0.04593514
-0.04171314
0.00499424
-0.07654495
-0.03430312
0.00613293
-0.00682726
0.04823762
0.00678184
0.07903792
0.03148020
0.13852476
0.04134682
-0.06415558
-0.04046341
0.07736237
-0.03453331
0.11397184
-0.03372348
0.03534734
-0.05560708
-0.07859375
-0.06443468
-0.01438142
-0.00074352
-0.17675413
-0.03007966
-0.00418307
0.04024315
-0.02239508
0.06649352
-0.01541442
-0.03335049
0.03903846
-0.00253962
-0.02439212
-0.05769397
-0.03704940
0.09405956
0.04608276
0.08782384
-0.02759936
0.02814997
-0.00515257
-0.03069827
-0.02654175
-0.04773274
-0.00720006
0.00487480
-0.03857061
0.06815925
0.04002881
-0.00389972
0.03322098
-0.04770746
0.01594140
-0.00209807
-0.12245747
-0.00246784
-0.04622873
-0.06112301
-0.05813123
-0.00922008
0.01758195
-0.06899512
0.01934967
0.06853649
-0.06022311
-0.06784978
-0.04233707
-0.01838258
0.08665924
0.03202284
0.00840373
0.02865496
0.01773992
-0.06396547
-0.07078955
-0.02035343
0.06179142
0.02777148
0.04076800
-0.03525101
0.03131687
-0.03055303
-0.03648207
0.06139185
-0.05472786
