-0.00713426
0.00223410
-0.02116564
-0.00760706
-0.01670114
0.04679969
-0.00531687
0.00800196
-0.00750164
-0.00056831
-0.00238898
-0.03203523
-0.01726993
0.00093894
-0.02434128
-0.01359455
-0.01029708
0.01627876
-0.09470702
-0.00268404
0.01314099
0.02153085
0.01531832
-0.02318036
-0.00279241
0.01770835
0.00768677
-0.00226342
-0.00092152
-0.00663479
-0.15355474
0.00603173
0.03699640
-0.02632297
-0.00932652
0.04634434
0.02262253
0.01050700
-0.01561850
-0.04867300
-0.01163803
0.00005336
0.04992710
-0.02878268
0.01969422
-0.00561217
-0.02840510
-0.02569013
-0.00354344
0.02688309
0.03147225
0.05065535
-0.06715842
-0.00686258
0.03298520
-0.01455391
-0.00179383
0.00655042
0.43937218
0.01658966
0.00640121
-0.01551850
-0.00949168
-0.01514903
0.01277702
0.00701963
-0.01222793
0.02513777
-0.03722151
0.00181768
-0.02079789
0.00125321
-0.02844018
0.02445113
-0.02150978
-0.02332249
-0.01940132
0.01255522
-0.00585374
-0.18025683
-0.01198442
-0.01057958
0.00541232
-0.04282889
-0.00080375
-0.01902198
-0.01641771
-0.02077499
0.01877283
-0.02330880
-0.01238555
-0.04876647
0.06526616
0.00074981
-0.02766839
-0.00672812
-0.00486513
-0.00810929
-0.01456127
0.01228117
0.00181300
-0.00234742
-0.02499382
0.00739623
-0.01030093
-0.00970415
-0.02804083
0.03630207
0.01837819
-0.01990870
-0.00642403
0.00190996
0.00689312
-0.00676076
-0.00042937
0.00021747
0.05007299
-0.00748211
-0.00711435
0.00185219
0.02108971
0.01686961
0.01805648
-0.00810994
0.01829018
0.00682642
-0.02221943
-0.00853541
0.01150166
0.07570535
0.02383179
0.02409934
0.02719282
0.01880010
0.01960689
-0.02149340
-0.03303843
0.00835285
-0.08776184
0.01640600
0.04020923
0.03146526
-0.01525642
0.01311547
0.00396492
-0.16216443
-0.02138171
-0.01590338
-0.00491306
0.00901438
0.04958336
0.01457758
-0.00859672
-0.02849341
0.00040884
-0.03068998
0.01798521
-0.01039424
0.01720982
0.03019072
-0.00887223
0.07739326
-0.00336070
-0.00230304
-0.01199545
0.00041112
0.03988537
-0.02871417
-0.00326899
0.04970571
-0.01906103
-0.01298419
0.01343013
0.00414572
0.01959087
0.01012989
0.00769847
-0.00758193
-0.02088649
0.00846616
0.02000527
0.01249269
0.02172138
-0.00716185
0.04232770
-0.25471073
0.13500671
0.01398073
-0.02130291
0.06213127
0.02308484
-0.00352658
-0.03169306
0.00853248
-0.01706822
-0.02407987
0.02191702
0.01984319
-0.05952162
-0.01925931
0.02695905
0.00453292
0.09539007
-0.01577615
0.00174951
-0.05254493
0.00835289
0.01039201
-0.00271060
0.06281387
-0.03760478
-0.01005544
0.03623679
0.00929727
0.01630477
0.00758245
-0.01788538
0.03242407
-0.03957555
0.00317250
-0.02557813
-0.68905914
0.01770750
0.00556798
0.01412818
-0.00321384
0.00823259
-0.02780708
0.03591714
0.01309940
-0.02668004
0.00167544
0.00537378
0.01525752
-0.05542926
-0.00608342
-0.01472375
0.00457752
-0.01368124
0.01078234
0.00599459
0.01332895
0.08019795
-0.05102823
-0.00244934
0.00663312
0.02869281
-0.00303355
0.02658930
0.01057982
-0.00325034
0.01987751
0.01530744
0.02827151
0.01298962
0.01304012
-0.07419897
-0.08903436
-0.05832790
-0.02729761
0.00256147
0.07311766
-0.02513330
0.01189178
0.10004161
-0.06995834
0.02170176
-0.00674476
0.05951196
-0.03479732
0.14422899
-0.08030864
0.08838428
0.06559739
-0.00518429
0.02465282
0.04748142
-0.05347093
0.06608542
0.11217740
0.00249865
-0.00953181
-0.04905237
0.01002939
0.03466557
-0.00249300
0.04677133
-0.07818353
-0.00063002
0.01628173
0.11331850
-0.03050139
0.02993116
0.09989856
-0.02897871
-0.14018619
-0.03073633
-0.00341497
0.00453898
0.14080873
-0.00248972
0.03890460
0.85726583
0.03340863
-0.05700072
0.07589139
0.01316517
0.09413306
0.05094000
-0.11215390
0.08404845
0.04091862
0.02821032
0.02613883
0.09188485
0.01718332
0.11538521
-0.03894971
0.01861561
0.10414728
-0.07067089
-0.02717564
-0.01581681
-0.07997960
0.01574577
-0.04297044
-0.00334480
0.04503629
-0.01520969
-0.02325898
-0.00113805
0.03723586
0.01787133
0.04094002
0.04770195
0.00838972
-0.02235804
0.03494392
0.06596399
0.01075033
0.04822235
-0.02271478
0.03389359
0.00160520
0.03302639
0.06239416
-0.03095008
0.00440957
0.02238822
-0.10628995
0.02212902
0.03423962
-0.05304959
0.02292959
0.02141972
0.00110134
-0.01199835
-0.01383001
0.07397151
0.03402514
-0.05359256
0.00307873
0.06490476
-0.01832863
-0.02739392
-0.01272313
-0.00188033
-0.02530511
-0.01843876
-0.02008191
0.01543170
-0.00558859
0.03143052
-0.01085623
0.03297376
-0.05059767
0.05128212
-0.01621060
0.00845040
-0.06663653
0.00380045
-0.01225207
-0.09213313
-0.01494570
0.02286443
0.02845979
0.01368699
0.00992565
0.03357752
-0.07180383
-0.06704060
-0.05684682
-0.00143369
0.02111526
0.01644676
-0.00309118
-0.02922049
-0.00771314
0.00737676
0.03194878
-0.01842416
0.00388765
0.13940883
-0.00874408
0.01678377
0.04445561
0.01763902
0.02265486
0.03892977
-0.04707041
-0.12757464
-0.01017614
0.08167411
-0.05908743
0.01076003
0.00827838
0.00252123
-0.02509664
0.01260459
-0.01797479
-0.05473193
-0.02341717
-0.09770989
-0.06123409
-0.00039096
0.01353314
-0.07232692
0.04523072
-0.05790216
-0.01944868
0.02901481
-0.00831104
-0.01286634
-0.00656389
-0.00673909
-0.00140207
0.03694113
0.03003151
-0.02602449
-0.00164243
-0.01375642
0.01926878
-0.02237787
-0.01073177
-0.09796344
0.03987549
0.08172860
-0.06966697
0.02361420
0.08210916
-0.01100096
0.02987129
0.02102401
0.03505908
-0.01561353
0.00107282
0.03086148
0.04150797
-0.11280943
0.01741467
0.04424346
0.00418745
-0.01990530
0.02215315
0.05843831
0.04345002
-0.05698442
-0.02324926
0.02816574
0.01627784
0.02721049
-0.05692651
0.02234771
-0.06367787
-0.02802972
-0.00381907
0.01935787
-0.01114691
-0.00460085
-0.01793227
-0.01460775
0.02597465
-0.00015230
-0.01215074
0.01978127
0.01507324
-0.07400945
-0.03681782
-0.05468617
-0.05589554
0.03096898
-0.01472894
-0.03494174
0.02927779
-0.03286008
0.01089241
0.02253813
0.04949583
0.08389316
-0.00890436
-0.04436084
-0.01482849
-0.02249123
0.00987261
0.04014896
0.01343473
0.02804147
0.00936499
-0.04663761
-0.02626555
0.02168826
-0.01469093
-0.02313922
0.08844500
-0.00356881
-0.00593475
-0.01799390
-0.01152098
-0.00768231
0.00702096
0.02090152
0.03984092
-0.12067397
-0.09571959
0.02665204
0.03113106
0.07275653
-0.00684341
0.07431429
-0.04182981
-0.01641459
-0.04630512
-0.04512798
-0.00761963
0.12183058
-0.03006910
0.00371894
0.03254107
-0.00944226
0.06156037
0.02150362
-0.01159864
0.03866063
-0.04994660
-0.02976630
0.05218561
-0.02861209
-0.05122900
-0.00509207
-0.00077907
0.04548703
-0.04538281
-0.00693338
-0.01591728
-0.00974893
-0.00463831
0.04278048
0.00069276
0.00244159
-0.01631175
-0.11332553
-0.01054565
0.11579890
0.04274603
-0.01157552
0.05042653
0.01908087
0.04827946
-0.03267500
0.01977307
-0.00841875
0.00709138
0.01727470
0.00586282
0.00282321
-0.00704558
-0.03145381
-0.01361069
-0.01131939
0.01025097
0.00182382
0.02946617
0.04846527
-0.03219111
-0.02968181
-0.07026998
0.02002303
-0.00870517
-0.07744670
0.08427286
-0.03368983
-0.06456348
-0.01428388
0.04160248
-0.07105522
0.00786046
0.07640791
-0.03179905
-0.03182001
-0.04862634
0.02896986
0.09797361
-0.04778884
0.05447939
-0.02019998
-0.04873555
-0.04773259
0.04297876
0.00915556
-0.02532251
0.02140982
-0.03205179
-0.03188968
-0.00147929
-0.00248698
0.00668491
-0.00194630
0.01291195
-0.04890154
-0.00857228
-0.04527555
0.06156830
-0.00581600
0.04716721
-0.07023272
-0.00290634
0.00932582
-0.02868203
-0.01239815
-0.01502752
0.01840300
-0.04632775
-0.03231538
-0.03092917
-0.01559953
0.00564359
-0.03479924
0.01999961
0.00369135
-0.02315907
-0.06359287
-0.06199489
0.01429304
-0.02204257
-0.05838527
-0.04092219
-0.05410184
0.03908710
-0.04087964
0.03120099
0.04471021
-0.00294916
-0.00022127
-0.02857540
-0.03369412
-0.00709032
0.08664101
-0.00461516
-0.00059541
0.01898928
-0.06164113
0.03420424
0.01516670
0.00490342
-0.03642691
0.02455205
-0.01527529
-0.01610393
0.05015789
-0.03056155
0.01601701
0.00232709
-0.07549724
-0.02519373
-0.03114302
-0.09610035
-0.09299220
0.06025526
-0.02263721
-0.04898771
-0.00630424
0.02654717
0.01248268
0.00520426
0.04860101
-0.03106981
0.00605131
0.00452251
-0.07138566
0.04090762
0.03935861
-0.02371120
-0.03219090
-0.03657520
-0.01135213
-0.00691482
0.00640616
0.00465034
-0.02445964
0.01776671
0.09090605
-0.03606413
-0.01083348
-0.04869227
0.01875856
0.03604553
0.01500221
-0.00916586
-0.01258327
0.01485477
0.02788687
-0.07192802
0.00901665
-0.02514395
-0.03015541
0.00384854
0.01952196
-0.20519726
0.13457815
0.02564644
-0.04370406
-0.06929210
-0.03445346
-0.00644963
-0.01551562
-0.03103996
-0.04957089
0.00300274
0.03624113
0.03524532
-0.01380067
-0.03055789
-0.00670691
0.00679187
0.01386064
-0.02758620
-0.00967635
0.04662414
-0.16138935
0.02583619
0.00382378
-0.04716794
0.00373397
-0.01283289
0.02421358
-0.03340572
0.01280571
-0.08813351
-0.07367982
-0.01493289
-0.00860283
0.04581326
-0.00171502
0.03863958
0.03247562
0.11676448
0.01729789
-0.06928151
-0.05193681
0.03598693
-0.05688815
0.09915275
-0.03783711
-0.01334587
-0.02399069
-0.05639260
-0.05375656
-0.02226664
-0.00623186
-0.16533311
-0.01026345
-0.01783125
0.07100298
-0.02342421
0.07771529
0.00154371
-0.04249865
0.01965258
0.00119719
0.00254255
-0.05219945
-0.09655090
0.06443266
-0.00846768
0.09818125
0.00068072
0.00651474
-0.00965916
-0.00286590
-0.00731218
-0.04010913
-0.03408284
-0.02096270
-0.06771985
0.05769000
0.03638133
0.01036458
0.03394058
-0.03054291
0.04253491
-0.03248242
-0.14938937
-0.00833547
-0.00873186
-0.08484761
-0.06523012
-0.01189984
0.01418935
-0.03374436
0.03934157
0.04244804
-0.07391108
-0.12216680
-0.06083543
-0.01362331
0.06233836
0.02164140
0.02301883
0.01047875
0.00897959
-0.01867715
-0.07409302
-0.03271216
0.03404964
-0.01488197
0.08789138
-0.04357557
0.01043905
0.00021174
-0.02343841
0.02262861
-0.05945940
