-0.00043667
-0.01387961
-0.02481885
0.01358554
-0.02055252
0.03932464
0.00344287
0.01953255
-0.00180883
0.00170083
-0.00246511
-0.03735587
0.00329999
-0.00523014
-0.01635454
0.00211362
-0.00569302
0.03570619
-0.08009259
0.00164473
0.00463573
0.01332172
0.03071285
-0.01040015
-0.00571360
0.00795279
-0.00163204
-0.02015139
0.00111006
-0.00914671
-0.12408333
0.01401007
0.04494381
-0.02926088
0.00123420
0.03466090
0.02825583
0.01837845
-0.00277202
-0.03130043
-0.01220949
-0.00004967
0.04799260
-0.01466569
0.01682767
0.00470184
-0.01918578
-0.02426259
0.00046470
0.02218028
0.04101918
0.04967475
-0.05156444
-0.00622418
0.03445541
-0.01142919
-0.00607507
0.01424517
0.44794968
0.02482373
0.01759072
-0.01027193
-0.00305758
-0.01325514
0.01039302
0.01516459
-0.01895505
0.01470807
-0.04636285
-0.00434889
-0.00961453
0.00509587
-0.02552202
0.01398315
-0.04360944
-0.00775132
0.00786546
0.00364502
-0.00934182
-0.16998692
-0.02258174
-0.00278049
0.00374301
-0.03946362
0.00030597
-0.02362401
-0.01677397
-0.02522398
0.01448569
-0.03419322
-0.01120520
-0.03941990
0.06215283
-0.00624800
-0.01944041
-0.01168449
-0.01532990
-0.00665844
-0.00717578
0.01321597
-0.00381076
0.00770499
-0.02984951
0.00945801
-0.00090656
0.00115131
-0.01407542
0.02455510
0.01836878
-0.00785341
-0.00994527
0.00665222
0.01810301
-0.01628044
0.00730505
0.00207056
0.05414501
-0.01156260
-0.01061068
0.00502562
0.02916153
0.01674866
0.01080941
-0.00465873
0.00206500
0.00815369
-0.03558294
-0.01017545
0.01787047
0.05630982
0.02182144
0.02668502
0.02600813
0.01392957
0.01511910
-0.02773505
-0.01766073
-0.00294171
-0.07536732
0.00781846
0.04613037
0.02665419
0.00018576
-0.00596833
0.01961788
-0.15022379
-0.01227699
-0.00918848
-0.00168623
0.00481319
0.05141750
0.00768800
0.00483269
-0.01831910
-0.00211079
-0.03802323
0.01103899
-0.01201786
0.02015444
0.02110315
-0.01568668
0.08680239
-0.01391813
-0.01107919
0.00346373
-0.00026642
0.04338169
-0.03658907
0.00135562
0.03973500
-0.00414799
-0.02054483
0.01899745
0.02223234
0.03195644
0.01336437
0.00381527
-0.00185672
-0.01477936
0.00588276
0.02786602
0.00223964
0.01842911
-0.00940872
0.04228351
-0.22655872
0.13735300
0.02107652
-0.02054421
0.05020433
-0.00192871
-0.02011936
-0.03616574
0.01205740
-0.01683586
-0.01926986
0.01769206
0.01887690
-0.04888665
-0.02001979
0.01125866
-0.00559318
0.08545871
-0.01533071
0.00506491
-0.03405081
-0.00165378
0.03205238
-0.00732806
0.06917766
-0.03801613
-0.01460198
0.02618583
0.00855060
0.01303127
-0.00332837
-0.00955747
0.04449025
-0.03076985
0.01637611
-0.02961178
-0.71252185
0.02168448
0.01749753
0.01816469
0.00180736
0.01390885
-0.01872183
0.04503080
0.02316956
-0.02044734
0.01567137
0.00577621
0.01884578
-0.05866090
-0.00393446
-0.00745588
0.00911862
-0.00043206
0.00369213
0.01135170
-0.00400533
0.07461524
-0.04738419
-0.01860798
0.00064406
0.02122524
-0.00093568
0.03142327
0.02626682
-0.00717207
0.02046704
0.01787514
0.03229596
0.01101420
0.01627994
0.11702123
0.01137985
-0.02808058
0.01328935
-0.08789061
-0.04011146
-0.04999765
-0.00272224
0.00194311
-0.10418400
0.09873081
0.01151079
-0.06230840
-0.01780930
0.11384221
0.03884384
0.01631848
0.12127052
-0.09616920
0.07235769
-0.05358190
0.02274814
0.03146026
0.02270982
-0.00679032
-0.07650306
-0.10962897
-0.01136879
-0.01184124
-0.01202387
0.01350431
0.03181141
-0.00632829
-0.05609765
0.00418522
0.01073375
0.01371682
0.08905081
-0.04095018
-0.04996534
-0.04662187
0.06165015
0.12844609
0.04837643
0.00752268
0.13525558
0.87588847
-0.05917183
-0.04425332
0.04314816
0.02172850
0.06081775
-0.03277314
-0.04459210
-0.04183176
-0.08952571
-0.06764109
0.01641088
-0.00502869
-0.01780064
0.00029087
-0.11886900
0.02087448
0.10029590
-0.02550203
-0.02144234
0.00978081
-0.02271188
0.02446863
-0.03526291
-0.01307957
0.04871642
-0.05542826
-0.04258133
0.02426681
0.04530699
-0.00919679
-0.01366071
0.02369106
0.00376359
-0.04613753
0.02700648
0.01764300
0.01333838
0.00999490
-0.03111675
0.01992864
0.00058935
0.07079343
0.12514745
-0.04108692
-0.02750747
-0.00399126
-0.04261615
-0.04467916
0.09288876
-0.05028800
0.02774837
-0.00053444
0.05140802
-0.02807448
-0.00993434
0.04761623
0.05421875
-0.04151742
-0.04280436
0.02082788
-0.05819344
-0.02930879
0.00194123
0.02554847
-0.01348407
0.01404427
-0.03802365
-0.03309790
-0.04434835
0.03271637
-0.06539936
-0.02310306
-0.02657810
0.10139225
-0.01773151
-0.00055590
-0.07538108
0.08298026
0.02302825
-0.10920769
-0.03909598
0.00701888
-0.04091278
0.01057354
-0.00092284
0.01027370
-0.05164595
-0.04182469
-0.00177722
0.08862919
0.00837253
0.04464604
0.03311178
-0.00303354
-0.00688729
-0.02026714
0.04019984
-0.00229493
-0.02639235
0.16145460
-0.02023559
-0.01512802
0.00036290
0.06662128
0.03710700
0.08537509
-0.01411122
-0.02842799
-0.05568900
0.08546931
-0.03061830
-0.02204128
0.03165591
0.01081991
-0.00479970
-0.01314291
0.02582605
-0.03817330
-0.04220061
-0.05237224
0.01041165
-0.02144337
0.02430248
-0.01571334
0.12529971
-0.04998645
-0.02922902
-0.00305144
0.02095811
-0.03749677
-0.01799714
0.02436276
0.02376949
0.00659433
0.00774895
0.00830642
0.00165429
0.00337677
0.00437116
-0.02358355
-0.03865717
-0.00425301
-0.00237548
0.08134349
-0.04800802
0.01634838
0.07439978
0.03163619
0.06421418
0.00121191
0.02332364
0.01734999
0.05354222
0.01860310
0.04316146
-0.08499558
0.06910636
0.03584628
0.02720918
-0.03680893
0.03808654
0.04896079
0.05294411
-0.04612495
-0.02596383
0.02459784
0.04585910
0.00233177
-0.05044563
0.04441642
-0.01477615
-0.02833568
-0.00134569
0.05526001
0.00740913
-0.02186077
-0.05298527
0.01803537
0.05432561
-0.02954947
-0.02634763
0.05040627
0.05821780
-0.04776134
-0.06047481
0.01578144
-0.04435742
0.02458451
0.02357875
-0.02023829
0.03359381
-0.00640576
0.00404589
0.04146809
0.03965981
0.01600140
-0.02677443
-0.04923324
0.00800086
-0.02719584
0.02059908
0.00725484
-0.01132302
0.05157010
0.06210836
-0.01759703
-0.02620804
0.01120982
-0.00408785
-0.05847900
0.10967506
0.00057867
0.03475748
-0.00634474
-0.00362388
-0.01784920
0.01426786
0.04460151
0.02181162
-0.11477578
-0.02136080
0.00274238
0.03843657
0.06823601
-0.01800401
0.04540789
-0.01697334
-0.01416327
-0.05488263
0.00652876
0.00855110
0.03983911
-0.02337363
0.02632749
0.04703550
0.01548493
0.04777217
0.01247325
0.03731490
0.02993994
-0.09130479
-0.01635309
-0.01351712
0.02872580
-0.03986339
-0.00062336
0.04813218
0.06692609
-0.09941927
0.01060246
-0.02427883
-0.02364084
0.00844696
0.04428499
0.00650248
-0.04146876
0.00305518
-0.06048186
-0.03239671
0.06589653
0.00970527
0.00331394
0.02852125
0.05632102
0.05600181
-0.03369333
0.01962753
-0.02353530
-0.03137308
0.00249725
0.00272622
0.00055895
-0.00582531
-0.02446535
0.02145339
0.01392496
0.00867949
0.01012039
-0.01617406
0.02434636
-0.04625791
-0.01119531
-0.08219766
0.00878497
-0.02149056
-0.05870832
0.05069926
-0.00866936
-0.03214705
-0.04793173
0.01388373
-0.11427980
-0.03161641
0.08686163
0.00439394
0.01250306
-0.02821098
0.04480845
0.04157431
-0.06034522
0.01402726
0.00844645
-0.06117388
0.01091519
-0.00550741
0.03079992
-0.00691304
0.03610046
-0.03475295
0.00301245
0.01450323
0.02072845
0.00987596
0.04056524
0.06067137
-0.06869090
-0.01024679
-0.01906097
0.02546319
0.02972886
0.00593024
-0.04351002
-0.01048493
0.00072715
-0.02749275
-0.00584738
-0.05807574
0.02795127
0.03023711
-0.02018303
-0.06935228
0.00893883
-0.03516743
-0.02482506
-0.00655477
0.01459265
-0.02568939
0.03651103
-0.02793672
-0.02435623
-0.02715591
-0.00324798
-0.01215586
-0.00525186
0.04711523
-0.04534046
-0.00609162
0.04779558
0.00342968
-0.03021331
0.03916486
0.00945212
-0.07180442
0.08557422
-0.01757710
-0.05483722
0.08602010
-0.04793633
0.03959134
0.00346488
0.03106832
-0.04869716
0.05841751
-0.03272581
-0.05839502
0.04377077
-0.01276975
0.02510292
-0.00196293
-0.06205592
-0.03085154
0.02014431
-0.11814253
-0.02107977
0.03553784
-0.03466098
-0.09323859
-0.00509188
0.03942452
-0.01191377
0.01307936
-0.01904778
-0.00316036
-0.02350229
-0.00258534
-0.05231491
0.01349747
0.02815759
-0.02545088
0.01732722
0.00815475
-0.04037977
0.01991633
-0.00471582
-0.02866945
0.04117471
-0.00359711
0.06023126
0.03720052
-0.06803078
-0.08249118
0.05153329
0.02326634
-0.01245437
0.04499757
0.00136746
-0.00573704
0.08996934
-0.09291167
-0.00362513
-0.03974210
-0.03964712
-0.00598742
-0.00932684
-0.08935438
0.15231220
0.02056725
-0.02535969
0.01400640
-0.05841974
-0.01347154
0.03661621
-0.03025192
-0.05605607
0.01527157
0.04595754
-0.02446521
0.02252193
-0.04441058
0.02386609
0.01811702
-0.00539381
-0.09914653
-0.01516948
0.09254273
-0.13842998
0.00889865
-0.02117180
-0.06687668
0.04102775
0.02623602
0.00164435
-0.04863849
0.01213595
-0.09011627
-0.03671397
0.01516645
-0.01274858
0.07369525
-0.00858573
0.05060077
0.00056628
0.17329450
0.00337509
-0.03340183
-0.03983360
0.05020021
-0.05579052
0.08128809
-0.03408933
-0.01441335
-0.04038210
0.02954406
-0.05982244
-0.04573899
-0.01200549
-0.19756965
-0.00308691
-0.03626092
-0.01034938
-0.06382329
0.04317541
-0.03069147
-0.01065998
-0.00258991
0.05934991
-0.01921711
-0.00660703
-0.11098997
0.10320541
0.00393437
0.09325501
-0.03099264
0.04577882
0.01271012
0.00407020
-0.03371078
0.00314924
-0.02806667
0.03282246
-0.05396536
0.03252181
0.04795745
0.02677031
0.02738776
-0.00077175
-0.05988288
-0.00155927
-0.00064351
-0.04841750
0.04213364
-0.04119732
-0.04810029
-0.02984790
-0.04931676
-0.03731977
0.03084457
0.05855178
-0.06924490
-0.09413204
-0.00611844
-0.02509950
0.01428153
0.01574199
-0.02444290
0.02616398
0.04060873
-0.10366215
-0.05692412
-0.07881358
0.04437251
0.00235400
0.04655734
0.00318623
-0.01726515
-0.00847335
-0.01668193
0.04941690
-0.02739481
