0.03172950
-0.03368292
-0.01175427
0.00288196
-0.00742591
0.01896163
0.01337330
0.04247106
0.05142598
0.01804825
0.00804046
-0.00569878
0.01744275
-0.04166773
-0.05648067
0.00602820
-0.01723048
0.00189287
-0.10076004
0.01153606
0.01933278
0.03502269
-0.03129088
-0.00284548
-0.01162564
-0.01236358
0.02681776
-0.00795029
-0.04540205
0.00188195
-0.18841368
0.00419503
0.03016237
-0.00750601
-0.02534984
0.08168588
-0.00694676
0.02660524
-0.03584393
-0.10313255
-0.02986968
0.00176873
0.05783839
-0.03817158
-0.00368508
-0.02335855
-0.00716555
0.01058273
0.01513627
0.01523686
0.02454557
-0.03531427
-0.08694832
0.01825373
0.02219946
-0.00589755
-0.02777635
0.01887107
0.36220419
-0.01096007
0.00187900
-0.00109256
-0.01455141
-0.01305494
-0.01885178
0.00433418
0.00456386
-0.01199599
-0.03127403
-0.02671805
0.01795473
-0.02013641
-0.05833936
0.00982227
0.01326032
-0.00630801
-0.01844703
0.06088563
-0.00479796
-0.08185829
-0.02066473
0.00676201
0.01832584
-0.09725963
0.08009623
0.02293226
-0.01023132
0.00213384
0.02085953
-0.03813441
0.00919586
-0.03875364
-0.02891097
0.00296720
-0.00825243
-0.01108082
0.02233519
-0.01078395
-0.05459870
0.01215513
0.00845739
0.04424151
-0.03390333
0.03167851
0.02282220
0.01068475
-0.03359369
-0.00821879
0.01867382
0.00170464
-0.01032771
0.01772634
-0.02767872
-0.00166918
0.01019654
-0.00214069
0.04344474
-0.05121076
0.02066090
-0.00695836
0.01020076
-0.00697052
-0.00221473
-0.01133568
0.01394781
0.03103339
0.01034059
-0.00109640
-0.01677207
0.10468498
-0.01470483
0.03154780
-0.01756343
0.01770938
0.07402573
-0.00965957
-0.10698090
-0.03976704
-0.10038201
-0.00471143
-0.09508950
0.01561034
-0.02508740
0.00447659
-0.01911542
-0.11456025
-0.00621065
-0.02966046
-0.02055890
0.01012477
-0.01066225
0.02365408
-0.03025561
-0.03095840
0.01150512
0.03055944
-0.05882290
-0.01888974
-0.02753790
0.03003104
-0.03992149
0.02054827
0.00583980
0.01182676
-0.02899427
-0.00519214
0.02999513
-0.02826688
-0.00101314
0.01901319
0.01767800
0.00030356
0.02319921
-0.00190308
0.04025684
0.00091505
0.03186010
-0.00083771
-0.05936162
-0.00539192
0.01853850
-0.01175589
-0.00652303
0.02070255
0.00387970
-0.12946022
-0.07317963
-0.00028085
-0.00138141
0.07194927
0.07737511
0.01353858
-0.04243477
0.01824975
-0.01508937
-0.05579619
0.01702063
-0.00465880
-0.19607392
-0.03482380
0.06109060
0.00239878
0.09015240
-0.06137646
-0.03634347
0.00089748
-0.00938256
0.00784756
-0.00957138
0.03465572
-0.07541723
-0.00985629
0.02256154
0.00422862
0.02072589
0.00649506
0.00306560
0.05578093
-0.01586153
0.03915960
-0.08333528
-0.68460310
0.00638938
0.00788986
0.00270602
-0.03488916
-0.04556604
-0.03511088
0.01085505
0.00061493
-0.05295819
-0.01222882
0.03718074
0.02687807
0.01910722
-0.02461709
-0.01046700
-0.01338713
0.01089705
-0.00683711
0.03520115
-0.00346071
0.09286437
-0.07139897
0.01262496
-0.00495647
0.00900019
0.06413532
-0.00280662
-0.02158607
-0.02313519
0.02625740
-0.02397131
0.00571578
0.01942626
-0.01558806
-0.13526207
0.09673698
-0.13311718
0.10596485
-0.12173083
-0.01371731
-0.09134252
0.10148290
0.00409152
0.05510356
-0.03210215
0.07577930
0.10578256
0.08543388
-0.00130576
0.04020790
-0.10130426
-0.00846224
-0.12110991
-0.03492334
-0.06129967
0.10440242
-0.11454030
-0.19601643
0.00904353
0.06003487
-0.14252046
-0.06148682
-0.09586879
0.01754051
-0.02631759
-0.01816483
0.06725845
0.02136337
0.09649049
0.12761661
-0.09653239
-0.00429950
-0.05463853
0.03668333
0.05452836
0.18754701
0.01113666
-0.00575649
-0.02368387
-0.00170227
0.75547868
-0.11628425
-0.00752862
0.08829140
-0.01693429
0.00838277
-0.12081324
0.06199795
0.03058838
-0.10537812
-0.05295980
0.12936701
0.03570456
0.05667558
0.06802098
0.02780963
-0.02083437
0.11472198
-0.04547151
-0.02733936
-0.02683692
-0.10345971
0.00081732
-0.03579228
0.00208894
0.03383620
0.00168200
0.00369034
-0.04211015
0.01646178
0.03201967
0.05672087
0.04666434
0.00354713
-0.03421012
0.02577812
0.06840696
0.01847280
0.02362680
-0.00570959
0.01197383
-0.01754493
0.02864843
0.08132218
-0.01582223
0.01110943
0.05220861
-0.09392086
-0.00714164
0.04570556
-0.03523520
0.02169137
0.02646266
-0.00349266
-0.01470542
0.00910930
0.09082212
0.03829528
-0.06691644
0.03344386
0.06785756
-0.04252926
-0.02319751
-0.00962085
-0.01194240
-0.00675640
-0.05658777
-0.02077378
0.03408909
-0.02797183
0.01763731
-0.01640733
0.04513831
-0.03562516
0.09030861
-0.00536345
0.03085497
-0.03631075
0.01157047
-0.02148207
-0.07137820
-0.00514533
0.03474833
0.01919693
0.01827042
-0.01490294
-0.01218231
-0.04215860
-0.06272413
-0.05205894
-0.02731720
0.02757566
0.00162253
-0.03027235
-0.03082552
-0.04273915
0.03289151
0.02042786
-0.01496439
0.00231389
0.12540425
-0.00116525
-0.01547562
0.02119217
-0.01637566
-0.00351278
0.01011458
-0.07762392
-0.10642804
-0.02237389
0.08467893
-0.06671940
0.02910036
-0.00177925
0.01131395
-0.01890053
-0.00610469
-0.03906845
-0.02598950
-0.02223356
-0.13141041
-0.06774437
-0.01126919
0.01390875
-0.06418104
-0.00183278
-0.05733027
-0.02513406
0.05832878
-0.00807031
-0.03850061
-0.01163719
-0.01951060
-0.01270218
0.03783619
-0.00984148
-0.03710031
0.01532924
-0.00184288
-0.01968116
-0.01156055
-0.01134364
-0.11439808
0.04730427
0.06813930
-0.04910239
0.01176832
0.04575065
-0.03239421
0.01399942
0.06742370
0.03786140
-0.01991784
-0.01779899
-0.00520543
0.03101142
-0.06732100
0.03924665
0.01272416
0.00691758
-0.03678277
0.04052815
0.02751582
0.03160365
-0.06645925
-0.03563419
0.00966440
0.01582232
0.02350994
-0.06595409
0.01374262
-0.04737510
0.03981275
0.00180034
-0.01125365
0.01036082
-0.04881567
-0.04171012
0.00142214
-0.00865962
-0.01097033
-0.01525245
-0.00115446
-0.01441319
-0.04840136
-0.05644391
-0.07078517
-0.05327417
0.03015046
-0.06605619
-0.03989024
0.03357449
-0.03155285
-0.01194331
-0.03862244
0.06354253
0.08241266
-0.02465160
-0.00418552
0.01672750
-0.02303691
0.02926730
0.04566734
0.01857383
0.00911600
-0.00705123
-0.04025739
0.01597472
0.02583937
0.03786869
-0.01290311
0.05610134
-0.01740988
-0.01911442
0.01353240
0.00848724
-0.02207525
0.01741884
0.03001783
0.03726567
-0.06748478
-0.09855655
0.04634361
-0.02969578
0.04479262
-0.01287429
0.08429322
-0.00552422
-0.00471752
-0.01340941
-0.08967884
-0.04670979
0.13801590
-0.05720082
0.02213522
0.02312302
-0.02771530
0.04574644
0.04728644
-0.02905648
-0.00504045
0.00280389
-0.03153022
0.07871947
-0.04604781
-0.01675160
0.01330580
0.01054065
0.04833701
-0.00457283
-0.01993517
-0.00410354
-0.03089379
-0.00579507
0.02354681
0.00644079
0.00412458
-0.01676274
-0.09359103
-0.01679941
0.09019291
0.02162835
-0.01874287
0.02212078
0.02669680
0.03660823
-0.06156043
0.00343216
-0.01015077
0.03158215
0.00417706
-0.00315290
-0.01197745
0.03061551
-0.02760590
-0.00937057
-0.02658512
0.00502472
0.00006301
0.04412638
0.03682895
-0.01943108
-0.00002727
-0.05450596
0.03031179
-0.01129726
-0.06744620
0.07113069
-0.03058217
-0.05950252
-0.02330277
0.03482122
-0.01067224
0.00248648
0.06008470
0.00869889
-0.02140764
-0.04746572
-0.00319355
0.03703310
-0.01747353
0.05385127
-0.01613220
0.00541877
-0.05337587
0.04903913
-0.01526428
-0.01693539
0.01389018
-0.05576058
-0.02403639
0.00272928
0.02884326
0.01141852
0.02705681
0.01478954
-0.05467853
-0.02000527
-0.05683132
0.04755378
-0.00663584
0.04676833
-0.06914935
-0.05861846
-0.01369429
-0.02373078
0.03640031
0.02060300
-0.01435229
-0.00374233
-0.02693727
-0.02954105
-0.02588597
0.01888886
-0.04720947
0.03201890
-0.03057552
-0.02116872
-0.08750900
-0.07555523
0.00476642
-0.04152497
-0.07919031
-0.04543997
-0.07186244
0.04239103
0.00703869
0.03659021
0.02239497
-0.01743221
0.03483415
-0.03487014
-0.03431050
0.01213057
0.06256841
-0.03510963
-0.01570584
0.02450640
0.00541359
0.04499871
0.05060674
-0.02473609
-0.03896121
0.02733152
0.01547440
0.00265366
0.04480128
-0.05830453
0.00465064
-0.01870959
-0.07245463
-0.01180241
-0.00834084
-0.04103054
-0.07762507
0.04919811
-0.00365767
-0.03156085
-0.00490445
0.01063272
0.03698095
-0.05211960
0.07289845
-0.02199413
0.02938742
0.04129695
-0.06264868
0.03534944
0.02249273
-0.01492070
0.01776151
-0.04581917
0.04257215
0.00433479
-0.02503754
-0.00967426
-0.01612983
0.02317307
0.06253365
-0.03247877
0.01746363
-0.03061332
0.03619998
0.03369496
0.00069981
-0.01596749
-0.03343051
0.01593994
-0.05292789
-0.04305907
0.04016804
-0.04075922
-0.03518214
0.01280958
0.00466482
-0.23347618
0.12000304
0.04169768
-0.05151356
-0.11488786
-0.01407613
-0.01330258
-0.05278600
-0.00611953
-0.04790923
-0.03039480
0.00277567
0.03301610
-0.02279362
-0.01838600
-0.02131527
-0.02964409
-0.02275362
-0.01409717
-0.02342220
0.03019906
-0.15007834
0.02857833
-0.00028953
-0.02120102
0.00656970
-0.04438683
0.03202741
0.01169464
-0.01939543
-0.09125440
-0.10849276
-0.02056860
-0.00343935
0.04401333
0.00114317
0.08098808
0.04795022
0.09767511
0.01756309
-0.06956904
-0.06083189
0.07073054
-0.04259679
0.06147379
-0.08862286
-0.01628836
-0.03223695
-0.10484847
-0.01957505
-0.00332097
-0.00173755
-0.12709898
0.01387118
0.01300607
0.08740187
0.02737704
0.10626657
0.01239414
-0.01941429
0.01989594
-0.01134737
0.01872803
-0.04660810
-0.02822922
0.08325371
0.00029298
0.03235462
-0.00241358
0.01608015
-0.02949179
-0.02489607
0.00952344
-0.06105826
-0.03044866
-0.03195454
-0.03921930
0.06189523
-0.00154671
0.00452505
0.02065517
-0.05524207
0.06491773
-0.04501230
-0.19394785
0.00975417
-0.07350652
-0.07314906
-0.06362921
-0.01623410
0.01790028
0.00633850
0.00663356
0.01864099
-0.04913065
-0.08650175
-0.05007548
-0.00707344
0.05343224
0.02794533
0.00997625
0.03895206
-0.00507017
0.01853136
-0.06601339
-0.07270318
0.02825522
-0.01257971
0.07756437
-0.03563810
0.02854601
-0.00340159
-0.03340693
0.01507185
-0.02827668
