-0.01296475
-0.00419278
0.01525585
-0.00337008
-0.01193035
0.02138602
-0.00795565
0.01534581
-0.02376956
-0.00772420
0.01549087
-0.02654326
-0.01234077
0.01243532
-0.01186098
-0.00843227
-0.00277538
0.01114209
-0.10838313
0.00160163
0.01391496
0.03928920
0.00166150
-0.01048419
-0.00266698
0.00310264
0.01817102
-0.01299756
0.00981674
0.00261570
-0.16248064
0.02520277
0.03977694
-0.01330531
0.00310015
0.03653565
0.03977919
0.00153019
-0.00309752
-0.03939201
-0.00175427
0.00359245
0.08198912
0.00209794
0.02818411
-0.00067312
-0.00840077
-0.00066107
-0.00879822
0.01921836
0.04250472
0.02600670
-0.03423630
-0.02907053
0.02935492
-0.01870482
0.00254229
0.01106609
0.46717751
-0.01882284
0.00188191
0.00170906
0.00326078
-0.04396188
-0.00121108
0.04292332
-0.03473597
0.03110885
-0.06587701
0.01579857
-0.01991332
0.00289071
-0.02413810
0.01694897
-0.01426275
-0.00421493
-0.01238042
0.01164185
-0.00374572
-0.18669832
-0.01225420
-0.00154450
-0.00781111
-0.03635602
0.01106391
-0.02491104
-0.01036344
-0.02450298
0.00692424
-0.03687025
-0.01765040
-0.00642559
0.03181364
0.01307857
-0.01762144
0.00277879
-0.01091589
-0.01503959
-0.01907188
0.01500661
0.00118899
0.01919455
-0.02098495
0.00008267
-0.01927070
0.00932543
-0.01650407
0.02871399
0.01396646
0.00323807
0.01330876
0.00796225
0.01573121
0.00253907
-0.00602043
0.00628376
0.01467353
-0.00767311
-0.00023415
-0.01258903
0.01625623
0.01972055
0.02076910
-0.00875382
0.02336193
0.01054663
-0.04503680
0.00677471
0.00545087
0.09561523
0.03575652
0.02836443
0.02297799
0.02104541
0.03685448
-0.02127136
-0.00724101
0.01677543
-0.07779875
0.00198182
0.02684858
0.03647831
-0.01575425
0.01797249
0.01338333
-0.17705390
-0.00523139
-0.01751831
-0.02213469
0.01324616
0.03463415
0.01211847
-0.01601744
-0.01717756
0.00933175
-0.02249907
0.02079195
-0.01475257
0.02575501
0.03967062
-0.02696652
0.06533650
-0.02518803
-0.00005008
0.00334255
0.02176758
0.01069375
-0.02545886
0.01518419
0.04745820
-0.01800751
-0.01167507
0.00527786
-0.01267883
0.01014463
0.00474027
-0.00286616
0.00936977
-0.05663611
0.02461142
0.02697785
0.00364091
0.02961685
-0.00382171
0.03563877
-0.26765826
0.13535419
0.01252282
-0.01387974
0.06007218
0.02646393
-0.01776702
-0.02470952
0.01520422
-0.02717969
0.00006411
0.07898398
0.01502596
-0.04026568
-0.01476642
-0.01354193
-0.00758247
0.11291916
0.01072320
0.01196004
-0.03949517
0.00646306
0.00471696
0.00077880
0.05129901
-0.02527645
-0.02396864
0.02501082
0.01610916
0.03544899
0.02734239
-0.01751574
0.03175266
-0.03078830
-0.01063903
-0.01524605
-0.64912087
0.02255792
0.02639798
0.03187330
0.01541588
0.02280735
-0.01918428
0.04429491
0.03383457
-0.02901173
-0.01781733
0.03526779
-0.00067697
-0.04352678
-0.01694114
0.00676470
-0.01751410
-0.00178248
0.00209772
0.02207250
-0.00573764
0.10447897
-0.01321706
-0.01110834
-0.00562745
0.00502684
-0.01454193
0.03492792
-0.00250436
0.00207779
0.00460738
0.02242137
0.02778831
0.01788802
0.00608483
-0.17090566
0.03565380
-0.11321916
0.08920775
-0.03138317
0.09066902
-0.08992578
0.08716024
-0.08002355
0.06361759
-0.01621942
0.12751336
0.10067894
-0.02304283
0.09790099
0.05709534
0.00498992
-0.05339418
-0.06658872
0.00691247
-0.01842564
0.05798558
-0.10146640
-0.15667015
-0.02190550
0.09501828
-0.08225586
-0.08457724
-0.05553579
0.01840271
-0.00993025
-0.06888889
0.09462646
-0.05159626
0.08497967
-0.00418028
-0.06504533
0.01088019
-0.06645810
0.11310104
0.12652859
0.20296043
-0.08681650
0.01639174
-0.09932346
-0.12703887
0.76122284
-0.16037001
-0.02869700
-0.01123083
-0.05460497
-0.04638740
-0.12073784
0.04005499
0.05484764
-0.02260158
-0.02039732
0.04600541
-0.09119714
-0.00332380
0.10116735
-0.03717902
-0.01040810
0.10391819
-0.06488026
-0.03435179
-0.03916969
-0.08612689
-0.01511742
-0.05651761
-0.01129232
0.02920860
0.00212488
-0.00416318
0.00409001
0.01072481
0.04429915
0.03703334
0.03623140
0.01620322
-0.01492949
0.02434347
0.06789827
-0.00347358
0.01501116
-0.00201648
0.05527388
-0.01753514
0.01212199
0.02177314
-0.03251497
0.00764662
0.07202269
-0.10527366
-0.01485014
0.03795557
-0.02321008
0.02790311
0.03091460
0.01284435
-0.01915035
-0.03503037
0.10757677
0.03900021
-0.06050181
0.00037187
0.07516112
-0.01931505
-0.04339618
-0.00876092
-0.02478731
-0.01831154
-0.05575835
-0.01236136
0.03828961
-0.02009906
-0.00405222
0.00051128
0.03908252
-0.07606349
0.06169630
-0.01572613
0.01465866
-0.05456458
0.00923832
-0.03496267
-0.07186709
0.00098711
0.06663520
0.00136082
0.04619750
-0.01358390
0.01646299
-0.04759547
-0.08520558
-0.04351649
-0.02650712
-0.00950269
0.02260287
-0.02010943
-0.02165148
-0.03861107
0.01255378
0.03944003
-0.02101593
0.03229952
0.15797746
-0.03092543
-0.01659001
0.04238609
-0.01871382
0.01192343
0.04242750
-0.05133482
-0.13850185
-0.00429339
0.04896401
-0.08387035
0.00028884
-0.02190710
-0.00446965
-0.03022503
-0.00248237
0.00249549
-0.04521837
-0.02633454
-0.11349075
-0.05278796
-0.00689049
0.02331524
-0.09162836
-0.01475898
-0.03785969
-0.02928404
0.07216749
-0.04188355
-0.04185277
-0.04465580
-0.00505876
0.00065306
-0.01717848
0.03489307
-0.04137432
0.02157463
-0.01881065
-0.00594872
0.00265721
0.00793944
-0.10383607
0.04274161
0.04953748
-0.05170552
0.00070895
0.05994351
-0.02506384
0.02341925
0.09364689
0.02088040
-0.00422963
0.01574660
0.03975398
0.05438226
-0.06775676
-0.01218449
-0.05456147
0.00455632
-0.05258698
0.02851382
0.06227122
0.02820366
-0.02098508
-0.02072258
-0.02280999
0.01800909
0.06248383
-0.05886559
0.01881078
-0.05944057
0.03239210
0.00255814
0.00871401
0.02470895
-0.02348107
-0.00773868
-0.01747599
-0.01895212
-0.01105590
-0.03956179
0.01325106
0.00542544
-0.06126613
-0.04219961
-0.03656686
-0.07236232
0.05849018
-0.01938089
-0.02184802
0.02960070
-0.04719535
-0.04003165
0.01474138
0.03211485
0.06553504
-0.01989426
-0.02994424
0.01125017
0.00820350
-0.00213840
0.00660020
0.00882354
0.01049012
-0.04805215
-0.07198166
-0.01315874
0.03000666
0.01671380
-0.02475771
0.03549403
0.01479215
-0.03355621
0.00509611
0.02505252
-0.01480270
0.01282729
0.02348237
0.07340036
-0.07847933
-0.08655173
0.05867340
-0.00707532
0.06984983
-0.04435008
0.07942159
-0.01995305
-0.00474089
-0.03894615
-0.05783716
-0.04792296
0.14666563
-0.01961664
0.00026993
0.02243369
-0.01994254
0.07474440
0.03137278
-0.04985156
0.02011477
-0.04506165
-0.02287976
0.08833583
-0.00939512
-0.00761975
-0.00137330
0.00728523
0.01848167
-0.02137820
0.02275827
0.01444325
-0.01327487
-0.01684112
0.02371720
0.00506041
-0.00201849
-0.00788083
-0.08762788
-0.00069784
0.10361736
0.02106745
-0.00907182
0.04212802
0.01956208
0.07172769
-0.06481673
-0.00273275
-0.00942064
0.01283101
0.02297311
0.00824549
0.00970148
0.02109279
-0.01878389
-0.00518909
-0.03517323
-0.03250250
0.00185836
0.02472197
0.05056687
0.00565566
-0.02014176
-0.02252663
0.03288405
-0.00203163
-0.05982761
0.08040382
-0.04938800
-0.04069894
0.00524487
0.06632394
0.02772614
-0.01619710
0.06849055
-0.02333986
-0.02313915
-0.08446418
0.02670096
0.04626534
-0.05860240
0.03861394
0.00561089
0.01061789
-0.05972782
0.03735411
-0.03378514
-0.01476959
0.03673693
-0.08556709
-0.00617964
0.01121260
0.04204680
-0.00656555
0.00374653
0.02701949
-0.02656075
-0.01955908
-0.05067403
0.05246250
-0.00008263
0.03305455
-0.06961548
-0.05448040
0.01252905
-0.02562667
0.00267032
-0.02660161
0.02035168
0.02455071
-0.02556769
-0.02373571
-0.01301160
0.02282622
-0.05642578
0.01808732
-0.00005952
-0.05186675
-0.07856883
-0.06696815
0.00591666
-0.00599068
-0.08261961
-0.03685421
-0.02787697
0.04473455
-0.02944565
0.04523173
0.01736222
0.03444098
0.04932405
-0.05888696
-0.01936122
0.01640168
0.09290694
-0.01263584
0.03048182
-0.00708598
-0.03498453
0.05601715
0.05494003
-0.04420027
-0.03947347
0.06165992
0.01510123
-0.00875749
0.05479335
-0.02780847
-0.00812800
-0.01572047
-0.06723806
-0.03225755
-0.03880271
-0.06716727
-0.08019433
0.03630927
-0.03138778
-0.01279887
-0.04451846
0.02186201
0.04205539
-0.04755057
0.03735020
-0.01029029
-0.00115676
0.02643625
-0.03962795
0.03057578
0.00669361
-0.04138723
0.03661612
-0.03240752
0.03800229
0.01092313
-0.01988741
-0.02538500
-0.05003368
0.02022848
0.03965951
-0.04044341
0.01921825
-0.02659144
0.02442072
0.02690860
0.01533767
0.02682964
0.00729100
0.02644082
0.06082928
-0.06435469
0.01096899
-0.02657656
-0.04221731
0.02667884
0.00548042
-0.20495504
0.04354262
0.02568210
-0.04319662
-0.07057317
-0.00238683
-0.02029634
-0.06158530
-0.04515619
-0.05873484
-0.05322699
0.00006840
0.03574451
-0.01776233
-0.01971205
-0.00174071
-0.00423694
-0.04822975
-0.01913089
-0.01239415
0.02009845
-0.16136616
-0.00233771
-0.03374492
-0.05920581
-0.00686537
-0.02332319
0.04588698
-0.03573409
0.00561728
-0.07332002
-0.05949613
0.00140795
-0.02302242
0.04973838
0.01218101
0.05105290
0.04253957
0.03558732
0.03562940
-0.04114278
-0.05984785
0.04761812
-0.04507037
0.07722853
-0.04654865
0.00135571
-0.03835370
-0.10640916
-0.02116849
-0.01734305
0.00315034
-0.15564187
0.00054213
0.02382809
0.05788109
0.01365677
0.08895847
0.00175547
-0.02552621
0.01165335
-0.02039149
-0.00944084
-0.04564569
-0.04811400
0.06976856
0.01270474
0.08460817
-0.01319591
0.01805818
0.01886170
-0.01768154
0.01454788
-0.05899814
-0.01609149
-0.03745307
-0.05539838
0.08543014
0.02741796
0.00628406
-0.00332038
-0.05523329
0.04516488
-0.00918291
-0.15091790
0.00823834
-0.04686359
-0.09544703
-0.05632194
0.00029469
0.02157319
-0.03393750
0.02798393
0.03802682
-0.03290150
-0.09579103
-0.03691091
-0.02399354
0.06715120
0.03698025
0.03838581
0.02697257
0.00518866
-0.01599153
-0.08372314
-0.00334899
0.03166707
0.02976851
0.04053859
-0.03652854
0.03172766
0.00891324
-0.07175525
0.01960952
-0.02935337
