0.02465540
-0.02280671
0.00787968
0.00414322
-0.00377703
0.02110133
0.00712206
0.03816287
0.00281688
0.00746879
0.00832631
-0.02185793
0.01052858
-0.01752163
-0.03485242
-0.00122548
-0.00272717
0.00630370
-0.09304171
0.00787241
0.01471354
0.05192102
-0.02497240
-0.00954523
-0.01584843
-0.00189434
0.03219932
-0.02042648
-0.03119959
-0.00878892
-0.17654014
0.01122983
0.03846178
-0.01507350
-0.00911331
0.06284469
0.01326828
0.02452818
-0.02558543
-0.07657027
-0.03022143
0.00149966
0.06906172
-0.02215338
0.00659457
-0.01461047
-0.00229211
0.00663434
0.00444452
0.02137865
0.03217515
-0.02087742
-0.06084317
-0.00616944
0.02637118
-0.02489833
-0.01696239
0.01518350
0.43322361
-0.01680126
0.00951091
-0.01238264
0.00427682
-0.03249922
-0.01989417
0.03705892
-0.02004951
0.00241331
-0.05710976
-0.00289946
0.00738886
-0.01589398
-0.05189477
0.00625909
-0.00076137
0.00274442
-0.00936973
0.03824686
-0.00013049
-0.12647694
-0.03117198
0.00065363
0.00232904
-0.06668560
0.06413294
0.00737583
-0.01212682
-0.00126971
0.02387191
-0.04833261
-0.00571077
-0.01417292
-0.01058853
0.00968311
-0.02111545
-0.00799886
-0.00099358
-0.00662493
-0.04506239
0.00246490
0.01156190
0.04442443
-0.03539002
0.01554681
-0.00061949
0.00195421
-0.02916568
0.00179965
0.01692391
0.00183417
-0.00896753
0.01615478
-0.01169830
-0.00833424
0.01241744
-0.00430660
0.02495454
-0.03482933
0.00698737
0.00179019
0.01144848
0.00062882
0.01288321
-0.01903618
0.01844038
0.02574793
-0.02217846
-0.00366201
-0.00341702
0.11973315
0.00912173
0.03231668
0.00137981
0.02588796
0.06149759
-0.01624364
-0.06870288
-0.00685179
-0.09729723
0.00303148
-0.04843367
0.01836739
-0.02344899
-0.01209048
-0.00552242
-0.12650289
-0.00703017
-0.02459500
-0.02296557
0.00478911
0.00340817
0.02019348
-0.03078485
-0.02394853
0.01122147
0.00845903
-0.02395928
-0.00771284
-0.00460052
0.03049004
-0.03278158
0.03375403
-0.01541245
0.01274746
-0.01369758
0.01429768
0.01736887
-0.02965311
0.01183029
0.02990980
0.00127411
-0.00575461
0.01447259
-0.00591769
0.03420554
-0.00627239
0.01569213
0.00307411
-0.07372199
0.00202866
0.00891920
-0.00667349
0.00545360
0.01113133
0.01313831
-0.19526859
0.03115056
0.00660529
-0.00289233
0.07362547
0.05602513
0.00451455
-0.03309636
0.02006423
-0.02252537
-0.02655737
0.06107973
0.00995850
-0.12528753
-0.03280719
0.02255368
-0.00554362
0.11571660
-0.04436903
-0.01792103
-0.01278151
-0.01385620
0.01967149
-0.00408382
0.03439575
-0.05433163
-0.02011504
0.02929367
0.01713001
0.02579493
0.01366798
-0.00596200
0.05684767
-0.02369974
0.02520094
-0.05302367
-0.69436741
0.02750259
0.02208285
0.00767645
-0.01501256
-0.01736679
-0.03371930
0.03227366
0.02291579
-0.04537750
-0.02178299
0.03883433
0.01501205
-0.01005295
-0.02814051
-0.00481436
-0.00074482
0.00535025
-0.00114169
0.02636703
0.00017237
0.09537846
-0.04322179
-0.00839488
-0.00327861
-0.00062110
0.03766491
0.00117445
-0.02156403
-0.01352654
0.02144048
-0.00670218
0.01712019
0.02362985
-0.00604857
-0.20774531
0.09571046
-0.07407403
0.08371107
-0.10836100
0.08571367
-0.05238624
0.06936274
-0.01778019
0.04735600
-0.04060685
0.14328448
0.09188942
0.04688357
0.01475650
0.02706746
-0.07849459
-0.07320523
-0.05744129
-0.05309137
0.01442391
0.06158492
-0.13539058
-0.09486928
0.04728847
0.10595846
-0.07313376
-0.06238823
-0.11018816
0.08900116
-0.06758575
-0.05016238
0.06330435
0.01306896
0.11121103
0.01302322
-0.03533754
-0.01089509
-0.04245801
0.09802471
0.03332238
0.21409269
0.03321406
-0.02242479
-0.09597667
-0.07415283
0.79447377
-0.06439735
0.02159491
0.06143419
-0.04744943
-0.00109878
-0.04068744
0.07180581
0.00140673
-0.09348366
-0.07089695
0.07527216
-0.00456900
0.08062457
0.06106769
0.03723355
0.00367859
0.03016746
-0.06925865
-0.02248613
-0.01605991
-0.10112054
0.03098527
-0.04141378
-0.00578800
0.03878512
-0.01745715
-0.01289983
-0.00202277
0.03367441
0.01765016
0.03869792
0.05556439
-0.00268566
-0.00301710
0.02270103
0.06669005
0.01554347
0.05084449
-0.01586080
0.04637327
-0.00961733
0.02582888
0.05029577
-0.02374784
0.01487898
0.04220790
-0.10121538
0.01795284
0.04321796
-0.04585858
0.01577657
0.03408812
0.00867517
-0.00141724
0.00353526
0.09298565
0.02692185
-0.06592634
-0.00435089
0.06162367
-0.02641745
-0.03568681
-0.00031913
-0.00856107
-0.04373340
-0.02922755
-0.02937536
0.03392788
-0.01059810
0.01463446
-0.02292514
0.02384487
-0.05713675
0.07804905
-0.03090870
0.00888620
-0.04526183
0.01705779
-0.02717804
-0.09815809
-0.00243786
0.02753435
0.03162632
0.02172662
-0.00341897
0.00069263
-0.06074341
-0.07354401
-0.05212662
-0.01174940
0.00509985
0.00989450
-0.01527541
-0.03032079
-0.03432872
0.01731188
0.02725038
-0.02594845
0.00262712
0.16195898
-0.01970310
0.01391467
0.04769816
0.00887315
0.02991748
0.03037559
-0.03913807
-0.14730071
-0.01190327
0.06457170
-0.06550695
-0.00225871
0.01615079
0.00141174
-0.03587008
0.01654266
-0.00856340
-0.03918335
-0.01257319
-0.10598196
-0.03761864
-0.00334485
0.01793671
-0.05524256
0.03599347
-0.06860714
0.00454304
0.03003219
-0.01561969
-0.01555457
0.00082721
-0.00892502
-0.01719900
0.02125534
0.02035408
-0.05418741
0.00811681
-0.01172091
0.00219600
-0.02271153
-0.02251287
-0.13149434
0.02428501
0.07871413
-0.04912628
0.02904628
0.06850677
-0.01536402
0.02641017
0.04852201
0.03367772
-0.00474110
0.01443901
0.03294966
0.03365709
-0.09597523
0.00043766
-0.00708375
0.00537767
-0.02627748
0.01539784
0.05421652
0.05358665
-0.03846287
-0.03128465
0.01500095
-0.00104235
0.03888356
-0.05916886
0.01673027
-0.06286098
-0.01482429
-0.00183570
0.01310747
-0.01164543
-0.01798670
-0.00270933
-0.01148392
0.00753389
0.00617741
-0.02178177
0.02341109
0.00889344
-0.06656468
-0.03748690
-0.04091460
-0.05628181
0.04242773
-0.02093783
-0.01990664
0.03086540
-0.05430518
0.00844286
0.01879844
0.05270445
0.09711409
-0.00286108
-0.04563301
-0.01198760
-0.01573621
0.01728333
0.03206262
0.01785188
0.01869928
-0.01259060
-0.05221449
-0.01155570
0.03522406
-0.00201560
-0.03155465
0.07214557
0.00022672
-0.01494468
-0.01878203
-0.00973494
-0.00498373
0.01929435
0.02078706
0.05204883
-0.10297254
-0.10760292
0.05006276
0.01234091
0.08800542
-0.03718464
0.08561654
-0.04196732
-0.00978228
-0.02943179
-0.07850353
-0.02007984
0.15346813
-0.01843103
0.00668809
0.00277039
-0.01615061
0.05445014
0.02316225
-0.02034409
0.02809258
-0.04196732
-0.02241767
0.07271461
-0.02187156
-0.03408145
-0.01003033
-0.00039377
0.02923188
-0.02907548
-0.01252795
-0.01429732
-0.00638143
0.00258250
0.05118812
-0.00296515
-0.00511427
-0.01050742
-0.11365801
-0.00420459
0.10001513
0.04998888
-0.01664978
0.05351723
0.02528771
0.04554930
-0.04162038
0.02274852
-0.00609800
0.00484005
0.01305092
0.01823668
0.00837169
0.00491644
-0.03825998
-0.01568553
-0.01023564
0.00463990
-0.02217882
0.02974979
0.05036765
-0.02238879
-0.02383432
-0.03299944
0.01744664
0.01225539
-0.07615786
0.07297148
-0.03238432
-0.05297621
-0.01030622
0.05800635
-0.04261678
0.00265471
0.08626623
-0.04264890
-0.04034526
-0.04905041
0.03814935
0.08656835
-0.04954580
0.05068927
-0.01657303
-0.01190624
-0.04674557
0.04064634
-0.00959645
-0.01990583
0.01973974
-0.06416976
-0.01742076
0.00651728
0.02174111
0.01707395
0.00324884
0.02123822
-0.03749213
-0.00706905
-0.04045412
0.06056700
-0.00557412
0.04959882
-0.08435924
-0.01739879
0.00915013
-0.01839976
0.00329438
-0.01776755
0.01295251
-0.02320855
-0.03466250
-0.04278201
-0.03774506
0.00739722
-0.03269567
0.01586142
-0.01297789
-0.03080569
-0.06990249
-0.06363638
0.01370085
-0.02424365
-0.05508643
-0.04212417
-0.04903600
0.04471125
-0.00364694
0.02703864
0.03385302
0.00860655
0.01512912
-0.02710702
-0.01622366
0.00012664
0.08877587
-0.00229121
0.02316791
0.00769738
-0.05564328
0.04802734
0.03436881
-0.02537944
-0.03121401
0.02222588
0.00685441
-0.01085576
0.03404417
-0.02666990
0.00520151
-0.01406097
-0.06418723
-0.00980855
-0.04338983
-0.08134269
-0.08527538
0.05631006
-0.01544662
-0.03233539
-0.01247716
0.01983625
0.02794627
-0.00399116
0.05069848
-0.02941368
-0.00307814
0.00779454
-0.05282151
0.03997144
0.03190238
-0.02728471
-0.00949054
-0.02622406
0.01218776
0.00460481
-0.01381953
-0.00166704
-0.03523737
-0.00187562
0.07903384
-0.03300873
0.00891910
-0.04550491
0.04417215
0.03226035
0.01830495
0.00406802
0.00099684
0.04050133
0.03801220
-0.04852913
0.00882546
-0.01799854
-0.02712375
0.01261638
0.01553427
-0.22867317
0.12024096
0.02837338
-0.04981259
-0.07357245
-0.01977239
-0.00837657
-0.02683954
-0.06116783
-0.04040641
-0.01061023
0.01521432
0.02685394
-0.02080665
-0.03736508
0.00051854
-0.00878172
-0.00776404
-0.02000546
-0.00149133
0.03132990
-0.15746436
0.00515079
0.00194748
-0.02832498
0.02004406
-0.02154318
0.02653998
-0.01903082
0.02984955
-0.07974977
-0.07620329
-0.02002434
-0.00993701
0.05641777
0.00513243
0.03700029
0.03452792
0.10227757
0.02642666
-0.06496832
-0.03488087
0.04722481
-0.04027989
0.10132279
-0.03573188
0.00814681
-0.04185118
-0.07888602
-0.03225164
-0.01515092
-0.00140633
-0.16904321
0.01063371
0.00368824
0.06182962
-0.00470483
0.08983655
-0.00579861
-0.03558336
0.01731409
-0.02997775
-0.00784682
-0.04168509
-0.08246402
0.06003216
-0.00419882
0.08780691
0.01350036
0.00512137
0.00295513
-0.00569147
0.00355975
-0.05107084
-0.02746789
-0.02056205
-0.06122878
0.07137845
0.03776797
0.02404262
0.03416402
-0.04824283
0.03944692
-0.00693375
-0.16245657
-0.00430850
-0.03668301
-0.06978325
-0.04867148
-0.00428130
0.01211653
-0.02083571
0.03256656
0.03314903
-0.05041148
-0.12262937
-0.03804522
-0.00182955
0.06839577
0.02569254
0.00608023
0.01751701
0.02260022
-0.00159412
-0.05936161
-0.03724637
0.02348265
-0.00443525
0.07225977
-0.04773329
0.03649029
0.00602753
-0.04870655
0.02376333
-0.06357470
