-1.341824047267436981e-02
-6.854690582258626819e-05
3.254987299442291260e-03
-3.472933080047369003e-03
-5.535073112696409225e-03
2.618821337819099426e-02
-1.044856198132038116e-02
5.517620127648115158e-03
-2.835476025938987732e-02
-8.029022254049777985e-03
9.328089654445648193e-03
-2.302381210029125214e-02
-1.626868359744548798e-02
4.688979126513004303e-03
-6.284252274781465530e-03
-8.271245285868644714e-03
-1.146865979535505176e-04
7.653626613318920135e-03
-1.002844050526618958e-01
3.407272975891828537e-03
1.045974623411893845e-02
3.455169498920440674e-02
1.471994258463382721e-02
-1.575203798711299896e-02
1.052835490554571152e-03
1.065861992537975311e-02
1.473142392933368683e-02
-9.587710723280906677e-03
5.943447817116975784e-03
-2.577406819909811020e-03
-1.477042734622955322e-01
1.366145722568035126e-02
3.283922001719474792e-02
-1.829796656966209412e-02
3.661852970253676176e-04
2.488365955650806427e-02
3.637355193495750427e-02
-3.450869116932153702e-03
-3.585645172279328108e-04
-2.348179183900356293e-02
9.422612376511096954e-03
-8.431755122728645802e-04
7.245395332574844360e-02
-1.964597729966044426e-03
1.881711743772029877e-02
5.511282011866569519e-03
-1.473623514175415039e-02
-1.658644340932369232e-02
-8.880168199539184570e-03
2.529557794332504272e-02
3.420732542872428894e-02
3.932333365082740784e-02
-3.792153298854827881e-02
-1.522289030253887177e-02
2.407418563961982727e-02
-1.783320493996143341e-02
1.263372041285037994e-02
1.043347176164388657e-02
4.717343151569366455e-01
-6.754831410944461823e-03
-1.098030246794223785e-03
-9.869729168713092804e-03
5.485157482326030731e-03
-3.902504965662956238e-02
3.747440176084637642e-03
3.773970156908035278e-02
-2.922797948122024536e-02
2.646165341138839722e-02
-5.996977537870407104e-02
1.693621277809143066e-02
-2.084271982312202454e-02
4.901027306914329529e-03
-2.826033532619476318e-02
1.666557788848876953e-02
-1.782531850039958954e-02
-1.422642730176448822e-02
-9.726784192025661469e-03
-4.755629226565361023e-03
2.913675503805279732e-03
-1.892165243625640869e-01
-6.428486667573451996e-03
-9.979733265936374664e-03
-2.217659959569573402e-03
-2.609106339514255524e-02
-9.077838622033596039e-03
-2.685926295816898346e-02
-1.839269883930683136e-02
-2.414324879646301270e-02
8.423717692494392395e-03
-1.649386435747146606e-02
-2.377531491219997406e-02
-1.641830429434776306e-02
5.455384030938148499e-02
1.217491459101438522e-02
-1.685979031026363373e-02
4.033302888274192810e-03
-1.264763716608285904e-02
-2.476549893617630005e-02
-1.613509841263294220e-02
1.673223823308944702e-02
2.849128795787692070e-03
6.579971406608819962e-03
-1.869554072618484497e-02
-3.192108590155839920e-03
-2.138506248593330383e-02
3.847278887405991554e-03
-1.176365558058023453e-02
3.084925934672355652e-02
9.642967022955417633e-03
-7.784456014633178711e-03
6.007803604006767273e-03
4.829025361686944962e-03
1.313586905598640442e-02
6.309773743851110339e-05
-7.927967235445976257e-03
1.219302415847778320e-03
2.213772758841514587e-02
-2.880803775042295456e-03
-8.979718200862407684e-03
4.081596154719591141e-03
1.946991123259067535e-02
2.204856090247631073e-02
1.230749394744634628e-02
-8.696175180375576019e-03
2.664823271334171295e-02
-3.469365474302321672e-04
-3.002425283193588257e-02
-5.014316178858280182e-03
5.751864984631538391e-03
8.927443623542785645e-02
4.121239855885505676e-02
2.026535943150520325e-02
2.806269936263561249e-02
1.240274868905544281e-02
1.596997119486331940e-02
-2.585755474865436554e-02
3.628933336585760117e-03
2.032831683754920959e-02
-8.947295695543289185e-02
6.258270237594842911e-03
5.472368746995925903e-02
2.299847267568111420e-02
-7.353834342211484909e-03
1.181826926767826080e-02
8.057510480284690857e-03
-1.793222427368164062e-01
-7.900354452431201935e-03
-6.569824181497097015e-03
-1.944210939109325409e-02
7.297869306057691574e-03
4.690756648778915405e-02
1.089930161833763123e-02
-1.171804126352071762e-02
-1.515784766525030136e-02
-2.266948111355304718e-03
-2.754393592476844788e-02
2.090877294540405273e-02
-8.699969388544559479e-03
3.436256200075149536e-02
3.603645786643028259e-02
-1.508263964205980301e-02
7.917982339859008789e-02
-2.385655604302883148e-02
-8.230076171457767487e-03
6.159330718219280243e-03
1.895144954323768616e-02
1.905450597405433655e-02
-1.964253745973110199e-02
1.272927876561880112e-02
4.468769207596778870e-02
-1.703640632331371307e-02
-1.674304716289043427e-02
7.362707052379846573e-03
-8.664526976644992828e-03
8.133249357342720032e-03
8.063684217631816864e-03
-9.957966394722461700e-03
9.582610800862312317e-03
-4.918127506971359253e-02
2.165716886520385742e-02
1.937890052795410156e-02
1.111413445323705673e-02
2.877528592944145203e-02
-7.663060445338487625e-03
4.750442877411842346e-02
-2.760583758354187012e-01
1.694642007350921631e-01
2.182031422853469849e-02
-1.209118496626615524e-02
6.035207957029342651e-02
1.061544846743345261e-02
-1.974163390696048737e-02
-2.185781113803386688e-02
1.303673442453145981e-02
-1.884848810732364655e-02
-3.085590200498700142e-03
7.261139899492263794e-02
2.155206352472305298e-02
-1.335789542645215988e-02
-1.510447170585393906e-02
-1.011740416288375854e-02
-2.589762909337878227e-03
1.106648445129394531e-01
1.075808051973581314e-02
9.834147058427333832e-03
-4.275146126747131348e-02
6.951631978154182434e-03
5.662090145051479340e-03
-7.303693331778049469e-03
5.446158349514007568e-02
-1.262286957353353500e-02
-1.667851768434047699e-02
2.433577924966812134e-02
1.061557885259389877e-02
1.448351331055164337e-02
2.206475473940372467e-02
-1.990425772964954376e-02
2.118955552577972412e-02
-2.618620544672012329e-02
6.911721720825880766e-05
-5.787938134744763374e-04
-6.467720866203308105e-01
1.850381121039390564e-02
1.910025626420974731e-02
2.323953434824943542e-02
1.238374970853328705e-02
3.093326464295387268e-02
-1.641704887151718140e-02
4.459033161401748657e-02
2.613479830324649811e-02
-1.807158626616001129e-02
-8.904771879315376282e-03
2.956878207623958588e-02
-8.538991096429526806e-04
-5.992383137345314026e-02
-1.319135259836912155e-02
6.154142320156097412e-03
-2.864956390112638474e-03
-5.007213912904262543e-03
8.152901194989681244e-03
-6.915634730830788612e-04
4.158471710979938507e-03
1.016592085361480713e-01
-1.962948217988014221e-02
-1.675322093069553375e-02
-4.226888529956340790e-03
1.586531475186347961e-02
-1.512488257139921188e-02
3.135131672024726868e-02
3.232982242479920387e-03
-3.832653164863586426e-03
1.245478913187980652e-02
3.206389397382736206e-02
3.297127783298492432e-02
6.289483979344367981e-03
1.667898520827293396e-02
1.153938099741935730e-01
3.654814511537551880e-02
-8.034878224134445190e-02
6.300781667232513428e-02
7.650533318519592285e-02
7.214712351560592651e-02
-3.656667098402976990e-02
-2.640799246728420258e-02
-1.171806678175926208e-01
1.288641989231109619e-01
6.291460990905761719e-02
1.001198887825012207e-01
1.262324769049882889e-02
-3.073025494813919067e-02
4.212472215294837952e-02
1.264896541833877563e-01
6.467907875776290894e-02
-3.696532920002937317e-02
-8.000753819942474365e-02
2.363138133659958839e-03
-1.404801160097122192e-01
1.665920205414295197e-02
-2.558512613177299500e-03
-6.497490406036376953e-02
-9.770304709672927856e-02
6.465145945549011230e-02
-1.648681052029132843e-02
-5.781470611691474915e-02
-5.118870362639427185e-02
2.865692414343357086e-02
6.518696248531341553e-02
-4.021385218948125839e-03
-1.516986917704343796e-02
-1.476844996213912964e-01
4.092705994844436646e-02
-8.527143299579620361e-02
-6.424893438816070557e-02
6.992176920175552368e-02
-3.107321262359619141e-02
1.117820814251899719e-01
-8.675924688577651978e-02
1.181734725832939148e-01
-6.671929359436035156e-02
-4.022069647908210754e-02
-2.868697419762611389e-02
-1.254418939352035522e-01
7.842759490013122559e-01
-1.474037766456604004e-01
-9.001772850751876831e-02
-1.664071977138519287e-01
-6.562784314155578613e-02
1.819207705557346344e-02
-6.320759654045104980e-02
6.917323172092437744e-02
6.843067705631256104e-02
-5.196709558367729187e-02
4.495532810688018799e-02
8.848956227302551270e-02
-1.222737133502960205e-01
-5.384501814842224121e-02
4.812836274504661560e-02
-9.430802613496780396e-02
-1.103676855564117432e-02
8.577504754066467285e-02
-4.840625450015068054e-02
-2.913483977317810059e-02
-4.968753829598426819e-02
-8.196253329515457153e-02
1.942153275012969971e-02
-6.033316627144813538e-02
-1.011158619076013565e-02
1.734714210033416748e-02
-3.809169866144657135e-03
1.238208642462268472e-04
3.487770678475499153e-03
2.176005393266677856e-02
2.852516993880271912e-02
3.467061743140220642e-02
3.278619050979614258e-02
-7.324895355850458145e-03
-2.960954606533050537e-02
-4.523110110312700272e-03
7.511394470930099487e-02
2.098458819091320038e-02
6.391766946762800217e-03
-2.045075781643390656e-02
6.402219831943511963e-02
5.836377968080341816e-04
-7.619875948876142502e-03
2.751642093062400818e-02
-2.175203897058963776e-02
1.028897613286972046e-02
2.770260348916053772e-02
-1.075244098901748657e-01
-2.091351710259914398e-02
5.238630622625350952e-02
-3.353109583258628845e-03
5.619497969746589661e-02
1.328317262232303619e-02
3.960001096129417419e-02
1.180452480912208557e-02
-2.421111427247524261e-02
1.085766702890396118e-01
1.201811619102954865e-02
-5.025088042020797729e-02
-1.537132263183593750e-02
5.112503096461296082e-02
1.750105875544250011e-03
-1.926014199852943420e-02
-1.034559245454147458e-04
-4.502579942345619202e-02
-4.966375231742858887e-02
-4.317595809698104858e-02
-4.174355417490005493e-02
3.865426406264305115e-02
-1.359580364078283310e-02
-1.911254599690437317e-02
6.334968842566013336e-03
4.092600196599960327e-02
-9.675098955631256104e-02
-1.630210690200328827e-02
-2.792881615459918976e-02
-3.589045628905296326e-02
-3.863751515746116638e-02
3.247681539505720139e-03
-4.480054602026939392e-02
-1.050008013844490051e-01
3.388922289013862610e-02
6.719040125608444214e-02
1.104687806218862534e-02
3.038355521857738495e-02
2.957315370440483093e-02
4.523366317152976990e-02
-2.264222316443920135e-02
-7.468477636575698853e-02
-3.868930414319038391e-02
3.440641984343528748e-02
-3.449188545346260071e-02
1.268277876079082489e-02
-3.804313763976097107e-02
-3.866720944643020630e-02
-5.991565808653831482e-02
3.461124375462532043e-02
5.210969597101211548e-02
-2.791621163487434387e-02
-1.754426397383213043e-03
1.295269727706909180e-01
-2.968237362802028656e-02
2.345378138124942780e-02
7.359194010496139526e-02
-4.206612333655357361e-02
6.551809608936309814e-03
5.743787065148353577e-02
-2.996880188584327698e-02
-1.424036920070648193e-01
3.478161524981260300e-04
7.449788041412830353e-03
-6.815233826637268066e-02
7.394830696284770966e-03
-2.267634123563766479e-02
-2.153209969401359558e-02
-3.233420476317405701e-02
4.505595192313194275e-03
-2.089135814458131790e-03
-1.491482835263013840e-02
-1.829159259796142578e-02
-1.195331960916519165e-01
-4.234391450881958008e-02
5.881546996533870697e-03
7.983580231666564941e-03
-9.020758420228958130e-02
-4.179994389414787292e-02
-4.855315014719963074e-02
2.431070059537887573e-02
9.727703034877777100e-02
-7.583910971879959106e-02
-2.429756708443164825e-02
-5.341472849249839783e-02
-2.479911549016833305e-03
-8.474620990455150604e-03
-6.099071819335222244e-03
2.188753522932529449e-02
-2.205165661871433258e-02
1.898871734738349915e-02
-2.277039550244808197e-02
6.746333092451095581e-03
8.394952863454818726e-03
-1.435774751007556915e-02
-1.121616587042808533e-01
4.669246450066566467e-02
4.424666613340377808e-02
-3.851444646716117859e-02
-3.032304579392075539e-03
1.100798994302749634e-01
-2.275355905294418335e-02
8.005039766430854797e-03
9.585015475749969482e-02
3.539789235219359398e-03
9.397619403898715973e-03
2.226470969617366791e-02
6.719475984573364258e-02
2.208928018808364868e-02
-7.069519907236099243e-02
-4.419436678290367126e-02
-1.584789901971817017e-02
-8.139047771692276001e-03
-5.858846008777618408e-02
-7.948420010507106781e-03
9.087889641523361206e-02
2.673321403563022614e-02
-5.019319709390401840e-03
3.959858324378728867e-03
-3.688723221421241760e-02
6.202968506840988994e-05
7.084123790264129639e-02
-2.218679711222648621e-02
3.097842819988727570e-02
-7.793874293565750122e-02
2.614596672356128693e-02
-1.022306550294160843e-02
5.238708690740168095e-04
-1.233322266489267349e-02
1.850866898894309998e-02
3.785878419876098633e-02
-3.357714042067527771e-02
4.410440567880868912e-03
-9.656964801251888275e-03
-2.779858559370040894e-02
-2.522315829992294312e-03
3.379416093230247498e-02
-4.337265342473983765e-02
-7.839138805866241455e-02
-1.693669706583023071e-02
-3.954462334513664246e-02
5.091086775064468384e-02
-2.001793822273612022e-03
-4.129871260374784470e-03
5.057696253061294556e-02
-6.540292501449584961e-02
-3.712192550301551819e-02
1.931625232100486755e-02
4.872499406337738037e-02
5.483959987759590149e-02
1.979441754519939423e-02
-3.395552933216094971e-02
2.403125632554292679e-03
2.100541628897190094e-02
1.315223402343690395e-03
1.352951675653457642e-02
1.863994821906089783e-02
-7.823095656931400299e-04
-9.378650039434432983e-02
-8.727997541427612305e-02
3.205060213804244995e-02
3.974849358201026917e-02
1.587536768056452274e-03
-4.954572394490242004e-02
-4.514897707849740982e-03
7.581500685773789883e-04
-3.849088028073310852e-02
-1.827761344611644745e-02
-8.825758472084999084e-03
9.800121188163757324e-03
2.434593811631202698e-02
1.905146054923534393e-02
8.199216425418853760e-02
-4.806434363126754761e-02
-4.574153199791908264e-02
2.356887236237525940e-02
7.899441756308078766e-03
6.242094933986663818e-02
-2.362304739654064178e-02
4.541181772947311401e-02
-5.029439553618431091e-02
-1.232030335813760757e-02
-2.747207693755626678e-02
-1.114030778408050537e-01
1.117067225277423859e-02
1.412354409694671631e-01
1.526035368442535400e-02
-1.902569457888603210e-02
-5.146884359419345856e-03
-7.849100977182388306e-03
6.525747478008270264e-02
-1.917148754000663757e-02
-5.242034047842025757e-02
2.146770991384983063e-02
-4.995597526431083679e-02
-5.707193166017532349e-02
7.040285319089889526e-02
4.915812611579895020e-02
-3.824001550674438477e-02
-1.108703389763832092e-02
2.618063986301422119e-02
1.183680165559053421e-02
2.671091072261333466e-02
-1.309819985181093216e-02
1.225984189659357071e-02
1.314419321715831757e-02
-1.405626814812421799e-02
7.057993859052658081e-02
-5.022097844630479813e-03
1.946464926004409790e-02
-2.766216546297073364e-02
-6.821712851524353027e-02
-2.969315461814403534e-02
1.083763390779495239e-01
2.485187351703643799e-02
-5.871155764907598495e-03
5.907048657536506653e-02
-4.706843756139278412e-03
6.281296163797378540e-02
-4.612014070153236389e-02
2.193474397063255310e-02
-1.051778625696897507e-02
1.669223606586456299e-02
2.084816060960292816e-02
4.391908273100852966e-02
-1.044518034905195236e-02
-6.571020465344190598e-03
-8.693931996822357178e-02
1.690115034580230713e-02
-2.888200059533119202e-02
-2.251523360610008240e-02
1.180275529623031616e-02
3.567007184028625488e-02
6.148959323763847351e-02
-3.459819359704852104e-03
3.538556164130568504e-03
-8.056999184191226959e-03
9.871934540569782257e-03
2.662922814488410950e-02
-6.353105604648590088e-02
4.459124431014060974e-02
-4.475345462560653687e-02
-4.359203949570655823e-02
-7.288882974535226822e-03
6.426241993904113770e-02
-1.719839684665203094e-02
-9.925703518092632294e-03
7.975324243307113647e-02
-6.876207888126373291e-02
-4.948987439274787903e-02
-7.353991270065307617e-02
2.780506201088428497e-02
4.507870599627494812e-02
-5.525551363825798035e-02
5.501143634319305420e-02
-2.416183054447174072e-02
-1.871900312835350633e-04
-2.562626078724861145e-02
4.745788872241973877e-02
-3.166768327355384827e-02
-5.736120417714118958e-02
9.701383300125598907e-03
-7.820478826761245728e-02
-1.735358498990535736e-02
-4.463459481485188007e-04
7.439583539962768555e-02
1.243919227272272110e-02
-1.625500991940498352e-02
2.996109053492546082e-02
1.641495339572429657e-02
-3.691578283905982971e-02
-3.022724762558937073e-02
4.725001752376556396e-02
-1.845364086329936981e-02
5.077221989631652832e-02
-5.589124560356140137e-02
-3.844687715172767639e-02
-4.713242407888174057e-03
-1.754375733435153961e-02
-2.473548240959644318e-02
-1.983415335416793823e-02
3.338405117392539978e-02
-2.046559238806366920e-03
-1.746780425310134888e-02
-2.700254321098327637e-02
8.134725503623485565e-03
1.447168178856372833e-02
-2.048770897090435028e-02
-9.417544119060039520e-03
-8.289875462651252747e-03
-3.532367944717407227e-02
-5.670013651251792908e-02
-5.302280932664871216e-02
1.505150832235813141e-02
-2.610326511785387993e-03
-7.041388750076293945e-02
-3.108986467123031616e-02
-3.237427398562431335e-02
5.182417482137680054e-02
-1.982837915420532227e-02
1.080898754298686981e-02
1.632047444581985474e-02
3.999032825231552124e-02
4.288250207901000977e-02
-5.100106820464134216e-02
-2.018155716359615326e-02
1.474201306700706482e-02
4.043238982558250427e-02
1.394569501280784607e-02
7.120627909898757935e-03
-4.501376301050186157e-02
-4.940652474761009216e-02
3.623756393790245056e-02
1.777188293635845184e-02
-4.441864416003227234e-02
-1.422723568975925446e-02
-8.570615202188491821e-03
8.491680026054382324e-02
2.678151801228523254e-02
3.880135715007781982e-02
-2.279868815094232559e-03
-3.899650473613291979e-04
-1.615815423429012299e-02
-1.286517828702926636e-02
-1.471183076500892639e-02
-2.327048964798450470e-02
-6.481859833002090454e-02
-8.199977874755859375e-02
5.130492895841598511e-02
-7.660873699933290482e-03
-4.984042420983314514e-02
-3.741282969713211060e-02
3.588951658457517624e-03
7.394679635763168335e-02
-2.195102535188198090e-02
4.011784121394157410e-02
-4.837554320693016052e-02
3.746793791651725769e-02
1.154762040823698044e-02
-5.448917299509048462e-02
5.516246333718299866e-02
2.573579840827733278e-04
-2.727226354181766510e-02
2.783443406224250793e-02
-1.092353183776140213e-02
4.085871949791908264e-02
1.807865872979164124e-02
-1.891433633863925934e-02
-8.388857357203960419e-03
-4.025189206004142761e-02
-5.901887081563472748e-03
2.377257682383060455e-02
-4.614292457699775696e-02
1.136097684502601624e-02
-4.386723414063453674e-02
-7.396302651613950729e-03
4.298498388379812241e-03
3.037777543067932129e-02
4.783833026885986328e-02
4.432444646954536438e-02
4.037455469369888306e-02
7.047279179096221924e-02
-2.290712855756282806e-02
-1.217956561595201492e-02
1.677676849067211151e-02
-3.566284105181694031e-02
1.001091580837965012e-02
-1.429108530282974243e-02
-1.959745734930038452e-01
-3.163754567503929138e-02
1.111162919551134109e-02
-8.464263752102851868e-03
-7.601293176412582397e-02
-2.246106415987014771e-02
2.343273255974054337e-03
-4.719455540180206299e-02
-6.737485527992248535e-02
-4.060536623001098633e-02
-1.152404025197029114e-02
7.723507937043905258e-03
4.027703404426574707e-02
-1.148476917296648026e-02
-6.287301331758499146e-02
-2.856814861297607422e-02
1.546919345855712891e-02
-3.544958308339118958e-02
-2.553763054311275482e-02
-3.742303466424345970e-03
-3.785820910707116127e-03
-1.571749001741409302e-01
-8.012953214347362518e-03
-3.873455524444580078e-02
1.478727534413337708e-02
2.332887984812259674e-02
-4.713633563369512558e-03
5.836339294910430908e-02
-4.984689503908157349e-02
1.140114758163690567e-02
-7.037141919136047363e-02
-3.919022157788276672e-02
-1.024440978653728962e-03
-3.259292989969253540e-02
3.126091032754629850e-04
3.056015586480498314e-03
4.196080937981605530e-02
5.480387434363365173e-02
7.548820227384567261e-02
3.113802708685398102e-02
-3.440929576754570007e-02
-3.693374991416931152e-02
7.717111706733703613e-02
-3.326762840151786804e-02
1.015781760215759277e-01
-1.144659332931041718e-02
2.872433140873908997e-02
-5.795783549547195435e-02
-6.774640083312988281e-02
-5.412880331277847290e-02
-4.186883103102445602e-03
-1.544548198580741882e-02
-1.343979388475418091e-01
-2.518390491604804993e-02
2.865854464471340179e-02
4.031224176287651062e-02
6.501514930278062820e-03
1.111286599189043045e-02
3.550859633833169937e-03
-3.950306773185729980e-02
3.112155199050903320e-02
-8.334456384181976318e-02
-1.555077172815799713e-02
-3.736488148570060730e-02
-2.034448459744453430e-02
3.798561915755271912e-02
1.923684403300285339e-02
7.397883385419845581e-02
-1.008524000644683838e-02
-1.435347367078065872e-03
6.496564019471406937e-03
-3.596207872033119202e-02
-6.719088181853294373e-03
-7.147809863090515137e-02
1.518458942882716656e-03
-1.669794321060180664e-02
-4.190453141927719116e-02
6.971396505832672119e-02
5.083382874727249146e-02
-9.538490325212478638e-03
2.706010825932025909e-02
-5.289571732282638550e-02
4.511760547757148743e-02
-1.465061772614717484e-02
-1.287648230791091919e-01
7.590149063616991043e-03
-4.930334910750389099e-02
-7.208310067653656006e-02
-4.768355190753936768e-02
1.336872857064008713e-02
2.694917283952236176e-02
-6.982711702585220337e-02
3.353787213563919067e-02
3.462823107838630676e-02
-2.654645405709743500e-02
-8.584168553352355957e-02
-3.905922174453735352e-03
-2.755369059741497040e-03
9.347289800643920898e-02
2.938763611018657684e-02
1.996401511132717133e-02
1.963436231017112732e-02
8.528446778655052185e-03
-6.427756696939468384e-02
-6.825850158929824829e-02
3.586722537875175476e-02
3.686359524726867676e-02
4.600150510668754578e-02
-8.832775987684726715e-03
-6.455641984939575195e-02
4.321658611297607422e-02
-5.213307216763496399e-02
-5.344939976930618286e-02
3.461533039808273315e-02
-8.038588613271713257e-02
