-1.382447406649589539e-02
3.805469023063778877e-03
-1.423484645783901215e-02
7.293090224266052246e-03
-4.735585302114486694e-03
2.694527804851531982e-02
-1.249109953641891479e-02
-1.053374074399471283e-02
-2.294950745999813080e-02
-6.183659657835960388e-03
8.737292140722274780e-03
-1.851140707731246948e-02
-1.239741127938032150e-02
3.820458427071571350e-03
-2.917055739089846611e-03
-4.075569100677967072e-03
-5.300793331116437912e-03
1.296607311815023422e-02
-8.732259273529052734e-02
4.534270148724317551e-03
1.071710698306560516e-02
5.067924968898296356e-03
4.280353710055351257e-02
-1.136214286088943481e-02
5.620708223432302475e-03
1.495995675213634968e-03
-1.281148870475590229e-03
-7.606218103319406509e-03
1.375552453100681305e-02
5.368854384869337082e-03
-1.171864420175552368e-01
8.232176303863525391e-03
2.892080880701541901e-02
-1.548403967171907425e-02
4.962805542163550854e-04
1.170254126191139221e-02
4.287761077284812927e-02
-8.658109232783317566e-03
3.324455581605434418e-03
2.164702396839857101e-03
1.317863445729017258e-02
3.178943879902362823e-03
5.831900611519813538e-02
3.437540144659578800e-04
1.707352884113788605e-02
3.758598119020462036e-03
-2.371565252542495728e-02
-1.519137155264616013e-02
-1.169984042644500732e-02
2.077415585517883301e-02
3.530209884047508240e-02
7.175731658935546875e-02
-3.718997910618782043e-02
-2.334051765501499176e-02
2.163716033101081848e-02
-7.122731301933526993e-03
1.203810144215822220e-02
4.882591310888528824e-03
4.619330167770385742e-01
1.761230640113353729e-02
-4.091217648237943649e-03
2.354635158553719521e-03
-6.417478900402784348e-03
-1.653385534882545471e-02
1.457120571285486221e-02
1.465263217687606812e-02
-1.895953342318534851e-02
2.723566256463527679e-02
-4.802257940173149109e-02
7.108885329216718674e-03
-1.954766549170017242e-02
1.472626626491546631e-02
-2.413411624729633331e-02
1.787793263792991638e-02
-3.048603795468807220e-02
-1.321961171925067902e-02
-7.590517401695251465e-03
-2.327715046703815460e-02
2.801722846925258636e-03
-1.998115479946136475e-01
-3.890333173330873251e-04
-8.529461920261383057e-03
2.115129493176937103e-03
-2.130001597106456757e-02
-3.805120289325714111e-02
-3.410024195909500122e-02
-2.046342194080352783e-02
-3.424005582928657532e-02
1.020857691764831543e-02
-1.364519819617271423e-02
-2.400544658303260803e-02
-4.062430560588836670e-02
8.911571651697158813e-02
5.756397265940904617e-03
-1.308406703174114227e-02
4.714120179414749146e-03
-1.477638818323612213e-02
-2.579773217439651489e-02
2.932591130957007408e-03
2.096653915941715240e-02
-3.987986128777265549e-03
-1.051566004753112793e-02
-1.433523371815681458e-02
-7.293194066733121872e-04
-1.102246716618537903e-02
4.317432176321744919e-03
-1.956962980329990387e-03
3.162659704685211182e-02
1.288272812962532043e-02
-1.045881211757659912e-02
1.598383113741874695e-02
1.940806629136204720e-03
2.589079365134239197e-02
9.496210142970085144e-03
-9.574638679623603821e-03
1.576463342644274235e-03
3.132163360714912415e-02
1.889423932880163193e-03
-6.765960715711116791e-04
6.445474922657012939e-03
2.423877269029617310e-02
3.021417930722236633e-02
1.163815241307020187e-02
-3.108583856374025345e-03
1.723802834749221802e-02
-4.975458607077598572e-03
-2.676374278962612152e-02
-6.394113879650831223e-03
7.996648550033569336e-03
4.752762988209724426e-02
3.968074917793273926e-02
1.599125377833843231e-02
3.124333918094635010e-02
5.789494607597589493e-03
-6.682359613478183746e-03
-2.290926501154899597e-02
2.357920818030834198e-02
1.101181842386722565e-02
-8.248636871576309204e-02
6.758750881999731064e-03
8.879198133945465088e-02
2.880883775651454926e-02
-7.665326353162527084e-03
1.961810700595378876e-02
1.069772709161043167e-02
-1.843672394752502441e-01
-1.310710515826940536e-02
1.211356138810515404e-03
-1.355302426964044571e-02
1.172638777643442154e-02
5.957842990756034851e-02
1.155949104577302933e-02
3.936231136322021484e-03
-8.332687430083751678e-03
1.286819926463067532e-03
-3.941631317138671875e-02
3.266852721571922302e-02
-1.238731853663921356e-02
4.297265782952308655e-02
3.660548105835914612e-02
-1.073538046330213547e-02
1.103911772370338440e-01
-2.290785498917102814e-02
-8.143609389662742615e-03
3.177497768774628639e-03
4.402263090014457703e-03
3.414912521839141846e-02
-1.156248245388269424e-02
5.604669917374849319e-03
3.774258121848106384e-02
-1.798464171588420868e-02
-1.402057334780693054e-02
6.322945468127727509e-03
-4.687208216637372971e-03
1.268194708973169327e-02
1.669288240373134613e-02
-6.224961485713720322e-03
9.085093624889850616e-03
-1.908615976572036743e-02
2.041330561041831970e-02
3.696481883525848389e-02
1.225748192518949509e-02
2.515436708927154541e-02
-1.482058968394994736e-02
5.074567347764968872e-02
-2.734045684337615967e-01
2.080040723085403442e-01
2.217659540474414825e-02
-1.315376348793506622e-02
4.080138728022575378e-02
-1.858000271022319794e-02
-2.213991060853004456e-02
-2.496601827442646027e-02
4.888484254479408264e-03
-1.398890092968940735e-02
-5.275751929730176926e-03
3.895679861307144165e-02
1.697274111211299896e-02
8.632792159914970398e-03
-7.126109674572944641e-03
-6.352443713694810867e-03
-2.120515331625938416e-03
9.390221536159515381e-02
2.152313664555549622e-02
2.047836035490036011e-02
-5.252070352435112000e-02
9.533808566629886627e-03
4.317250102758407593e-03
-6.576911080628633499e-03
7.082835584878921509e-02
3.323063428979367018e-04
-8.683874271810054779e-03
1.787764392793178558e-02
5.343244876712560654e-03
1.509485580027103424e-02
1.123669650405645370e-02
-2.441613189876079559e-02
2.438339032232761383e-02
-2.252518758177757263e-02
-8.165296167135238647e-03
3.566665574908256531e-03
-6.418695449829101562e-01
1.254748739302158356e-02
1.275489944964647293e-02
2.298861183226108551e-02
8.692169561982154846e-03
3.934350609779357910e-02
-5.563058890402317047e-03
3.786621615290641785e-02
2.246680669486522675e-02
-9.856155142188072205e-03
1.357894856482744217e-02
1.621749065816402435e-02
2.404371742159128189e-03
-7.269886881113052368e-02
-2.012104727327823639e-03
1.287699956446886063e-02
-8.353926241397857666e-03
-1.188383717089891434e-02
6.278951186686754227e-03
5.876186769455671310e-03
-4.666043445467948914e-03
8.842038363218307495e-02
-2.706696838140487671e-02
-1.308794785290956497e-02
-8.268183097243309021e-03
2.087934687733650208e-02
-3.695349022746086121e-02
3.411176055669784546e-02
2.768339775502681732e-02
-7.134738378226757050e-03
7.019683718681335449e-03
4.035749286413192749e-02
2.521294727921485901e-02
6.747818086296319962e-03
1.672380976378917694e-02
1.400033682584762573e-01
5.833767727017402649e-02
2.041165158152580261e-02
-7.358446717262268066e-02
-1.013360731303691864e-02
-1.299216002225875854e-01
8.170427754521369934e-03
2.022428065538406372e-02
-8.042921870946884155e-02
7.243043929338455200e-02
-3.768756613135337830e-02
-1.240801289677619934e-01
-8.517132699489593506e-02
7.000592350959777832e-02
1.103725004941225052e-02
1.296335756778717041e-01
3.132485970854759216e-02
3.408024832606315613e-02
-8.277412853203713894e-04
-2.058754488825798035e-02
-2.062296718358993530e-01
1.922569423913955688e-02
3.847597911953926086e-02
-3.148803487420082092e-02
-1.859855465590953827e-02
-6.478384137153625488e-02
1.898709312081336975e-02
-2.664172090590000153e-02
-1.698077283799648285e-02
2.915627323091030121e-02
-5.377250537276268005e-02
9.456501901149749756e-02
-5.255226045846939087e-02
-3.232388570904731750e-02
3.712613135576248169e-02
2.192167565226554871e-03
-2.420780621469020844e-02
-4.856283217668533325e-02
8.130307495594024658e-02
6.056657060980796814e-02
-1.409474313259124756e-01
-3.632652014493942261e-02
4.737429693341255188e-02
-2.531492523849010468e-02
2.640741504728794098e-02
4.207475110888481140e-02
8.452385067939758301e-01
-5.798668134957551956e-03
-1.195335984230041504e-01
3.173882886767387390e-02
-1.116628199815750122e-01
1.853923313319683075e-02
-1.249021589756011963e-01
1.774574746377766132e-03
5.292095709592103958e-03
3.786096721887588501e-02
-1.843237876892089844e-02
9.260139614343643188e-02
-8.741395175457000732e-02
-5.839098617434501648e-02
1.326469052582979202e-02
1.154052186757326126e-02
6.947643589228391647e-03
6.826078146696090698e-02
-5.811776593327522278e-02
-1.469531003385782242e-02
-3.710234165191650391e-02
-8.436241000890731812e-02
2.523811720311641693e-02
-3.704002872109413147e-02
-3.951874561607837677e-03
1.811640150845050812e-02
1.177660934627056122e-02
1.053598988801240921e-02
-2.682684361934661865e-02
3.097248077392578125e-02
2.916248701512813568e-02
4.694703593850135803e-02
6.289448589086532593e-02
-8.406340144574642181e-03
-3.438233397901058197e-03
2.571942470967769623e-02
7.940649986267089844e-02
-5.950657650828361511e-03
1.701612584292888641e-02
-1.667050085961818695e-02
3.780930489301681519e-02
-4.679405596107244492e-03
1.183131895959377289e-02
4.584519192576408386e-02
-3.255303576588630676e-02
6.661166436970233917e-03
5.047255381941795349e-02
-9.706266224384307861e-02
-2.744712634012103081e-03
5.197096243500709534e-02
-2.924192883074283600e-02
3.659713640809059143e-02
2.019899897277355194e-02
1.509182807058095932e-02
-1.333034783601760864e-02
-2.389174886047840118e-02
1.038463562726974487e-01
3.098352625966072083e-02
-8.323663473129272461e-02
1.395596377551555634e-02
3.595138341188430786e-02
8.588280528783798218e-03
-4.209036752581596375e-02
8.361184154637157917e-04
-3.780077397823333740e-02
-4.039917513728141785e-02
-7.634817063808441162e-02
-7.147328928112983704e-03
3.425388410687446594e-02
-2.120661549270153046e-02
5.248089320957660675e-03
1.362107321619987488e-02
5.211532488465309143e-02
-5.263405293226242065e-02
3.490832448005676270e-02
-2.272271737456321716e-02
-9.900474920868873596e-03
-5.683339014649391174e-02
-3.873281180858612061e-03
-3.198098018765449524e-02
-9.725449979305267334e-02
2.165613463148474693e-03
4.791382700204849243e-02
-1.811625435948371887e-03
2.677913941442966461e-02
1.619342900812625885e-02
1.457197498530149460e-02
-3.792794421315193176e-02
-8.787944167852401733e-02
-4.104192927479743958e-02
-6.323232315480709076e-03
2.452445589005947113e-02
-1.129441242665052414e-02
-4.202982038259506226e-02
-4.258693754673004150e-02
-5.478871241211891174e-02
1.626700721681118011e-02
3.723593801259994507e-02
-1.863844878971576691e-02
2.953098341822624207e-02
1.347644329071044922e-01
-7.591983769088983536e-03
1.141451578587293625e-02
8.007039874792098999e-02
-4.283175803720951080e-03
-3.059782553464174271e-03
5.345394089818000793e-02
-4.167122766375541687e-02
-1.168320551514625549e-01
1.764723472297191620e-02
3.547991439700126648e-02
-6.001560389995574951e-02
2.945335023105144501e-02
-2.241819538176059723e-02
-3.466223180294036865e-02
-3.628478944301605225e-02
-2.854731632396578789e-03
-1.169809699058532715e-02
-2.957685664296150208e-02
3.509675152599811554e-03
-1.404788941144943237e-01
-6.844374537467956543e-02
-1.472103409469127655e-03
-1.355191599577665329e-02
-4.931152984499931335e-02
-2.744353003799915314e-02
-5.210080742835998535e-02
-2.344906330108642578e-02
7.532790303230285645e-02
-5.389472469687461853e-02
-4.087467864155769348e-02
-3.842839971184730530e-02
-2.233163453638553619e-02
-2.204746752977371216e-02
7.504773326218128204e-03
2.162284590303897858e-02
-3.716871887445449829e-02
1.349502895027399063e-02
-1.566457375884056091e-02
2.799546113237738609e-03
-1.939599961042404175e-02
-1.285600569099187851e-02
-1.193069145083427429e-01
3.745692223310470581e-02
5.625720322132110596e-02
-1.100916936993598938e-01
3.671634569764137268e-02
6.412161886692047119e-02
-4.367941245436668396e-02
3.438597545027732849e-03
1.099862977862358093e-01
1.347541529685258865e-02
-9.269914589822292328e-03
-1.458960352465510368e-03
2.381537854671478271e-02
1.786448061466217041e-02
-7.366982847452163696e-02
-2.019149065017700195e-02
-6.157292425632476807e-02
-3.229534998536109924e-02
-3.181528672575950623e-02
1.549966633319854736e-02
6.011571362614631653e-02
3.525726497173309326e-02
-1.680063642561435699e-02
-3.994631581008434296e-03
-1.935936138033866882e-02
-4.512468818575143814e-03
2.567426115274429321e-02
-4.395971447229385376e-02
3.755976632237434387e-02
-8.951891213655471802e-02
3.916151821613311768e-02
-2.221552282571792603e-02
6.486604921519756317e-03
-8.834486827254295349e-03
1.632860302925109863e-02
-2.135421521961688995e-02
-3.863193094730377197e-02
-3.569955378770828247e-02
-3.924006223678588867e-02
-1.015067193657159805e-02
1.080047991126775742e-02
-2.701719058677554131e-03
-4.427189379930496216e-02
-7.785782963037490845e-02
-3.101055137813091278e-02
-6.211672350764274597e-02
5.310687422752380371e-02
-3.719253093004226685e-02
-4.064594581723213196e-02
3.995185717940330505e-02
-6.473203003406524658e-02
-6.955907680094242096e-03
-5.109681747853755951e-03
4.129178076982498169e-02
7.658959925174713135e-02
-3.521483158692717552e-03
-2.050376124680042267e-02
-1.443318463861942291e-02
-3.305164724588394165e-02
2.014520764350891113e-02
3.618092462420463562e-02
2.404530346393585205e-02
-1.538066193461418152e-02
-4.167423397302627563e-02
-4.147658497095108032e-02
-1.458465494215488434e-02
1.814864948391914368e-02
4.735366674140095711e-04
-2.759391814470291138e-02
-6.763336248695850372e-03
-1.514076348394155502e-02
-5.371105670928955078e-02
5.234175827354192734e-03
-2.506136952433735132e-04
2.173243090510368347e-03
-9.785151109099388123e-03
3.955756872892379761e-02
5.454759672284126282e-02
-8.276434987783432007e-02
-8.718861639499664307e-02
4.590890929102897644e-02
-4.946014285087585449e-02
5.552082508802413940e-02
-3.749937191605567932e-02
9.706559032201766968e-02
-4.286172986030578613e-02
-2.400035009486600757e-04
-3.631863370537757874e-02
-9.382758289575576782e-02
-7.046371232718229294e-03
1.560415625572204590e-01
-2.641716413199901581e-02
-9.587956592440605164e-03
1.438163407146930695e-02
-1.254846993833780289e-02
6.385155022144317627e-02
4.877573624253273010e-02
-4.306866973638534546e-02
3.117986489087343216e-03
-2.725327201187610626e-02
-5.367073789238929749e-02
7.583533972501754761e-02
3.405503556132316589e-02
1.240441855043172836e-02
-1.487134024500846863e-02
-1.277139410376548767e-03
1.394559815526008606e-02
6.030533928424119949e-03
-1.107463520020246506e-02
3.073652274906635284e-03
-8.458553813397884369e-03
2.727329172194004059e-02
2.195035666227340698e-02
-3.900715382769703865e-03
4.833895247429609299e-03
-3.466736897826194763e-02
-8.703502267599105835e-02
-3.120268508791923523e-02
9.614905714988708496e-02
5.087318643927574158e-02
-1.942306384444236755e-02
5.797478929162025452e-02
-3.488136688247323036e-03
5.756217241287231445e-02
-4.586405679583549500e-02
-5.386048578657209873e-04
-2.923556789755821228e-02
2.956889942288398743e-02
1.894042082130908966e-02
2.009522728621959686e-02
-1.865299185737967491e-03
3.102843277156352997e-02
-5.001606792211532593e-02
-2.132155466824769974e-03
-2.784459292888641357e-02
-2.227349020540714264e-02
-7.087701931595802307e-03
5.531160533428192139e-02
5.761947482824325562e-02
-5.340949632227420807e-03
-1.014823932200670242e-02
-3.362049534916877747e-02
1.746016927063465118e-02
1.982237026095390320e-02
-7.560140639543533325e-02
3.694541752338409424e-02
-4.047575592994689941e-02
-5.183978006243705750e-02
-1.268030144274234772e-02
3.653436526656150818e-02
1.241391804069280624e-02
2.160339802503585815e-02
6.731669604778289795e-02
-2.776826545596122742e-02
-1.771165058016777039e-02
-3.642757236957550049e-02
1.298542972654104233e-02
5.257586389780044556e-02
-3.946095705032348633e-02
5.694532394409179688e-02
-1.853624358773231506e-02
2.197270467877388000e-02
-4.096976295113563538e-02
5.657697841525077820e-02
-6.395482271909713745e-02
-1.456961594521999359e-02
3.134921193122863770e-02
-6.471789628267288208e-02
-3.576718270778656006e-02
4.483796656131744385e-03
-2.361906319856643677e-02
2.596866525709629059e-02
1.182714290916919708e-02
3.717686608433723450e-02
5.258136894553899765e-03
-1.323157735168933868e-02
-5.488936975598335266e-02
6.506921350955963135e-02
-1.392687484622001648e-02
5.914006009697914124e-02
-5.626263096928596497e-02
-4.595297574996948242e-02
2.629473619163036346e-02
-2.886137738823890686e-02
7.204968016594648361e-03
-2.021246962249279022e-02
7.459286134690046310e-03
1.402245461940765381e-02
-3.199948742985725403e-02
-3.072009980678558350e-02
2.028002403676509857e-03
4.378760606050491333e-02
-2.403436228632926941e-02
2.273437567055225372e-02
-3.165467083454132080e-02
-2.370435185730457306e-02
-6.617805361747741699e-02
-5.662656202912330627e-02
2.187735401093959808e-03
-1.308013685047626495e-02
-9.335430711507797241e-02
-1.313173118978738785e-02
-6.763490289449691772e-02
3.254726156592369080e-02
9.515957906842231750e-03
3.525545820593833923e-02
2.125641331076622009e-02
6.161424145102500916e-02
3.937384858727455139e-02
-2.560894377529621124e-02
-3.090743348002433777e-02
2.381730824708938599e-02
6.796667724847793579e-02
-2.418037736788392067e-03
-4.844568669795989990e-03
-1.738934032618999481e-02
-3.495342656970024109e-02
4.636000096797943115e-02
6.461720168590545654e-02
-3.509752079844474792e-02
-3.208692744374275208e-02
3.273031488060951233e-02
3.543945401906967163e-02
-2.442672150209546089e-03
6.414783746004104614e-02
-2.131913602352142334e-02
2.403624914586544037e-02
-8.965832181274890900e-03
-6.409149616956710815e-02
-1.886753924190998077e-02
-1.190167013555765152e-02
-7.120522111654281616e-02
-9.468204528093338013e-02
2.315337024629116058e-02
-2.435254305601119995e-02
-1.733230426907539368e-02
-1.699482649564743042e-02
2.563457749783992767e-02
4.532935842871665955e-02
-3.714477270841598511e-02
6.166470423340797424e-02
-4.703095927834510803e-02
8.642583154141902924e-03
1.304926071316003799e-02
-4.582477360963821411e-02
5.743710696697235107e-02
1.462492812424898148e-02
-5.889564286917448044e-03
3.423848375678062439e-02
-3.033602051436901093e-02
2.714430168271064758e-02
-2.391220768913626671e-03
-1.032703276723623276e-02
-1.494181528687477112e-02
-4.713303595781326294e-02
-9.694733656942844391e-03
6.044905632734298706e-02
-3.977575153112411499e-02
1.803383417427539825e-02
-3.077972494065761566e-02
6.686745677143335342e-03
2.115810662508010864e-02
1.784147694706916809e-02
-3.694545850157737732e-02
1.312283566221594810e-03
5.623670294880867004e-02
2.422107011079788208e-02
-5.694893375039100647e-02
2.840342000126838684e-02
-5.381900817155838013e-03
-5.963066592812538147e-03
-5.648145917803049088e-03
8.294844068586826324e-03
-2.167623043060302734e-01
6.152318045496940613e-02
1.001428626477718353e-02
-2.282868139445781708e-02
-8.463130891323089600e-02
-1.082362420856952667e-02
-2.658681571483612061e-02
-6.197446957230567932e-02
-5.059552565217018127e-02
-4.532667621970176697e-02
2.524619176983833313e-02
-3.296393901109695435e-02
4.552901536226272583e-02
-3.853562055155634880e-03
-3.663180395960807800e-02
-8.915163576602935791e-03
-9.316741488873958588e-03
-5.749001353979110718e-02
-1.394271105527877808e-02
-1.126355398446321487e-02
2.219990827143192291e-02
-1.324452459812164307e-01
6.023335736244916916e-03
-9.216113016009330750e-03
-2.272113971412181854e-02
2.375853946432471275e-03
4.201388452202081680e-03
4.046646133065223694e-02
-3.541336860507726669e-03
-1.385847385972738266e-02
-7.646048069000244141e-02
-8.353837579488754272e-02
-9.677770547568798065e-03
-2.493224292993545532e-02
1.886054314672946930e-02
-1.370053924620151520e-02
6.736599653959274292e-02
5.532034114003181458e-02
4.435467720031738281e-02
4.224587231874465942e-02
-4.107541963458061218e-02
-2.550035715103149414e-02
6.512612104415893555e-02
-5.150139331817626953e-02
7.534486800432205200e-02
-3.161597251892089844e-02
1.725722663104534149e-02
-1.990968361496925354e-02
-8.548994362354278564e-02
-1.696935854852199554e-02
-2.322844043374061584e-02
-1.213375595398247242e-03
-1.407763659954071045e-01
-1.102868095040321350e-02
6.542047858238220215e-02
7.350129634141921997e-02
3.050619922578334808e-02
7.030602544546127319e-02
7.873222231864929199e-03
-5.438890680670738220e-02
1.942219212651252747e-02
-4.482825472950935364e-02
-1.787742786109447479e-02
-4.389223083853721619e-02
-3.885602205991744995e-02
5.167808756232261658e-02
2.167320810258388519e-02
6.051981821656227112e-02
1.435664715245366096e-03
1.154493447393178940e-02
1.716147176921367645e-03
-5.971010401844978333e-02
9.858290664851665497e-03
-5.603014677762985229e-02
-2.623500488698482513e-02
-3.267649561166763306e-02
-5.987047776579856873e-02
7.906908541917800903e-02
1.572635583579540253e-02
5.646963138133287430e-03
8.233566768467426300e-03
-6.926460564136505127e-02
4.240979254245758057e-02
-1.620031334459781647e-02
-1.517597436904907227e-01
1.383910886943340302e-02
-5.214780196547508240e-02
-5.631716549396514893e-02
-3.812044113874435425e-02
2.562069892883300781e-02
2.303042262792587280e-02
-4.347337782382965088e-02
4.392058774828910828e-02
2.401369996368885040e-02
-7.185747474431991577e-02
-9.834307432174682617e-02
-6.722655147314071655e-03
5.542255938053131104e-03
5.343368276953697205e-02
4.265710711479187012e-02
3.307847306132316589e-02
4.819456487894058228e-02
1.518798526376485825e-02
-3.206073120236396790e-02
-6.391907483339309692e-02
-4.860152490437030792e-03
8.041604608297348022e-02
8.505267091095447540e-03
3.938459232449531555e-02
-6.502033025026321411e-02
2.890379354357719421e-02
-1.008802000433206558e-02
-5.184556916356086731e-02
2.739552780985832214e-02
-4.063254594802856445e-02
