-1.148093026131391525e-02
-2.958898199722170830e-03
-3.261000663042068481e-02
1.782178878784179688e-02
-1.266809180378913879e-02
4.141938686370849609e-02
-3.241907397750765085e-04
-1.867365208454430103e-03
-7.736625266261398792e-04
2.782760187983512878e-03
-8.201341144740581512e-03
-3.076070919632911682e-02
-6.156433373689651489e-03
-3.503256011754274368e-03
-1.437895093113183975e-02
-8.373194723390042782e-04
-1.803974248468875885e-02
2.648609317839145660e-02
-9.488216787576675415e-02
-2.224459545686841011e-03
5.953981541097164154e-03
-4.877592728007584810e-04
5.467587709426879883e-02
-1.525713503360748291e-02
4.870115779340267181e-03
5.506504327058792114e-03
-9.851935319602489471e-03
-1.014154125005006790e-02
3.083825344219803810e-03
-8.936200756579637527e-04
-1.251613497734069824e-01
8.720384212210774422e-04
3.345727548003196716e-02
-2.709796465933322906e-02
-3.735357429832220078e-03
2.323502674698829651e-02
3.554107248783111572e-02
3.209039568901062012e-03
-6.289831362664699554e-03
-1.652640663087368011e-02
-4.965341067872941494e-04
1.644933247007429600e-03
4.397129267454147339e-02
-1.649067550897598267e-02
1.688048988580703735e-02
-5.858678836375474930e-03
-2.373940497636795044e-02
-3.585048392415046692e-02
-4.676960874348878860e-03
2.315236628055572510e-02
3.495283797383308411e-02
8.633520454168319702e-02
-6.348760426044464111e-02
-8.973881602287292480e-03
2.976974472403526306e-02
-6.880304310470819473e-03
-7.547804852947592735e-04
8.977620862424373627e-03
4.267951548099517822e-01
2.829906344413757324e-02
8.547505363821983337e-03
-1.619229651987552643e-02
-1.940521970391273499e-02
-5.222622770816087723e-03
2.216476760804653168e-02
-7.318098563700914383e-03
-1.334639545530080795e-02
1.997720263898372650e-02
-2.921304665505886078e-02
-1.249940972775220871e-02
-1.276251859962940216e-02
8.481464348733425140e-03
-2.640362828969955444e-02
1.501030009239912033e-02
-3.804107755422592163e-02
-1.975875534117221832e-02
2.319755731150507927e-03
-1.334684994071722031e-02
3.754666540771722794e-04
-1.821010857820510864e-01
-2.814475214108824730e-03
-3.591790329664945602e-03
9.096276015043258667e-03
-3.453154489398002625e-02
-4.629367217421531677e-02
-3.104151412844657898e-02
-2.629635483026504517e-02
-2.893010340631008148e-02
1.371691003441810608e-02
-1.938370428979396820e-02
-2.415610477328300476e-02
-6.801219284534454346e-02
1.070786342024803162e-01
-4.028564784675836563e-03
-2.234078198671340942e-02
-1.776946126483380795e-03
-9.307013824582099915e-03
-1.998251862823963165e-02
1.322166062891483307e-03
2.329890802502632141e-02
-2.505806041881442070e-03
-8.033535443246364594e-03
-2.921216748654842377e-02
2.272091573104262352e-03
-7.203572895377874374e-03
-3.967530559748411179e-03
-1.157409325242042542e-02
3.175213932991027832e-02
1.468136161565780640e-02
-1.832998730242252350e-02
-3.801090642809867859e-03
1.231972011737525463e-03
1.519769709557294846e-02
-4.620891530066728592e-03
-2.942555292975157499e-04
-1.394285471178591251e-03
4.770326241850852966e-02
-2.911517629399895668e-03
-1.830772869288921356e-02
1.176361367106437683e-02
2.757359854876995087e-02
2.306423708796501160e-02
3.622244577854871750e-03
2.645179629325866699e-03
6.566932890564203262e-03
-3.022470278665423393e-03
-1.494470145553350449e-02
-1.520230714231729507e-02
1.157538685947656631e-02
4.066358506679534912e-02
1.841995678842067719e-02
1.758528314530849457e-02
3.092980012297630310e-02
7.616640068590641022e-03
-2.560001565143465996e-03
-3.110979124903678894e-02
-3.371217288076877594e-03
-9.984834119677543640e-03
-8.337890356779098511e-02
1.435778196901082993e-02
8.772515505552291870e-02
2.638973668217658997e-02
-2.601972664706408978e-04
1.045960281044244766e-02
1.624111272394657135e-02
-1.824744194746017456e-01
-8.886347524821758270e-03
-5.541051272302865982e-03
-2.782394411042332649e-03
7.994096726179122925e-03
6.437697261571884155e-02
1.350332889705896378e-02
9.229342453181743622e-03
-1.980377733707427979e-02
-2.813869155943393707e-03
-3.638365864753723145e-02
7.249466609209775925e-03
-1.324145216494798660e-02
3.687320277094841003e-02
2.723166346549987793e-02
-1.167737133800983429e-02
1.163151785731315613e-01
2.685990766622126102e-04
-1.463864929974079132e-02
-3.319150069728493690e-03
-1.450210344046354294e-02
5.935093760490417480e-02
-2.838868647813796997e-02
3.818779019638895988e-03
3.914406523108482361e-02
-1.279006060212850571e-02
-2.176010608673095703e-02
1.048065163195133209e-02
1.765676215291023254e-02
2.432630956172943115e-02
2.009911090135574341e-02
-4.783344455063343048e-03
5.045114085078239441e-03
3.137912601232528687e-03
7.547855842858552933e-03
4.365466535091400146e-02
1.841311529278755188e-02
2.320384047925472260e-02
-1.116228010505437851e-02
5.258805304765701294e-02
-2.564568817615509033e-01
1.734898835420608521e-01
2.854070998728275299e-02
-1.795663498342037201e-02
4.549997299909591675e-02
-1.713342592120170593e-02
-1.695775799453258514e-02
-3.031517751514911652e-02
9.164767339825630188e-03
-1.121025905013084412e-02
-2.697874605655670166e-02
-7.983666728250682354e-04
2.132422477006912231e-02
-2.359323576092720032e-02
-1.226493436843156815e-02
2.428483404219150543e-02
-3.869972424581646919e-04
7.099518179893493652e-02
-1.390841091051697731e-03
6.067330017685890198e-03
-5.654960125684738159e-02
1.367762312293052673e-02
1.332714501768350601e-02
-1.368922647088766098e-02
8.619365841150283813e-02
-1.791231520473957062e-02
-1.335257012397050858e-02
2.759845368564128876e-02
4.947461653500795364e-03
-6.512676365673542023e-03
4.753352608531713486e-03
-1.524502318352460861e-02
3.376837819814682007e-02
-2.344881556928157806e-02
8.861352689564228058e-03
-1.304850820451974869e-02
-6.692711114883422852e-01
8.907538838684558868e-03
9.301532991230487823e-03
1.653705164790153503e-02
1.909367041662335396e-03
1.645304262638092041e-02
-8.994996547698974609e-03
3.979822993278503418e-02
1.589893363416194916e-02
-1.585333235561847687e-02
3.457713127136230469e-02
2.661304315552115440e-03
1.103604026138782501e-02
-7.443139702081680298e-02
1.189307658933103085e-03
-4.757226270157843828e-04
8.677436970174312592e-03
-8.696317672729492188e-03
1.260071434080600739e-02
1.278547663241624832e-02
7.939910283312201500e-04
7.413516938686370850e-02
-6.152772530913352966e-02
-1.603647321462631226e-02
-7.637146394699811935e-03
2.761982008814811707e-02
-2.376814931631088257e-02
3.710378706455230713e-02
2.838067337870597839e-02
-1.551018748432397842e-02
2.588604949414730072e-02
3.944027423858642578e-02
3.409849107265472412e-02
3.906491212546825409e-03
2.791825309395790100e-02
6.567854434251785278e-02
-7.167553156614303589e-02
1.312954351305961609e-02
-5.914224311709403992e-02
5.035678297281265259e-02
6.052232161164283752e-02
-4.872803576290607452e-03
-4.190331697463989258e-02
-2.660136669874191284e-02
2.672467939555644989e-02
9.682491421699523926e-02
-1.052824333310127258e-01
-8.496862649917602539e-02
-6.778556853532791138e-02
3.615580126643180847e-02
8.184127509593963623e-02
1.189166009426116943e-01
2.848351560533046722e-02
-3.476043418049812317e-02
3.848184272646903992e-02
-1.166898235678672791e-01
-1.140279918909072876e-01
1.144731268286705017e-01
-5.506753548979759216e-02
-8.781426399946212769e-02
2.915267273783683777e-02
6.540104001760482788e-02
-1.384153030812740326e-02
2.432183548808097839e-02
6.413011997938156128e-02
5.436438694596290588e-02
4.341304674744606018e-02
-3.447138518095016479e-02
-2.686202526092529297e-02
1.739305257797241211e-01
-6.736777722835540771e-02
9.968191385269165039e-03
8.061185479164123535e-02
4.225558415055274963e-02
-6.282024830579757690e-02
-1.843684911727905273e-01
-9.067608416080474854e-02
5.018725618720054626e-02
1.788858883082866669e-02
9.792319685220718384e-02
1.601177081465721130e-02
8.197929859161376953e-01
4.476176202297210693e-02
-7.321340590715408325e-02
-4.325148463249206543e-02
-1.335997600108385086e-02
1.396332085132598877e-01
-2.617114037275314331e-02
-3.069892525672912598e-02
3.753001987934112549e-02
6.391622126102447510e-02
1.563964635133743286e-01
3.940644860267639160e-02
3.169289976358413696e-02
-6.748726963996887207e-02
5.545571073889732361e-02
-8.272513002157211304e-02
2.388471178710460663e-02
-1.212560292333364487e-02
-2.658358961343765259e-02
-6.958224810659885406e-03
-2.295293845236301422e-02
-7.480529695749282837e-02
3.592523187398910522e-02
-4.211071878671646118e-02
4.199638962745666504e-03
3.460643067955970764e-02
-2.774199284613132477e-02
4.060866311192512512e-03
1.689208485186100006e-02
4.584565386176109314e-02
-3.225056221708655357e-03
1.183122396469116211e-02
7.939824461936950684e-02
-2.808876708149909973e-02
-2.258087880909442902e-02
2.902669645845890045e-02
8.002044260501861572e-02
-3.845699247904121876e-04
1.614758931100368500e-02
-1.307755615562200546e-02
4.492366313934326172e-02
5.409179255366325378e-03
-4.221162293106317520e-03
4.709940869361162186e-03
-4.885431751608848572e-02
-3.897521179169416428e-03
1.352622173726558685e-02
-7.396639883518218994e-02
-2.680946141481399536e-02
5.708527937531471252e-02
-3.941942937672138214e-03
2.246764861047267914e-02
1.492362003773450851e-02
3.635777905583381653e-02
-1.691719703376293182e-02
-3.798072040081024170e-02
1.309049278497695923e-01
3.057841025292873383e-02
-6.681512296199798584e-02
-2.178811281919479370e-02
1.444937288761138916e-02
-9.247679263353347778e-03
-2.136432193219661713e-02
-1.273223757743835449e-02
-2.857374958693981171e-02
-5.372094735503196716e-02
-5.577952042222023010e-02
-3.777446970343589783e-02
1.409601513296365738e-02
5.328078288584947586e-03
-2.470437996089458466e-02
5.307570565491914749e-03
3.303568810224533081e-02
-8.037200570106506348e-02
3.008132800459861755e-02
-3.399022296071052551e-02
-1.116429921239614487e-02
-3.949565067887306213e-02
1.755257323384284973e-02
-2.661109343171119690e-02
-1.098353639245033264e-01
1.343549974262714386e-02
7.976840436458587646e-02
8.884306065738201141e-03
2.981743402779102325e-02
4.618058726191520691e-02
1.831020973622798920e-02
-5.161774810403585434e-03
-7.936695963144302368e-02
-3.896264359354972839e-02
1.740304008126258850e-02
1.624316908419132233e-02
1.573188044130802155e-02
-3.950712457299232483e-02
-5.179975554347038269e-02
-6.381691992282867432e-02
3.462217375636100769e-02
6.107803061604499817e-02
-4.117755219340324402e-02
-7.536212448030710220e-03
1.364287734031677246e-01
-1.288931630551815033e-02
2.193195372819900513e-02
5.103674158453941345e-02
-5.103351548314094543e-02
-2.901137340813875198e-03
5.377629026770591736e-02
-1.683308556675910950e-02
-1.383446753025054932e-01
-7.168466108851134777e-04
1.109606400132179260e-02
-7.441027462482452393e-02
3.469243273138999939e-02
-4.790938924998044968e-03
-4.392368718981742859e-02
-1.210190821439027786e-02
-1.307191792875528336e-02
1.877208612859249115e-02
-6.688188295811414719e-03
1.467894576489925385e-02
-1.439239382743835449e-01
-1.574173197150230408e-02
2.162509411573410034e-02
-1.179819833487272263e-02
-5.160240456461906433e-02
-4.774024337530136108e-02
-2.329313568770885468e-02
-2.322686836123466492e-03
8.198802918195724487e-02
-6.721971929073333740e-02
-1.413460727781057358e-02
-4.360659793019294739e-02
-1.582975685596466064e-02
-3.855178132653236389e-02
-1.905600354075431824e-02
2.793184295296669006e-02
-3.422745689749717712e-02
-5.677429027855396271e-03
-2.413059026002883911e-02
5.006307765142992139e-05
5.606432911008596420e-03
6.986699998378753662e-03
-9.644118696451187134e-02
2.779860422015190125e-02
5.927347019314765930e-02
-1.151108592748641968e-01
4.459355771541595459e-02
5.451719462871551514e-02
-2.563649974763393402e-02
-5.201916676014661789e-03
1.047532036900520325e-01
-1.366655714809894562e-02
-1.777923479676246643e-02
2.343926578760147095e-02
2.409093081951141357e-02
1.937124691903591156e-02
-5.427888408303260803e-02
-5.908194929361343384e-02
-8.406741917133331299e-02
-2.684179879724979401e-02
-4.573424160480499268e-02
6.162068340927362442e-03
7.055737078189849854e-02
1.814117841422557831e-02
-1.880519092082977295e-02
1.137901376932859421e-02
-2.920281141996383667e-02
-1.118686422705650330e-02
5.508793890476226807e-02
-2.558646537363529205e-02
4.256062209606170654e-02
-6.977546215057373047e-02
1.550488919019699097e-02
-1.648335531353950500e-02
-2.180022560060024261e-02
-1.885953731834888458e-02
2.790022827684879303e-02
3.115564584732055664e-03
-3.566239029169082642e-02
-4.184613749384880066e-02
-3.505055606365203857e-02
-3.631637990474700928e-02
2.120751142501831055e-02
2.783364243805408478e-02
-6.311771459877490997e-03
-1.112934052944183350e-01
1.470460742712020874e-02
-1.592605374753475189e-02
4.840434342622756958e-02
-2.375687006860971451e-03
-5.774697056040167809e-04
3.897019848227500916e-02
-8.178205043077468872e-02
-2.308609522879123688e-02
1.269884407520294189e-02
5.151520669460296631e-02
3.344631940126419067e-02
4.407116398215293884e-02
-6.519342213869094849e-02
-3.054293338209390640e-03
2.111763693392276764e-02
-8.713088929653167725e-03
3.500503301620483398e-02
2.548470161855220795e-02
-3.143609315156936646e-02
-8.996495604515075684e-02
-6.879220157861709595e-02
2.064600586891174316e-02
5.466077011078596115e-03
-1.544651109725236893e-02
-3.354724124073982239e-02
5.735234823077917099e-03
2.056017983704805374e-03
-5.221780017018318176e-02
-2.186272107064723969e-02
8.004962466657161713e-03
1.339828595519065857e-02
1.415140647441148758e-02
4.991991072893142700e-02
7.042376697063446045e-02
-6.613296270370483398e-02
-5.533131211996078491e-02
3.503557294607162476e-02
-7.134909182786941528e-02
1.019311249256134033e-01
-6.036993861198425293e-02
5.638503655791282654e-02
-6.115248054265975952e-02
-2.450608648359775543e-02
-3.107094764709472656e-02
-1.055563911795616150e-01
3.167951013892889023e-03
1.595724076032638550e-01
2.460071817040443420e-02
-1.266410225071012974e-03
6.716749630868434906e-03
1.116257067769765854e-02
4.917175695300102234e-02
2.887781336903572083e-02
-1.713499426841735840e-02
2.297072298824787140e-02
-5.791725963354110718e-02
-7.010313868522644043e-02
5.579398572444915771e-02
5.360887572169303894e-02
-9.249700233340263367e-03
-1.354878302663564682e-02
2.479210309684276581e-02
-5.339232273399829865e-03
2.789852395653724670e-02
-2.538195578381419182e-03
1.309158280491828918e-03
1.273757661692798138e-03
2.347913337871432304e-03
5.401229858398437500e-02
1.867251470685005188e-03
2.595057711005210876e-02
-2.746939100325107574e-02
-5.528443679213523865e-02
-1.073977793566882610e-03
7.253545522689819336e-02
6.336538121104240417e-03
-2.083567157387733459e-02
6.082946434617042542e-02
-1.752850227057933807e-02
6.175560504198074341e-02
-2.138541266322135925e-02
3.998871520161628723e-02
-1.033057225868105888e-03
1.094478555023670197e-02
4.628240317106246948e-02
2.611619047820568085e-02
3.507981542497873306e-03
-8.028652518987655640e-03
-8.957356959581375122e-02
-2.427759207785129547e-02
-1.756384037435054779e-03
-3.011594340205192566e-02
-2.482005953788757324e-02
5.955155566334724426e-02
7.470175623893737793e-02
-1.033230777829885483e-02
3.194181190337985754e-04
8.719106204807758331e-03
6.256502238102257252e-04
3.388792276382446289e-02
-8.101773262023925781e-02
2.441107481718063354e-02
-3.706605359911918640e-02
-3.353140875697135925e-02
-1.938595809042453766e-02
1.690964773297309875e-02
-1.123496517539024353e-02
2.224467322230339050e-02
8.785105496644973755e-02
-9.083355963230133057e-02
-3.691597282886505127e-02
-3.921642526984214783e-02
3.000417910516262054e-02
2.050251327455043793e-02
-3.654475137591362000e-02
3.653813898563385010e-02
-4.519187379628419876e-03
3.235102072358131409e-02
-4.668644443154335022e-02
3.564139455556869507e-02
-3.116831183433532715e-02
-1.310366019606590271e-02
1.933712977916002274e-03
-6.231062114238739014e-02
-2.133382670581340790e-02
1.086061354726552963e-02
-3.049438819289207458e-03
4.612543154507875443e-03
3.800582513213157654e-02
3.235771507024765015e-02
1.298705860972404480e-02
-1.937780715525150299e-02
-2.154109440743923187e-02
5.770602449774742126e-02
-1.419851090759038925e-02
3.748447448015213013e-02
-5.071398243308067322e-02
-2.655451186001300812e-02
-1.191465742886066437e-02
-1.762163452804088593e-02
-9.919168427586555481e-03
-3.208499029278755188e-02
5.564975435845553875e-04
5.871958285570144653e-02
-5.281500518321990967e-02
-1.244534552097320557e-02
-4.524498060345649719e-02
4.428988695144653320e-02
-1.126116607338190079e-02
-1.991942711174488068e-02
-3.623426705598831177e-02
-3.268259391188621521e-02
-6.243873760104179382e-02
-4.511174559593200684e-02
1.307544484734535217e-02
-1.208635861985385418e-03
-8.952231705188751221e-02
-1.829024404287338257e-02
-2.810309454798698425e-02
4.980190843343734741e-02
5.319539830088615417e-02
1.261459663510322571e-02
1.071293605491518974e-03
6.304118782281875610e-02
5.720744282007217407e-02
-3.753525763750076294e-02
-1.725460775196552277e-02
3.959885239601135254e-02
2.994432300329208374e-02
1.672602817416191101e-02
5.302250385284423828e-02
-2.549778483808040619e-02
-6.853114068508148193e-02
2.595700323581695557e-02
2.922338992357254028e-02
-5.651488900184631348e-02
-9.831121191382408142e-03
-2.956520300358533859e-03
8.444960415363311768e-02
1.721137948334217072e-02
5.282860994338989258e-02
-1.359097752720117569e-02
2.184501849114894867e-02
-2.295150049030780792e-02
-2.529835887253284454e-02
-5.551516078412532806e-03
-7.156002800911664963e-03
-4.489731043577194214e-02
-1.039267256855964661e-01
2.539340220391750336e-02
-1.806429028511047363e-02
-2.450645156204700470e-02
-2.211648784577846527e-02
3.096964769065380096e-02
9.600815176963806152e-02
1.988343661651015282e-03
3.645634278655052185e-02
-3.656538203358650208e-02
3.141964972019195557e-02
1.128894370049238205e-02
-5.082139372825622559e-02
3.443711623549461365e-02
1.427106279879808426e-02
-2.037272416055202484e-02
3.539736196398735046e-02
1.709451084025204182e-03
4.215906560420989990e-02
2.589818648993968964e-02
-1.087416056543588638e-02
-7.124342489987611771e-03
-4.246106371283531189e-02
-2.280202694237232208e-02
7.159031927585601807e-02
-6.992387026548385620e-02
-2.530138241127133369e-03
-4.621506482362747192e-02
1.644324138760566711e-02
-1.123503781855106354e-02
4.264593869447708130e-02
1.892728172242641449e-02
5.572285503149032593e-03
6.102453917264938354e-02
1.190595999360084534e-01
-1.234378013759851456e-02
-1.069659017957746983e-03
1.307117752730846405e-02
-6.427011918276548386e-03
-1.606012322008609772e-02
1.747041195631027222e-02
-1.969837397336959839e-01
1.389525365084409714e-02
1.247814204543828964e-02
1.182048115879297256e-02
-4.671619459986686707e-02
1.056167948991060257e-02
4.684408195316791534e-03
-1.976098865270614624e-02
-8.486241847276687622e-02
-2.144266292452812195e-02
-1.166835054755210876e-02
-1.118825376033782959e-02
1.513713691383600235e-02
-1.565931178629398346e-02
-5.475957319140434265e-02
4.723554942756891251e-03
1.403115689754486084e-02
-6.213990598917007446e-02
-3.854933753609657288e-02
2.207096107304096222e-02
2.276437915861606598e-02
-1.079129725694656372e-01
-3.822945756837725639e-03
2.570852404460310936e-03
5.999361630529165268e-03
1.559941377490758896e-02
1.657165470533072948e-03
3.082104958593845367e-02
-2.403492853045463562e-02
4.523906856775283813e-02
-4.824236035346984863e-02
-3.297840431332588196e-02
-3.199685830622911453e-03
3.180585335940122604e-03
-1.201743166893720627e-02
-4.139614477753639221e-02
1.877287030220031738e-02
1.807386986911296844e-02
4.159402474761009216e-02
2.712808921933174133e-02
-5.738511681556701660e-03
-2.518641576170921326e-02
8.626580983400344849e-02
-2.101230248808860779e-02
7.299125939607620239e-02
1.230247784405946732e-02
4.962206259369850159e-02
-7.811708748340606689e-02
-8.347595483064651489e-02
-3.635681420564651489e-02
-1.528275758028030396e-02
7.781609892845153809e-03
-1.697353869676589966e-01
2.780593233183026314e-03
5.177750065922737122e-02
1.869331672787666321e-02
2.282282151281833649e-02
4.914760962128639221e-02
-3.055008593946695328e-03
-4.519212618470191956e-02
3.700505569577217102e-02
-8.925828337669372559e-02
1.177034620195627213e-02
-3.466890752315521240e-02
-4.122903943061828613e-02
9.543308988213539124e-03
-2.020293759414926171e-04
7.551952451467514038e-02
2.782467752695083618e-02
-9.964766912162303925e-03
-7.234626915305852890e-03
-4.486776143312454224e-02
-3.163244202733039856e-02
-4.928565770387649536e-02
-6.421413738280534744e-03
-7.342441938817501068e-03
-1.724726147949695587e-02
7.603269815444946289e-02
-1.028376165777444839e-02
-1.231741718947887421e-02
6.411299109458923340e-02
-5.891299247741699219e-02
1.782802306115627289e-02
-1.609985344111919403e-02
-9.633051604032516479e-02
-5.489960312843322754e-03
-3.002794831991195679e-02
-6.301733106374740601e-02
-3.613451868295669556e-02
1.216231845319271088e-02
2.368395030498504639e-02
-2.790239453315734863e-02
5.159944295883178711e-02
2.139761485159397125e-02
-4.986143857240676880e-02
-1.251279413700103760e-01
-2.549705561250448227e-03
-9.757943451404571533e-03
8.735148608684539795e-02
1.926865428686141968e-02
3.085800819098949432e-02
4.168467596173286438e-02
2.014958299696445465e-02
-5.492963269352912903e-02
-4.185136035084724426e-02
2.759603783488273621e-02
7.520050555467605591e-02
3.365822136402130127e-02
1.179771870374679565e-02
-5.793692171573638916e-02
3.368457406759262085e-02
-2.014117501676082611e-02
-7.397843152284622192e-02
2.784233540296554565e-02
-5.374828726053237915e-02
