1.385855209082365036e-02
2.354210242629051208e-03
-5.250241141766309738e-03
2.196167409420013428e-02
1.419240981340408325e-02
-9.767951443791389465e-03
-4.109795205295085907e-03
-1.666410826146602631e-02
-1.383297424763441086e-02
1.003802288323640823e-02
2.247289754450321198e-02
1.128717605024576187e-02
9.657065384089946747e-03
-7.453062571585178375e-03
-2.678734064102172852e-02
8.961043320596218109e-03
-1.562445145100355148e-02
4.128828179091215134e-03
6.316857039928436279e-02
2.727345377206802368e-02
-2.907160669565200806e-02
-7.030036766082048416e-03
4.068952798843383789e-02
4.769468680024147034e-02
1.618260331451892853e-02
-5.845511332154273987e-02
-7.755076978355646133e-03
-1.539488229900598526e-02
-2.763197943568229675e-02
6.469252519309520721e-03
9.409723430871963501e-02
-6.180657073855400085e-03
7.037777919322252274e-03
-1.767280045896768570e-03
-9.839245118200778961e-03
-4.066810384392738342e-02
6.797080393880605698e-03
1.241750083863735199e-02
7.312981877475976944e-03
8.685401082038879395e-02
9.860656224191188812e-03
1.956948265433311462e-02
2.459290251135826111e-02
3.304251935333013535e-03
-1.680072210729122162e-02
-9.452405385673046112e-03
-5.515666212886571884e-03
-1.290247309952974319e-02
1.359236985445022583e-02
-4.904907662421464920e-03
1.216146745719015598e-03
-9.430485777556896210e-03
7.881805300712585449e-02
3.652732819318771362e-02
-1.449240278452634811e-02
3.420613706111907959e-02
2.734805224463343620e-03
3.848455473780632019e-02
4.731889963150024414e-01
2.880792319774627686e-02
-2.270970493555068970e-02
2.190097980201244354e-02
-1.568733155727386475e-02
4.991561174392700195e-03
5.859286524355411530e-03
2.253208868205547333e-02
1.242894679307937622e-02
-1.962041854858398438e-02
-3.987725824117660522e-02
-1.339650433510541916e-02
2.843078412115573883e-02
-1.341129094362258911e-02
-2.527210302650928497e-02
-2.271273639053106308e-03
-1.443897373974323273e-02
2.728537656366825104e-02
2.126900851726531982e-02
-5.266921967267990112e-02
2.786538563668727875e-02
1.334638986736536026e-02
-1.315506454557180405e-02
3.118952969089150429e-03
7.726083975285291672e-03
1.833105832338333130e-02
-6.648392882198095322e-03
1.431344542652368546e-02
-1.327839400619268417e-02
2.179858088493347168e-02
1.557992771267890930e-02
-1.427630428224802017e-02
4.247297067195177078e-03
8.834418258629739285e-04
-2.530430629849433899e-02
3.137809835607185960e-05
1.667142845690250397e-02
-7.292925147339701653e-04
3.527725115418434143e-02
-3.577373921871185303e-02
3.402454406023025513e-02
1.626460812985897064e-02
-1.820867694914340973e-02
1.487276051193475723e-02
-3.346689278259873390e-03
-2.281109103932976723e-03
-3.746917704120278358e-03
1.938607729971408844e-02
4.369767755270004272e-02
-8.398839272558689117e-03
1.239207107573747635e-02
-1.866611535660922527e-03
-1.655198819935321808e-02
2.502520941197872162e-02
2.184004150331020355e-02
-3.853033704217523336e-04
3.043008968234062195e-03
1.600778475403785706e-02
-5.999168381094932556e-03
-2.272863499820232391e-02
2.232185099273920059e-03
-1.284858444705605507e-03
-9.457848034799098969e-03
-1.588661782443523407e-02
1.238325145095586777e-03
-5.464200861752033234e-03
2.687076851725578308e-02
2.555905142799019814e-03
-6.160457152873277664e-03
6.913253455422818661e-04
-8.044248446822166443e-03
-2.158606890588998795e-03
1.976996287703514099e-02
-1.065261289477348328e-02
-1.870054379105567932e-02
4.048209171742200851e-03
-4.599602520465850830e-02
2.542109927162528038e-03
7.540494203567504883e-02
-3.259201720356941223e-02
-1.407386921346187592e-02
9.068503975868225098e-03
-6.620408385060727596e-04
-1.356817409396171570e-02
-8.455667644739151001e-03
-1.527384668588638306e-02
-9.561107493937015533e-03
2.875431068241596222e-02
2.594120800495147705e-02
-4.032368771731853485e-03
-1.976262032985687256e-02
-1.370600610971450806e-02
2.289404161274433136e-02
-6.601779605261981487e-04
2.171264961361885071e-02
4.173985496163368225e-02
-5.779854953289031982e-03
1.675451919436454773e-02
-3.784421458840370178e-02
2.964625833556056023e-03
1.591152697801589966e-02
9.948049671947956085e-03
-3.547118976712226868e-02
1.862352900207042694e-02
-4.104021936655044556e-02
-3.761663101613521576e-03
-1.076254528015851974e-02
3.134067356586456299e-02
-1.945093739777803421e-03
-1.123150810599327087e-02
1.604789681732654572e-02
-4.373580962419509888e-02
1.025782991200685501e-02
-1.709134690463542938e-02
5.260245408862829208e-03
7.564135361462831497e-03
6.482875440269708633e-03
9.790396317839622498e-03
8.800290524959564209e-03
1.190699264407157898e-02
-2.845686674118041992e-02
7.293643895536661148e-03
2.181948162615299225e-02
-1.473850384354591370e-02
-1.742047071456909180e-02
7.029929663985967636e-03
2.859515883028507233e-02
5.296570807695388794e-02
2.075548842549324036e-02
1.830291375517845154e-02
9.404061129316687584e-04
-1.656526327133178711e-02
-7.828827202320098877e-02
-2.310908894287422299e-04
2.253613248467445374e-02
7.648743689060211182e-03
-2.434115670621395111e-02
7.432226091623306274e-03
6.675101816654205322e-02
1.097383908927440643e-02
7.412234693765640259e-02
2.269987575709819794e-02
-5.428179726004600525e-02
1.030053570866584778e-02
7.250194903463125229e-03
1.330771762877702713e-02
-1.575267314910888672e-02
2.270988188683986664e-02
1.420482061803340912e-02
-1.440428849309682846e-02
-1.191849727183580399e-02
-1.087330654263496399e-02
2.384467422962188721e-02
-1.314700115472078323e-02
-1.755784451961517334e-02
1.582459174096584320e-02
4.658382385969161987e-03
-2.609461359679698944e-02
2.064055949449539185e-02
1.139604672789573669e-02
2.711177431046962738e-02
3.842672333121299744e-02
2.024556696414947510e-02
-7.933934330940246582e-01
3.344797994941473007e-03
1.458938419818878174e-02
1.292952615767717361e-02
1.042329706251621246e-03
2.705727890133857727e-02
1.428225822746753693e-02
2.098822034895420074e-03
4.496390465646982193e-03
-4.165550228208303452e-03
2.887228317558765411e-02
5.723351612687110901e-02
-1.703823916614055634e-02
-1.049148663878440857e-02
-9.129241516347974539e-05
4.298604652285575867e-02
-1.471741404384374619e-02
3.590431297197937965e-03
-1.394556835293769836e-02
1.107467804104089737e-02
-4.416334629058837891e-02
2.345385961234569550e-02
8.926551789045333862e-03
-2.063464000821113586e-02
-1.549616549164056778e-02
-1.146066561341285706e-02
-2.647114917635917664e-02
2.306222682818770409e-03
1.121471542865037918e-02
-3.533698851242661476e-03
7.814458571374416351e-03
2.548710815608501434e-02
8.006197400391101837e-03
-6.933809258043766022e-03
-1.201902423053979874e-02
-1.815029978752136230e-02
5.702103301882743835e-02
2.440115995705127716e-02
-3.145378082990646362e-02
9.377409704029560089e-03
-1.290521174669265747e-01
4.840267822146415710e-02
-2.397325355559587479e-03
6.533649563789367676e-02
-2.865124493837356567e-02
-6.331853568553924561e-02
-1.391422655433416367e-02
-5.963391438126564026e-02
-6.966713117435574532e-04
3.398418426513671875e-02
2.378893829882144928e-02
-5.035961791872978210e-02
6.540220975875854492e-02
9.157527983188629150e-02
-5.355586856603622437e-02
2.209961414337158203e-02
-6.618937477469444275e-03
-9.326038882136344910e-03
7.731134071946144104e-03
7.428478449583053589e-02
3.677381202578544617e-02
1.033011898398399353e-01
-6.800089031457901001e-02
5.141874775290489197e-02
5.010183528065681458e-02
-1.159827690571546555e-02
7.216102629899978638e-02
8.814142644405364990e-02
-1.220609620213508606e-02
2.716564806178212166e-03
-3.460912406444549561e-02
8.226773701608181000e-03
-4.808041825890541077e-02
4.884914681315422058e-02
-3.243446350097656250e-02
-7.081198692321777344e-02
-5.723171308636665344e-02
3.007666952908039093e-02
6.648426502943038940e-02
2.580208331346511841e-02
1.624028570950031281e-02
9.153715372085571289e-01
6.426497548818588257e-02
-2.805808000266551971e-02
5.608533322811126709e-02
-2.036995440721511841e-02
1.420984417200088501e-01
1.990115270018577576e-02
4.044641926884651184e-02
-6.865578889846801758e-02
-7.452188059687614441e-03
-5.381990689784288406e-03
-3.101316653192043304e-02
1.303587388247251511e-02
4.336591064929962158e-02
-1.523880753666162491e-02
5.168344452977180481e-02
-2.916253730654716492e-02
-1.045176852494478226e-02
3.505960479378700256e-02
-1.442115474492311478e-02
-4.554743692278862000e-02
2.591645158827304840e-02
3.450527787208557129e-02
-4.108455032110214233e-02
-2.582268416881561279e-02
-2.254211867693811655e-04
-8.575121872127056122e-03
-5.658676847815513611e-03
7.874976098537445068e-02
-6.126022431999444962e-03
-7.183699402958154678e-03
-9.220555075444281101e-04
2.655258867889642715e-04
-8.405655622482299805e-02
2.123298496007919312e-02
-9.012797847390174866e-03
7.652412168681621552e-03
6.290118396282196045e-02
9.673114120960235596e-02
-5.283853970468044281e-04
1.063448414206504822e-01
5.858368054032325745e-02
-9.548634290695190430e-02
-1.684221178293228149e-01
-5.017799139022827148e-02
4.118019714951515198e-02
-1.670540310442447662e-02
5.735399946570396423e-02
3.343651816248893738e-02
-4.082382470369338989e-02
-2.698018215596675873e-02
-4.668707400560379028e-02
-5.512321367859840393e-03
9.946607984602451324e-03
2.445296756923198700e-02
8.008154109120368958e-03
-5.035724118351936340e-02
7.070265244692564011e-03
-2.455733716487884521e-02
-1.703680306673049927e-02
2.187559008598327637e-02
-1.618212834000587463e-02
-1.609894074499607086e-02
6.884355098009109497e-02
-5.110746994614601135e-02
-6.072772666811943054e-02
9.332855045795440674e-02
2.298694476485252380e-02
5.093320831656455994e-02
8.938845247030258179e-02
-3.830746188759803772e-02
7.836934179067611694e-02
-9.875527769327163696e-02
-2.122562751173973083e-02
3.545976057648658752e-02
1.928710564970970154e-02
-3.486829251050949097e-02
1.940666697919368744e-02
-2.148285880684852600e-02
-6.504119187593460083e-02
-1.606917567551136017e-02
-2.481278404593467712e-02
-3.962451592087745667e-02
7.577811926603317261e-02
5.642881616950035095e-02
-4.729100689291954041e-02
-6.564506888389587402e-02
1.477131806313991547e-02
-5.788015201687812805e-02
-2.989287115633487701e-02
-5.608764290809631348e-02
-5.589552689343690872e-03
5.520759895443916321e-02
2.591475099325180054e-02
1.070556938648223877e-01
4.525249823927879333e-02
-1.069624125957489014e-01
9.035403840243816376e-03
-1.167506072670221329e-02
2.050400897860527039e-02
3.317572921514511108e-02
1.917787827551364899e-02
1.135599762201309204e-01
-4.743284732103347778e-02
2.242493070662021637e-02
8.515412360429763794e-02
-9.110857732594013214e-03
-1.973634958267211914e-02
-4.509427398443222046e-02
6.747607141733169556e-02
-1.309157442301511765e-02
2.653458528220653534e-02
-9.122915565967559814e-03
3.359197825193405151e-02
1.242557354271411896e-02
1.279335469007492065e-02
-5.283290892839431763e-02
5.187188461422920227e-02
1.212001871317625046e-02
1.629567518830299377e-02
8.683129400014877319e-02
4.239948466420173645e-03
1.976817101240158081e-02
6.396831572055816650e-02
5.701942835003137589e-03
2.771227248013019562e-02
-4.304130002856254578e-02
6.774213910102844238e-02
-3.015152178704738617e-02
4.353033378720283508e-02
-7.537849247455596924e-03
3.977127838879823685e-03
1.792802475392818451e-02
-2.213742770254611969e-02
2.432109415531158447e-02
2.636549063026905060e-03
-4.623264074325561523e-02
-6.498255301266908646e-03
2.507112175226211548e-02
-2.900758199393749237e-02
-3.504184307530522346e-03
5.646222084760665894e-02
1.682602055370807648e-02
-1.341449748724699020e-02
-2.916894853115081787e-03
5.725303199142217636e-03
-2.318455651402473450e-02
-3.024826012551784515e-02
3.904851526021957397e-02
-3.391965478658676147e-02
-4.817275330424308777e-02
2.096974104642868042e-02
-5.310965329408645630e-02
7.846365869045257568e-02
-6.292055826634168625e-03
-4.875436797738075256e-02
6.704438477754592896e-02
-1.628364669159054756e-03
-4.188974946737289429e-02
-8.680930733680725098e-02
5.327324196696281433e-02
-2.763980010058730841e-04
-8.669119328260421753e-03
2.536611398681998253e-03
3.537810966372489929e-02
-3.381693363189697266e-02
-4.479099437594413757e-02
-1.003707051277160645e-01
2.516940236091613770e-02
4.756021127104759216e-02
-7.260037586092948914e-03
3.857438918203115463e-03
5.517358705401420593e-02
9.537717327475547791e-03
3.382008522748947144e-02
-2.139049023389816284e-02
2.486969903111457825e-02
7.005208730697631836e-02
2.474696934223175049e-02
1.092742532491683960e-01
-3.430087864398956299e-02
-6.593061238527297974e-02
7.079686969518661499e-02
1.948076672852039337e-02
8.867482654750347137e-03
7.118505239486694336e-02
2.133309282362461090e-02
4.976282641291618347e-02
-2.046857215464115143e-02
8.658992499113082886e-02
5.409361422061920166e-02
-6.141772959381341934e-03
2.050784416496753693e-03
8.691748231649398804e-02
7.764877378940582275e-02
-7.390592712908983231e-03
1.250568311661481857e-02
-2.884475328028202057e-02
5.084543675184249878e-02
8.185400627553462982e-03
-2.820417843759059906e-02
-5.026481673121452332e-02
3.807398676872253418e-02
-6.450161337852478027e-03
-2.694761380553245544e-03
-3.804191201925277710e-02
8.302960544824600220e-03
-3.456281498074531555e-02
-1.769754849374294281e-02
-1.370957214385271072e-02
2.369350194931030273e-02
-1.127846445888280869e-02
-4.230795800685882568e-02
-7.014244329184293747e-04
-3.371872007846832275e-02
-1.085206586867570877e-02
6.515327841043472290e-02
4.618234187364578247e-02
-8.391580544412136078e-03
2.063460648059844971e-02
1.193296047858893871e-03
-4.906634241342544556e-02
-2.689809352159500122e-02
6.246478855609893799e-02
4.009282961487770081e-02
-2.284049289301037788e-03
-4.658301919698715210e-02
-1.857903203926980495e-03
-4.721827059984207153e-02
-3.634786233305931091e-02
-3.075969032943248749e-02
3.038024902343750000e-02
-2.836992964148521423e-02
6.886290013790130615e-02
1.592333242297172546e-02
4.064674675464630127e-02
3.863869234919548035e-02
3.521125018596649170e-02
-1.760168932378292084e-02
4.576355591416358948e-02
5.696623027324676514e-02
-4.750337451696395874e-02
3.222624957561492920e-02
-6.484492216259241104e-03
4.408334195613861084e-02
4.554519057273864746e-02
-7.595372945070266724e-02
-9.696627967059612274e-03
-1.678808778524398804e-02
-3.660412132740020752e-02
-1.241481304168701172e-02
4.190608486533164978e-02
-1.804024563170969486e-03
9.486210346221923828e-02
7.542879134416580200e-02
3.940459340810775757e-02
8.247398585081100464e-02
9.501327760517597198e-03
-1.683789887465536594e-03
1.635562442243099213e-02
-1.111979689449071884e-02
-1.446311082690954208e-02
-8.810846135020256042e-03
-3.212111070752143860e-02
-9.487423812970519066e-04
-6.217609345912933350e-02
5.628876388072967529e-02
2.127645537257194519e-02
-2.078797668218612671e-02
-4.708218201994895935e-02
-2.175802737474441528e-02
5.632621049880981445e-02
1.260742172598838806e-02
7.581064943224191666e-03
-3.268723562359809875e-02
3.843974694609642029e-02
2.444006502628326416e-02
-5.716401338577270508e-02
1.613440737128257751e-02
-4.303869232535362244e-02
4.732260480523109436e-02
7.379691302776336670e-02
3.067827410995960236e-02
9.380767494440078735e-02
-7.456614635884761810e-03
3.858862444758415222e-02
-3.546093031764030457e-02
3.703340888023376465e-02
-3.725868463516235352e-02
-5.471794679760932922e-02
1.902007684111595154e-02
-5.560271441936492920e-03
-1.627502404153347015e-02
1.585223525762557983e-02
-8.189017884433269501e-03
-1.325016468763351440e-02
-4.466599971055984497e-02
-5.778927356004714966e-02
4.068901017308235168e-02
8.224425464868545532e-02
1.053156051784753799e-02
4.683658480644226074e-02
3.258375450968742371e-02
1.765217020874843001e-04
3.809013590216636658e-02
1.427266560494899750e-02
1.033351942896842957e-01
2.952660061419010162e-02
-1.187394605949521065e-03
-3.750961914192885160e-04
-6.087379530072212219e-03
1.769126742146909237e-03
1.474445965141057968e-02
-9.819539263844490051e-03
-6.104756146669387817e-02
3.448747470974922180e-02
-1.437074691057205200e-02
4.941504448652267456e-02
-1.458762213587760925e-02
4.278101399540901184e-02
-1.051254570484161377e-02
4.571923613548278809e-02
2.522711828351020813e-02
6.206018850207328796e-02
-4.789565503597259521e-02
3.262547403573989868e-02
-4.174832627177238464e-02
-8.332299068570137024e-03
6.659586727619171143e-02
-5.590857192873954773e-02
2.396828681230545044e-02
1.369616389274597168e-02
-3.052364289760589600e-02
1.233238261193037033e-02
1.080919429659843445e-02
-2.649196237325668335e-02
1.101670488715171814e-01
-4.504446685314178467e-02
3.419585898518562317e-02
1.847014389932155609e-02
-2.451181039214134216e-02
9.094675071537494659e-03
5.971785262227058411e-02
1.516811922192573547e-02
1.639786548912525177e-02
-3.171628713607788086e-02
-3.667935356497764587e-02
-9.017387777566909790e-02
2.284618467092514038e-02
1.302684247493743896e-01
1.174449268728494644e-02
7.864191383123397827e-02
4.501179978251457214e-02
1.480447780340909958e-02
3.475904930382966995e-03
1.780848950147628784e-02
6.534852087497711182e-02
1.285356096923351288e-02
-7.211467623710632324e-02
-8.104293607175350189e-03
-2.333453856408596039e-03
-2.390515059232711792e-03
2.158591337502002716e-02
9.904790669679641724e-03
-3.304713219404220581e-02
3.387296199798583984e-02
-5.678263679146766663e-02
3.204808011651039124e-02
-2.535512670874595642e-02
1.479094661772251129e-02
4.513801261782646179e-02
1.365679129958152771e-02
-7.917903363704681396e-02
-4.617742821574211121e-02
3.305850178003311157e-02
3.500837832689285278e-02
6.647514551877975464e-02
-2.915447391569614410e-02
-5.169902369379997253e-02
-9.062156896106898785e-04
1.981612667441368103e-02
8.805026113986968994e-02
-1.527311047539114952e-03
2.522039040923118591e-02
-2.560564689338207245e-02
-1.140781790018081665e-01
3.938952088356018066e-02
4.945955704897642136e-03
1.688063889741897583e-02
-5.837193131446838379e-02
-8.965788781642913818e-02
1.263000071048736572e-02
-3.612954914569854736e-02
-3.919728845357894897e-02
-2.595028653740882874e-02
7.232514675706624985e-03
-8.528180420398712158e-02
-5.898218601942062378e-02
-1.415485329926013947e-02
-4.157037287950515747e-02
3.515959903597831726e-02
3.697664290666580200e-02
-1.405620854347944260e-02
-8.472212404012680054e-02
3.628465929068624973e-04
1.056904420256614685e-01
1.044473517686128616e-02
5.127408076077699661e-03
7.380758970975875854e-02
6.905855983495712280e-02
-1.719079166650772095e-02
1.344230864197015762e-02
5.775501951575279236e-02
-4.696026816964149475e-02
6.926358491182327271e-02
3.907905891537666321e-02
-2.063517645001411438e-02
-3.732492774724960327e-02
7.341729104518890381e-02
8.173021674156188965e-02
2.692578732967376709e-02
1.555272471159696579e-02
7.432100921869277954e-02
-2.999499998986721039e-02
3.325160220265388489e-02
-1.281238347291946411e-02
-9.876686148345470428e-03
-7.053918670862913132e-03
-3.774949908256530762e-02
-4.463600739836692810e-02
2.348821796476840973e-02
-7.236988283693790436e-03
-2.089608274400234222e-02
6.547954678535461426e-02
6.200349703431129456e-02
-8.250444382429122925e-02
-9.436612017452716827e-03
-5.172358360141515732e-03
-4.497812315821647644e-02
2.863023057579994202e-02
6.641560792922973633e-02
-1.007784716784954071e-02
-9.135594591498374939e-03
-6.564653944224119186e-03
1.521408651024103165e-02
9.400025010108947754e-02
6.922457367181777954e-03
8.665257692337036133e-02
-1.154451258480548859e-02
-6.939818151295185089e-03
-1.526944059878587723e-02
-4.113939404487609863e-02
-2.014967612922191620e-02
-3.184252232313156128e-02
-5.458764359354972839e-02
1.172124780714511871e-02
-3.628020640462636948e-03
-8.304840326309204102e-02
-5.121976137161254883e-03
2.759991027414798737e-02
2.701475750654935837e-03
7.771668024361133575e-03
-1.419140398502349854e-02
3.889571875333786011e-02
-4.111979901790618896e-02
-1.398748345673084259e-02
-4.254548996686935425e-02
-4.518591612577438354e-02
4.110234975814819336e-02
-5.577650666236877441e-02
-2.731583267450332642e-02
8.537707850337028503e-03
-2.683964930474758148e-02
2.447887789458036423e-03
2.246058173477649689e-02
2.253540791571140289e-02
-1.676278375089168549e-02
3.394527593627572060e-03
2.028173208236694336e-02
-1.144645884633064270e-01
1.036684121936559677e-02
-8.456543833017349243e-02
8.386565744876861572e-02
2.920045889914035797e-02
-8.502362668514251709e-02
1.824120804667472839e-02
-4.207528010010719299e-02
3.248688206076622009e-02
1.782761327922344208e-02
-4.529039934277534485e-02
-6.590195000171661377e-03
-2.755251526832580566e-02
-9.659144096076488495e-03
2.626281231641769409e-02
-3.263383638113737106e-03
1.382722333073616028e-02
-3.978906199336051941e-02
3.653567284345626831e-03
9.151189588010311127e-03
1.456616912037134171e-02
-8.912950754165649414e-03
5.849372968077659607e-02
6.177350878715515137e-02
-3.967487253248691559e-03
5.460394918918609619e-02
2.909758687019348145e-02
1.163023430854082108e-02
1.964048855006694794e-02
-5.997190624475479126e-02
6.859990954399108887e-02
-4.396497458219528198e-02
7.309416681528091431e-02
6.580699235200881958e-02
2.850170433521270752e-02
1.277493406087160110e-02
-3.257788345217704773e-02
1.029768120497465134e-02
7.156929001212120056e-03
1.416110806167125702e-02
-1.243365090340375900e-02
9.561124444007873535e-02
8.017422631382942200e-03
-1.206607464700937271e-02
2.574495598673820496e-02
-5.121821165084838867e-02
1.248767320066690445e-02
-4.346081614494323730e-02
-5.328045412898063660e-02
-2.610077336430549622e-02
-1.494568368798354641e-05
