0.01428197
-0.00389572
-0.00541345
0.00187255
0.00480612
0.01150389
0.00766971
0.00313143
-0.03270161
0.00990429
0.00802661
-0.01482870
0.02062690
-0.02010187
-0.03469478
0.00491277
-0.01141704
0.02433980
0.11303812
0.02393020
-0.01128747
0.01274697
0.00331977
0.04842150
0.00351225
-0.03806600
-0.00650476
-0.01219071
-0.02629494
0.01056218
0.08492821
0.02145654
0.01345417
-0.01430594
-0.01199984
-0.01266205
0.00766754
0.02908837
0.02520156
0.04250317
-0.01113089
0.01262196
-0.01609051
0.00783537
-0.00344989
0.00573877
-0.01532583
-0.00315349
0.02466173
-0.00699860
0.02582705
-0.06675777
0.08727306
0.04563094
-0.00261790
0.01771436
-0.01426343
0.02983237
0.47872385
0.04653625
-0.01260636
0.02914075
0.00506500
-0.02198891
-0.00286467
0.06015561
-0.01636160
-0.01933594
-0.03660302
0.00916271
0.02165061
-0.02012890
-0.01780863
0.00928546
-0.04143323
0.02879182
0.00398740
-0.02720878
-0.00376278
0.01738941
-0.02683777
0.02633086
0.00632924
0.04270155
0.06087941
0.01061885
-0.00418156
0.00199366
0.03059582
-0.02899507
0.02250985
0.03303191
-0.05000324
-0.01432125
-0.00043066
-0.01307998
0.02723460
-0.02634566
0.04475240
-0.00341035
-0.01306523
0.03075574
-0.00167540
0.00680300
0.00842915
0.02932943
0.06076150
-0.01003685
0.01196127
0.00704537
-0.02420882
0.02960405
0.03177585
-0.01653948
-0.00534179
0.01153257
0.01613866
-0.02212548
0.00538682
-0.00874358
-0.00005706
-0.00525390
0.00621674
-0.00400612
-0.01113644
0.01351121
-0.03647177
0.01309642
0.00326502
0.02834886
0.02295837
0.00508107
-0.01762543
0.01517132
-0.01615471
-0.00642818
0.05839701
-0.01348630
-0.04379838
0.01457344
-0.05019499
-0.00197401
0.00359676
-0.00857123
0.00661928
0.11167267
0.01610751
-0.00768122
-0.02006623
-0.01204386
0.03103891
0.01415089
0.00581800
0.04640481
-0.00009433
-0.00708559
-0.02081267
-0.00455031
-0.02444678
-0.00322467
-0.03728975
-0.03468269
-0.02502123
-0.00827870
-0.01020374
0.06120376
-0.03267561
-0.02752495
0.00681663
-0.01467631
0.00763528
-0.01144595
0.01359291
0.02064177
0.03418714
0.00249013
0.02532999
-0.00090737
-0.05743926
0.00009945
0.00081408
-0.03065071
0.00239905
0.01014433
0.03884928
0.03756519
0.05113390
0.00620920
0.00130952
0.00659385
-0.04747356
0.00443843
0.00352290
0.00859443
-0.02607057
0.01587520
0.06644941
0.00795478
0.05674700
-0.01015393
-0.04494805
0.01234387
0.08656791
0.01039292
-0.01644125
0.02831357
0.00809929
0.01191547
-0.00063302
-0.03878794
-0.00859931
-0.00302720
-0.01813276
0.01213281
0.01429193
-0.02803634
0.01642755
0.02809234
0.01211025
0.04174666
-0.00309561
-0.76629174
0.00982081
0.01342043
0.00661583
0.00583042
0.03815321
0.00002118
0.01676873
0.01024749
-0.00884294
-0.00940985
0.03420087
-0.00104487
-0.01797868
0.01030265
0.02560480
-0.00738028
-0.00506416
-0.01911586
0.02696822
-0.03133236
-0.00876666
0.02042575
-0.02616047
-0.00129092
-0.00552045
-0.02004012
0.00824698
0.01982052
-0.00297329
0.01355524
0.01741880
0.01587626
0.00364840
-0.01322457
0.12138210
-0.06236904
-0.03697457
0.04939953
-0.04650372
-0.10186229
0.03958268
-0.07350539
-0.00848867
-0.10908512
0.20189440
0.04908308
0.01176047
-0.04938929
0.03500505
0.01692146
0.03372103
0.10085001
-0.03618222
0.05334922
-0.00502377
0.00294020
-0.06723726
0.06987386
0.08144280
-0.12179318
-0.00774251
-0.05099659
-0.07853286
-0.08772561
0.15621091
0.02850815
-0.04108889
0.00795008
0.06540214
0.03550701
0.01905387
0.06741266
-0.04007114
-0.02242315
-0.09900190
0.06121726
0.01872752
-0.04279193
0.11392502
0.07994391
0.83035356
-0.09779386
0.00048481
-0.09571208
0.07839484
0.09037293
0.03696923
0.07777245
-0.08890991
-0.05261089
0.06191459
-0.05464969
-0.02493464
-0.03818098
-0.07649589
-0.06956486
-0.00125409
0.03336111
0.04985367
-0.03557824
-0.03895997
0.04753392
0.04020241
-0.00486368
-0.02584705
-0.01634781
-0.00678695
-0.01096636
0.05795658
0.00077599
0.02264188
0.01491563
-0.02033559
-0.08446087
0.00813412
0.01830268
-0.01133120
0.03634284
0.08704597
-0.01060899
0.08536346
0.06151123
-0.09914607
-0.12852761
-0.04843593
0.03843369
-0.03407121
0.07404210
0.00269390
-0.01207312
-0.05186098
-0.01601510
0.02021954
-0.02006613
0.00790768
0.02007406
-0.02226071
0.00313406
-0.02674519
-0.02287003
-0.00159616
-0.05906414
-0.04142120
0.05462149
-0.01676764
-0.02792303
0.08238821
0.04028009
0.02185594
0.05977269
-0.05231422
0.10005931
-0.08506543
-0.01506484
0.09162500
0.00659925
-0.02426123
0.03145121
-0.01092257
-0.02344233
0.02411355
-0.00964691
-0.03546330
0.08791935
0.04159554
-0.04431474
-0.13193080
0.06147169
-0.07099927
-0.01247700
-0.07438933
-0.00138426
0.07836045
0.06194009
0.10273660
0.02502680
-0.10538916
0.01265701
-0.04422821
-0.01164431
0.03010503
-0.01102444
0.12394920
-0.07250165
0.03393322
0.05581045
-0.00380162
-0.01536492
-0.03634103
0.03298822
0.02265987
0.03715026
0.00303208
0.02732357
0.03054778
0.00618319
-0.09227916
0.02732666
0.02947569
0.01720214
0.06153613
0.03320700
0.02686678
0.06791265
0.01808544
0.00953095
-0.01389918
0.07840706
-0.06267811
0.06071017
-0.03261672
0.02336474
0.03705260
-0.04897842
0.02313168
-0.04506560
-0.03179083
-0.03967598
0.03640127
-0.04703118
0.01331408
0.04190253
0.02662105
-0.00214014
-0.03294739
-0.01783410
-0.02532441
-0.04347119
0.03847346
-0.01842763
-0.06195594
0.02679913
-0.04205568
0.09429788
-0.02405037
-0.02978809
0.12069759
0.00896706
-0.04130141
-0.07452197
0.07144019
-0.00821813
0.00591778
-0.00061622
0.01694320
-0.01385135
-0.05831263
-0.09856237
-0.01097677
0.03940945
0.00492939
0.03858099
0.06515399
-0.02668592
0.01275056
0.00782831
-0.00877808
0.05884080
0.00133951
0.06912136
-0.00245483
-0.06548015
0.02878065
0.03536542
0.02949809
0.05659743
0.05176855
0.06248948
-0.03300860
0.02338452
0.05463265
0.04228151
0.01613797
0.06334282
0.03694761
-0.00560643
-0.01618508
-0.03602766
0.03833123
0.00836982
-0.06183508
-0.03738686
0.02955895
-0.00448351
-0.03183076
-0.01207584
0.02062557
-0.00112482
-0.02424904
-0.01795769
0.02036057
0.01808963
-0.03521487
-0.01908856
-0.06378597
0.03443952
0.05687071
0.05143160
0.00347269
0.01398495
0.07658874
-0.03839578
-0.00234343
0.00086518
0.04702414
-0.04914976
-0.02878227
0.02269459
-0.02968800
-0.05275663
-0.05637984
0.00351626
-0.05005139
0.05307559
0.04467755
0.03535992
0.03313420
0.02222377
-0.01206729
0.04384932
0.04072530
-0.05209314
0.05231479
-0.01757717
0.02364109
0.01357595
-0.05951049
0.01310335
-0.00951779
-0.00124382
-0.01042160
0.01602524
0.00834511
0.05389768
0.08488488
0.03503106
0.07610484
0.00337947
0.04061378
0.01720413
-0.05518704
-0.02915150
-0.01286241
-0.04824960
-0.01136353
-0.06103006
0.05470922
-0.01110545
-0.01752154
-0.06331448
-0.03495140
0.08045897
0.04533672
0.03645376
-0.02900144
-0.01681550
0.06368324
-0.04641865
0.02248857
-0.02137768
0.01884736
0.02368923
0.02486609
0.08113892
-0.00698319
0.03019573
-0.01739704
0.04367035
-0.01329446
-0.05729127
0.02752655
-0.01275961
0.05165200
0.02652424
0.00258405
-0.05395019
-0.03714260
-0.03650284
0.02236932
-0.00604304
0.02402528
-0.00660552
0.00918926
0.03194862
0.00567185
0.02958424
0.12279093
0.05358065
-0.04649781
0.00373308
0.02176467
0.00886259
-0.02832176
-0.03587344
-0.04896358
-0.03089562
-0.02404064
0.06882726
-0.00669743
0.08672256
-0.01661391
-0.00819549
0.03823230
0.03995252
-0.09346551
0.05696586
0.00764994
-0.00231352
0.02192475
0.03390525
0.00411182
0.05376064
-0.03048866
0.02823583
0.02089570
0.00585680
0.05061766
-0.03028861
0.01051344
0.00737476
-0.04306616
0.02195909
0.04878118
0.00305216
-0.01001161
-0.00750282
0.03871601
-0.09296870
0.00345046
0.11708521
0.04159541
0.05879667
0.04172001
0.02775528
-0.01083798
0.01058177
0.09368416
0.06545643
-0.01823459
-0.01577777
0.01538257
-0.03250547
0.00439046
-0.00305834
-0.03597847
0.07719401
-0.04171800
0.00674194
-0.04122059
-0.01155212
0.06943046
0.01788955
-0.02159475
0.00862906
0.02825608
0.03789224
0.05615666
-0.04431820
-0.04175641
-0.02102959
0.04785059
0.09402186
-0.00906306
0.03202343
0.00852111
-0.11647929
-0.00327843
-0.01723953
0.03695346
0.00116735
-0.03501292
0.00266524
0.01710423
-0.03823938
-0.04438544
0.01741759
-0.06550347
-0.08672510
-0.00224619
-0.05843773
0.02878196
0.04177328
0.04646762
-0.08935714
-0.01552082
0.04651394
0.00186421
0.03138125
0.09160958
0.06814112
0.02366810
-0.01950327
0.06170307
-0.00947639
0.03292815
0.08004174
-0.06358480
-0.02059745
0.08048294
0.09568286
0.02439092
0.02466927
0.06870422
-0.04082653
0.00462636
-0.03779389
-0.00574545
-0.04506491
-0.04369287
-0.04988622
0.06555069
0.01289059
-0.05147537
0.02301773
0.02524952
-0.07991462
0.03532657
0.01101952
-0.02876575
0.06843225
0.01217003
-0.02216943
-0.02334583
-0.00424157
0.01614647
0.11217643
0.01324104
0.09022525
0.01195961
-0.01505773
-0.01473378
-0.01829239
-0.01798408
-0.03126011
-0.03716680
0.00159567
0.00937359
-0.03781832
-0.00414488
0.01772293
-0.00959298
0.04030438
-0.07418061
0.00097113
-0.07284255
0.01526335
-0.02869896
0.00275289
0.03989949
-0.03910229
-0.07468749
0.05939596
0.01206797
-0.00276600
0.03991331
0.03752370
-0.01077003
0.03879412
0.00383073
-0.07684827
0.00467076
-0.06443322
0.04229409
0.03825293
-0.09709739
-0.00197798
-0.04292169
-0.02675200
-0.00162849
-0.04724776
-0.00796389
0.01798275
-0.01239728
-0.02812161
-0.00569128
0.03727806
-0.04045892
-0.02291438
-0.00017652
0.08092913
-0.00318925
-0.00048609
0.04833879
0.00640924
0.03081136
0.03782542
0.03669727
0.01089415
-0.05005308
0.08132081
-0.02274376
0.06100408
0.07426742
0.06231170
-0.00043173
-0.04823409
0.04343328
0.02321907
-0.00709030
0.00177394
0.07020900
0.00991039
-0.03538381
0.00796730
-0.01921129
0.05221158
0.00776399
-0.05956170
-0.03978621
0.00050337
