0.02775557
-0.01940258
0.00039027
0.00193579
-0.00028576
-0.01447464
0.00397749
-0.00654147
-0.07027187
0.01995442
0.01110827
-0.01229799
0.02808664
-0.03105879
-0.04185961
0.01042443
-0.01721681
0.03326040
0.12173542
0.01468833
-0.01001048
0.01591005
0.00368681
0.05939471
-0.01534259
-0.04236740
-0.00762392
-0.00569062
-0.03180834
0.00045622
0.12185860
0.03426779
0.01274716
-0.01457641
-0.01708265
-0.01698433
0.03028505
0.03999057
0.03510064
0.06025777
-0.03137428
0.00381475
-0.01224633
0.02764674
0.00156741
0.00031707
-0.03034598
0.01429965
0.03256866
-0.00966317
0.02640514
-0.05585228
0.11799891
0.02747978
0.00304110
0.00737154
-0.03824515
0.01887828
0.44822267
0.03397887
-0.00257555
0.01709401
0.03190436
-0.02891356
-0.02049678
0.07481365
-0.02099033
-0.01787082
-0.05909436
0.03278517
0.03074468
-0.03170459
0.00711238
-0.00026458
-0.05302534
0.04960386
-0.00136686
-0.03966229
-0.00712605
0.00895788
-0.02645884
0.02144446
-0.00506008
0.05011284
0.06338889
0.01627990
-0.00350283
-0.00509063
0.03089971
-0.03645628
0.03926735
0.05331571
-0.06170639
-0.00885626
-0.01280982
-0.02350907
0.02450796
-0.00706898
0.05688304
-0.01033982
-0.01967928
0.02697610
-0.02076322
0.02281199
0.02191417
0.03986460
0.07312416
-0.02310025
0.00829789
0.01434926
-0.01444932
0.02740418
0.03741489
-0.03043742
0.00496473
0.00189571
0.00949580
-0.02796065
0.00950349
-0.00686716
0.00984579
-0.00274494
0.02583914
0.00151589
0.01019185
0.03042102
-0.05332344
0.00242501
-0.00565392
0.00610203
0.04989405
0.01169349
-0.02461229
0.02285892
-0.03001273
0.02606318
0.07383376
-0.00392161
0.00074412
0.00841775
-0.03305938
0.01401252
0.00074522
-0.00379024
0.00733489
0.10147602
0.01273319
-0.02027949
-0.00807782
-0.01358121
0.03656066
0.02543947
0.01076005
0.07821039
0.01229662
-0.01318253
-0.01294760
-0.00640877
-0.01274259
-0.01647845
-0.03674343
-0.02388911
-0.05791308
0.00082102
-0.00469559
0.07263353
-0.03891024
-0.03813113
0.00723383
-0.00393187
0.01622435
-0.00618941
0.01524838
0.03237549
0.04653130
-0.00253372
0.03043290
0.00193290
-0.05304724
-0.00007410
-0.00594466
-0.02222027
-0.00065693
-0.00440772
0.03084539
0.05352179
0.06956498
-0.00441488
0.00058448
-0.00746128
-0.07068297
0.00297133
-0.01826285
0.02182928
-0.04495800
0.03200583
0.08546977
0.00540068
0.09333932
-0.02070488
-0.08322805
-0.00033299
0.06697254
0.01783103
-0.00825633
0.03960750
-0.00669775
0.02822198
-0.00780099
-0.03845357
-0.00075025
-0.00084722
-0.04441855
0.00768192
0.01179488
-0.04847223
0.01606937
0.04974649
0.00902187
0.03202974
-0.00208072
-0.72036242
0.00349365
0.01147997
0.00503075
-0.00174263
0.06559227
-0.01118902
0.02540271
0.01677456
-0.01253157
-0.01432725
0.02932121
0.01559997
-0.00817087
0.02410997
0.03074079
-0.01171526
0.00250642
-0.01852514
0.04741548
-0.03043298
-0.01024590
0.04823462
-0.03504685
0.00028155
-0.00670027
-0.03335673
0.00345487
0.02063654
-0.02270335
0.00994130
0.00091615
0.01700179
0.00717196
-0.00728626
0.02562626
-0.05977187
-0.03166672
0.03872956
-0.03332598
-0.19409512
0.06997105
-0.01246347
0.04137845
-0.08658571
0.10320929
-0.01373379
-0.00468298
0.05696132
-0.08069135
-0.03965500
-0.07808716
0.07341590
-0.02060001
-0.01164278
0.02553605
0.00305619
-0.17625619
0.04792829
0.09606471
-0.12265414
-0.04801173
-0.07245272
-0.01227504
-0.07617586
0.12709385
0.03815864
-0.02962505
0.12057625
0.02978966
0.19386339
0.06669493
-0.00112051
-0.00818061
-0.06255805
-0.03347990
-0.04633349
0.01651237
-0.04447582
0.12490238
0.12895568
0.78922015
-0.05148291
0.13324744
0.04883019
0.10271814
0.05401472
0.04719657
0.02149351
-0.06038620
-0.07473826
0.05817332
-0.03667013
0.05240402
0.02445859
-0.14755461
0.12138128
0.00341672
0.02944420
0.02600946
-0.01639525
-0.03585357
0.06561635
0.06130867
-0.02309991
-0.03102805
-0.02103909
-0.00643154
-0.03143343
0.04939045
0.01826390
0.00929001
0.04358580
-0.00094685
-0.06667293
-0.01210558
0.00831010
0.03668807
0.03515508
0.10285477
-0.03729672
0.09078873
0.08198812
-0.06462239
-0.08085216
-0.03576502
0.02143539
-0.04517623
0.06745981
-0.00997749
0.00540926
-0.07829358
-0.00647431
0.00555096
0.01020086
0.02017369
0.01034521
-0.06233424
-0.01854483
-0.06817199
-0.00533254
-0.01160947
-0.03205250
0.01757881
0.02757658
-0.02185005
-0.02249078
0.07144687
0.05356997
0.02038772
0.07614464
-0.00682242
0.08692374
-0.07971410
0.00197733
-0.01048387
0.02012482
-0.05089919
0.01425228
-0.01111022
-0.02990930
-0.04088037
-0.01094318
-0.06049566
0.05840916
0.04705516
-0.00144037
-0.03360877
0.04000425
-0.07689553
-0.05199529
-0.06068194
0.01005444
0.05685378
0.02193071
0.12721054
0.04887001
-0.13120322
-0.02281232
-0.01974670
-0.01414684
0.06626007
-0.02205119
0.09118771
-0.02090718
0.08738304
0.06938911
0.01941285
0.01873799
-0.02911687
0.03895194
0.02068514
0.05503468
0.01010574
0.06899258
0.00553574
-0.01280617
-0.12746358
0.01135326
0.01111944
0.00262737
0.02560943
0.01857282
0.03668667
-0.00833138
0.02496161
0.05419813
-0.05351684
0.05534137
-0.05615645
0.06063786
0.00899228
0.04130068
0.03660104
-0.00163917
0.05232709
-0.03473955
-0.00254260
-0.06442209
0.02492283
-0.05028831
0.01671452
-0.00070114
0.04159307
0.02453585
0.00406951
-0.06363474
0.01061221
0.01760063
0.06129084
-0.00039123
-0.05921485
0.02194742
-0.01018815
0.03443731
0.02427868
-0.02139104
0.09132136
-0.02153286
0.01458861
-0.08383405
0.07027159
-0.03092456
0.00213202
0.00552170
0.02612054
-0.01897279
0.00053415
-0.05804653
-0.01286793
0.05163022
0.00573910
-0.00246679
0.03647416
-0.01589874
0.05335419
-0.03085102
0.08127420
0.05013799
-0.00562156
0.10783381
0.01685448
-0.03896604
0.01602953
0.03183577
0.03114052
0.07020028
0.01628360
0.04558033
-0.04140349
0.04211588
0.04963417
0.01792647
-0.00761261
0.07196774
0.06501395
-0.04843513
-0.02895219
-0.05737903
0.05206206
-0.01162137
-0.10539463
-0.03656748
0.01189153
-0.02363907
-0.00145298
-0.00150477
0.02776476
-0.04166000
-0.03651233
-0.04287772
0.00804823
0.00151291
-0.02997034
-0.00401458
-0.07361392
0.01260143
0.05440803
0.01685585
0.04763048
-0.02847123
-0.02027147
-0.03902676
-0.01647735
0.02977046
0.02694958
0.03862883
-0.06416079
0.00319006
-0.06442367
-0.07134344
-0.02145204
0.09073984
-0.10279453
0.07416090
0.00630434
0.05005721
0.06313184
0.05955166
-0.02081770
0.05428265
0.01778482
-0.09447044
-0.01401310
-0.05055114
0.04312905
0.00608371
-0.05395431
0.03405073
-0.01405355
-0.05265372
-0.04235010
0.01433899
0.02058630
0.07956143
0.05530198
0.02237919
0.02746745
-0.04254134
0.01811059
0.01176638
-0.04028154
0.01968636
-0.01073982
-0.06622629
-0.00800637
-0.06618819
0.04815582
-0.02403359
-0.05420264
-0.01250898
-0.04968555
0.06945559
0.00113376
0.00792860
-0.03113759
0.00643666
0.02040826
-0.03753053
0.01899923
-0.01907069
0.00472346
-0.01140679
0.00693059
0.05426031
0.00620008
0.03387662
-0.00839179
-0.01431591
0.01515289
-0.05700846
-0.01990044
-0.00850422
-0.01601574
0.02216006
0.01000774
-0.04876018
-0.03646785
-0.01410572
0.00859802
0.08930656
-0.00941240
0.01821563
0.01306518
-0.01837615
0.05157941
0.01853347
0.12329664
0.03260733
-0.05323812
0.02097393
0.03568431
-0.01667810
-0.03028207
-0.03005819
-0.00694469
-0.00479705
0.00188057
0.08599398
-0.02617483
0.05738004
0.01163636
0.05943787
0.07822625
0.07410697
-0.00195541
0.01629384
-0.09300059
0.00566089
0.04467454
-0.04611062
0.00684502
0.04979032
0.00525809
0.00995299
-0.02497754
-0.00646616
0.09903921
-0.03470656
0.01458461
0.04043508
-0.03695208
0.03949013
0.06089211
0.01417840
-0.00910851
0.00920009
-0.06251846
-0.07224401
0.03800796
0.11582018
-0.03158991
0.04913775
0.05076496
-0.00699220
-0.03900780
-0.01691922
0.05857787
0.05288359
-0.10348388
0.00417170
-0.02915822
0.01309196
-0.00895965
-0.02512920
-0.05706212
0.01962953
-0.04027956
0.01942598
0.02997732
-0.00443499
0.04745509
-0.00638212
-0.01794583
-0.00262303
0.03235418
0.03389547
-0.00082747
-0.06346123
-0.02802794
-0.00555501
-0.01002064
0.14563084
0.00374099
0.00371921
-0.01173260
-0.10635076
-0.01894193
0.00527727
0.05112991
-0.01923676
-0.10817281
-0.00515201
-0.01828453
-0.01984993
0.01347698
0.00376949
-0.03349613
-0.08501703
0.03111893
-0.02002386
-0.00904032
-0.00300102
-0.03165258
-0.05025155
-0.00554060
0.09518798
-0.00544302
0.04196980
0.08908918
0.00816580
-0.00797016
-0.01813859
0.04286396
-0.01703548
0.06871650
0.01734924
-0.00317718
-0.03693319
0.09255894
0.04579728
-0.00310627
0.01819257
0.07079574
0.00145442
0.01487518
0.04892681
0.01313236
-0.01435452
0.01339117
-0.04206848
-0.00711588
-0.00710435
-0.02121639
0.05232924
0.00949565
-0.03649825
-0.04983282
0.00309238
-0.04891241
0.03669064
0.01406540
0.00125000
-0.02309697
0.01528482
0.00448596
0.09031919
-0.03969074
0.07842264
-0.02511207
-0.04204896
-0.03868725
-0.02116263
-0.01196594
-0.01569233
-0.01162998
-0.01894777
0.02558502
-0.05044686
-0.04293118
0.07638883
0.02401192
0.02168462
-0.00360624
0.03007789
-0.06683802
-0.02841355
-0.07129401
-0.10924565
0.00737302
-0.06068315
-0.03393287
-0.02989784
-0.01743634
0.01744461
0.01164090
0.00471989
0.00420352
0.01193451
0.01399932
-0.12812705
0.04631681
-0.04528592
0.13346276
0.00251842
-0.05533706
0.04612419
-0.04317420
-0.01319585
0.01175341
-0.05272838
0.01993871
-0.00896512
0.00130782
-0.01983867
0.01560487
0.00662449
-0.01119888
-0.01821393
0.04177272
0.04728005
-0.02541382
0.05733011
0.05259288
0.00578375
0.04867963
0.01515797
-0.03137215
0.04715038
-0.00266314
0.03788695
-0.07356811
0.05420981
0.04399582
0.04701719
-0.00679331
-0.03677557
0.01866391
0.04205442
-0.03361604
-0.02147837
0.07460048
0.02542794
-0.01606144
0.01522122
-0.05120322
-0.00475383
-0.01020501
-0.02118279
-0.00887566
-0.04147604
