0.02114210
-0.01773788
0.00415474
0.02829376
-0.00068682
0.01153916
-0.01388436
0.00868438
-0.02924576
0.01920197
0.01660043
0.01987252
0.01651801
-0.02036042
-0.01806850
-0.00838147
0.02394154
-0.01591342
0.03828909
0.04211945
0.00273310
0.04395360
-0.03076890
0.00417814
-0.01163699
-0.02099365
0.00889435
0.01156094
-0.01353480
0.04053796
-0.05081081
0.02344655
0.00823266
-0.00128073
-0.02351880
0.01091423
0.00231863
0.01469201
0.00139417
-0.02045082
-0.00923010
0.01695856
0.04524757
-0.02342252
-0.01048366
-0.00415064
-0.02826517
0.01799294
-0.01790429
0.01328589
0.03213430
-0.05341649
0.01979685
-0.02958019
-0.03903646
-0.00161459
-0.00241574
-0.00116459
0.48025358
0.02575909
-0.04206463
0.01830766
-0.00155004
-0.02457302
0.00937527
0.07152064
0.00376287
-0.01407034
-0.04173121
0.02160362
0.05305123
0.02547716
-0.02513936
0.00949648
-0.00432034
0.02358826
-0.00707925
-0.01078411
0.01226384
-0.08265410
-0.00355320
-0.01736685
-0.01886663
0.01587559
0.07671860
-0.01359518
0.01214399
-0.00182130
0.02441836
-0.01264031
-0.00525287
0.02112924
-0.01661139
0.02350936
-0.01089671
0.01722614
0.00418370
-0.04449570
-0.01073755
-0.00956874
-0.01437419
0.01640301
0.00316844
0.01694645
0.00667085
0.00716440
0.00324535
0.00565769
0.00773716
-0.02808299
0.03730967
0.06190821
0.02958474
0.04777120
-0.01476319
0.00588134
0.02142864
-0.02257954
0.03421163
-0.00398074
-0.00842908
-0.00419243
0.00526416
0.00887982
0.01380190
0.02931376
-0.01923246
-0.00005012
0.00086184
0.09582298
0.04740732
0.00232857
-0.04210548
-0.01554129
-0.00775387
0.00197413
0.02775624
0.02598582
-0.07053893
0.02392315
-0.05919208
-0.04441587
-0.00301080
-0.00824118
-0.01308497
-0.00737131
-0.02033639
-0.00050174
-0.03857419
-0.02297883
0.02599529
0.01762212
-0.01317823
0.02792253
0.00366449
-0.03347002
0.00120313
0.01201647
-0.02182366
0.01727023
-0.01245740
-0.02147028
-0.03793111
0.01492804
-0.01116371
0.05124269
-0.01367448
-0.00067278
0.00553691
0.01056502
0.02486758
-0.00986264
0.03245740
-0.01570915
0.03887897
0.01946945
0.02734068
-0.01179671
-0.08773502
0.00470349
0.02014482
-0.04334140
-0.01314376
0.00346515
0.02931690
-0.10980934
0.07276887
-0.02268558
-0.00024167
0.04342673
0.03741423
0.02082537
-0.00189027
-0.01682904
-0.01099099
0.02962973
0.09553505
0.03000441
-0.00648093
-0.03732323
-0.03900203
0.02500679
0.13469879
0.00409869
0.03807195
-0.01374189
0.00632395
0.00664387
-0.01849796
-0.04794979
0.00613664
0.01017516
0.00798457
-0.00998082
0.01922008
0.00685200
-0.00769048
0.05128894
-0.00816933
-0.00621471
-0.01294988
-0.74643719
0.01973314
-0.00569103
0.00258709
-0.00042847
0.03206006
0.00336210
0.01651308
0.01835397
-0.00100432
-0.04585350
0.04284612
0.00184097
-0.03343318
-0.01074546
0.03643161
-0.01728197
0.00537711
0.00536301
0.03896140
-0.01531487
0.04300904
0.00618837
-0.01944890
-0.02752497
0.00912483
0.02615289
0.00765162
-0.00430061
-0.01248820
-0.01424181
0.01797326
0.01172812
-0.01415174
-0.02560440
0.08030561
0.05128472
-0.02963028
0.08196400
-0.10494630
-0.20559630
0.08171935
0.03789581
0.03353517
-0.14347552
0.09371243
0.02968135
-0.02912973
0.03807950
-0.13119689
-0.02831876
-0.05095891
0.06162126
0.00963445
-0.00482547
0.04313747
0.08793350
-0.19030721
0.00209140
0.12268345
-0.13042061
-0.00705858
-0.04904067
-0.01093478
-0.06696787
0.03906094
0.00458647
0.05053671
0.13965951
-0.02596380
0.17427205
0.04450751
-0.02038250
-0.05599716
-0.05194172
-0.05634017
-0.00273630
0.02057740
-0.04384151
0.03394450
0.10221724
0.78042316
-0.04145786
0.07691074
0.08156937
0.07525364
0.07947455
0.04048194
0.00362968
-0.12417822
-0.04924354
0.06911106
-0.03788179
0.00747673
0.02943093
-0.12345379
0.10990317
-0.09267981
-0.03036383
-0.02456609
-0.02506908
-0.04923208
0.09810480
0.06025279
-0.04633581
0.01467579
-0.01155611
0.02435011
0.00095637
0.01035146
0.00452050
0.00510084
-0.00729852
0.00670375
-0.00802680
0.01246858
-0.01637072
0.01565702
-0.02005989
0.04850094
-0.06359598
0.08392779
0.08100545
-0.01885588
-0.09696420
0.02004031
0.00201855
-0.02948257
0.04091328
0.00542628
-0.01893353
-0.04786503
-0.02038734
-0.02774880
0.04840745
-0.00468229
0.01223403
-0.01668371
-0.01200162
-0.01428867
-0.02092042
0.01523290
-0.00818542
0.02455318
-0.00261299
-0.01348756
0.01041269
0.08816098
0.03446534
0.01015267
0.09061812
-0.04562740
0.02774260
-0.01994898
-0.01014082
-0.11396285
0.01454259
-0.03105048
-0.02144700
-0.05009861
-0.05551245
-0.02400161
0.01142380
-0.00414067
-0.00388975
0.01055927
0.01852001
0.07116094
0.02520170
0.03653355
-0.01627748
-0.03798101
-0.00389120
-0.00904772
0.00691523
0.07463250
0.06975343
-0.06932379
-0.03881446
-0.02970340
-0.05363127
-0.04888055
-0.02918479
0.10241380
0.01987365
0.06661505
0.00303762
0.06866716
0.03569355
-0.06510246
0.04776513
0.02692566
0.03689075
0.04740292
0.04552302
-0.02282186
-0.03979111
-0.07762091
-0.02540491
0.01032058
-0.01544334
0.03893543
-0.00253433
0.06289114
-0.02827744
0.03256513
0.01378126
0.03932431
0.04862863
-0.04965788
0.00018462
0.03769413
0.00896096
0.00937624
-0.02509258
0.00998777
0.01711438
0.02037834
-0.08013049
0.00343519
0.02885167
-0.01833906
0.01418643
-0.01428813
0.01850580
0.02095866
-0.14849804
-0.00312397
0.00670005
0.02976265
-0.00915920
-0.02397164
-0.01232507
0.01548143
-0.02687526
0.04527536
-0.02104447
0.03041002
-0.07257500
0.03354372
-0.02202521
0.01656990
-0.04364166
0.05205024
0.03469120
0.04113859
-0.00943469
0.00108678
-0.03825635
0.02631761
0.04141246
0.02468582
0.01732206
-0.01032487
-0.06485278
0.03796694
-0.05276883
0.16157103
0.02560992
-0.03964921
0.09402268
-0.02162899
-0.00500043
-0.01288039
0.03243917
0.04372502
0.05179186
-0.00178170
0.00601552
0.00913167
0.03591837
0.04702405
0.00232805
-0.01871822
0.01813696
0.03936857
-0.01174129
0.00780514
-0.02761800
0.07183402
-0.03717120
-0.07319150
0.00751167
0.00878393
-0.03289935
0.01570003
0.00407089
0.04271871
-0.04638188
-0.04110259
-0.07461163
0.02252264
-0.00686031
-0.03699955
-0.00707452
-0.11466538
0.02479792
0.10291966
-0.00264439
-0.01024459
-0.02388559
-0.02193616
-0.00328299
0.00655441
0.05439431
-0.03145861
0.00937136
-0.03562622
-0.03532301
-0.05798480
0.00107260
0.00831981
0.08160453
-0.11116634
0.05584336
-0.05060688
0.03917309
0.06526666
0.03350049
-0.06812087
0.01273104
0.01138853
-0.04003657
-0.03416134
0.00445400
0.05845753
-0.05121887
-0.08416121
0.01603957
-0.03451861
-0.05369296
0.00528401
-0.01854788
0.02315437
-0.01457328
-0.01083607
0.05255464
-0.01815865
-0.07891808
-0.00637196
0.05092416
-0.03194193
0.05350557
0.02158860
-0.06531265
0.00428481
-0.03238038
0.08817512
-0.01238792
-0.01982994
-0.01792918
-0.06795120
-0.00142411
0.01257036
-0.07608011
0.03592121
0.02494338
-0.00921976
-0.01366546
0.02397846
-0.01576964
-0.02012484
0.00299862
0.01974468
0.02408927
-0.01077489
0.01460865
0.03242075
-0.07184261
0.00131498
-0.02745660
-0.00388766
0.02200606
0.00038758
0.06513645
-0.00941117
-0.06258160
-0.07047482
0.01846311
-0.06347173
0.07381654
-0.03553910
0.03856466
0.01530907
-0.04148815
0.07151801
0.00942813
0.07514437
-0.02333761
-0.03720781
-0.01170463
-0.00170790
-0.05423641
-0.12026496
-0.01751085
0.01699140
-0.04205236
0.03921299
0.04366352
-0.01636774
0.06243353
0.01618831
0.01645541
0.07733192
0.06291742
0.05699621
-0.02394238
-0.05488302
0.00387967
0.08611237
-0.11939077
0.02256065
0.02822913
0.01289233
-0.00279710
-0.06979261
0.02604103
0.11784536
-0.03238443
-0.03031348
0.04934105
-0.02668165
0.04660892
0.00940020
0.04486342
-0.05447435
-0.02002950
-0.09910570
-0.06686452
0.03850144
0.06282035
-0.04566144
-0.05842468
0.00320265
-0.03180278
-0.06177627
0.05085935
0.09019677
0.02009745
-0.11840780
-0.01078265
-0.05865083
-0.01887554
0.03060986
-0.05320981
-0.06121928
-0.00575815
0.00984866
0.04809127
0.02071838
0.03521805
0.07600819
-0.01097479
-0.03811923
0.03522651
0.00489025
-0.03872369
0.00814812
0.00634674
-0.05572408
-0.00939115
-0.01254017
0.13058166
-0.02429116
-0.06116607
-0.02576271
-0.08860155
0.00652999
0.03148150
0.01946105
-0.02150834
-0.06067811
-0.00854448
-0.00865579
-0.01231940
0.03676821
0.06309343
-0.05108874
-0.06165053
-0.02928162
0.01079181
0.04476364
-0.00504096
-0.10491831
-0.00222792
0.02843029
0.03044603
-0.06035601
0.05306087
0.06266152
-0.01247035
-0.01115418
0.05021614
0.04078539
0.04050623
0.00548347
0.01035288
-0.01354219
-0.02339297
0.09600806
0.01172469
0.04477872
0.02916199
0.01928600
-0.06093950
-0.00972638
0.10476319
0.01924993
0.04284805
0.01602955
-0.00328703
-0.01192975
0.01142616
-0.00562431
0.04421433
0.02585538
-0.03992267
-0.02493623
-0.04468464
-0.07330932
0.00381621
-0.00921322
0.05620964
-0.00578959
-0.00144955
0.01976964
0.10582379
0.00175739
0.06310570
-0.02170743
-0.00130942
-0.01715012
-0.08814790
-0.02469131
-0.06766175
0.02648923
0.00158851
0.04585451
-0.06818201
0.00714768
-0.01854878
0.07312161
0.05100735
0.04936530
-0.01658872
-0.04464578
-0.01902569
-0.05332505
-0.07346618
-0.03004340
-0.04401530
-0.02665531
-0.05722599
-0.06179042
0.00419980
-0.02990455
0.01188232
0.01984538
-0.03543340
-0.02372338
-0.02118671
0.02687529
-0.01888683
0.05897385
-0.00968993
-0.05068167
0.05366479
-0.04093158
-0.00858932
0.03490112
-0.03117989
0.01269282
-0.06172859
0.00849572
0.00510066
-0.00487650
-0.03854110
-0.02023479
0.01589232
0.06664217
-0.01388603
-0.04774578
0.02323620
0.05971634
-0.00856744
-0.00860453
0.01677950
-0.08538424
0.05380196
-0.01571966
-0.01376647
-0.02652114
0.00523765
0.03160207
0.01927462
-0.00453866
-0.01407897
0.01839348
0.02789917
-0.01938196
0.01519774
0.11123151
0.11582436
-0.02305761
0.03552664
-0.09533148
-0.01431066
-0.00454511
-0.02680145
0.05233004
-0.05447391
