0.01405973
-0.02194951
0.00185649
-0.00458236
0.00621715
-0.00100833
0.00529377
-0.00113989
-0.05927046
0.01359609
0.01367219
-0.01923051
0.03233048
-0.03003668
-0.03979097
0.00064483
-0.00823208
0.02715236
0.11522983
0.01691437
-0.00574380
0.02890101
-0.00211271
0.04861952
-0.00991529
-0.03275741
-0.00394827
-0.00345705
-0.03577043
0.00121203
0.08018276
0.03013100
0.01509619
-0.02347569
-0.01152938
0.00402226
0.02774387
0.03381565
0.03669256
0.02973564
-0.02380719
0.00127645
-0.02010408
0.01443044
0.00304972
0.00355232
-0.03313258
0.00894584
0.02788626
-0.00475157
0.03034638
-0.05595292
0.09184078
0.03088714
-0.00857474
0.00080507
-0.02463443
0.01854100
0.46512014
0.04060296
-0.00579227
0.03307090
0.02742380
-0.03764321
-0.01722800
0.06900544
-0.02720361
-0.01568893
-0.04013859
0.03486466
0.02446002
-0.03209571
-0.00250893
0.00334991
-0.04720987
0.03835003
-0.01201295
-0.03074280
0.00000812
-0.00681952
-0.03294425
0.03080409
-0.00528718
0.05660975
0.06389479
0.01372876
-0.00701906
-0.00236194
0.03818162
-0.03680944
0.02710640
0.04514008
-0.03904701
-0.00016839
-0.01569953
-0.01582248
0.02386430
-0.02661270
0.05659513
-0.00774965
-0.02050757
0.02297163
-0.01823741
0.01179273
0.00916720
0.03442052
0.06375041
-0.01484856
0.01562341
0.00967117
-0.01710090
0.02806275
0.03393760
-0.02687063
0.00283955
-0.00168080
0.01766173
-0.02759663
0.00742313
-0.00473451
0.00953567
-0.00426370
0.01820308
-0.00722110
-0.00280940
0.03159796
-0.05505112
0.01476055
-0.00488986
0.03044068
0.03520604
0.00531045
-0.02317496
0.02385141
-0.01665679
0.01297626
0.05550818
0.00242654
-0.03752073
0.01162962
-0.03818459
0.00177564
-0.00550282
-0.00349262
0.00115174
0.09691828
0.00654192
-0.01612418
-0.02064266
-0.01709537
0.04196143
0.02489523
-0.00030416
0.05802998
0.00883862
-0.01363284
-0.00235416
-0.00400982
-0.02038823
-0.00882880
-0.03390037
-0.03295178
-0.03304858
0.00188443
-0.00323943
0.07947735
-0.02886696
-0.03690687
0.01808501
0.01237865
0.02076534
-0.01229638
0.01524798
0.02110527
0.04778997
0.00000700
0.02632600
-0.00068783
-0.05579141
0.00643195
-0.00534025
-0.02979382
0.00714743
0.01426755
0.03778419
0.00798881
0.07919692
-0.00429490
0.00649403
0.01125096
-0.04413631
0.00968430
-0.00981572
0.01187074
-0.04502460
0.02903257
0.07993346
0.01669410
0.07296835
-0.02571013
-0.05027470
0.00524624
0.08807083
0.01175529
-0.00361679
0.01520167
-0.00857808
0.02260969
0.00156176
-0.04272381
-0.01246328
-0.00775492
-0.02841504
0.02072079
0.01608001
-0.04094968
0.02323891
0.05241057
-0.00119562
0.04348465
-0.00299347
-0.74618602
0.01400943
0.00357218
0.00391219
0.00657224
0.05563116
-0.01466015
0.03464702
0.02583027
-0.01949116
-0.01887652
0.02906265
0.00882027
-0.01915064
0.01364288
0.02403187
-0.00790641
-0.00070460
-0.01368946
0.03601491
-0.02415515
-0.01094136
0.02797215
-0.03202760
0.00329334
-0.00229965
-0.02549310
0.00954967
0.01423502
-0.01374478
0.01572047
0.01686527
0.02563469
-0.00191071
-0.01207173
0.04356723
-0.07102414
-0.08384647
0.08672222
-0.02946569
-0.07901660
-0.02321436
-0.00698962
0.06829881
-0.04695610
0.13980530
-0.01076942
0.05211906
0.01620452
-0.00732705
0.03826592
-0.01482134
0.14745705
-0.07478876
0.04447396
0.02306136
0.03922747
-0.06081114
0.05069007
0.05107346
-0.08176530
-0.04929274
-0.02197996
-0.03320881
-0.05466405
0.11863498
0.05392442
-0.00895504
0.00323912
0.05089172
0.10098153
0.00677392
0.04808270
-0.03747380
-0.02194918
0.00762108
0.04661223
0.03219024
-0.04835081
0.13206427
0.12332587
0.85829157
-0.02686555
0.08211323
-0.04947282
0.13702673
0.07133918
-0.05718202
0.04518830
-0.00613321
-0.13671556
0.08876731
-0.01180139
0.03102499
0.01267022
-0.09633788
-0.00094556
0.00726495
0.01703442
0.03261073
-0.01014939
-0.03019036
0.05615135
0.05949342
-0.03875864
-0.01787577
-0.02655673
0.03036038
0.00193932
0.02796758
-0.00614679
0.04080996
0.04577967
0.00648510
-0.07169706
-0.01445863
-0.00427923
0.04396836
0.04836624
0.08159588
-0.03296759
0.12804583
0.02245811
-0.10943142
-0.08518970
-0.01409757
0.01924913
-0.03530748
0.04076562
-0.05406383
0.03324548
-0.05573895
-0.01083953
0.03144103
-0.02395486
0.01548592
-0.00983518
-0.01385692
0.00279453
-0.08201933
-0.01647060
-0.01898677
-0.02398358
0.00629960
0.01865795
-0.06209640
-0.03862904
0.07393494
0.05440683
0.03720164
0.04767651
-0.04552832
0.08056255
-0.05212741
-0.02981818
0.01394404
0.01602282
-0.05122234
0.00260742
-0.00234163
-0.03891179
-0.03938664
0.01071371
-0.01553196
0.05918467
0.03800004
-0.00772829
-0.07966226
0.08382571
-0.07332688
-0.03566313
-0.06273147
-0.01084910
0.04723053
0.00309492
0.10131182
0.02869604
-0.11862144
-0.03070027
-0.06157718
-0.01716872
0.07038160
-0.00603643
0.11514498
-0.00460095
0.02460791
0.05798803
0.00633759
0.01945756
-0.07704670
0.06469401
-0.00447728
0.01801871
0.03340239
0.02966773
0.03374959
-0.01760868
-0.15118843
0.01491927
0.00836579
0.04702093
0.00068563
0.04408442
0.03613235
0.00358683
0.00929747
-0.01603594
-0.04685158
0.08194000
-0.02911342
0.01012883
-0.00232828
0.00605611
0.02419893
-0.04956017
-0.01178806
-0.02268777
-0.02677276
-0.04361255
0.04089250
-0.03747927
0.03840590
0.01799486
0.02442554
0.03177412
0.00428452
-0.09967241
0.00098424
-0.00222643
0.06127867
-0.02550193
-0.03400796
-0.01000138
-0.04303218
0.03714635
-0.00676543
0.00700195
0.09837902
-0.05707432
-0.00247899
-0.08682380
0.03618449
-0.02564207
0.01593612
-0.00288618
0.03261499
-0.01570582
-0.04421731
-0.05665010
0.03170694
0.04505154
0.02158655
-0.00678888
0.06098840
-0.03000209
0.01558671
-0.01548332
0.05690878
0.07825392
-0.01764834
0.09106345
0.00580866
-0.03096054
-0.00685942
0.05116644
0.05178581
0.01916514
0.03458288
0.05583315
-0.02556774
0.01721955
0.08147591
0.06338461
-0.03680057
0.02496273
0.04102698
-0.00341584
-0.03197473
-0.04790170
0.08290642
0.00394291
-0.05976931
-0.05681127
0.00300661
-0.02164149
-0.03406798
-0.02727341
0.00633672
0.01229044
-0.05828058
-0.01525350
0.00073611
-0.00123512
-0.03640983
-0.05252881
-0.09761700
0.03723108
0.10116252
0.02368603
0.00689904
0.00651725
0.03853641
-0.05658805
0.00781367
-0.00123341
0.03932898
-0.00418294
-0.03014768
-0.02300763
-0.06880962
-0.05148118
-0.07519196
0.04606277
-0.08842110
0.10235839
0.02165162
0.03537038
0.04174668
0.03572108
-0.00270663
0.03614673
0.01784636
-0.06619666
-0.03095671
-0.00865731
0.04700027
-0.00462195
-0.05946192
0.06152582
-0.05853112
0.00983935
-0.02391214
0.01034845
0.03096046
0.06859091
0.07113578
0.04183049
0.04910118
-0.01720085
0.03291599
0.05093472
-0.03188870
0.00876751
-0.01324630
-0.09839244
-0.02757653
-0.03765871
0.01051652
-0.02115315
-0.05687093
0.00239475
-0.02390417
0.05331418
-0.00717942
-0.00049654
-0.04213217
0.00348373
0.03041278
-0.03863664
0.01971499
-0.00666350
0.01521670
0.02459582
-0.00387093
0.05416939
0.02044698
0.04036738
-0.00058445
0.00434952
-0.00728325
-0.05455302
-0.01015300
0.00226864
0.04706469
0.02415679
0.03517597
-0.07951623
-0.06232875
-0.02197158
0.00564870
0.03416447
-0.02416519
0.01839311
-0.01294590
0.03299615
0.03226781
0.04447577
0.11440710
0.05346578
-0.02353577
-0.01991368
0.01877488
-0.00686250
-0.06877869
-0.02562584
-0.02121105
-0.01118221
-0.01852215
0.05095264
-0.02085882
0.09105533
-0.02882506
0.05492574
0.09970341
0.02779854
-0.02976008
0.03661890
-0.05117419
-0.00288331
0.07288905
-0.01844189
0.02614454
0.03516438
0.00405250
0.00320913
-0.02164381
0.00530713
0.05650485
-0.04597643
-0.02674599
0.05181184
-0.02972668
0.05805229
0.01378418
0.01463179
-0.02387116
0.03925804
-0.01002780
-0.05541366
0.01989463
0.11143176
0.01971557
0.01300187
0.00674662
0.03620770
-0.05113110
0.00954966
0.07443906
0.02485617
-0.08183675
0.01658200
-0.01449542
-0.01953669
0.01261166
-0.05816478
-0.01543728
0.03989876
-0.01525113
0.03458593
0.00820103
0.01925204
0.08805822
0.01834670
-0.02560869
0.03057609
0.00446190
0.03152328
0.04257473
-0.04558796
-0.07639654
0.01493504
0.04010159
0.12582631
0.02426071
-0.02294304
-0.00191719
-0.10702198
-0.03209217
0.02786549
0.02772922
-0.05085922
-0.05519690
0.01477727
0.02158560
-0.02007095
-0.00036453
0.00307603
-0.08177482
-0.10760500
-0.01370841
-0.06534708
0.02720278
-0.02008422
-0.00784823
-0.04957328
0.00703712
0.04583949
0.01638554
0.06308690
0.09787130
0.03559414
0.00510938
0.01664448
0.02626642
-0.01165566
0.02254556
-0.02539761
-0.04698636
-0.04637664
0.10027206
0.01932805
0.01209928
0.04132038
0.01180564
-0.05420724
0.00291194
0.02054375
0.01489803
-0.02220496
-0.00292604
-0.04471866
-0.02078872
0.02448048
-0.05365860
0.04836930
0.03671477
-0.06746762
-0.04139141
-0.00695508
-0.04977505
0.05858357
0.01397446
-0.00869775
0.00377189
0.00853682
0.00735165
0.09140424
-0.01712888
0.04187555
-0.01955667
-0.04219564
-0.04135738
-0.00896458
-0.00616271
-0.02920870
0.00078449
-0.02522147
0.02621225
-0.01979725
-0.01990207
0.06808614
0.03966299
0.05837506
-0.02126887
-0.02913531
-0.08196117
-0.01336462
-0.04749411
-0.10629441
0.02388771
-0.03004162
-0.04522392
-0.01112987
0.00997543
0.02823837
-0.00601814
0.05281403
-0.03840501
-0.01097213
-0.04170660
-0.03975900
0.04328449
-0.02755386
0.09228024
0.01210279
-0.06791627
0.00830698
-0.07515404
-0.00100893
-0.00660889
-0.05157437
-0.00150989
-0.00250281
0.04112323
-0.00532877
-0.01954696
0.01865542
-0.05629394
0.02313184
0.01929109
0.00760380
-0.00844597
0.01084217
0.05639938
0.00339250
0.05919686
0.05125511
-0.00353711
0.06587203
-0.02162610
0.05924552
-0.06340771
0.06718394
0.06662527
0.06285610
0.00382500
-0.03397071
0.03787315
0.04790153
-0.02485714
0.00557409
0.11162418
0.09561235
-0.01090721
0.01054217
-0.02385353
0.01981176
-0.02899289
-0.08489886
-0.01060088
-0.00931678
