0.03572233
-0.02181947
0.01960837
0.00886796
-0.00578227
-0.02604587
0.00853038
0.00137741
-0.07658083
0.03374644
-0.01122790
-0.00170686
0.02548010
-0.01782544
-0.03036127
0.00612640
-0.01438229
0.02486217
0.09485442
0.00784990
-0.00794717
0.02912205
-0.00182850
0.05188420
-0.02909976
-0.03571128
0.00900161
-0.00453291
-0.02872819
-0.00241257
0.10132202
0.03720329
0.01240548
-0.01041662
-0.01734327
-0.01803330
0.02180623
0.05220966
0.02303496
0.04830275
-0.05576614
-0.00188358
0.00743693
0.03231375
0.00879876
-0.01110505
-0.01617447
0.02445515
0.02581782
-0.00552308
0.01786274
-0.06010493
0.10990104
0.00829692
0.00440096
-0.00419984
-0.04404910
0.01208215
0.45150155
0.00152822
0.01058936
-0.02728680
0.04194580
-0.03798349
-0.02986930
0.08584086
-0.02448864
-0.02350007
-0.07361426
0.03434909
0.03610849
-0.03781844
0.00986876
-0.01330197
-0.04014222
0.05186448
0.01042598
-0.02827515
-0.00558472
0.01752322
-0.02174339
0.01383670
-0.01522224
0.03383069
0.06895018
0.01767244
0.00243265
0.00512980
0.02515806
-0.02916534
0.02819817
0.06092934
-0.07067966
-0.00110128
-0.02165765
-0.03223646
0.02024914
0.01138934
0.03635373
-0.02033994
-0.01942644
0.04225310
-0.02232270
0.02117623
0.01480038
0.02485420
0.05919947
-0.03024711
-0.00333357
0.01338009
-0.02666712
0.01697059
0.02385877
-0.03523760
0.02396957
-0.01012492
-0.01332146
-0.03664421
-0.00109018
-0.00255039
-0.00454552
-0.01062958
0.02619922
0.00670955
0.01942917
0.02249244
-0.05070650
-0.01395965
0.00158883
0.01975299
0.04306956
0.01523201
-0.03182305
0.00969206
-0.01614709
0.03437907
0.05440465
-0.01044507
0.00252817
0.01291889
-0.04433787
0.00591159
0.00393530
-0.02592415
0.00639177
0.08078507
0.02615821
-0.03665202
-0.00588435
-0.00815924
0.00703304
0.02543403
0.00781654
0.07551198
0.02280002
-0.00608380
-0.03404744
-0.00554390
-0.00725228
-0.02197940
-0.04343620
-0.01999846
-0.06647125
0.01233054
0.00429548
0.06239960
-0.03754619
-0.02898370
0.00633506
-0.00602818
0.01279742
0.00630593
0.00344299
0.03072995
0.03332863
-0.00638832
0.02416019
0.00239128
-0.07168678
-0.01110026
-0.00833558
-0.01226017
-0.00317695
-0.00943149
0.00636982
0.06265645
0.02682601
-0.00919124
0.00063985
-0.00944986
-0.05611680
0.00614015
-0.01767957
0.02381010
-0.03962568
0.02875261
0.09394929
0.00443861
0.07441431
-0.01795237
-0.08678216
-0.00036333
0.04450214
0.00752041
-0.01876117
0.04924600
-0.00469409
0.03461154
-0.01781125
-0.03100492
-0.00348295
-0.00863234
-0.04272280
0.00360945
-0.00841567
-0.04204379
0.00242400
0.05100663
0.01130246
0.00713217
-0.00404492
-0.73649698
-0.00922682
0.02354253
0.01116528
-0.00990681
0.04662367
-0.02006433
0.01798481
0.00461917
-0.01174740
-0.02252925
0.03629659
0.01782925
0.01088168
0.01048583
0.02234276
-0.00277869
0.01231560
-0.01479647
0.05008214
-0.01492833
-0.00232493
0.04912324
-0.03565895
0.01035424
-0.02465529
-0.01937556
-0.00952505
-0.00345727
-0.02205395
0.00791352
-0.01647778
0.01373923
0.02231598
-0.00244579
0.02538849
-0.01558838
-0.11526906
0.10206856
-0.03459962
-0.09581258
-0.00936816
-0.03852754
0.00609289
0.00819232
0.15232714
0.03926039
0.02959265
0.01601773
-0.01573519
0.05772632
0.01396705
0.08808510
-0.09069247
0.03021559
-0.03595256
0.00337491
-0.11868161
0.04762794
0.05496066
-0.07110602
-0.07842866
-0.06364202
-0.12718099
-0.06293965
0.16541667
0.01587000
-0.06652680
0.00116439
0.10875434
0.09116104
-0.01737454
0.01891283
-0.04954311
0.04020159
-0.05978521
0.14569731
0.03797114
-0.07991870
0.08158037
0.06778070
0.82523906
-0.12417516
0.02218226
-0.06207688
0.00081724
0.07213692
-0.06343058
0.11070162
-0.02280009
-0.11222363
0.10613757
0.02061701
-0.02321074
0.00939985
-0.05070666
-0.03847133
-0.00552624
0.09034394
0.04896629
-0.04677364
-0.05190330
0.04655071
0.05485985
-0.03464745
-0.01313406
-0.02657947
0.00932194
-0.03567037
0.05946073
0.03806094
0.01872380
0.01856368
-0.00306419
-0.05689523
-0.02040596
0.03812363
0.02584763
0.00193967
0.04047080
-0.04264602
0.09004765
0.06479206
-0.06878246
-0.03258943
-0.03321114
0.02298620
-0.04429444
0.06585567
-0.04311741
-0.00400338
-0.07957385
0.03318197
0.00693640
0.02078276
-0.00855970
-0.02793613
-0.00957300
0.01291826
-0.05748256
-0.04094258
0.03169871
-0.04676499
-0.00382426
-0.00552484
-0.01448425
-0.00634606
0.08553939
0.02617866
0.00232587
0.05089845
-0.03749192
0.06232110
-0.05534473
-0.01077300
-0.01648482
0.01344935
-0.06196841
-0.02559295
0.02096342
-0.00773337
-0.09031866
-0.02495515
-0.00198216
0.03179530
0.04878490
0.00971854
-0.03953128
0.03674923
-0.05442255
-0.05962705
-0.01585376
-0.01398710
0.05309441
0.04128889
0.11348078
0.06005501
-0.11536787
-0.03058520
-0.04842750
-0.02829220
0.08420657
-0.03582695
0.08378705
-0.00556946
0.07693928
0.06171926
0.03365747
-0.00308100
-0.04942670
0.03731611
0.02683529
0.01627261
0.04227264
0.02866844
0.00758029
0.00553283
-0.14485382
-0.00380701
0.02605993
-0.01758609
-0.01270991
0.01895569
0.03188198
-0.03038332
-0.02178306
0.02018490
-0.02784482
0.05602267
-0.01548020
0.01575393
-0.04447513
-0.01079766
0.03489320
-0.03574760
0.02546019
-0.03934914
0.00944195
-0.04706175
0.00377114
-0.03439733
-0.00291443
0.04805541
0.07170150
0.06263554
0.01626510
-0.14364712
-0.01047750
0.02978951
0.06196639
-0.00196954
-0.02311642
0.00528136
-0.02774251
0.03403855
0.03015661
0.00876774
0.05910524
-0.02780102
0.05249425
-0.07673438
0.04562659
-0.00640586
0.03941562
0.00403715
0.00589183
0.00028502
-0.03022341
-0.04703365
0.01565595
0.02065043
0.02295728
-0.00643513
0.05589791
-0.04825865
0.05177025
-0.05571544
0.06146709
0.01963966
-0.01211510
0.11060581
-0.01550446
-0.02483781
-0.00185163
0.08634075
0.02215568
0.02536713
0.03327752
0.03031529
-0.01192554
0.05509734
0.05053988
0.04124207
0.01407972
0.03151036
0.04474951
-0.03606063
-0.05184642
-0.05730426
0.07706692
-0.01684641
-0.08805834
-0.01990054
0.02394419
-0.02009885
-0.01590003
-0.00450746
-0.00207368
0.01560357
-0.05023077
-0.02184054
-0.01303648
-0.00770048
-0.04556688
-0.04206285
-0.07047258
0.02564872
0.05030327
0.03016791
0.03657507
-0.00282652
-0.02502853
-0.02358820
0.00513640
0.01802888
0.04008880
0.00658399
-0.07130533
-0.00775999
-0.06663605
-0.07372069
-0.05139058
0.08205537
-0.11476938
0.05798854
0.01355900
0.07593647
0.04272066
0.05769943
-0.02779109
0.03772325
0.02672738
-0.12093785
-0.04036019
-0.05562541
0.05682256
-0.03477157
-0.05368908
0.06519922
-0.00331514
-0.02945572
-0.00893339
0.00953675
0.02166328
0.04919064
0.06317997
0.03487861
0.03647735
-0.03696952
-0.00291703
-0.00345462
-0.01567526
0.02481067
0.00531521
-0.08306973
-0.03884032
-0.02045286
0.06266475
-0.00552197
-0.05178922
-0.02435477
-0.03774671
0.07683682
-0.01494867
0.00976966
-0.03964766
0.01931023
0.02277268
-0.01874512
0.05774314
-0.00440339
0.01073785
0.00686306
0.00520912
0.02235740
-0.00675181
0.00838086
0.00610361
-0.01643124
0.01689176
-0.06260245
-0.01727784
-0.00232468
-0.00705546
0.02868828
0.04294305
-0.07315447
-0.05186215
-0.02551197
-0.00931684
0.05949167
-0.01458635
0.03085182
-0.00190798
-0.02007160
0.04868108
-0.02445911
0.10881447
0.00836012
-0.05076878
-0.02546621
0.02535362
-0.01647086
-0.10385675
-0.03197668
-0.00389736
-0.02596840
-0.00011452
0.04061995
-0.02335731
0.07297040
-0.02537123
0.05048222
0.08126261
0.07258010
-0.03062517
0.02185478
-0.07382289
-0.00214562
0.05922576
-0.02075390
0.00720485
0.03286612
0.03923738
-0.01070344
-0.04140263
-0.03755233
0.12162282
-0.03690243
0.00595627
0.02033096
-0.05084110
0.04411865
0.01247824
0.02068403
-0.02392399
0.03312776
-0.06892475
-0.07148911
0.04687201
0.08124799
0.01075518
0.01509162
0.04006831
-0.01594053
-0.07226542
-0.00854811
0.03837172
0.03231357
-0.10758592
0.00698648
-0.00273582
-0.02672756
0.00729011
-0.04096594
-0.00205658
0.01909734
0.00001785
0.01371123
0.01452419
0.02140481
0.05159688
-0.01890468
0.00480130
-0.00530807
0.03875326
0.02971306
-0.00042904
-0.10577761
-0.04420166
0.00749613
0.02128801
0.08768270
-0.00433060
0.00599896
0.01109900
-0.11449382
-0.05558492
0.01370623
0.04783219
-0.02781440
-0.04447335
-0.00770666
0.01513690
0.02775165
0.01958203
0.02140505
-0.05650432
-0.06349888
-0.00116651
-0.02852861
-0.02373523
-0.01085567
-0.00628992
-0.05487412
0.01206188
0.05790339
0.03309171
0.06006205
0.12178207
-0.02660532
0.01532284
-0.00709704
0.02574453
-0.00424895
0.03909068
0.00184972
-0.02406384
-0.03470276
0.11492206
0.03955222
-0.00167866
0.01636929
0.04536837
-0.00431616
-0.00337342
0.05292743
0.02225260
0.00434718
0.02389816
-0.04234063
-0.00855603
0.02489805
-0.02712037
0.00353125
0.00165028
-0.03004456
-0.06793538
0.01626828
-0.05690695
0.02706936
0.02795509
0.01215360
-0.01118809
-0.02255435
-0.00074536
0.06341428
-0.02746187
0.08418041
-0.01914288
-0.03075037
-0.02476132
0.02561238
-0.03109542
0.03734147
0.02047667
-0.03336765
-0.00126487
-0.04028878
-0.02861707
0.07747957
0.01777118
0.04565759
-0.04081675
-0.02037465
-0.09761775
-0.02254465
-0.04167071
-0.15207219
-0.02474116
-0.05674479
-0.04470466
-0.05434881
-0.02845628
0.02593521
0.01801550
0.02535591
0.00464128
0.00157637
-0.01181073
-0.10002403
0.05902796
-0.01908042
0.11968931
-0.03273278
-0.04250694
0.02658047
-0.05794239
-0.04152272
0.01946742
-0.04022641
0.00998412
0.01219087
0.02485654
-0.00723947
-0.03910331
-0.00084173
-0.03784038
-0.03105219
0.02390662
0.04939676
-0.01297640
0.05530138
0.01842123
-0.00644800
0.02341415
0.02578389
-0.02077489
0.06652411
-0.01611529
0.04204688
-0.07410486
0.02498724
0.04990593
0.06298163
0.03299644
-0.03735196
0.04193170
0.04631705
-0.08533345
-0.01024473
0.10760096
0.10420410
0.01058941
0.00370268
-0.07116197
-0.01433055
-0.03814493
-0.05094553
0.01928673
-0.02130376
