0.03078182
-0.00447387
0.01422733
0.01181344
-0.00550226
0.00598545
-0.00227447
-0.00140588
-0.07594724
0.01518643
0.00333523
-0.01246010
0.02499981
0.00363739
-0.00656083
-0.00932906
0.00624620
0.00294514
-0.00364875
0.02463961
-0.00683365
0.05162324
-0.04783021
-0.01499584
-0.00888417
0.01085016
0.02248400
-0.00775950
-0.00571024
0.00934123
-0.03920335
0.01564623
0.00106045
-0.00171452
-0.01114706
-0.01289685
0.00303677
0.00635840
-0.00047814
-0.00047028
-0.01867068
0.00772084
0.02502410
-0.01738955
-0.00813484
-0.00670223
-0.01538852
0.01095016
-0.00910939
0.00022610
0.01440011
-0.07076900
0.02452607
-0.00238818
-0.02982667
-0.01334769
-0.03362083
0.01407030
0.50596935
-0.02135553
-0.03364377
-0.00082539
0.01922723
-0.03965463
0.01257604
0.08300865
-0.01299132
0.00125360
-0.07133682
0.02267584
0.01577405
0.01660128
-0.00394489
0.01452501
-0.00172119
0.01397059
-0.00636124
0.00210581
0.00189820
-0.02276457
-0.00569477
-0.02975958
-0.00682795
0.01791327
0.05204336
-0.02198448
-0.00466466
-0.00185449
0.01590167
-0.01649478
0.00135396
0.03485949
-0.03753455
0.00976328
-0.00025973
-0.01314491
0.02006615
-0.02617533
-0.01718358
-0.01868114
-0.01293748
0.02548957
0.01259302
0.01566864
-0.00035567
-0.01768978
0.00539100
0.00022629
0.01463614
-0.02154194
-0.00724193
0.03146643
0.02180101
0.01302029
-0.01203820
0.00619065
-0.00971229
-0.02272323
0.01643187
-0.00178435
0.00694166
-0.00755908
-0.00697302
0.01800226
0.04924921
0.03032209
-0.02230469
0.00389375
-0.00342206
0.08903177
0.06603196
0.00280541
-0.02431448
0.00492220
-0.01243817
-0.00445499
0.03024579
0.02629919
-0.05528001
0.01403508
-0.00425725
-0.01150413
0.00579102
-0.00803402
-0.01821642
-0.01249337
-0.03229732
-0.00856796
-0.01072698
-0.01538710
0.01596160
0.02065142
-0.00215220
0.02236266
-0.00635584
-0.04777016
0.02470121
0.01126697
-0.01812640
0.00756041
0.00203157
-0.00573350
-0.06176068
0.00269953
-0.00419632
0.04154708
-0.05540409
-0.00028851
-0.00449591
0.02592368
0.00698092
-0.00720056
0.01522955
0.00444027
0.02434107
0.00677918
0.01518066
-0.00295227
-0.09935524
0.00617395
0.02086442
-0.02686216
0.00259416
-0.00097731
0.01361371
-0.07507131
0.01485777
-0.01645081
-0.00534695
0.04534119
0.03635402
0.01303247
-0.00761532
-0.02712057
0.01971950
0.03022623
0.12179565
0.02030808
0.04019328
-0.03194321
-0.07145758
0.00936104
0.06646440
-0.00900168
0.01891372
0.02341443
0.00764727
0.02365323
0.02197753
-0.07284258
0.01538129
0.00234932
0.01522210
-0.01126718
0.00798368
0.02202405
0.01110636
0.02802770
-0.01780710
-0.01624778
-0.00034600
-0.75240624
0.00757837
-0.01023509
0.00168607
-0.00082944
0.02370751
-0.01147812
0.01211693
0.01934503
0.01686581
-0.07126042
0.03142075
0.02373991
-0.02113940
0.00670739
-0.00098552
-0.00812377
-0.00210897
0.00670867
0.01831674
-0.00001868
0.06769638
0.04203047
-0.02257333
0.00707246
0.00422830
0.01458021
0.01129027
-0.01462051
-0.00799391
-0.01646318
0.00154325
0.00817555
-0.00416014
-0.02429729
0.03205992
0.09775334
0.01395001
0.05159264
-0.15139988
-0.19029203
0.05806186
0.05286749
0.02311956
-0.10539263
0.05301353
0.04748610
-0.00114800
0.07345493
-0.13037801
-0.01761097
-0.08232871
0.00037780
0.02323748
-0.02798878
0.04083135
0.10677752
-0.21004181
-0.06174894
0.14639652
-0.12478358
0.00793171
-0.04563674
-0.03384193
-0.02772362
-0.04733111
0.01709465
0.06653251
0.17556570
-0.00981388
0.20604725
0.04817340
-0.05850470
-0.01293845
-0.03237223
-0.04321381
-0.00163852
0.03803217
-0.02449619
0.00695737
0.08611659
0.76300979
-0.00629067
0.08076896
0.14138462
0.05795979
0.08341484
-0.00677730
-0.01889113
-0.11172718
-0.04639957
-0.00451661
0.00733602
0.04198381
0.06515446
-0.07947897
0.14321053
-0.06727857
-0.03851479
0.03117582
-0.01658050
-0.04543616
0.09452973
0.00233500
-0.04355269
-0.03397605
-0.00743073
0.05558523
0.00948914
0.01945527
-0.00102459
0.05446370
0.01485326
-0.04717631
-0.01912761
-0.01583010
-0.02155185
0.01615510
0.00875627
0.02162831
-0.02783096
0.07628569
0.06399138
-0.06622735
-0.01724640
0.02398168
0.00895831
-0.04070533
0.05098338
-0.08446195
0.01971712
-0.06479014
-0.02856663
0.00264486
0.01232575
0.03357047
-0.06402222
-0.07158809
-0.00961867
-0.04340102
-0.03725500
-0.00555502
-0.00437393
0.02166880
0.02596421
-0.01977670
0.04531634
0.08856130
0.08867483
-0.00975011
0.07264832
-0.03370097
0.06977318
-0.03175037
0.00917218
-0.07015604
0.04842004
-0.04471311
-0.00610562
-0.01880621
-0.03657147
-0.02029695
0.03942870
-0.02165750
0.01248914
0.02648070
-0.01457626
0.01599291
0.04971844
-0.01884959
-0.03345076
-0.05172122
-0.01211756
0.04547423
0.00115368
0.13631915
0.05340947
-0.10570341
-0.06356058
-0.03137042
-0.00613755
0.00936144
-0.01856116
0.05148379
-0.03468793
0.05148046
0.00723441
0.01431691
0.01793508
-0.04696982
0.06961213
-0.01862679
0.00651091
0.02427905
0.02946437
0.04507115
-0.01231903
-0.13367525
-0.00951648
-0.00909424
-0.02016839
-0.00198676
0.03675088
0.06060471
-0.02835430
0.00040938
0.01248298
0.00784948
0.03363479
-0.05022087
0.00846798
0.03549568
0.03350759
0.03483718
0.01790451
0.04159162
0.02096350
0.00020649
-0.02940239
0.04176291
-0.03487554
0.03386567
0.02855624
0.08204664
0.01055968
-0.04612679
-0.18871488
-0.03203532
-0.00714588
0.06512266
-0.01473228
-0.08786079
0.00019345
-0.00751349
0.00584986
0.00126364
-0.02900963
0.08471632
-0.04181908
0.05108747
-0.02827244
0.01953251
-0.01181952
0.03225968
-0.04320370
0.01956033
0.02638195
-0.01162714
-0.02174886
0.01695571
0.05133604
0.00473083
0.02169666
0.03076434
-0.03115942
-0.01869640
-0.01398612
0.07370155
0.08567144
-0.03125811
0.09857816
0.05173020
-0.01996852
-0.03442234
0.05218380
0.05145364
0.05580293
-0.00004240
0.03567623
-0.02419046
0.02703078
0.05963993
0.02848040
-0.01830058
-0.00486646
0.03378991
-0.07371743
-0.02744801
-0.06055543
0.10102085
0.01601170
-0.04079736
-0.04690395
-0.01268783
-0.05047949
-0.01659884
0.04212083
0.04122330
-0.00797069
-0.03313082
-0.03684584
0.04482329
0.01382704
-0.00529115
-0.04065272
-0.07754707
0.06092702
0.05037375
-0.00252900
0.02579008
-0.00587882
-0.00377738
-0.00777207
0.01546692
0.02908025
0.00598661
0.04345996
-0.02544786
0.02403393
-0.07497965
-0.02084979
0.02687037
0.06622069
-0.14099146
0.06298247
0.00426462
0.06392571
0.06122798
0.02103306
-0.05305075
0.05009980
-0.01037954
-0.07163931
0.00797794
-0.02052912
-0.01354598
-0.01189091
-0.04007641
0.06135289
-0.04366639
-0.03030583
0.00406857
-0.00227990
0.02488367
-0.01496078
0.00529791
0.05634332
0.05257548
-0.05644709
-0.00203333
0.04471098
-0.04372181
-0.02411162
0.02251933
-0.12974437
-0.00845014
-0.03483123
0.03806109
-0.01841521
-0.00868393
0.00456197
-0.01722014
0.00562198
-0.00672969
-0.02838233
0.01396436
0.01123534
-0.00906627
-0.04935522
0.02102509
-0.00005498
-0.03457265
0.03630293
0.00649140
0.04375403
0.00364664
0.01038158
0.05019568
-0.03476427
0.01294264
-0.03827756
-0.04513162
0.01384733
-0.03323605
0.00567725
0.00001724
-0.02611237
-0.04394765
0.00451014
-0.06429483
0.05779072
0.01825959
0.02198730
0.01590923
-0.03443832
0.01563613
0.00773440
0.07729565
0.03935079
-0.03683882
-0.03224761
0.03452311
-0.01010342
-0.18996562
-0.04581921
-0.00670887
-0.04176518
0.00911002
0.08853716
-0.00524960
0.02781088
0.01585607
0.03374949
0.09569575
0.02864302
-0.00651785
0.05402531
-0.08641416
0.00675271
0.07073097
-0.05838862
0.02967910
0.02679528
0.00626235
-0.03361272
-0.11617561
-0.00927183
0.11113942
-0.03608176
-0.03672475
0.05555806
-0.04661794
0.03769163
0.00410344
0.01642806
0.01683047
0.04297658
-0.10738396
-0.04101443
0.01860382
0.05461589
0.01055297
-0.04835568
0.02433756
0.02910119
-0.04127704
0.01041582
0.06161733
0.06539620
-0.08987301
0.01645104
-0.01761264
-0.02835442
-0.01068578
-0.01360322
-0.07773054
0.00386931
-0.01711180
0.03618112
0.00402786
0.02820293
0.09029684
0.02690017
0.02654916
0.03843978
0.02095948
-0.01227610
-0.00117446
-0.05362064
-0.09707779
0.00219867
-0.02012198
0.08525063
-0.03832864
0.02314422
-0.00333985
-0.08295444
-0.00504587
-0.01362320
0.03483928
-0.00945967
-0.05963287
-0.00821068
0.03548738
-0.03817942
0.04857354
-0.02025991
-0.02006821
-0.02794232
-0.08882682
-0.02444459
0.02928149
0.02789685
-0.04593985
-0.06375955
0.01306608
-0.00103244
-0.03587878
0.02389749
0.08496595
0.02204316
0.00876329
0.01848205
0.05065442
0.04451118
0.03394708
0.02255717
0.01430184
-0.05185773
0.10198454
0.01118712
0.03221944
-0.00824360
0.02837322
0.00526234
-0.03736691
0.01372724
0.01929047
-0.01729997
0.01569117
0.01012740
-0.00114495
0.00741776
-0.01018712
0.05652673
0.02146091
-0.04953779
-0.07580006
0.01281206
-0.07821074
0.02204950
-0.03482933
0.03667977
-0.00773498
-0.01315237
-0.01348520
0.09845676
-0.01874924
0.04721750
-0.02506617
-0.01800472
-0.01126849
-0.07478794
0.00462992
-0.02559270
-0.01754149
0.00229685
0.01449620
-0.04419037
-0.01239257
0.02475155
0.04063746
0.01531799
0.01075594
0.01242268
-0.06194100
-0.01435064
-0.01721406
-0.11412761
-0.01445666
-0.05544382
-0.04407819
-0.04769859
-0.03788431
0.02456015
0.02831382
0.00441849
0.02686224
-0.00861666
-0.00849412
-0.01282649
0.09530630
-0.01493401
0.07228257
-0.03544019
-0.04787649
0.03791807
-0.04375045
-0.02969833
0.01648047
-0.03598319
0.00971020
-0.00915719
0.03880598
-0.00077922
-0.02449559
-0.06485693
-0.04315138
-0.00351364
0.02244134
0.00090840
-0.02748429
0.03906194
0.03334901
-0.01304398
-0.02183992
0.04075765
-0.01700199
0.04203454
0.01528616
0.04983059
-0.03225828
0.00903198
0.02261644
0.01134891
0.01111852
0.00072045
0.00742498
0.02599743
-0.04932711
0.00429271
0.13327166
0.17632277
-0.00327441
0.04487336
-0.02105859
-0.05162506
-0.01069830
-0.06842115
-0.02698707
0.02065646
