3.439413383603096008e-02
3.625171724706888199e-03
1.211156952194869518e-03
1.432620733976364136e-02
1.573660224676132202e-02
-1.591207273304462433e-02
-2.745055127888917923e-03
-2.433585189282894135e-02
-3.251844644546508789e-02
4.182468168437480927e-03
2.527357637882232666e-02
7.679911330342292786e-03
-3.129655495285987854e-03
-6.302484311163425446e-03
-3.258595243096351624e-02
7.573033683001995087e-03
-1.931586861610412598e-02
-4.323648288846015930e-03
3.406855463981628418e-02
3.431968390941619873e-02
-2.111331373453140259e-02
1.192854717373847961e-02
2.475115098059177399e-02
4.044463485479354858e-02
2.155312709510326385e-02
-5.747769400477409363e-02
3.340285038575530052e-03
-1.954823546111583710e-02
-3.654488548636436462e-02
5.301657598465681076e-03
6.585430353879928589e-02
-8.368861861526966095e-03
7.129901554435491562e-03
5.515361670404672623e-03
-9.571435861289501190e-03
-4.053180292248725891e-02
7.895214483141899109e-03
2.152116503566503525e-03
4.229799669701606035e-04
8.425574004650115967e-02
1.501085422933101654e-02
1.728228665888309479e-02
2.544675581157207489e-02
-2.975897223223000765e-04
-2.034671418368816376e-02
-1.199798006564378738e-02
-5.008390638977289200e-03
-1.084985770285129547e-02
1.285366714000701904e-02
2.462923293933272362e-03
-5.877982825040817261e-03
-1.502757612615823746e-02
6.971837580204010010e-02
3.656063228845596313e-02
-8.167472667992115021e-03
2.676628157496452332e-02
-7.403716444969177246e-03
3.808200359344482422e-02
4.922629296779632568e-01
7.925725542008876801e-03
-3.006269596517086029e-02
1.846491545438766479e-02
-9.337424300611019135e-03
-7.479990366846323013e-03
5.666198558174073696e-04
2.436516620218753815e-02
4.353361669927835464e-03
-1.124344859272241592e-02
-4.253629222512245178e-02
-1.043218374252319336e-02
2.323618903756141663e-02
-1.381284929811954498e-02
-3.007265739142894745e-02
3.266901476308703423e-03
-8.686121436767280102e-04
1.891699060797691345e-02
9.267302230000495911e-03
-4.971878975629806519e-02
3.262403979897499084e-02
1.558508723974227905e-02
-6.986940279603004456e-03
1.081118476577103138e-03
1.464017853140830994e-02
1.773156225681304932e-02
-1.915756799280643463e-02
1.086482685059309006e-02
-1.494757086038589478e-02
2.204189635813236237e-02
1.596715115010738373e-02
-1.102113816887140274e-02
3.534961491823196411e-03
5.498048994923010468e-05
-2.206147648394107819e-02
7.521796971559524536e-03
1.766688376665115356e-02
-3.538662567734718323e-03
3.711826726794242859e-02
-3.612837567925453186e-02
2.612126804888248444e-02
1.748031936585903168e-02
-1.952611492015421391e-03
1.356385368853807449e-02
-8.039461448788642883e-03
4.745745682157576084e-04
-2.360377693548798561e-04
1.317617204040288925e-02
3.980951756238937378e-02
-1.161278225481510162e-02
1.671158894896507263e-02
-8.969338610768318176e-03
-9.592200629413127899e-03
2.675207331776618958e-02
1.014154776930809021e-02
-2.289741241838783026e-04
-8.924307301640510559e-03
2.000244334340095520e-02
-2.777811139822006226e-02
-1.641761139035224915e-02
1.242055557668209076e-02
8.338721469044685364e-03
-3.617769340053200722e-03
-7.909972220659255981e-03
-6.690848967991769314e-04
-1.361943874508142471e-02
4.715671017765998840e-02
1.067105215042829514e-03
7.102886680513620377e-03
-9.707273915410041809e-03
-2.418619208037853241e-02
1.414662506431341171e-02
2.648489736020565033e-02
-4.955417942255735397e-03
-2.223688922822475433e-02
3.191534429788589478e-03
-4.157236590981483459e-02
-1.932183047756552696e-03
6.884590536355972290e-02
-2.262465469539165497e-02
-3.201676160097122192e-02
-3.190996358171105385e-04
1.566528901457786560e-02
-5.004721228033304214e-03
-1.533325202763080597e-02
-5.784888286143541336e-03
-1.992601901292800903e-02
1.643864205107092857e-03
2.020851708948612213e-02
-3.477035323157906532e-03
-1.001167669892311096e-02
-1.692975498735904694e-02
2.055733650922775269e-02
1.094903983175754547e-02
7.444748189300298691e-03
4.106957465410232544e-02
-1.054988615214824677e-02
1.833196729421615601e-02
-4.193270206451416016e-02
6.929440423846244812e-03
1.870250329375267029e-02
1.331010181456804276e-02
-3.021568804979324341e-02
2.205206640064716339e-02
-4.214783385396003723e-02
-3.456178121268749237e-03
-1.348898559808731079e-02
3.726668655872344971e-02
-1.214187126606702805e-02
-1.798268966376781464e-02
1.490871421992778778e-02
-4.085308685898780823e-02
3.160170512273907661e-03
-1.284713950008153915e-02
9.042590856552124023e-03
-1.141311135143041611e-03
9.684977121651172638e-03
1.402914989739656448e-02
4.107134882360696793e-03
1.372752524912357330e-02
-4.815685749053955078e-02
1.283314358443021774e-02
1.462807506322860718e-02
-3.052633488550782204e-03
-1.332835573703050613e-02
3.444437170401215553e-03
2.442704513669013977e-02
2.206731028854846954e-02
1.683569140732288361e-02
1.762065477669239044e-02
-6.444885861128568649e-03
-5.321440286934375763e-03
-6.687971204519271851e-02
7.322836318053305149e-04
9.154952131211757660e-03
8.001640439033508301e-03
-1.562946103513240814e-02
1.113479491323232651e-02
8.661295473575592041e-02
1.253850944340229034e-02
7.818480581045150757e-02
1.045842375606298447e-02
-5.005829781293869019e-02
1.754237711429595947e-02
4.961676429957151413e-03
6.134713534265756607e-03
-2.606188878417015076e-02
1.761437952518463135e-02
2.113038673996925354e-02
-2.032589167356491089e-02
-9.592118673026561737e-03
-1.812264882028102875e-02
3.205864876508712769e-02
-1.887986436486244202e-02
-1.584240980446338654e-02
9.018217213451862335e-03
1.632616273127496243e-03
-4.432034678757190704e-03
1.372861769050359726e-02
9.974112734198570251e-03
2.393611334264278412e-02
3.430395200848579407e-02
2.455506660044193268e-02
-7.875741124153137207e-01
5.368495825678110123e-03
1.229449361562728882e-02
9.061007760465145111e-03
-6.115539465099573135e-03
2.408986538648605347e-02
1.113863196223974228e-02
3.375460160896182060e-03
-3.658162313513457775e-04
-4.711503628641366959e-03
1.415837742388248444e-02
6.074081361293792725e-02
-1.948193833231925964e-02
-7.343803532421588898e-03
-1.685107243247330189e-03
4.059275984764099121e-02
-2.103570662438869476e-02
-3.773460630327463150e-03
-1.597859896719455719e-02
8.568162098526954651e-03
-3.877444192767143250e-02
4.473833739757537842e-02
1.215673517435789108e-02
-2.110294811427593231e-02
-1.212210766971111298e-02
-1.004594285041093826e-02
-2.688719704747200012e-02
-1.126476284116506577e-02
-7.951549254357814789e-03
-1.203116402029991150e-02
5.776294972747564316e-03
3.114094026386737823e-02
4.072863142937421799e-03
-1.069645863026380539e-02
-1.156346593052148819e-02
-2.345428988337516785e-02
1.097797229886054993e-01
-1.412822958081960678e-02
-2.714152261614799500e-02
3.116178698837757111e-02
-1.248757541179656982e-01
-4.835026804357767105e-03
-6.997603923082351685e-02
2.645793929696083069e-02
5.139148328453302383e-03
-1.012474969029426575e-01
1.095514837652444839e-02
-5.212312191724777222e-02
-6.017459928989410400e-02
3.936382383108139038e-02
-2.994348527863621712e-03
-9.410221874713897705e-02
9.888650849461555481e-03
8.215595036745071411e-02
-6.299052387475967407e-02
5.506002530455589294e-02
-1.318706851452589035e-02
-2.454592846333980560e-02
-8.134498260915279388e-03
7.086273282766342163e-02
6.051175296306610107e-02
8.657215535640716553e-02
-1.006194576621055603e-01
1.483331061899662018e-02
5.466656386852264404e-02
1.499422825872898102e-03
6.613877415657043457e-02
9.038748592138290405e-02
-2.914712764322757721e-02
1.825239881873130798e-02
-8.728068321943283081e-03
-2.214564383029937744e-02
-5.054295435547828674e-02
2.884236723184585571e-02
-5.203507840633392334e-02
-1.028549298644065857e-01
6.471243221312761307e-03
4.034870304167270660e-03
1.064670905470848083e-01
-8.001065813004970551e-03
-4.724045842885971069e-02
8.880363702774047852e-01
3.879267722368240356e-02
-2.857608161866664886e-02
2.230050414800643921e-02
-6.183880567550659180e-02
1.710891574621200562e-01
3.080299496650695801e-02
5.029561370611190796e-02
-3.435925766825675964e-02
-1.381304860115051270e-02
-6.105599552392959595e-02
-6.724364939145743847e-04
7.156787440180778503e-03
9.098514169454574585e-02
2.147999405860900879e-02
4.976222291588783264e-02
-5.903246998786926270e-02
2.042060717940330505e-02
2.355777285993099213e-02
-1.589842699468135834e-02
-1.643099822103977203e-02
2.356897480785846710e-02
3.524564579129219055e-02
-1.326805353164672852e-02
-2.886839397251605988e-02
-1.461062859743833542e-02
-1.511265523731708527e-02
-3.215773496776819229e-03
8.923275023698806763e-02
2.425113320350646973e-02
9.687528014183044434e-03
1.479035010561347008e-03
6.143013481050729752e-03
-8.618566393852233887e-02
3.646822273731231689e-02
-1.732591539621353149e-03
1.711147837340831757e-02
6.928978115320205688e-02
8.380831032991409302e-02
4.041465464979410172e-03
8.931017667055130005e-02
5.819370970129966736e-02
-7.650633901357650757e-02
-1.567988395690917969e-01
-4.040343686938285828e-02
2.958860620856285095e-02
-2.573765814304351807e-02
5.316653102636337280e-02
1.988944038748741150e-02
-2.727122046053409576e-02
-3.171398490667343140e-02
-4.292619228363037109e-02
1.435288926586508751e-03
1.284262817353010178e-02
3.983128070831298828e-02
6.521068047732114792e-03
-5.452760681509971619e-02
-1.555770915001630783e-02
-1.441220194101333618e-02
-2.951156161725521088e-02
2.432132512331008911e-02
4.603444132953882217e-03
-1.880561560392379761e-02
6.801882386207580566e-02
-3.098137304186820984e-02
-6.422093510627746582e-02
8.966971933841705322e-02
2.006644010543823242e-02
4.269272834062576294e-02
9.281190484762191772e-02
-5.850185826420783997e-02
9.953045845031738281e-02
-8.603768050670623779e-02
-2.257365547120571136e-02
1.576110534369945526e-02
3.030691854655742645e-02
-4.170412942767143250e-02
2.422681637108325958e-02
-3.552304208278656006e-02
-6.317820399999618530e-02
-2.261237613856792450e-02
-1.365715079009532928e-02
-3.499933332204818726e-02
7.417457550764083862e-02
4.289121180772781372e-02
-3.112999349832534790e-02
-4.295687377452850342e-02
3.605416044592857361e-02
-6.299319863319396973e-02
-2.795585431158542633e-02
-4.884098097681999207e-02
5.247479304671287537e-03
7.362399995326995850e-02
1.960716210305690765e-02
1.261634528636932373e-01
4.895374178886413574e-02
-1.093872711062431335e-01
8.304997347295284271e-03
-2.912892214953899384e-02
1.910839788615703583e-02
3.815567493438720703e-02
2.783971466124057770e-02
1.142705231904983521e-01
-4.036765918135643005e-02
1.165969483554363251e-02
8.425660431385040283e-02
-1.002739369869232178e-02
-1.123270485550165176e-02
-4.660213738679885864e-02
5.728916078805923462e-02
-8.799558854661881924e-04
3.768320195376873016e-03
-1.370631216559559107e-04
3.231505677103996277e-02
1.248781476169824600e-02
1.740452460944652557e-02
-6.467401236295700073e-02
3.866970166563987732e-02
-3.121525980532169342e-03
3.441976755857467651e-02
7.509888708591461182e-02
1.196352858096361160e-02
2.401784807443618774e-02
4.996604099869728088e-02
-6.955815013498067856e-03
3.780235722661018372e-02
-3.837195038795471191e-02
7.279322296380996704e-02
-2.936766296625137329e-02
4.390879720449447632e-02
9.937820723280310631e-04
3.497753990814089775e-03
2.817581407725811005e-02
-5.209405347704887390e-02
2.811769209802150726e-02
2.090179547667503357e-02
-2.204475179314613342e-02
-1.040518097579479218e-02
2.601273916661739349e-02
-2.512481249868869781e-02
6.657037883996963501e-03
3.368520364165306091e-02
1.663976907730102539e-02
-1.791856251657009125e-02
-1.427928451448678970e-02
-3.982336260378360748e-03
-8.008428849279880524e-03
1.846691942773759365e-03
5.062424018979072571e-02
-1.915046572685241699e-02
-5.278475210070610046e-02
2.013074979186058044e-02
-5.868476256728172302e-02
8.242128044366836548e-02
-4.832992795854806900e-03
-3.642946854233741760e-02
5.791108310222625732e-02
-2.379243262112140656e-02
-1.596167311072349548e-02
-7.023613154888153076e-02
4.457177966833114624e-02
-7.373014464974403381e-03
2.213036641478538513e-04
2.406345680356025696e-03
3.106471151113510132e-02
-2.339894138276576996e-02
-4.292083904147148132e-02
-9.703578799962997437e-02
1.505653094500303268e-02
8.059482276439666748e-02
-2.930914796888828278e-02
-4.950204129272606224e-06
2.950879931449890137e-02
4.712570225819945335e-04
9.072145447134971619e-03
-1.235745102167129517e-02
3.935547918081283569e-02
1.003038212656974792e-01
1.071427203714847565e-02
1.073426604270935059e-01
-1.588769815862178802e-02
-5.042438954114913940e-02
5.254766345024108887e-02
2.979050390422344208e-02
2.299217320978641510e-02
8.257443457841873169e-02
2.622516639530658722e-02
5.371677875518798828e-02
-1.493545342236757278e-02
8.527722954750061035e-02
6.001633405685424805e-02
-9.649400453781709075e-06
-1.517479959875345230e-02
7.737591117620468140e-02
7.810511440038681030e-02
-2.278982102870941162e-02
-4.097300115972757339e-03
-1.843098178505897522e-02
4.087125509977340698e-02
1.073460653424263000e-02
-3.428447991609573364e-02
-8.367821574211120605e-02
2.970388717949390411e-02
-1.528534386307001114e-02
6.348369643092155457e-04
-3.901026770472526550e-02
1.385774463415145874e-02
-3.061745129525661469e-02
-1.885542273521423340e-02
-4.124189913272857666e-02
3.608667291700839996e-03
9.197364561259746552e-03
-3.437450900673866272e-02
-1.056685950607061386e-02
-2.993935160338878632e-02
-8.716149255633354187e-03
5.035259947180747986e-02
2.481813542544841766e-02
-4.873778205364942551e-03
2.341121993958950043e-02
3.232500515878200531e-03
-3.978487104177474976e-02
-3.960689902305603027e-02
5.827406793832778931e-02
4.430374130606651306e-02
2.074319310486316681e-02
-6.779714673757553101e-02
-1.355828903615474701e-02
-5.852016806602478027e-02
-4.260317981243133545e-02
-2.412607707083225250e-02
3.192420303821563721e-02
-3.887410834431648254e-02
8.642143756151199341e-02
1.950880512595176697e-02
4.175778105854988098e-02
2.787085063755512238e-02
3.948513418436050415e-02
-2.290991321206092834e-02
5.175175890326499939e-02
6.030143052339553833e-02
-5.585912987589836121e-02
2.170327305793762207e-02
-7.980915717780590057e-03
5.304333940148353577e-02
2.846421115100383759e-02
-6.420008093118667603e-02
-1.067858841270208359e-02
-1.362669933587312698e-02
-5.732164904475212097e-02
-5.973209626972675323e-03
2.409779652953147888e-02
3.012967295944690704e-02
1.001761108636856079e-01
8.420554548501968384e-02
1.209999993443489075e-02
8.387432247400283813e-02
2.228154614567756653e-02
-1.468466501682996750e-02
1.141848415136337280e-02
-2.184088155627250671e-02
4.755394067615270615e-03
-2.379228826612234116e-03
-2.492426894605159760e-02
-3.820529673248529434e-03
-5.083217099308967590e-02
4.107756912708282471e-02
2.612519636750221252e-02
-2.688316814601421356e-02
-3.893009200692176819e-02
-3.221119940280914307e-02
6.868492066860198975e-02
2.332754200324416161e-03
-3.217414719983935356e-03
-5.291745811700820923e-02
2.927970513701438904e-02
3.680761158466339111e-02
-5.014424026012420654e-02
3.705125534906983376e-03
-3.187024220824241638e-02
5.530635640025138855e-02
5.927728489041328430e-02
6.484991405159235001e-03
8.508508652448654175e-02
-6.983454804867506027e-04
4.489502310752868652e-02
-2.922319062054157257e-02
1.987972855567932129e-02
-4.894924163818359375e-02
-3.700297698378562927e-02
1.938524469733238220e-02
4.127763677388429642e-03
-4.445359483361244202e-02
1.539100054651498795e-02
-1.826864900067448616e-03
-3.451806679368019104e-02
-4.951651766896247864e-02
-3.881064802408218384e-02
4.235579818487167358e-02
7.691621035337448120e-02
1.134263258427381516e-02
3.748744726181030273e-02
3.255348652601242065e-02
-1.799038052558898926e-02
2.701268903911113739e-02
3.558243066072463989e-02
9.718680381774902344e-02
2.982971072196960449e-02
-1.819157414138317108e-02
-1.336002489551901817e-03
-3.472194308415055275e-03
6.142438855022192001e-03
1.803611777722835541e-02
-2.049721404910087585e-02
-5.255687236785888672e-02
2.472225204110145569e-02
-1.413616910576820374e-02
5.672569945454597473e-02
-1.778672635555267334e-02
1.779089868068695068e-02
-3.114506602287292480e-03
4.194741696119308472e-02
2.737858332693576813e-02
6.368929147720336914e-02
-3.642882406711578369e-02
3.852671012282371521e-02
-6.244447827339172363e-02
-4.517679626587778330e-04
5.791521072387695312e-02
-3.734610974788665771e-02
1.106112264096736908e-03
2.058764547109603882e-02
-3.528336808085441589e-02
2.657099626958370209e-02
7.341956254094839096e-03
-2.133891917765140533e-02
1.098719388246536255e-01
-2.164143882691860199e-02
2.303959615528583527e-02
3.192366659641265869e-02
-1.941427215933799744e-02
8.215236477553844452e-03
4.311449080705642700e-02
1.223897654563188553e-02
1.212135702371597290e-02
-2.213022112846374512e-02
-4.862053319811820984e-02
-8.255670219659805298e-02
4.579598549753427505e-03
1.268879920244216919e-01
-9.668361744843423367e-04
8.268100768327713013e-02
2.977307885885238647e-02
3.192511200904846191e-02
-1.541319023817777634e-02
1.699028909206390381e-02
6.339567154645919800e-02
2.924079447984695435e-02
-8.840320259332656860e-02
-8.197919232770800591e-04
-1.456314418464899063e-02
-5.219272337853908539e-03
1.745460927486419678e-02
5.839063087478280067e-04
-2.483124285936355591e-02
3.304115310311317444e-02
-5.437745898962020874e-02
2.742342464625835419e-02
-2.758799679577350616e-02
1.419281400740146637e-02
6.196694076061248779e-02
1.017012260854244232e-02
-6.941279768943786621e-02
-3.550208359956741333e-02
4.478132817894220352e-03
3.546296432614326477e-02
7.258632034063339233e-02
-3.265253454446792603e-02
-3.942549973726272583e-02
3.940141294151544571e-03
1.733150705695152283e-02
1.000733450055122375e-01
3.501517698168754578e-03
3.181478008627891541e-02
-1.985366456210613251e-02
-1.319427639245986938e-01
2.696220576763153076e-02
-9.141593240201473236e-03
1.219623163342475891e-02
-5.203714221715927124e-02
-9.025800228118896484e-02
5.098631605505943298e-03
-3.949255496263504028e-02
-5.546723306179046631e-02
-4.983575083315372467e-03
7.200908148661255836e-04
-7.562486827373504639e-02
-6.263474375009536743e-02
1.974909566342830658e-03
-5.213561654090881348e-02
2.872458472847938538e-02
2.700179442763328552e-02
-2.971331030130386353e-02
-8.015189319849014282e-02
1.092482008971273899e-03
1.251204311847686768e-01
1.267810445278882980e-02
-3.656937333289533854e-04
8.187197148799896240e-02
5.591490864753723145e-02
-1.832566410303115845e-02
9.674869477748870850e-03
4.884946718811988831e-02
-4.951753839850425720e-02
7.910085469484329224e-02
2.664985693991184235e-02
-2.206306718289852142e-02
-3.893660753965377808e-02
7.811941951513290405e-02
6.543027609586715698e-02
-1.804361003451049328e-03
2.151931822299957275e-02
7.440455257892608643e-02
-4.739069938659667969e-02
3.159223869442939758e-02
-1.384281180799007416e-02
1.293183490633964539e-02
-1.711589656770229340e-02
-4.758653417229652405e-02
-4.913197830319404602e-02
1.804955862462520599e-02
1.134199183434247971e-02
-1.752889156341552734e-02
6.902524828910827637e-02
5.761568620800971985e-02
-9.369349479675292969e-02
-1.701856590807437897e-02
-5.478772334754467010e-03
-3.267749398946762085e-02
1.454537268728017807e-02
3.750037029385566711e-02
-6.313732825219631195e-03
-1.905949972569942474e-02
-1.528698578476905823e-02
3.591177240014076233e-02
8.699764311313629150e-02
6.167468964122235775e-04
8.265963196754455566e-02
-3.296610433608293533e-03
-1.951369456946849823e-02
-1.830299012362957001e-02
-5.627001449465751648e-02
-1.438695471733808517e-02
-2.865632250905036926e-02
-5.773095414042472839e-02
2.114446274936199188e-02
8.479048497974872589e-03
-7.935933023691177368e-02
-6.159455049782991409e-03
4.373514279723167419e-02
2.549358829855918884e-02
9.036405943334102631e-03
-2.173403650522232056e-02
4.579017311334609985e-02
-5.028969794511795044e-02
-1.063508447259664536e-02
-2.891199290752410889e-02
-7.329224795103073120e-02
4.837196692824363708e-02
-5.347035452723503113e-02
-3.467327728867530823e-02
-4.455021582543849945e-03
-1.970598474144935608e-02
7.356647867709398270e-03
2.998494543135166168e-02
2.996288985013961792e-02
-3.411799669265747070e-02
5.480748601257801056e-03
3.025723434984683990e-02
-1.035727560520172119e-01
2.700001932680606842e-03
-1.029351875185966492e-01
9.952659159898757935e-02
2.654571458697319031e-02
-8.528137207031250000e-02
2.065119519829750061e-02
-2.443799749016761780e-02
2.039065584540367126e-02
1.107481494545936584e-02
-3.900054842233657837e-02
-2.090811915695667267e-02
-2.261846512556076050e-02
1.267071161419153214e-02
2.080051787197589874e-02
7.612201152369379997e-04
1.138711348176002502e-02
-3.397689759731292725e-02
1.396259013563394547e-02
1.027828920632600784e-02
1.459103915840387344e-02
-1.776439882814884186e-02
6.329960376024246216e-02
4.424456879496574402e-02
-8.299845270812511444e-03
3.193724527955055237e-02
2.519671060144901276e-02
8.336244500242173672e-04
3.797734156250953674e-02
-6.936170160770416260e-02
7.778159528970718384e-02
-6.605237722396850586e-02
7.767788320779800415e-02
4.025961086153984070e-02
2.099975757300853729e-02
-5.735238664783537388e-04
-4.813669249415397644e-03
2.945680869743227959e-03
1.724818907678127289e-02
-2.452909247949719429e-03
5.172988399863243103e-03
1.182203963398933411e-01
7.967826910316944122e-03
-1.455025933682918549e-02
1.197823882102966309e-02
-4.889069125056266785e-02
9.396018460392951965e-03
-2.985257282853126526e-02
-5.589860677719116211e-02
-4.122619330883026123e-02
-6.416780874133110046e-03
