1.887882687151432037e-02
4.119678400456905365e-03
3.966236487030982971e-03
6.603340618312358856e-03
8.156856521964073181e-03
-4.135218914598226547e-03
-2.916270634159445763e-03
-2.285012230277061462e-02
-5.465470999479293823e-02
8.643301203846931458e-03
9.152913466095924377e-03
3.277882700785994530e-03
8.545916527509689331e-03
-6.805361714214086533e-03
-2.723768539726734161e-02
7.858430035412311554e-04
-1.386116445064544678e-02
3.621422918513417244e-03
7.408634573221206665e-02
2.402924001216888428e-02
-1.359383016824722290e-02
1.761663518846035004e-02
8.973752148449420929e-03
3.054225631058216095e-02
1.184017769992351532e-02
-3.589881211519241333e-02
1.005926285870373249e-03
-1.056898105889558792e-02
-2.030676230788230896e-02
7.996372878551483154e-03
7.645769417285919189e-02
4.234205000102519989e-03
-2.416066126897931099e-03
-9.009531699120998383e-03
-1.119774766266345978e-02
-4.160973429679870605e-02
6.539092864841222763e-03
1.035390049219131470e-02
1.233046036213636398e-02
7.198686152696609497e-02
-2.354108146391808987e-04
1.144625805318355560e-02
1.930499076843261719e-02
4.827047698199748993e-03
-4.723492544144392014e-03
1.557809067890048027e-03
-1.587226241827011108e-02
-5.494424607604742050e-03
7.720535621047019958e-03
-2.477590227499604225e-03
3.271482186391949654e-03
-3.906542435288429260e-02
8.505696058273315430e-02
3.093736991286277771e-02
-1.375828403979539871e-02
1.891843415796756744e-02
-9.392931126058101654e-03
2.432823181152343750e-02
5.131798982620239258e-01
2.248357236385345459e-02
-2.991685830056667328e-02
1.039883121848106384e-02
3.587113693356513977e-03
-1.645346358418464661e-02
8.684683591127395630e-03
5.791655555367469788e-02
-1.693161088041961193e-03
-1.277359109371900558e-02
-5.525855720043182373e-02
1.035717967897653580e-02
1.599964126944541931e-02
-1.078129187226295471e-02
-1.279928255826234818e-02
1.481702551245689392e-03
-1.939624734222888947e-02
1.857025735080242157e-02
4.572480916976928711e-03
-4.400801286101341248e-02
2.116433344781398773e-02
-1.313422899693250656e-02
4.161739780101925135e-04
-6.704467814415693283e-03
1.011849753558635712e-02
3.802898898720741272e-02
1.771057769656181335e-02
5.769545678049325943e-04
-1.192924659699201584e-02
9.473182260990142822e-03
2.071539685130119324e-02
-1.106686610728502274e-02
4.355698823928833008e-03
2.710920199751853943e-02
-3.251896798610687256e-02
-1.953024533577263355e-03
9.487303905189037323e-03
-3.087116871029138565e-03
3.420383110642433167e-02
-3.422628715634346008e-02
3.008719906210899353e-02
3.008523723110556602e-03
-8.745146915316581726e-03
1.367888785898685455e-02
-5.308164982125163078e-04
5.219579208642244339e-03
4.459865856915712357e-03
9.839963167905807495e-03
4.489013925194740295e-02
-5.049389787018299103e-03
4.686410538852214813e-03
-1.478663925081491470e-02
-1.080919057130813599e-02
2.529756911098957062e-02
2.489302866160869598e-02
-8.760327473282814026e-03
-6.296641193330287933e-03
1.534528564661741257e-02
-7.617311552166938782e-03
-1.853364706039428711e-02
5.601406563073396683e-03
2.983106533065438271e-03
-2.049281261861324310e-03
-1.277393009513616562e-02
2.010504249483346939e-03
3.634138032793998718e-03
2.909999154508113861e-02
7.304260507225990295e-03
-1.274308003485202789e-02
-5.506842397153377533e-03
-8.103678934276103973e-03
2.946724370121955872e-02
4.779936373233795166e-02
-4.153778310865163803e-03
-1.741266436874866486e-02
1.454906654544174671e-03
-4.491613060235977173e-02
5.044349934905767441e-03
7.948633283376693726e-02
-5.311266053467988968e-03
-3.260374814271926880e-02
1.503940764814615250e-02
-3.825018939096480608e-04
-7.197746541351079941e-03
2.553239697590470314e-03
3.353529027663171291e-04
-5.711874458938837051e-03
3.864993900060653687e-02
9.734139777719974518e-03
-2.100592013448476791e-03
-5.162077024579048157e-03
-2.083768881857395172e-02
3.063268028199672699e-02
2.195422910153865814e-02
1.058665290474891663e-02
4.620767757296562195e-02
2.679444616660475731e-03
-1.434802170842885971e-02
-1.198266819119453430e-02
6.170591805130243301e-03
7.973234169185161591e-03
4.476459231227636337e-03
-1.975539885461330414e-02
-2.428081817924976349e-03
-5.880403518676757812e-02
-6.869371049106121063e-03
-5.677086766809225082e-03
5.213857069611549377e-02
-3.366704657673835754e-02
-1.420851796865463257e-02
9.861570782959461212e-03
-1.504875905811786652e-02
6.128953304141759872e-03
-1.032576523721218109e-02
7.280719932168722153e-03
7.044306024909019470e-03
2.149830572307109833e-02
1.666294783353805542e-02
8.261634968221187592e-03
9.961186442524194717e-04
-6.444521993398666382e-02
1.733974902890622616e-03
4.570690914988517761e-03
-1.498331315815448761e-02
-9.264953434467315674e-03
-5.950575694441795349e-03
2.856842242181301117e-02
-5.518657155334949493e-03
8.509555459022521973e-02
7.213517557829618454e-03
-3.646593540906906128e-03
-5.334637127816677094e-03
-5.490367859601974487e-02
2.935331431217491627e-04
7.766078342683613300e-04
5.490889889188110828e-04
-1.378816459327936172e-02
2.685837075114250183e-02
1.004433780908584595e-01
1.968360505998134613e-02
1.012462228536605835e-01
-3.237358992919325829e-03
-7.811488956212997437e-02
1.910999231040477753e-02
6.575806438922882080e-02
1.508190110325813293e-02
-9.272643364965915680e-03
2.337369695305824280e-02
2.511794120073318481e-02
-8.718977915123105049e-04
-2.633454743772745132e-03
-3.957395255565643311e-02
2.897920832037925720e-02
-1.263463590294122696e-02
-2.033082395792007446e-02
9.641085052862763405e-04
-8.353789336979389191e-03
-1.225267816334962845e-02
1.099949609488248825e-02
1.933081075549125671e-02
1.420050766319036484e-02
1.317637786269187927e-02
3.237327933311462402e-02
-7.588301301002502441e-01
1.623128075152635574e-03
6.484062876552343369e-03
1.210535410791635513e-02
-9.853751398622989655e-04
4.348750039935112000e-02
2.671875699888914824e-05
8.898633532226085663e-03
2.457098569720983505e-03
1.540762744843959808e-02
-8.368903771042823792e-03
4.022165760397911072e-02
-1.016069320030510426e-03
-2.351840585470199585e-02
3.771820571273565292e-03
2.759662456810474396e-02
-1.257653627544641495e-02
-8.158920099958777428e-04
-7.099283859133720398e-03
7.647219579666852951e-03
-2.942342311143875122e-02
2.964415214955806732e-02
3.626169636845588684e-02
-2.197927981615066528e-02
-7.103679236024618149e-03
-1.048533059656620026e-02
-2.756752632558345795e-02
4.474842920899391174e-03
5.125975003466010094e-04
-7.409128826111555099e-03
4.626445937901735306e-03
1.858827471733093262e-02
8.508420549333095551e-03
-6.939433980733156204e-03
-7.605064660310745239e-03
5.220079421997070312e-02
7.107440382242202759e-02
2.132545597851276398e-02
2.292113192379474640e-02
4.532896727323532104e-02
-4.334028810262680054e-02
9.040581434965133667e-02
2.006080001592636108e-02
-4.159237723797559738e-03
-5.274754017591476440e-02
5.831150338053703308e-02
-2.726222574710845947e-02
-1.413725614547729492e-01
-7.317950576543807983e-02
-1.136569585651159286e-02
7.804579287767410278e-02
5.420811101794242859e-02
6.907569617033004761e-02
5.436369776725769043e-02
6.657998077571392059e-03
3.904183628037571907e-03
-4.388466849923133850e-02
4.101661220192909241e-02
-3.064970485866069794e-02
-2.927972003817558289e-02
4.080097377300262451e-02
1.223438605666160583e-01
-6.520562618970870972e-02
9.020034968852996826e-02
6.792113929986953735e-02
4.634632170200347900e-02
3.560721501708030701e-02
1.486606299877166748e-01
-5.773507431149482727e-02
4.430013522505760193e-02
-8.284272998571395874e-02
-6.778150331228971481e-03
-1.049130875617265701e-02
6.762998178601264954e-03
-1.963134109973907471e-02
-1.332837045192718506e-01
-7.180932909250259399e-02
6.698410212993621826e-02
-2.101792767643928528e-02
3.799916431307792664e-02
-1.312480028718709946e-02
8.569159507751464844e-01
2.219123207032680511e-02
-6.656979769468307495e-02
-6.300751864910125732e-02
-2.839100081473588943e-03
1.510564237833023071e-01
1.497211586683988571e-02
2.910266816616058350e-02
-6.984432786703109741e-02
5.905565340071916580e-03
1.598180681467056274e-01
-8.185955137014389038e-02
-4.072303324937820435e-02
-1.593438908457756042e-02
-2.389899268746376038e-02
-8.030040562152862549e-02
-7.670850306749343872e-02
-6.058551371097564697e-02
4.005994275212287903e-02
-2.180252037942409515e-02
-4.829322546720504761e-02
4.179777577519416809e-02
5.228729546070098877e-02
-1.998965255916118622e-02
-8.255048654973506927e-03
-2.421888336539268494e-02
4.489785525947809219e-03
-2.282528951764106750e-02
3.901509940624237061e-02
-9.903467260301113129e-03
-7.782711181789636612e-03
2.750704437494277954e-02
2.382715418934822083e-02
-4.845087602734565735e-02
-6.637532263994216919e-03
-1.071455422788858414e-02
4.607523977756500244e-02
1.930679078213870525e-03
8.041217923164367676e-02
-3.005021624267101288e-02
8.621294796466827393e-02
7.461129873991012573e-02
-7.948580384254455566e-02
-1.520951986312866211e-01
-4.775431379675865173e-02
1.716319657862186432e-02
-2.329572848975658417e-02
4.897191375494003296e-02
3.197741508483886719e-02
-3.242796286940574646e-02
-7.279291003942489624e-02
-3.801588714122772217e-02
-1.286492310464382172e-02
4.214734584093093872e-02
-1.328750886023044586e-02
1.437353203073143959e-04
-1.896023750305175781e-02
-1.076973695307970047e-02
-6.197332963347434998e-02
4.415763076394796371e-03
-4.850891418755054474e-03
-2.546903118491172791e-02
1.129204686731100082e-02
8.705359883606433868e-03
-5.586313828825950623e-02
-4.391302913427352905e-02
6.594053655862808228e-02
3.999911621212959290e-02
3.136000037193298340e-02
1.269797831773757935e-01
-4.017584398388862610e-02
8.848182111978530884e-02
-5.357907712459564209e-02
-4.974070563912391663e-02
-6.109196692705154419e-02
1.423813123255968094e-02
-5.641766265034675598e-02
-1.681099645793437958e-03
-3.250710666179656982e-02
-4.370844364166259766e-02
-1.561659481376409531e-02
-5.669361446052789688e-03
-2.234731614589691162e-02
7.526259869337081909e-02
5.894410982728004456e-02
-5.035796668380498886e-03
-3.135520964860916138e-02
1.864512450993061066e-02
-2.857688628137111664e-02
-5.236718431115150452e-02
-7.194581627845764160e-02
-1.209200080484151840e-02
7.940755225718021393e-03
-2.023787936195731163e-03
9.142749756574630737e-02
5.834022909402847290e-02
-1.044496819376945496e-01
-2.973392605781555176e-02
-2.100209146738052368e-02
4.799514717888087034e-04
1.003125123679637909e-02
-2.557206712663173676e-02
1.364558786153793335e-01
1.356998272240161896e-02
7.749989628791809082e-02
6.517702341079711914e-02
1.118311844766139984e-02
3.709724871441721916e-03
-1.031352505087852478e-01
6.213978305459022522e-02
-1.209222525358200073e-02
2.242486737668514252e-02
3.389957919716835022e-02
3.478639200329780579e-02
-2.922139596194028854e-03
-1.680282689630985260e-02
-1.026847735047340393e-01
1.309358980506658554e-02
4.129335284233093262e-02
1.705806888639926910e-02
1.639870926737785339e-02
-3.492527455091476440e-02
2.903493680059909821e-02
-5.027646198868751526e-03
6.756986957043409348e-03
-7.849181070923805237e-03
-9.386982768774032593e-03
5.637507885694503784e-02
-7.303664088249206543e-02
7.822415791451931000e-03
-1.066400390118360519e-02
2.140274457633495331e-02
1.336173433810472488e-02
-1.731424592435359955e-02
1.390417222864925861e-03
-1.005381252616643906e-02
-2.496886067092418671e-02
-5.180824920535087585e-02
-1.149787101894617081e-02
-1.742153987288475037e-02
-8.182791061699390411e-03
6.050208956003189087e-02
-1.836202293634414673e-02
1.844294555485248566e-02
1.161325164139270782e-02
-9.979542344808578491e-02
-1.081084087491035461e-02
-1.006256882101297379e-02
2.892475388944149017e-02
-4.389827325940132141e-02
-1.876029558479785919e-02
-1.390479411929845810e-02
-3.360655158758163452e-02
2.263883873820304871e-02
2.646248415112495422e-02
-4.723418876528739929e-02
7.290886342525482178e-02
-5.374388024210929871e-02
2.628394216299057007e-02
-8.778515458106994629e-02
6.000171229243278503e-02
-6.530499551445245743e-03
-2.370135392993688583e-03
-9.996633976697921753e-03
7.148436456918716431e-02
-1.481802389025688171e-02
-6.071304529905319214e-02
-8.715550601482391357e-02
2.246469445526599884e-02
2.173529751598834991e-02
2.749611996114253998e-02
-2.459463290870189667e-02
3.761593997478485107e-02
-1.103743724524974823e-02
4.391489177942276001e-02
-7.359623908996582031e-02
1.223548129200935364e-01
4.011420160531997681e-02
-3.120217006653547287e-03
8.584975451231002808e-02
-4.114932566881179810e-02
-4.927916824817657471e-02
2.506566047668457031e-02
2.585513144731521606e-02
3.051792643964290619e-02
9.363833069801330566e-02
-9.951340965926647186e-03
1.756894402205944061e-02
-1.293474063277244568e-02
3.651229292154312134e-02
5.030508711934089661e-02
3.469985350966453552e-02
-4.579569678753614426e-03
7.233349233865737915e-02
4.296698421239852905e-02
-3.436310961842536926e-02
8.627043105661869049e-03
-4.219981655478477478e-02
7.093967497348785400e-02
9.631646797060966492e-03
-7.719880342483520508e-02
2.806964912451803684e-04
1.633206754922866821e-02
6.907220464199781418e-03
-3.469432890415191650e-02
-7.794046401977539062e-02
1.390716712921857834e-02
-5.052628368139266968e-02
-4.031172394752502441e-02
-3.030256554484367371e-02
2.088861353695392609e-02
-3.251926600933074951e-02
-3.521927446126937866e-02
-1.799780689179897308e-02
-8.131064474582672119e-02
1.233355700969696045e-02
7.379841804504394531e-02
4.471318796277046204e-02
2.992654684931039810e-03
-3.793032141402363777e-03
-8.323519490659236908e-03
-5.470657348632812500e-02
4.489250946789979935e-03
2.596845105290412903e-02
3.378154337406158447e-02
1.334860641509294510e-02
-7.081490755081176758e-02
5.416277796030044556e-03
-3.302507847547531128e-02
-3.888248279690742493e-02
-5.037216469645500183e-02
7.701873779296875000e-02
-6.225853413343429565e-02
6.882155686616897583e-02
-4.178921692073345184e-03
4.020952060818672180e-02
3.023732081055641174e-02
3.166739642620086670e-02
-1.743497885763645172e-02
3.538820426911115646e-03
2.596476301550865173e-02
-5.742233991622924805e-02
-1.777636446058750153e-02
7.256980985403060913e-03
4.281188175082206726e-02
-9.611189365386962891e-03
-5.667544901371002197e-02
-4.965551663190126419e-03
-5.132598057389259338e-02
-5.853178445249795914e-03
-1.983406487852334976e-03
3.055213019251823425e-02
-3.067957423627376556e-02
4.942381009459495544e-02
4.590661451220512390e-02
3.345788642764091492e-02
3.444794565439224243e-02
-3.670109063386917114e-02
-2.821846678853034973e-02
3.638084977865219116e-02
-3.221319988369941711e-02
1.369840558618307114e-02
-1.784639805555343628e-02
-6.966544687747955322e-02
-1.112005393952131271e-02
-5.839418247342109680e-02
8.528123795986175537e-02
-1.360766123980283737e-02
-2.098332904279232025e-02
-1.165939308702945709e-02
-3.981589153409004211e-02
5.006624758243560791e-02
4.519894253462553024e-03
-2.278944104909896851e-02
-2.393085695803165436e-02
3.632969409227371216e-02
1.242713257670402527e-02
-5.794866010546684265e-02
1.531402394175529480e-02
-1.376031711697578430e-02
2.137156948447227478e-02
5.969534441828727722e-02
5.062155053019523621e-02
5.144652724266052246e-02
6.263397517614066601e-04
2.142867818474769592e-02
6.584828253835439682e-03
-2.074424549937248230e-02
1.476973667740821838e-02
-5.091549456119537354e-02
6.895931437611579895e-03
-8.497109636664390564e-03
1.346172112971544266e-02
4.212202131748199463e-02
-3.346138400956988335e-03
-4.052186757326126099e-02
-4.766800627112388611e-02
-1.959708519279956818e-02
-1.057610101997852325e-02
9.887950122356414795e-02
-2.571659907698631287e-02
7.724943757057189941e-02
2.087143436074256897e-02
7.034551817923784256e-03
3.562834858894348145e-02
-2.353766467422246933e-03
8.516144752502441406e-02
2.273031510412693024e-02
-2.199459634721279144e-02
-3.670226084068417549e-03
1.078861579298973083e-02
-5.249843001365661621e-02
-7.302599400281906128e-02
-1.663408428430557251e-02
-1.341930218040943146e-02
-2.456764504313468933e-02
2.757819555699825287e-02
4.103415086865425110e-02
-4.124988615512847900e-02
8.593620359897613525e-02
-7.718958426266908646e-03
4.646714776754379272e-02
6.897057592868804932e-02
7.899543642997741699e-02
-1.716528437100350857e-03
2.492068894207477570e-02
-6.301313638687133789e-02
1.774128526449203491e-02
4.268174991011619568e-02
-9.663217514753341675e-02
2.549909986555576324e-02
4.536141082644462585e-02
-1.134092640131711960e-02
4.472943395376205444e-02
-2.629636228084564209e-02
5.554955452680587769e-03
1.218057796359062195e-01
-3.631174191832542419e-02
-5.310348048806190491e-02
3.844451159238815308e-02
-2.887935191392898560e-02
2.664432674646377563e-02
2.061943896114826202e-02
4.410267993807792664e-02
-1.143441349267959595e-02
-2.664983831346035004e-02
-4.153740406036376953e-02
-1.057864353060722351e-01
3.249064320698380470e-03
1.218572109937667847e-01
2.282930538058280945e-02
-3.083508927375078201e-03
4.517645388841629028e-02
-1.394610968418419361e-03
-5.783861875534057617e-02
1.678099855780601501e-02
1.000578626990318298e-01
-2.500516362488269806e-02
-9.869683533906936646e-02
-7.139452733099460602e-03
-2.910563349723815918e-02
-3.545988723635673523e-02
4.729240387678146362e-02
-4.762713611125946045e-02
-1.917916908860206604e-02
3.332713246345520020e-02
-2.254440262913703918e-02
2.703332342207431793e-02
-1.319858565693721175e-04
1.501209009438753128e-02
4.451094940304756165e-02
6.657602731138467789e-03
-4.156396165490150452e-02
-2.398085780441761017e-04
4.832965135574340820e-02
-1.986756920814514160e-02
4.086916893720626831e-02
-2.821835875511169434e-02
-4.642389714717864990e-02
-2.316088788211345673e-02
2.414155751466751099e-02
1.130479350686073303e-01
2.378669567406177521e-02
-2.828632667660713196e-02
-3.284119069576263428e-02
-1.160931363701820374e-01
1.275381073355674744e-02
1.824703253805637360e-02
2.722289972007274628e-02
-3.962614387273788452e-02
-1.041657328605651855e-01
-7.267246488481760025e-03
-2.609890885651111603e-02
-1.433396618813276291e-02
-7.485494483262300491e-03
5.895319953560829163e-02
-8.150254935026168823e-02
-5.074280127882957458e-02
-1.382491178810596466e-02
-1.481242291629314423e-02
3.842036426067352295e-02
2.144336327910423279e-02
-7.834906131029129028e-02
-1.513630524277687073e-02
-2.326529938727617264e-03
8.441332727670669556e-02
-2.483635768294334412e-02
5.059721693396568298e-02
5.302374437451362610e-02
4.322003945708274841e-02
-1.327349897474050522e-02
4.675129428505897522e-02
4.072108864784240723e-02
-1.067521702498197556e-02
5.726544186472892761e-02
-4.319145530462265015e-02
-3.382670506834983826e-02
-2.607631497085094452e-02
8.943697065114974976e-02
3.061986900866031647e-02
3.823550418019294739e-02
3.233814612030982971e-02
2.318032830953598022e-02
-4.235838353633880615e-02
2.997805550694465637e-02
6.157406046986579895e-02
-2.472226321697235107e-02
2.126443944871425629e-02
-1.264016330242156982e-02
-3.411729261279106140e-02
-3.660720586776733398e-02
1.437584310770034790e-02
-2.926469780504703522e-02
9.276463091373443604e-02
3.830994293093681335e-02
-6.845659017562866211e-02
-3.434543311595916748e-02
-1.797072961926460266e-02
-4.695305973291397095e-02
1.328278332948684692e-02
1.895643584430217743e-02
-1.691608130931854248e-02
-2.717108651995658875e-02
7.608875166624784470e-03
2.724762633442878723e-02
1.217542365193367004e-01
-4.986009374260902405e-02
9.444453567266464233e-02
-1.549897715449333191e-02
-3.378134593367576599e-02
-2.913516759872436523e-02
-4.152885451912879944e-02
-2.074682526290416718e-02
-5.558644607663154602e-02
-4.899258259683847427e-03
-3.848794475197792053e-02
3.602309850975871086e-03
-5.042040720582008362e-02
2.553401282057166100e-03
3.161868453025817871e-02
2.974828332662582397e-02
3.109261021018028259e-02
1.995789818465709686e-02
-3.454258665442466736e-02
-7.495526224374771118e-02
-3.329146653413772583e-03
-4.508455470204353333e-02
-7.329250127077102661e-02
-4.570539575070142746e-03
-3.815578669309616089e-02
-1.309915538877248764e-02
-1.911151688545942307e-03
-2.879152260720729828e-02
3.242162615060806274e-02
-1.277556642889976501e-02
1.783363870345056057e-03
-1.532089896500110626e-02
2.282897243276238441e-03
-2.790346555411815643e-02
-9.185918420553207397e-02
1.030441932380199432e-02
-2.505460381507873535e-02
8.944392204284667969e-02
2.694181911647319794e-02
-7.611904293298721313e-02
2.669885940849781036e-02
-4.365886375308036804e-02
3.083635680377483368e-02
3.425326570868492126e-02
-3.959559649229049683e-02
4.305303562432527542e-03
-1.399756036698818207e-02
-1.820235629566013813e-03
-3.456519916653633118e-03
-9.199123829603195190e-03
-4.682671744376420975e-03
-4.379763826727867126e-02
-2.735419198870658875e-03
4.415155947208404541e-02
-4.083511978387832642e-02
-6.543224211782217026e-03
3.533561900258064270e-02
7.675155997276306152e-02
1.209316868335008621e-02
3.192722424864768982e-02
4.457510262727737427e-02
-2.739402838051319122e-02
2.958365529775619507e-02
-2.999688312411308289e-02
3.324544802308082581e-02
-4.218620806932449341e-02
1.375876273959875107e-02
5.702095478773117065e-02
4.230427742004394531e-02
2.678488194942474365e-02
-2.207808382809162140e-02
2.260752581059932709e-02
1.232392154633998871e-02
2.024509757757186890e-02
7.740623317658901215e-03
1.173927709460258484e-01
6.115867197513580322e-02
-1.373538374900817871e-02
2.641254104673862457e-02
-7.018625736236572266e-02
1.293544750660657883e-02
-2.750098332762718201e-02
-4.333902895450592041e-02
1.147300750017166138e-02
-6.853363942354917526e-03
