2.397688664495944977e-02
-2.507400466129183769e-03
5.208386573940515518e-03
3.158595412969589233e-02
2.073597162961959839e-02
-1.460863370448350906e-02
-8.924479596316814423e-03
-1.632880605757236481e-02
-1.634254492819309235e-02
1.077668461948633194e-02
2.324267849326133728e-02
2.510328218340873718e-02
-1.180886384099721909e-02
-5.605396814644336700e-03
-3.056479431688785553e-02
1.772046647965908051e-02
-1.569639518857002258e-02
-1.258034817874431610e-02
1.157471910119056702e-02
2.471257746219635010e-02
-4.392769653350114822e-03
8.313637954415753484e-05
4.884770140051841736e-02
5.670723319053649902e-02
8.736640214920043945e-03
-7.224943488836288452e-02
2.488465979695320129e-04
-1.863138377666473389e-02
-4.658544808626174927e-02
6.852695252746343613e-03
4.782305285334587097e-02
-5.285152699798345566e-03
1.100270915776491165e-02
7.694158237427473068e-03
-9.723115712404251099e-03
-2.948427014052867889e-02
1.357979606837034225e-02
1.162245497107505798e-02
6.457606330513954163e-03
8.292747288942337036e-02
1.222406327724456787e-02
2.021798864006996155e-02
5.101269483566284180e-02
9.338377043604850769e-03
-2.201544865965843201e-02
-2.778284996747970581e-02
3.831712820101529360e-04
-8.273947052657604218e-03
1.787135563790798187e-02
5.629153922200202942e-03
2.231924794614315033e-03
9.139992296695709229e-03
6.389100104570388794e-02
2.112277597188949585e-02
-3.444647183641791344e-03
1.864693686366081238e-02
1.764046028256416321e-02
3.082667104899883270e-02
4.813687503337860107e-01
7.574196904897689819e-03
-2.309406735002994537e-02
4.530616570264101028e-03
-8.417611010372638702e-03
-7.386706769466400146e-03
-1.949865929782390594e-02
2.703086286783218384e-02
6.632543634623289108e-03
-2.209015935659408569e-02
-5.486109480261802673e-02
-1.442586444318294525e-02
3.732485696673393250e-02
-2.442528121173381805e-02
-4.698622971773147583e-02
-9.171243757009506226e-03
-8.178226999007165432e-04
3.760576993227005005e-02
1.940378919243812561e-02
-5.566349253058433533e-02
2.165641821920871735e-02
-3.129514306783676147e-02
-1.312416791915893555e-02
9.511345066130161285e-03
-6.977131590247154236e-03
7.890262058936059475e-04
-1.280711218714714050e-02
3.942264243960380554e-02
-1.172058749943971634e-02
1.495378650724887848e-02
1.191676221787929535e-02
-1.228105090558528900e-02
-3.532555419951677322e-03
-4.568263888359069824e-03
-1.879264228045940399e-02
1.239883247762918472e-02
3.963884431868791580e-03
6.558017805218696594e-03
2.750496007502079010e-02
-3.388065844774246216e-02
1.962000876665115356e-02
1.940628513693809509e-02
-7.725017610937356949e-03
3.050024062395095825e-02
-1.753589510917663574e-02
-4.897583276033401489e-03
-1.377576589584350586e-02
2.352146990597248077e-02
4.187919571995735168e-02
-2.532021328806877136e-02
4.880455788224935532e-03
1.091254316270351410e-02
-9.367206133902072906e-03
2.554326876997947693e-02
9.534257464110851288e-03
1.017492171376943588e-02
-1.109088864177465439e-02
9.562963619828224182e-03
-2.367465198040008545e-02
-1.672540977597236633e-02
-5.304213147610425949e-03
3.967297729104757309e-03
-1.544157601892948151e-02
-1.392299309372901917e-04
4.871875513345003128e-03
-2.004720084369182587e-02
4.399297758936882019e-02
-1.229858864098787308e-02
-2.980338409543037415e-03
-3.614040790125727654e-03
-1.861439086496829987e-02
2.111759781837463379e-02
1.586591824889183044e-02
-2.159598749130964279e-03
-2.001061663031578064e-02
7.251302711665630341e-03
-3.516216576099395752e-02
7.547693327069282532e-03
6.662102043628692627e-02
-4.116583615541458130e-02
-3.475206345319747925e-02
-1.407838863087818027e-04
8.952034637331962585e-03
-7.970276288688182831e-03
-1.806042715907096863e-02
-2.979732863605022430e-02
-1.735607720911502838e-02
-4.260832443833351135e-02
3.971881046891212463e-02
-1.191806793212890625e-02
-2.846184000372886658e-02
-1.080394908785820007e-02
1.155719161033630371e-02
-1.355489436537027359e-02
3.502192674204707146e-03
4.754038900136947632e-02
-1.054433081299066544e-02
4.116011410951614380e-02
-6.221306696534156799e-02
-1.976623432710766792e-03
2.927440963685512543e-02
1.923369616270065308e-02
-4.122741892933845520e-02
5.251895263791084290e-02
-4.499435797333717346e-02
-1.251893118023872375e-03
-1.319805532693862915e-02
2.656461670994758606e-02
2.228955039754509926e-03
-1.631853915750980377e-02
1.314336806535720825e-02
-5.228781327605247498e-02
-9.813557844609022141e-04
-1.560793165117502213e-02
3.909881692379713058e-03
-6.799201481044292450e-03
-1.081140828318893909e-03
6.618644692935049534e-04
2.945689484477043152e-03
3.317284584045410156e-02
-4.396120086312294006e-02
1.601371541619300842e-02
2.268148399889469147e-02
-3.402928356081247330e-03
-1.160096377134323120e-02
1.240147836506366730e-02
3.116540610790252686e-02
-1.787517964839935303e-02
5.183737725019454956e-02
3.041085973381996155e-02
1.104846224188804626e-02
-6.046945229172706604e-03
-8.246807008981704712e-02
8.086880668997764587e-03
2.236162871122360229e-02
2.552607469260692596e-02
-3.595919907093048096e-02
1.074589323252439499e-03
8.221267163753509521e-02
6.103849736973643303e-04
5.696060508489608765e-02
1.718989014625549316e-02
-4.606369137763977051e-02
5.512259900569915771e-03
2.342713810503482819e-02
1.458669453859329224e-02
-2.667121961712837219e-02
1.638539321720600128e-02
1.039692666381597519e-02
-2.150124311447143555e-02
-2.827712334692478180e-02
2.148397825658321381e-02
2.983313426375389099e-02
-1.233799289911985397e-02
-1.877693831920623779e-02
2.006787993013858795e-02
5.048946477472782135e-03
-2.723523601889610291e-02
1.213817507959902287e-03
3.827335545793175697e-03
3.577522560954093933e-02
3.895784169435501099e-02
1.678919978439807892e-02
-7.716001868247985840e-01
1.964987721294164658e-03
2.312994748353958130e-02
6.302025634795427322e-03
-7.477477192878723145e-03
2.641977369785308838e-02
1.634814031422138214e-02
2.537148306146264076e-03
5.585699807852506638e-03
-2.113358862698078156e-02
2.910252660512924194e-02
7.893618941307067871e-02
-3.170001506805419922e-02
-7.568895816802978516e-03
-6.715139374136924744e-03
5.853104963898658752e-02
-1.981670223176479340e-02
-2.094317693263292313e-03
-2.195572294294834137e-02
1.071901340037584305e-02
-3.694428503513336182e-02
5.614732205867767334e-02
3.671681974083185196e-03
-2.559930086135864258e-02
-1.959523372352123260e-02
-1.274602022022008896e-02
-2.565240859985351562e-02
-1.488923840224742889e-02
1.095634768716990948e-03
-1.008757110685110092e-02
1.085570920258760452e-02
2.832972630858421326e-02
6.979065015912055969e-03
-5.835381802171468735e-03
-1.015994325280189514e-02
2.066886611282825470e-02
1.055513601750135422e-02
3.140896931290626526e-02
-3.749236464500427246e-02
3.585141897201538086e-02
-3.067929670214653015e-02
5.890507996082305908e-02
-8.818261325359344482e-03
2.605585381388664246e-03
-7.426946610212326050e-02
6.787724047899246216e-02
-3.903489932417869568e-02
-1.340931057929992676e-01
-7.922097295522689819e-02
1.564332470297813416e-02
6.034178659319877625e-02
2.702053263783454895e-02
6.937269121408462524e-02
4.273547232151031494e-02
-1.191516872495412827e-03
-2.861070074141025543e-02
-9.748494625091552734e-02
3.093201294541358948e-02
-2.347672358155250549e-02
-1.983990892767906189e-02
4.052278771996498108e-02
1.018544360995292664e-01
-8.440123498439788818e-02
5.313841998577117920e-02
7.983709126710891724e-02
6.978273391723632812e-02
6.749776005744934082e-02
7.023292779922485352e-02
-2.419186197221279144e-02
9.935958683490753174e-02
-5.940459296107292175e-02
2.623474039137363434e-02
2.220490388572216034e-02
3.395549952983856201e-02
-4.461767151951789856e-02
-1.505625396966934204e-01
-8.899746090173721313e-02
8.128502964973449707e-02
2.672390826046466827e-02
7.771608978509902954e-02
2.704581245779991150e-02
8.738944530487060547e-01
5.095614865422248840e-02
-2.777102403342723846e-02
-1.331206783652305603e-02
4.412527487147599459e-04
1.651431173086166382e-01
3.663303330540657043e-02
2.837385237216949463e-02
-7.630819827318191528e-02
7.497476879507303238e-03
1.217703670263290405e-01
-5.650311335921287537e-02
-1.789131760597229004e-02
-3.063924051821231842e-02
-2.085269242525100708e-02
-3.458284586668014526e-02
-2.265791036188602448e-02
-4.749855026602745056e-02
3.675788268446922302e-02
-1.100731641054153442e-02
-1.942582242190837860e-02
3.914009779691696167e-02
3.804782405495643616e-02
-2.829815633594989777e-02
-2.627850137650966644e-02
1.017287094146013260e-02
-2.210715599358081818e-02
2.839109860360622406e-03
8.808988332748413086e-02
-6.032237783074378967e-03
8.554526604712009430e-03
1.250523421913385391e-02
6.764892023056745529e-03
-9.044862538576126099e-02
2.047241851687431335e-02
1.466180570423603058e-02
1.488120015710592270e-02
5.715801566839218140e-02
1.004035249352455139e-01
3.647598670795559883e-03
1.044008359313011169e-01
4.977102205157279968e-02
-8.858098834753036499e-02
-1.449354737997055054e-01
-6.001194193959236145e-02
3.873442113399505615e-02
-1.584410853683948517e-02
6.330911070108413696e-02
1.600867509841918945e-02
-2.482032589614391327e-02
-2.928603813052177429e-02
-5.462111905217170715e-02
9.587488137185573578e-03
4.686692263931035995e-03
1.957440376281738281e-02
1.579480990767478943e-02
-5.967058241367340088e-02
2.731575816869735718e-02
-4.230532050132751465e-02
-1.416788622736930847e-02
1.444883830845355988e-02
-2.346438728272914886e-02
-1.482766307890415192e-02
6.846842169761657715e-02
-2.700997143983840942e-02
-4.705892875790596008e-02
8.949773758649826050e-02
2.996927872300148010e-02
4.122680425643920898e-02
5.852332338690757751e-02
-3.780577331781387329e-02
8.799502998590469360e-02
-1.057516187429428101e-01
-2.934205345809459686e-03
7.892563194036483765e-02
3.127203509211540222e-02
-1.307973172515630722e-02
1.321852579712867737e-02
-1.207795646041631699e-02
-4.605036973953247070e-02
-1.242080237716436386e-02
-2.262844704091548920e-02
-3.082084283232688904e-02
6.506621092557907104e-02
6.377477198839187622e-02
-4.600273445248603821e-02
-8.331134170293807983e-02
4.559341073036193848e-02
-7.258994877338409424e-02
-2.549545653164386749e-02
-5.957432836294174194e-02
1.541842613369226456e-02
7.665743678808212280e-02
2.270237170159816742e-02
1.262843310832977295e-01
2.507584542036056519e-02
-1.216562613844871521e-01
1.314121577888727188e-02
-2.180613018572330475e-02
1.107181329280138016e-02
7.447841018438339233e-02
3.665174916386604309e-02
8.356091380119323730e-02
-7.454632222652435303e-02
1.831041648983955383e-02
6.980436295270919800e-02
4.208252299576997757e-03
-1.300014834851026535e-02
-1.413991954177618027e-02
5.737367644906044006e-02
1.203752402216196060e-02
2.881605550646781921e-02
-4.526719916611909866e-03
4.075517505407333374e-02
6.273237522691488266e-03
3.259091451764106750e-02
-6.990974396467208862e-02
4.703861474990844727e-02
6.023564841598272324e-03
3.228204697370529175e-02
7.841883599758148193e-02
3.304092213511466980e-02
3.097205981612205505e-02
6.084702163934707642e-02
2.384971827268600464e-02
4.449236765503883362e-02
-6.088620051741600037e-02
4.453144595026969910e-02
-3.426184505224227905e-02
7.453715801239013672e-02
-1.005618087947368622e-02
1.098553929477930069e-02
2.411208488047122955e-02
-3.456593304872512817e-02
2.541807107627391815e-02
-1.140493201091885567e-03
-4.052417725324630737e-02
-1.990478299558162689e-02
3.382571414113044739e-02
-3.851256892085075378e-02
4.075988661497831345e-03
5.291543155908584595e-02
5.150935053825378418e-02
-9.223118424415588379e-03
-1.115474943071603775e-02
2.084802463650703430e-02
-7.226490415632724762e-03
-6.054011359810829163e-02
5.446304380893707275e-02
-2.001710236072540283e-02
-5.631903558969497681e-02
9.567092172801494598e-03
-6.541009247303009033e-02
8.368058502674102783e-02
-2.989709004759788513e-02
-3.345419466495513916e-02
8.175529539585113525e-02
4.120731726288795471e-03
-4.648211970925331116e-02
-7.322157919406890869e-02
3.987523913383483887e-02
-1.486362074501812458e-03
-2.046928368508815765e-02
8.772552944719791412e-03
1.050193328410387039e-02
-4.387167468667030334e-02
-3.390029817819595337e-02
-7.138228416442871094e-02
3.829908324405550957e-03
5.202990770339965820e-02
-2.141350694000720978e-02
1.254328805953264236e-02
5.662075802683830261e-02
2.634429372847080231e-03
3.463583439588546753e-02
5.438215099275112152e-03
7.621645461767911911e-03
5.287579447031021118e-02
2.978195250034332275e-02
8.880677074193954468e-02
-3.325016796588897705e-02
-6.115403026342391968e-02
6.318306922912597656e-02
1.723686605691909790e-02
3.153255581855773926e-02
6.340909004211425781e-02
3.010383434593677521e-02
5.277843028306961060e-02
-3.551983460783958435e-02
7.913406938314437866e-02
4.322187229990959167e-02
-2.086237631738185883e-02
-7.500206120312213898e-03
7.347169518470764160e-02
7.604274898767471313e-02
-1.258937735110521317e-02
-1.339204236865043640e-02
-4.453944787383079529e-02
3.200946748256683350e-02
2.193148992955684662e-02
-3.746062517166137695e-02
-6.782617419958114624e-02
2.910450100898742676e-02
-2.255389466881752014e-02
4.874717909842729568e-03
-1.549788657575845718e-02
2.365515008568763733e-02
-3.010978922247886658e-02
-3.627533838152885437e-02
-1.479276362806558609e-02
1.401631813496351242e-02
2.700768783688545227e-02
-3.663247823715209961e-02
-1.930247293785214424e-03
-2.935553714632987976e-02
7.276111282408237457e-03
4.801758751273155212e-02
3.161175921559333801e-02
2.243869006633758545e-02
2.686248719692230225e-02
4.866792820394039154e-03
-4.192207008600234985e-02
-1.990620978176593781e-02
5.655081942677497864e-02
2.938515134155750275e-02
9.194955229759216309e-03
-4.457301646471023560e-02
7.594142109155654907e-03
-3.843396157026290894e-02
-4.203467816114425659e-02
-2.199055999517440796e-02
9.470780380070209503e-03
-4.509669914841651917e-02
6.061005964875221252e-02
2.190620265901088715e-02
5.014904215931892395e-02
3.816614300012588501e-02
3.492880985140800476e-02
1.385465846396982670e-03
6.786397099494934082e-02
5.589074268937110901e-02
-6.457090377807617188e-02
3.151169419288635254e-02
-2.122700586915016174e-02
5.214988067746162415e-02
4.735862463712692261e-02
-7.523349672555923462e-02
-2.552443416789174080e-03
-1.878863014280796051e-02
-5.279403924942016602e-02
-1.025274023413658142e-02
2.649321965873241425e-02
5.826393608003854752e-03
9.601440280675888062e-02
6.377345323562622070e-02
4.030047357082366943e-02
6.636181473731994629e-02
8.635147474706172943e-03
2.924033254384994507e-02
2.996044419705867767e-02
-1.898228004574775696e-02
-1.375470031052827835e-02
-1.688361167907714844e-02
-2.829092368483543396e-02
2.814698964357376099e-03
-5.758935585618019104e-02
3.898595646023750305e-02
1.063348446041345596e-02
-2.782931178808212280e-02
-3.566956520080566406e-02
-1.865116320550441742e-02
4.583919793367385864e-02
1.385715976357460022e-02
-7.296121912077069283e-04
-1.950099132955074310e-02
1.535461191087961197e-02
3.039436973631381989e-02
-4.668465629220008850e-02
1.214482542127370834e-02
-4.490627720952033997e-02
4.038767516613006592e-02
5.598327144980430603e-02
3.854835405945777893e-03
8.662316203117370605e-02
-1.810254296287894249e-03
2.103120647370815277e-02
-3.650994226336479187e-02
4.488131776452064514e-02
-4.382055625319480896e-02
-3.966765105724334717e-02
1.213886681944131851e-02
-2.065007947385311127e-02
-4.673167597502470016e-03
2.493557333946228027e-02
-2.825300674885511398e-03
-2.375231310725212097e-02
-3.068596869707107544e-02
-4.901828989386558533e-02
6.650058925151824951e-02
4.873697459697723389e-02
1.547344960272312164e-02
1.294445991516113281e-02
3.490211069583892822e-02
3.868197323754429817e-03
3.920945152640342712e-02
1.557620987296104431e-02
1.066251322627067566e-01
4.845504835247993469e-02
-1.177184749394655228e-02
6.763036828488111496e-03
-1.258172211237251759e-03
1.696707122027873993e-02
4.604976624250411987e-02
-1.173351239413022995e-02
-4.819051548838615417e-02
2.240323461592197418e-02
-2.649703249335289001e-02
5.938815698027610779e-02
-1.539045199751853943e-02
3.471368178725242615e-02
-5.324083846062421799e-03
4.124183580279350281e-02
2.080607600510120392e-02
4.457094892859458923e-02
-4.165529832243919373e-02
2.565787546336650848e-02
-6.083713844418525696e-02
-8.685601875185966492e-03
6.726411730051040649e-02
-1.494474802166223526e-02
1.342360302805900574e-02
2.606312930583953857e-02
-3.984557837247848511e-02
1.206745393574237823e-02
-1.921859383583068848e-02
-1.877289824187755585e-02
8.758053928613662720e-02
-3.041721694171428680e-02
3.292010352015495300e-02
4.314665496349334717e-02
-3.591646626591682434e-02
2.001509256660938263e-02
6.216028332710266113e-02
8.987075649201869965e-03
4.543635528534650803e-03
-2.005367726087570190e-02
-4.035640880465507507e-02
-6.931610405445098877e-02
3.357645124197006226e-02
1.168109476566314697e-01
8.815048262476921082e-03
8.098624646663665771e-02
5.103775858879089355e-02
2.497185952961444855e-02
-7.529402151703834534e-03
2.860350068658590317e-03
7.153490185737609863e-02
5.156776309013366699e-02
-7.890544086694717407e-02
-1.773707382380962372e-02
5.577917676419019699e-03
4.206786863505840302e-03
6.638613529503345490e-03
2.144957147538661957e-02
-4.219187423586845398e-02
2.411403693258762360e-02
-4.518188536167144775e-02
2.050622180104255676e-02
-3.420478478074073792e-02
1.318410784006118774e-02
4.803278669714927673e-02
4.979849327355623245e-03
-7.780690491199493408e-02
-2.069284208118915558e-02
2.764640934765338898e-02
3.048626706004142761e-02
5.609326437115669250e-02
-2.437281049787998199e-02
-6.249384209513664246e-02
1.844195835292339325e-02
2.058489620685577393e-02
1.037679016590118408e-01
3.315209178254008293e-03
5.559800192713737488e-02
-1.896172389388084412e-02
-1.043542176485061646e-01
2.322174794971942902e-02
-3.500912338495254517e-03
2.850383054465055466e-03
-5.131033435463905334e-02
-9.014913439750671387e-02
2.376908808946609497e-02
-2.559798955917358398e-02
-2.993382327258586884e-02
-2.073481120169162750e-02
-1.292867306619882584e-02
-6.474328041076660156e-02
-7.829678803682327271e-02
1.179138384759426117e-02
-3.384692966938018799e-02
2.995323156937956810e-03
2.894460596144199371e-02
5.797592457383871078e-03
-9.324895590543746948e-02
-1.184515748172998428e-02
1.311077326536178589e-01
9.946111589670181274e-03
-5.236797966063022614e-03
9.383670985698699951e-02
4.111572727560997009e-02
-6.526082288473844528e-03
-2.560512803029268980e-04
6.642524898052215576e-02
-5.761408060789108276e-02
8.503319323062896729e-02
3.667422011494636536e-02
-2.230398822575807571e-04
-4.638465121388435364e-02
8.410877734422683716e-02
6.847761571407318115e-02
3.321973234415054321e-02
1.473739463835954666e-02
8.270069211721420288e-02
-1.705701276659965515e-02
4.054084047675132751e-02
-1.454106997698545456e-02
9.364532161271199584e-05
-2.861262671649456024e-02
-3.331668302416801453e-02
-2.198741026222705841e-02
2.175242826342582703e-02
-1.046053227037191391e-02
-2.282712236046791077e-02
4.245702549815177917e-02
5.882798507809638977e-02
-5.893511325120925903e-02
-2.981101535260677338e-02
1.026084832847118378e-02
-3.607797250151634216e-02
2.411893196403980255e-02
4.780283197760581970e-02
-1.689224503934383392e-02
-2.417551912367343903e-02
3.712839446961879730e-03
2.002098411321640015e-02
8.835843950510025024e-02
1.429538242518901825e-02
8.324802666902542114e-02
-1.186427427455782890e-03
-1.419145241379737854e-02
-2.688154578208923340e-02
-4.255518689751625061e-02
-4.079849645495414734e-02
-3.139591217041015625e-02
-6.175076588988304138e-02
2.213705889880657196e-02
1.328269857913255692e-02
-6.935268640518188477e-02
-1.165665965527296066e-02
4.347057268023490906e-02
2.198559418320655823e-02
8.341332897543907166e-03
-3.420717641711235046e-02
2.895314060151576996e-02
-3.192462027072906494e-02
-1.442317944020032883e-02
-3.929213806986808777e-02
-7.939466834068298340e-02
6.521911919116973877e-02
-6.349562108516693115e-02
-3.295584022998809814e-02
7.413681596517562866e-03
7.021426223218441010e-03
5.193009041249752045e-03
2.834871783852577209e-02
1.956224255263805389e-02
-4.134998191148042679e-03
1.566972769796848297e-02
3.061262890696525574e-02
-1.190176010131835938e-01
4.651742428541183472e-02
-8.818254619836807251e-02
1.087662130594253540e-01
2.231107465922832489e-02
-9.021393954753875732e-02
2.712114900350570679e-02
-4.085013642907142639e-02
2.409404329955577850e-02
1.996938697993755341e-02
-5.822356417775154114e-02
-2.564768493175506592e-02
-2.376933395862579346e-02
-1.863872632384300232e-03
7.192307617515325546e-03
-4.905433394014835358e-03
1.222527492791414261e-02
-2.969934605062007904e-02
2.813800703734159470e-03
1.870597526431083679e-02
4.191298782825469971e-02
-9.869785979390144348e-03
6.011784449219703674e-02
6.988766789436340332e-02
-5.883601959794759750e-03
6.363020837306976318e-02
1.421773526817560196e-02
2.406178042292594910e-02
1.361181586980819702e-02
-6.883859634399414062e-02
8.276295661926269531e-02
-5.022685602307319641e-02
7.951956987380981445e-02
4.745111986994743347e-02
2.018395252525806427e-02
3.544541832525283098e-04
-3.821850568056106567e-02
1.719645410776138306e-02
1.479615177959203720e-02
9.004260413348674774e-03
-7.277663331478834152e-03
7.209407538175582886e-02
-1.268645282834768295e-02
-2.099394984543323517e-02
3.052755072712898254e-02
-3.121839649975299835e-02
6.262308452278375626e-03
-2.648996934294700623e-02
-6.068807467818260193e-02
-3.745754808187484741e-02
1.463886070996522903e-02
