2.561549097299575806e-02
7.347915670834481716e-04
9.047606959939002991e-03
2.725583314895629883e-02
2.043659612536430359e-02
-1.297676470130681992e-02
-9.016984142363071442e-03
-5.649453029036521912e-03
-1.077337469905614853e-02
6.779768969863653183e-03
2.112504839897155762e-02
2.557686343789100647e-02
-1.784801669418811798e-02
-4.111773800104856491e-03
-2.954326383769512177e-02
1.376278419047594070e-02
-7.343606557697057724e-03
-1.443415880203247070e-02
-6.100183818489313126e-03
2.889423444867134094e-02
-3.977405838668346405e-03
5.240179598331451416e-03
4.328005760908126831e-02
5.748247727751731873e-02
8.473938331007957458e-03
-7.183597981929779053e-02
-2.306894893990829587e-04
-1.533932983875274658e-02
-4.562297463417053223e-02
1.858476549386978149e-02
3.345259279012680054e-02
-5.975255277007818222e-03
9.836202487349510193e-03
9.271846152842044830e-03
-9.575339965522289276e-03
-3.024777397513389587e-02
6.540247704833745956e-03
8.980444632470607758e-03
1.010056864470243454e-02
7.666954398155212402e-02
1.940235123038291931e-02
2.124631963670253754e-02
4.657189175486564636e-02
5.966828204691410065e-03
-2.578153088688850403e-02
-2.229504473507404327e-02
6.732040084898471832e-03
-1.207732316106557846e-02
1.850396767258644104e-02
8.927012793719768524e-03
5.489664152264595032e-03
4.018854349851608276e-03
5.241159722208976746e-02
1.817039027810096741e-02
-6.522925570607185364e-03
1.784411258995532990e-02
1.610969752073287964e-02
2.603152953088283539e-02
4.767464399337768555e-01
-7.560362573713064194e-04
-2.365625463426113129e-02
8.382552303373813629e-03
-1.549383625388145447e-02
-7.652715314179658890e-03
-1.703372783958911896e-02
2.042603865265846252e-02
4.299547057598829269e-03
-2.279582805931568146e-02
-4.626594483852386475e-02
-1.555840950459241867e-02
4.252171143889427185e-02
-1.603539660573005676e-02
-4.453294351696968079e-02
-2.432535402476787567e-03
4.154341877438127995e-04
3.816198930144309998e-02
2.072903886437416077e-02
-5.450105667114257812e-02
1.772831752896308899e-02
-1.382734347134828568e-02
-1.636398583650588989e-02
1.040267199277877808e-02
-7.217146456241607666e-03
4.633328877389431000e-03
-2.406966872513294220e-02
3.453927487134933472e-02
-1.907091354951262474e-03
1.357063371688127518e-02
1.408229116350412369e-02
-4.383247345685958862e-03
1.349480240605771542e-03
-6.189125124365091324e-03
-1.540341600775718689e-02
1.198772434145212173e-02
5.565864499658346176e-03
7.747269235551357269e-03
1.915809325873851776e-02
-3.186833858489990234e-02
1.341733336448669434e-02
1.400833670049905777e-02
-1.923114759847521782e-03
2.719053626060485840e-02
-6.970830261707305908e-03
-6.019975990056991577e-03
-1.462735142558813095e-02
2.630446292459964752e-02
3.783780336380004883e-02
-2.300894074141979218e-02
5.839499644935131073e-03
1.258526090532541275e-02
-2.050485927611589432e-03
3.625126555562019348e-02
1.094660349190235138e-02
2.310302294790744781e-02
-1.963512785732746124e-02
1.232009939849376678e-02
-3.134517744183540344e-02
-7.561088073998689651e-03
7.084209937602281570e-03
3.452358534559607506e-03
-1.629159413278102875e-02
2.992557594552636147e-03
-2.535867097321897745e-04
-2.000561170279979706e-02
4.621040448546409607e-02
-1.095691788941621780e-02
1.791870454326272011e-03
5.898096133023500443e-04
-1.606684923171997070e-02
2.081217430531978607e-02
1.654048636555671692e-02
3.570777771528810263e-04
-2.462562546133995056e-02
9.554686839692294598e-04
-3.030985780060291290e-02
-4.107427783310413361e-03
6.620649248361587524e-02
-3.325180709362030029e-02
-3.702219203114509583e-02
-1.253107911907136440e-03
2.180030196905136108e-02
-1.607465557754039764e-02
-1.274426747113466263e-02
-2.720588818192481995e-02
-1.699749939143657684e-02
-4.480855539441108704e-02
3.712333738803863525e-02
-1.223795348778367043e-03
-3.150989487767219543e-02
-1.411898247897624969e-02
5.958886817097663879e-03
-1.809624396264553070e-02
-5.543782375752925873e-03
4.501418769359588623e-02
-1.865698397159576416e-02
3.729986399412155151e-02
-6.381463259458541870e-02
3.594723762944340706e-03
2.549615688621997833e-02
2.558063529431819916e-02
-3.615090623497962952e-02
5.054751783609390259e-02
-3.978864103555679321e-02
8.648819857626222074e-06
-1.335807796567678452e-02
2.236072719097137451e-02
-3.629093524068593979e-03
-1.356808561831712723e-02
1.094134803861379623e-02
-5.557473748922348022e-02
-3.387510310858488083e-03
-1.399012748152017593e-02
7.857026532292366028e-03
-9.462339803576469421e-03
3.444046247750520706e-03
1.110999844968318939e-03
6.932867225259542465e-03
2.583683282136917114e-02
-4.260517656803131104e-02
1.604851149022579193e-02
1.898883096873760223e-02
-8.858907967805862427e-03
-1.182592846453189850e-02
1.415815856307744980e-02
2.889323979616165161e-02
-7.430347148329019547e-03
1.494110468775033951e-02
2.327754162251949310e-02
1.106594316661357880e-02
-3.705499460920691490e-03
-7.530286163091659546e-02
9.705903939902782440e-03
2.715416438877582550e-02
2.032604813575744629e-02
-2.861986681818962097e-02
2.741510048508644104e-03
8.104453235864639282e-02
2.474772511050105095e-03
5.036767572164535522e-02
1.539324689656496048e-02
-4.129624739289283752e-02
1.046092901378870010e-02
-2.763926284387707710e-03
2.274924889206886292e-02
-2.644392102956771851e-02
1.526601333171129227e-02
6.437113974243402481e-03
-2.386303059756755829e-02
-2.528887800872325897e-02
1.733820140361785889e-02
2.983353659510612488e-02
-1.942826784215867519e-03
-1.732206903398036957e-02
1.572573371231555939e-02
1.352169457823038101e-02
-1.241860538721084595e-02
8.822628296911716461e-04
-2.108290093019604683e-03
3.524903953075408936e-02
3.858597949147224426e-02
1.827922090888023376e-02
-7.846894264221191406e-01
7.027875166386365891e-03
2.258843742311000824e-02
-9.248736896552145481e-04
-1.784831983968615532e-03
2.110308222472667694e-02
2.408505603671073914e-02
2.220627851784229279e-03
1.913177547976374626e-03
-1.400128100067377090e-02
1.879017055034637451e-02
7.895215600728988647e-02
-3.586337715387344360e-02
-4.898659884929656982e-03
-5.632313434034585953e-03
6.178225204348564148e-02
-1.615824922919273376e-02
-4.229915328323841095e-03
-2.324724569916725159e-02
1.252159290015697479e-02
-3.777407482266426086e-02
6.113604456186294556e-02
1.588229672051966190e-03
-2.673516049981117249e-02
-2.060578204691410065e-02
-9.066982194781303406e-03
-2.117555215954780579e-02
-1.714748330414295197e-02
-7.723869639448821545e-04
-6.277578417211771011e-03
5.472356453537940979e-03
3.515685722231864929e-02
5.339213646948337555e-03
-1.288909278810024261e-02
-1.767442375421524048e-02
1.115917600691318512e-02
1.734646968543529510e-02
-1.431420631706714630e-02
-6.355905532836914062e-02
3.991103172302246094e-02
-3.781378269195556641e-02
-3.447390720248222351e-02
-5.541497468948364258e-02
1.884133927524089813e-02
2.587623894214630127e-03
-3.330871462821960449e-02
3.598503768444061279e-02
-2.554439753293991089e-02
-7.403254508972167969e-02
1.789687573909759521e-02
1.271925959736108780e-02
-6.527019292116165161e-02
6.498871836811304092e-03
7.910782843828201294e-02
-4.869318008422851562e-02
-2.813460305333137512e-02
-7.547570019960403442e-02
1.134182512760162354e-02
-2.738913148641586304e-02
2.933704853057861328e-02
1.043561846017837524e-01
8.478680253028869629e-02
-6.597118824720382690e-02
-6.588938180357217789e-03
3.867181763052940369e-02
3.396589681506156921e-02
6.492885202169418335e-02
-1.055640983395278454e-03
-1.613641716539859772e-02
2.189460583031177521e-02
-3.921865299344062805e-02
2.126466296613216400e-02
2.841533906757831573e-02
1.412239391356706619e-02
-7.119170576333999634e-02
-8.935631066560745239e-02
-2.718663029372692108e-02
-7.277231663465499878e-03
1.077753305435180664e-01
3.899878263473510742e-02
-2.276124246418476105e-02
9.263484477996826172e-01
5.635302886366844177e-02
-8.280120790004730225e-03
1.894612424075603485e-02
-4.082039743661880493e-02
1.450122743844985962e-01
4.297819361090660095e-02
4.806743934750556946e-02
-5.041515920311212540e-03
-5.633048713207244873e-03
-2.152297832071781158e-02
2.157263085246086121e-02
3.686895966529846191e-02
1.620201580226421356e-02
5.332373455166816711e-02
5.349941551685333252e-02
-2.486516255885362625e-03
5.818311125040054321e-03
3.570480272173881531e-02
-1.857890002429485321e-02
-5.614979565143585205e-02
4.995160549879074097e-02
1.239803619682788849e-02
-5.542120337486267090e-02
-3.939400240778923035e-02
-1.865895651280879974e-02
-3.676139749586582184e-04
-8.607810363173484802e-03
7.942272722721099854e-02
6.307930219918489456e-03
-1.795378141105175018e-02
8.575198240578174591e-03
-1.845513470470905304e-02
-9.098613262176513672e-02
2.219776064157485962e-02
-3.987998701632022858e-03
1.745786517858505249e-02
5.228729546070098877e-02
5.229806527495384216e-02
-8.243473246693611145e-03
1.021288409829139709e-01
6.030153483152389526e-02
-9.753414243459701538e-02
-1.209577322006225586e-01
-5.910819023847579956e-02
5.082705244421958923e-02
-5.709242820739746094e-02
3.103169240057468414e-02
4.545659758150577545e-03
-2.356325462460517883e-02
-1.304389443248510361e-02
-1.636765897274017334e-02
1.478100847452878952e-02
-5.393504165112972260e-03
4.035734757781028748e-02
-3.368930891156196594e-02
-2.544849738478660583e-02
9.244337677955627441e-03
-2.904812805354595184e-02
-2.056586183607578278e-02
-7.095974870026111603e-03
1.241999305784702301e-02
-1.149954926222562790e-02
6.714569032192230225e-02
-4.664748907089233398e-02
-4.633295536041259766e-02
8.826133608818054199e-02
3.806258365511894226e-02
2.511673793196678162e-02
5.053242668509483337e-02
-4.718493297696113586e-02
1.068492084741592407e-01
-7.054552435874938965e-02
-3.491777693852782249e-03
5.369162559509277344e-02
1.266823709011077881e-02
-4.694658517837524414e-02
1.260659378021955490e-02
-3.565413877367973328e-02
-4.862894862890243530e-02
-4.798735491931438446e-03
-3.075330331921577454e-02
-2.901436202228069305e-02
6.344906240701675415e-02
6.196870282292366028e-02
-1.620257273316383362e-02
-6.029582396149635315e-02
7.978838682174682617e-02
-9.836572408676147461e-02
1.194400247186422348e-02
-1.926959492266178131e-02
1.232759654521942139e-02
7.315531373023986816e-02
4.857460409402847290e-02
1.205065399408340454e-01
6.113686785101890564e-02
-9.770044684410095215e-02
3.471880778670310974e-02
-3.516928118187934160e-04
-9.232928976416587830e-03
4.331985861063003540e-02
1.178578194230794907e-02
7.241579890251159668e-02
-5.986839532852172852e-02
-6.011332850903272629e-03
6.654806435108184814e-02
3.166468814015388489e-04
5.232483148574829102e-03
-1.257008058018982410e-03
5.847678706049919128e-02
-1.522335316985845566e-02
5.469166487455368042e-02
-5.846307147294282913e-03
1.486205775290727615e-02
1.304778177291154861e-02
1.501214969903230667e-02
-7.421845942735671997e-02
5.931713432073593140e-02
8.567689219489693642e-04
2.410988323390483856e-02
3.732392936944961548e-02
2.781500667333602905e-02
-2.762493910267949104e-03
7.039987295866012573e-02
2.245011925697326660e-02
-2.288549393415451050e-02
-4.343350231647491455e-02
4.063130542635917664e-02
-1.407123822718858719e-02
1.094906032085418701e-02
5.209656897932291031e-03
-1.418214943259954453e-02
3.086891770362854004e-02
-2.500176988542079926e-02
5.685871094465255737e-02
-8.187405765056610107e-03
-2.400561980903148651e-02
-3.267815336585044861e-02
1.864318363368511200e-02
-6.847492884844541550e-03
2.099375613033771515e-02
4.381196200847625732e-02
4.708278924226760864e-02
1.017269026488065720e-02
-3.968326747417449951e-02
-4.586746916174888611e-02
-1.348746847361326218e-02
-1.681182160973548889e-02
6.276518851518630981e-02
-1.944501511752605438e-02
-5.684485659003257751e-02
1.800790429115295410e-02
-4.967726022005081177e-02
1.031006351113319397e-01
-1.444822922348976135e-02
-5.476487055420875549e-02
7.901347428560256958e-02
-3.739925473928451538e-02
-4.552584141492843628e-02
-8.513133972883224487e-02
5.645569041371345520e-02
-4.186089709401130676e-02
7.274986244738101959e-03
-1.403433550149202347e-02
2.514483220875263214e-02
5.615501198917627335e-03
-5.271112173795700073e-02
-3.898415714502334595e-02
3.463719040155410767e-02
5.525828525424003601e-02
1.268931082449853420e-03
-4.563521593809127808e-03
4.554487764835357666e-02
-4.626409616321325302e-03
3.160634543746709824e-03
2.569732815027236938e-02
1.519700884819030762e-02
1.033389344811439514e-01
-1.005652826279401779e-02
8.682187646627426147e-02
-1.318610925227403641e-02
-6.101487576961517334e-02
5.245027318596839905e-02
3.503248095512390137e-02
3.185702860355377197e-02
2.782563492655754089e-02
5.948022007942199707e-02
5.302261188626289368e-02
-4.241432622075080872e-02
8.576249331235885620e-02
6.084867566823959351e-02
-1.077343616634607315e-02
-1.432158332318067551e-02
4.907268285751342773e-02
8.516822755336761475e-02
-1.487949676811695099e-02
-3.699069842696189880e-03
-1.996071636676788330e-02
3.181916475296020508e-02
-8.124150335788726807e-03
-9.973558597266674042e-03
-8.146291971206665039e-02
2.550584264099597931e-03
-3.806748986244201660e-02
1.444204524159431458e-02
-1.471068523824214935e-02
1.681242696940898895e-02
-1.545520313084125519e-02
-1.691408641636371613e-02
-2.036116272211074829e-02
1.305617857724428177e-02
3.089160285890102386e-02
-4.201474040746688843e-02
-2.706979215145111084e-02
-4.590383172035217285e-02
1.181470695883035660e-03
2.724632062017917633e-02
4.836583044379949570e-03
4.180660843849182129e-02
8.443240076303482056e-03
-3.413464641198515892e-03
-9.190312586724758148e-03
-3.266908228397369385e-02
1.693500205874443054e-02
2.920297533273696899e-02
-2.154633589088916779e-02
-4.527761414647102356e-02
-3.489716351032257080e-02
-4.604092985391616821e-02
-7.794773578643798828e-02
-4.707322269678115845e-02
1.780436746776103973e-02
-5.508017726242542267e-03
8.363063633441925049e-02
1.478376798331737518e-02
6.128817051649093628e-02
5.979128181934356689e-02
5.030174925923347473e-02
-2.330542169511318207e-02
5.833169817924499512e-02
7.074559479951858521e-02
-7.759688794612884521e-02
3.017969615757465363e-02
-4.208725690841674805e-02
6.609420478343963623e-02
2.366502024233341217e-02
-8.230940997600555420e-02
1.671148836612701416e-02
-2.417648769915103912e-02
-8.770747110247612000e-03
-3.094210848212242126e-02
2.366137132048606873e-02
1.602704077959060669e-02
6.623085588216781616e-02
9.344733506441116333e-02
3.225161880254745483e-02
7.175747305154800415e-02
6.172275636345148087e-03
6.139381974935531616e-02
8.431184105575084686e-03
-1.156256347894668579e-02
-3.594601154327392578e-02
-2.731666667386889458e-03
-2.949512377381324768e-02
-2.535679377615451813e-02
-4.298112168908119202e-02
2.161217853426933289e-02
8.064231835305690765e-03
-1.320763491094112396e-02
-4.012671113014221191e-02
-1.117327529937028885e-02
7.327034324407577515e-02
-5.678017623722553253e-03
2.069843374192714691e-02
-4.060794413089752197e-02
6.906844209879636765e-03
1.200488675385713577e-02
-7.662405073642730713e-02
9.949878789484500885e-03
-3.880919516086578369e-02
5.567593500018119812e-02
6.102232262492179871e-02
1.196873653680086136e-02
7.622767239809036255e-02
-2.987018600106239319e-02
3.344541415572166443e-02
-4.830460250377655029e-02
4.090139642357826233e-02
-6.648125499486923218e-02
-4.581310227513313293e-02
-4.853994119912385941e-03
-1.229707803577184677e-02
-9.115138091146945953e-03
-3.708257572725415230e-03
-2.303580055013298988e-03
-4.715924337506294250e-02
-5.031776428222656250e-02
-6.074092537164688110e-02
3.593332320451736450e-02
4.593577980995178223e-02
1.311043649911880493e-02
-1.401741057634353638e-02
4.289275407791137695e-02
7.851529866456985474e-03
1.645067147910594940e-02
4.483654722571372986e-02
9.169517457485198975e-02
2.288371138274669647e-02
1.900481875054538250e-03
1.607798971235752106e-02
-2.434193156659603119e-02
2.436902932822704315e-02
-1.116369152441620827e-03
7.723251823335886002e-03
-5.654613301157951355e-02
6.380464415997266769e-03
-1.495920028537511826e-02
5.855546891689300537e-02
1.114150974899530411e-02
2.941863238811492920e-02
3.670568112283945084e-03
2.442626655101776123e-02
4.716514796018600464e-02
4.832676053047180176e-02
-6.050716340541839600e-02
3.854204341769218445e-02
-6.546563655138015747e-02
-4.746520146727561951e-02
5.509915947914123535e-02
1.200692635029554367e-02
1.067077927291393280e-02
1.259506586939096451e-02
-3.656048700213432312e-02
1.910598017275333405e-02
-5.610412452369928360e-03
-2.013676241040229797e-02
3.948375955224037170e-02
-3.296434879302978516e-02
3.988838195800781250e-02
1.536028459668159485e-02
-1.853248849511146545e-02
4.929009824991226196e-02
5.260531604290008545e-02
-2.565245516598224640e-02
2.648431994020938873e-02
-9.247348643839359283e-03
-1.602770388126373291e-02
-6.457192450761795044e-02
1.695659384131431580e-02
1.246666759252548218e-01
3.183036297559738159e-02
7.641167938709259033e-02
4.748735204339027405e-02
3.105868957936763763e-02
-4.458698444068431854e-03
3.605678677558898926e-02
5.560138449072837830e-02
5.814392492175102234e-02
-4.394422844052314758e-02
-6.142584141343832016e-03
-2.213408006355166435e-03
4.607108130585402250e-04
-5.458636209368705750e-03
1.895347423851490021e-02
-1.589517854154109955e-02
2.809423208236694336e-02
-6.041102483868598938e-02
3.114534355700016022e-02
-8.038325235247612000e-03
1.346500683575868607e-02
4.742436483502388000e-02
-5.828363820910453796e-03
-4.200022667646408081e-02
-4.133913666009902954e-02
4.605123307555913925e-03
4.071818664669990540e-02
1.638447865843772888e-02
-3.785772249102592468e-02
-5.178728327155113220e-02
2.781230397522449493e-02
3.698142617940902710e-02
9.836688637733459473e-02
-2.965052984654903412e-02
4.508956521749496460e-02
3.507565706968307495e-02
-1.138139888644218445e-01
1.702585816383361816e-02
2.140444517135620117e-02
6.752625573426485062e-03
-3.921009972691535950e-02
-5.247936770319938660e-02
3.047298826277256012e-02
-3.283214464318007231e-04
-4.564929008483886719e-02
-1.257012877613306046e-02
-7.058384828269481659e-03
-7.359737157821655273e-02
-9.075462818145751953e-02
1.454688375815749168e-03
-4.060722514986991882e-02
-4.238941706717014313e-03
2.439318783581256866e-02
-1.380054838955402374e-02
-1.030611246824264526e-01
1.603424549102783203e-02
8.845272660255432129e-02
2.280424721539020538e-02
1.133591495454311371e-02
1.303449720144271851e-01
3.958354517817497253e-02
6.968148518353700638e-04
8.309616707265377045e-03
5.559264495968818665e-02
-5.227309465408325195e-02
6.154492124915122986e-02
6.534203141927719116e-02
-3.793723508715629578e-02
-6.387260556221008301e-02
7.567444443702697754e-02
1.006701812148094177e-01
1.885477080941200256e-02
2.751957625150680542e-03
8.941785991191864014e-02
-1.688687317073345184e-02
2.009900845587253571e-02
-7.262713741511106491e-03
2.961758989840745926e-03
-3.862761333584785461e-02
-3.187220916152000427e-02
-5.180540680885314941e-02
5.138409882783889771e-02
-7.242695894092321396e-03
-3.100322932004928589e-02
7.720374967902898788e-03
6.481651961803436279e-02
-7.571546733379364014e-02
-2.902962826192378998e-02
3.995481133460998535e-02
-5.265355855226516724e-02
4.721551015973091125e-02
1.949770748615264893e-02
2.194181084632873535e-03
-1.361551880836486816e-02
-3.842899203300476074e-02
1.564897969365119934e-02
7.896644622087478638e-02
4.119246825575828552e-02
7.404316216707229614e-02
-3.052727691829204559e-02
-4.538226872682571411e-02
-1.763941161334514618e-02
-4.346258938312530518e-02
1.762772537767887115e-02
-1.809570938348770142e-02
-5.384239181876182556e-02
4.237615317106246948e-02
2.707747556269168854e-02
-3.867654129862785339e-02
-1.506059523671865463e-02
3.278299793601036072e-02
1.777742244303226471e-02
1.789085008203983307e-02
-7.509404420852661133e-02
4.619647189974784851e-02
-4.678913578391075134e-02
-3.056114166975021362e-02
-2.742000110447406769e-02
-8.062872290611267090e-02
2.556366287171840668e-02
-5.808098241686820984e-02
-6.631576269865036011e-02
2.727152220904827118e-02
-3.372133150696754456e-02
-5.320262163877487183e-03
1.087676361203193665e-02
5.399420112371444702e-02
-4.508253186941146851e-02
-1.151369698345661163e-02
8.097499608993530273e-03
-1.201718822121620178e-01
3.652210533618927002e-02
-5.972870066761970520e-02
5.397335439920425415e-02
2.756415307521820068e-02
-1.057570651173591614e-01
4.106970131397247314e-02
-3.729198127985000610e-02
8.835028856992721558e-03
-2.222786471247673035e-02
-4.751956462860107422e-02
-1.317410543560981750e-02
-3.075093962252140045e-02
-1.072095707058906555e-02
4.688213113695383072e-03
-3.149767406284809113e-03
-5.623093340545892715e-03
-7.018005475401878357e-03
-2.129500545561313629e-02
1.971574686467647552e-02
8.107988536357879639e-02
-3.014702908694744110e-02
5.371441319584846497e-02
1.240037474781274796e-02
-8.500462397933006287e-03
7.120121270418167114e-02
1.191162690520286560e-02
3.758995328098535538e-03
3.551620990037918091e-02
-3.691824898123741150e-02
6.892903894186019897e-02
-5.325356498360633850e-02
9.144201129674911499e-02
6.314104050397872925e-02
5.228540301322937012e-02
-2.876798436045646667e-02
-1.940858922898769379e-02
1.487565692514181137e-02
1.366985123604536057e-02
-4.534168541431427002e-02
-3.022545762360095978e-02
1.138941198587417603e-01
2.969031408429145813e-02
-4.235311225056648254e-02
-1.896505826152861118e-03
-3.645398467779159546e-02
-1.393673708662390709e-03
-2.271849848330020905e-02
-5.070308968424797058e-02
-2.574561536312103271e-02
-1.876677386462688446e-02
