2.794831991195678711e-02
-4.508620500564575195e-02
-2.550338767468929291e-02
1.383522711694240570e-02
-1.017467398196458817e-02
1.634176447987556458e-02
1.459497772157192230e-02
-2.664021216332912445e-02
-3.291451558470726013e-02
3.698180243372917175e-02
-2.032808400690555573e-02
2.142439596354961395e-03
4.544150456786155701e-02
-1.380699686706066132e-03
-8.902797475457191467e-03
-9.586776141077280045e-04
-1.844055252149701118e-03
1.851135306060314178e-02
1.326306015253067017e-01
3.361745551228523254e-02
8.892857469618320465e-03
2.567566931247711182e-02
-3.321319818496704102e-02
6.895975675433874130e-03
-9.358620271086692810e-03
4.555352963507175446e-03
-8.045652881264686584e-03
1.275536371394991875e-03
-1.058469060808420181e-02
7.567478343844413757e-03
7.328062504529953003e-02
1.954502426087856293e-02
1.132067106664180756e-02
-1.049851253628730774e-02
-1.229274086654186249e-02
2.828334085643291473e-02
-4.985246807336807251e-03
2.062923833727836609e-02
2.057813480496406555e-02
-2.290932647883892059e-02
-3.131087869405746460e-02
3.108275122940540314e-03
-5.359404906630516052e-02
-2.766512706875801086e-02
-1.523238420486450195e-02
-1.855050399899482727e-02
-6.425896286964416504e-02
2.323613874614238739e-02
9.150218102149665356e-04
-8.327896939590573311e-04
2.507977560162544250e-02
-7.053860276937484741e-02
5.231547355651855469e-02
-1.143073823186568916e-04
-3.540598973631858826e-02
-1.218710653483867645e-02
-1.353889983147382736e-02
-3.407091367989778519e-03
4.107074141502380371e-01
5.137231573462486267e-02
-2.274329774081707001e-02
1.579662039875984192e-02
1.419120561331510544e-02
-2.184191904962062836e-02
4.971023183315992355e-03
6.054371222853660583e-02
2.667260169982910156e-02
-1.351099275052547455e-02
-7.750276010483503342e-03
1.346048433333635330e-02
1.429279707372188568e-02
7.687244564294815063e-03
-2.559127169661223888e-04
9.148141252808272839e-04
-6.750954780727624893e-03
1.365521363914012909e-02
-2.604380436241626740e-02
-3.774109994992613792e-03
-7.221648469567298889e-03
5.091846734285354614e-02
-9.047611616551876068e-03
-7.697639055550098419e-03
-1.167818251997232437e-02
3.995884209871292114e-02
9.486461430788040161e-02
-1.102048903703689575e-02
-2.568381838500499725e-03
-1.418857648968696594e-02
3.290687501430511475e-02
1.277137198485434055e-03
-6.786759011447429657e-03
3.517572302371263504e-03
-3.536089137196540833e-02
1.190504897385835648e-02
-1.997880265116691589e-02
-1.315834373235702515e-02
2.231159247457981110e-02
-3.716823831200599670e-02
2.246605977416038513e-02
1.411570585332810879e-03
-3.334231674671173096e-02
1.743248105049133301e-02
1.993428217247128487e-03
1.725019142031669617e-02
1.984936185181140900e-02
-6.517980247735977173e-03
3.697530180215835571e-02
-1.567419245839118958e-02
3.530991822481155396e-02
-1.750017516314983368e-02
-1.649088598787784576e-02
9.510782547295093536e-03
1.849028840661048889e-02
9.588706307113170624e-03
5.001095123589038849e-03
-1.150102633982896805e-02
4.113289341330528259e-02
-2.944766916334629059e-02
9.093136177398264408e-04
7.789617870002985001e-03
4.866438452154397964e-03
4.505050368607044220e-03
-1.386189553886651993e-02
1.274475920945405960e-02
-1.185038127005100250e-02
1.199433486908674240e-02
-1.978025026619434357e-02
-1.150804478675127029e-02
4.213354550302028656e-03
3.042833134531974792e-02
1.721439138054847717e-02
-1.327808108180761337e-02
-3.303725644946098328e-02
-1.783990673720836639e-02
-2.990932017564773560e-02
3.403161466121673584e-02
8.634581230580806732e-03
3.038216149434447289e-03
-4.327994212508201599e-02
1.060475781559944153e-02
-8.110462129116058350e-02
-6.314179860055446625e-03
-1.407872047275304794e-02
-7.956850342452526093e-03
-3.114090673625469208e-02
1.228229776024818420e-01
-3.818916901946067810e-02
-2.278324216604232788e-02
-2.516030101105570793e-03
5.570854991674423218e-03
2.836571261286735535e-02
2.666261233389377594e-02
2.307966118678450584e-03
4.478057101368904114e-02
8.689050562679767609e-03
-3.335536643862724304e-02
2.654372900724411011e-02
-1.885184086859226227e-02
-6.631937623023986816e-02
-2.060361392796039581e-02
1.230501662939786911e-02
-4.192218184471130371e-02
-1.530971005558967590e-02
6.695696618407964706e-03
2.743524091783910990e-04
5.469723045825958252e-02
-1.570002362132072449e-02
-3.489570226520299911e-03
-2.904729545116424561e-02
1.404831930994987488e-02
3.445263206958770752e-02
-3.618044080212712288e-03
1.729981414973735809e-02
1.885817386209964752e-02
3.801994398236274719e-02
2.695296332240104675e-02
3.226023167371749878e-02
-5.799668841063976288e-03
-4.937138035893440247e-02
4.650538321584463120e-03
3.032805398106575012e-02
-3.160760179162025452e-02
-1.970850164070725441e-03
2.013503760099411011e-02
1.553187426179647446e-02
7.588920742273330688e-02
-3.699674829840660095e-02
-1.402444671839475632e-02
2.911560004577040672e-03
2.626664750277996063e-02
4.549439996480941772e-02
3.471111506223678589e-02
-2.161641046404838562e-02
-3.150913864374160767e-02
1.637729932554066181e-03
7.785495370626449585e-03
2.449545264244079590e-02
1.388025656342506409e-02
2.953544631600379944e-02
-4.586397111415863037e-02
-2.577193826436996460e-02
1.441576890647411346e-02
4.022799804806709290e-02
-2.814041264355182648e-02
3.002673946321010590e-02
1.515143923461437225e-02
6.054776022210717201e-04
3.325137868523597717e-02
5.799258593469858170e-03
-9.715465456247329712e-02
-1.448142901062965393e-02
5.325784906744956970e-03
-3.070163307711482048e-03
-5.474775098264217377e-03
-6.210126914083957672e-03
-4.538517817854881287e-02
3.713208716362714767e-04
5.425100401043891907e-02
-2.481790818274021149e-02
1.339138136245310307e-03
-4.415734857320785522e-02
-7.875044941902160645e-01
-8.536514826118946075e-03
-4.627649486064910889e-02
-7.443667273037135601e-04
-2.481204643845558167e-02
3.778227418661117554e-02
-1.558099873363971710e-02
6.361024454236030579e-03
6.226161960512399673e-03
-1.549484767019748688e-02
-4.067549481987953186e-02
6.427701096981763840e-03
2.940520271658897400e-02
-1.011957693845033646e-02
2.227277681231498718e-02
-8.392806164920330048e-03
-9.414308704435825348e-03
7.560697384178638458e-03
-1.164925005286931992e-02
-4.031221382319927216e-03
1.241166889667510986e-02
-4.359219223260879517e-02
1.014264114201068878e-02
-8.004937320947647095e-03
3.200597316026687622e-02
2.406837791204452515e-02
2.291050925850868225e-02
9.333726949989795685e-03
7.875713519752025604e-03
-7.249713875353336334e-03
-4.067885223776102066e-03
-1.389089971780776978e-02
6.391933187842369080e-03
-1.021349523216485977e-02
-1.928604580461978912e-02
7.439932972192764282e-02
-1.030682399868965149e-01
-7.509288936853408813e-02
5.192190036177635193e-02
1.138942763209342957e-01
1.462741196155548096e-01
-1.372639685869216919e-01
-8.781135827302932739e-02
1.465850323438644409e-02
-1.132760313339531422e-03
4.798765853047370911e-02
1.014743000268936157e-01
1.188428550958633423e-01
-1.209293827414512634e-01
2.193368971347808838e-02
-4.453155025839805603e-02
7.863673567771911621e-02
4.965535178780555725e-02
-4.409589990973472595e-02
5.417913571000099182e-02
7.268318533897399902e-02
-6.493276450783014297e-03
6.895444355905056000e-03
8.169826120138168335e-03
-2.801170386373996735e-02
1.561449375003576279e-02
-2.025813050568103790e-02
1.540585141628980637e-02
-4.087347164750099182e-02
-5.271748453378677368e-02
1.240868028253316879e-02
-6.972093135118484497e-02
-7.809567451477050781e-02
7.236862927675247192e-02
8.439859747886657715e-02
-3.451667726039886475e-02
1.459056045860052109e-02
1.877749264240264893e-01
-1.444099843502044678e-01
-1.267575472593307495e-01
-4.980366677045822144e-02
6.337844580411911011e-02
-1.828511655330657959e-01
7.893690466880798340e-02
-4.229106009006500244e-02
-7.091987878084182739e-02
7.732695937156677246e-01
5.690103396773338318e-03
4.535251855850219727e-02
-9.786774218082427979e-02
5.450133979320526123e-02
1.472738832235336304e-01
8.735310286283493042e-02
-1.085379123687744141e-01
8.775883167982101440e-02
-4.348966851830482483e-02
5.851436778903007507e-02
1.031088829040527344e-01
3.818261250853538513e-02
4.177825152873992920e-02
9.979882091283798218e-02
-2.805189415812492371e-02
-5.859789252281188965e-02
2.659586444497108459e-02
5.258737877011299133e-02
-3.582362458109855652e-02
1.390065904706716537e-02
1.802126504480838776e-02
1.702007371932268143e-03
-1.946425251662731171e-02
3.188804164528846741e-02
1.178326644003391266e-02
-2.999391965568065643e-02
-4.694052785634994507e-02
5.069745704531669617e-02
-7.472659926861524582e-03
4.564226791262626648e-02
3.824455291032791138e-02
-2.334782667458057404e-02
-3.055175952613353729e-02
-5.503073334693908691e-02
-2.594830095767974854e-02
-3.426114097237586975e-02
1.702212356030941010e-02
9.279899299144744873e-03
-7.931011170148849487e-02
3.207910060882568359e-02
1.679559797048568726e-02
-2.998231537640094757e-02
-9.997714310884475708e-03
1.476497622206807137e-03
-9.363855351693928242e-04
-3.073781542479991913e-02
4.616428166627883911e-02
-3.423148393630981445e-02
5.893032532185316086e-03
3.438872843980789185e-02
-1.167539041489362717e-02
-1.022296026349067688e-02
-2.881150459870696068e-03
2.950000017881393433e-02
1.603819802403450012e-02
2.443326637148857117e-02
7.550993561744689941e-02
1.163360849022865295e-02
1.715341955423355103e-02
3.744646161794662476e-02
1.444026944227516651e-03
-2.665766142308712006e-02
8.144596591591835022e-03
1.236677542328834534e-02
-2.942113392055034637e-02
-1.276301220059394836e-02
-3.365034004673361778e-03
4.433481954038143158e-03
1.764968782663345337e-02
-5.959058552980422974e-02
7.876235991716384888e-02
5.832668859511613846e-03
-3.295312076807022095e-02
4.947090893983840942e-02
1.263315323740243912e-02
-2.303679287433624268e-02
-6.566143035888671875e-02
5.137017369270324707e-02
-7.345291320234537125e-03
4.042102769017219543e-02
-9.358610957860946655e-03
-1.440605614334344864e-02
-9.202793589793145657e-04
-2.006573416292667389e-02
2.275672182440757751e-02
-4.767984896898269653e-02
8.501385152339935303e-02
8.022593706846237183e-02
-1.084506697952747345e-02
-3.706210292875766754e-03
-5.364444479346275330e-02
9.454304352402687073e-03
-9.715004824101924896e-03
1.496602687984704971e-02
5.946944584138691425e-04
2.429905906319618225e-02
-5.077490583062171936e-03
-4.002032428979873657e-02
-5.099402740597724915e-02
-1.217960100620985031e-02
-2.214572392404079437e-02
1.764710992574691772e-02
9.646276943385601044e-03
-4.885786026716232300e-02
-4.151227697730064392e-02
-4.878978244960308075e-03
-9.615184739232063293e-03
5.552360415458679199e-02
-1.757386513054370880e-02
-2.411707304418087006e-02
-2.969633974134922028e-02
5.757598578929901123e-02
-4.141257703304290771e-02
4.636981710791587830e-02
2.954517118632793427e-02
-1.268318891525268555e-01
-4.235972464084625244e-02
5.958395078778266907e-03
2.928920462727546692e-02
3.706620261073112488e-02
-1.305093988776206970e-02
3.537198528647422791e-02
-1.148294564336538315e-02
-6.964167580008506775e-03
-7.666201889514923096e-02
-4.211036860942840576e-02
7.845611870288848877e-02
-3.168150410056114197e-02
3.908854443579912186e-03
-3.180653601884841919e-02
3.053231164813041687e-02
-1.191141456365585327e-02
6.458326242864131927e-03
-3.104523010551929474e-02
-1.513622514903545380e-02
1.576184853911399841e-02
3.864667145535349846e-03
4.887468367815017700e-02
1.883531175553798676e-02
-1.373423542827367783e-02
3.298240900039672852e-02
8.914794027805328369e-02
9.103309363126754761e-02
-4.843494296073913574e-02
1.044354736804962158e-01
1.717312447726726532e-02
-3.183311223983764648e-02
2.814853377640247345e-02
2.258072979748249054e-02
-4.098621755838394165e-02
-2.124700881540775299e-02
-3.853921964764595032e-02
3.319918736815452576e-02
-3.093010000884532928e-02
-1.585762761533260345e-02
6.150045245885848999e-02
-4.582201316952705383e-02
5.934035032987594604e-02
5.353908613324165344e-02
1.583798043429851532e-02
-7.272004336118698120e-02
-4.516685381531715393e-02
-3.525449210428632796e-05
-3.692687302827835083e-02
-6.980982725508511066e-04
-3.053958155214786530e-02
2.151979692280292511e-02
3.153634443879127502e-02
-2.503775758668780327e-03
-1.389042939990758896e-02
3.012442030012607574e-02
6.850273162126541138e-02
-1.623753830790519714e-02
-3.360090404748916626e-02
1.476754341274499893e-02
-2.862299792468547821e-02
2.602403238415718079e-02
-1.975051127374172211e-03
-1.795761846005916595e-02
4.256845265626907349e-02
7.295500487089157104e-02
-7.751999050378799438e-02
1.680888980627059937e-02
5.057395249605178833e-02
5.354735627770423889e-02
2.705906704068183899e-02
1.875488646328449249e-02
-9.240254014730453491e-02
-2.399967983365058899e-02
2.591045945882797241e-02
7.008835673332214355e-02
1.771132461726665497e-02
-2.961965650320053101e-02
-2.316841110587120056e-02
-3.472649492323398590e-03
-1.129361316561698914e-01
2.278228662908077240e-02
2.355581335723400116e-02
5.419455841183662415e-02
-1.685309968888759613e-02
-1.773478835821151733e-02
-2.007951028645038605e-02
3.341283649206161499e-02
-1.902170362882316113e-03
-9.445651434361934662e-03
3.348364960402250290e-03
3.676236048340797424e-02
-4.734342545270919800e-02
-5.611297674477100372e-03
-2.080355770885944366e-02
6.674875319004058838e-02
-7.266581989824771881e-03
1.215835567563772202e-02
-2.057868242263793945e-02
2.220185846090316772e-02
4.445794504135847092e-03
4.813533276319503784e-02
-1.751167140901088715e-02
-9.752151556313037872e-03
8.151506632566452026e-02
7.463816087692975998e-03
1.763347163796424866e-02
2.777628228068351746e-02
4.772924631834030151e-02
-2.387494780123233795e-02
-1.538672000169754028e-01
-5.335184279829263687e-03
2.623913623392581940e-02
-1.241221092641353607e-03
-6.536863744258880615e-02
2.502440288662910461e-02
-1.375786364078521729e-01
2.043618448078632355e-02
1.712871529161930084e-02
1.992587000131607056e-02
-1.622156240046024323e-02
-5.594871565699577332e-02
-1.618747413158416748e-02
-2.620774321258068085e-02
5.433540325611829758e-03
-1.541771739721298218e-02
-1.453311648219823837e-02
-4.029102995991706848e-02
1.216523721814155579e-02
-1.843798346817493439e-02
-1.415089983493089676e-02
1.232183352112770081e-02
-2.454454638063907623e-02
1.738357543945312500e-02
1.764216460287570953e-02
2.259754203259944916e-02
-1.202801987528800964e-02
2.821938879787921906e-02
4.897601529955863953e-02
5.930711701512336731e-02
2.472041919827461243e-02
-5.923985969275236130e-03
5.721852928400039673e-02
1.674466766417026520e-02
-6.987591087818145752e-02
-1.896012946963310242e-02
-4.282162711024284363e-02
-6.765730679035186768e-02
-8.822598308324813843e-02
-1.397435180842876434e-02
5.361929535865783691e-02
1.676466874778270721e-02
4.749098792672157288e-02
3.170958487316966057e-03
-8.141360431909561157e-02
-2.073698677122592926e-02
-7.448936253786087036e-02
-5.727537907660007477e-03
-1.558683929033577442e-03
-2.623915905132889748e-03
-1.699790544807910919e-02
3.948184475302696228e-02
-2.262496761977672577e-02
-1.098247617483139038e-02
-3.514063358306884766e-02
7.676786626689136028e-04
1.322626951150596142e-03
-5.791088938713073730e-02
1.068131346255540848e-02
-2.130437083542346954e-02
7.431291788816452026e-02
9.858557023108005524e-03
1.326509099453687668e-02
-9.034009999595582485e-04
8.821734786033630371e-02
-5.062998831272125244e-02
1.002196967601776123e-02
-2.076124958693981171e-02
2.343358658254146576e-02
-7.702662050724029541e-02
9.002896957099437714e-03
-8.734162896871566772e-03
5.707280337810516357e-02
-1.290906518697738647e-01
8.850903809070587158e-02
-2.411139570176601410e-02
-4.906350001692771912e-02
1.657230034470558167e-02
8.666859939694404602e-03
-4.553743079304695129e-02
4.187198728322982788e-02
-2.960081957280635834e-02
-2.862301282584667206e-02
-1.801473088562488556e-02
5.402771756052970886e-02
-7.311656326055526733e-02
9.455937892198562622e-02
1.787477359175682068e-02
3.655853122472763062e-02
-7.314810901880264282e-02
-3.104078769683837891e-02
-3.894446045160293579e-02
-3.596967458724975586e-02
6.317010149359703064e-03
-6.532210111618041992e-02
-5.655765533447265625e-02
6.268801540136337280e-02
7.105311006307601929e-02
-5.442465469241142273e-02
6.905827671289443970e-02
-2.374446205794811249e-02
9.492853656411170959e-03
-7.715464103966951370e-03
7.245325297117233276e-02
4.330902360379695892e-03
1.193438246846199036e-01
-5.511625856161117554e-02
-5.245037842541933060e-03
3.950152546167373657e-02
-8.375965990126132965e-03
9.765440970659255981e-02
-2.002183720469474792e-02
-2.622976526618003845e-02
1.889171078801155090e-02
-1.291971746832132339e-02
-2.799314213916659355e-03
1.204079203307628632e-02
1.896486431360244751e-02
-2.258765697479248047e-02
7.842089049518108368e-03
-7.922779768705368042e-02
-4.430757835507392883e-02
2.058960311114788055e-02
1.684071682393550873e-02
9.694722481071949005e-03
1.488100551068782806e-02
-1.140701770782470703e-02
3.983791172504425049e-02
-1.733926832675933838e-01
-1.535601448267698288e-02
1.030806172639131546e-02
1.314239017665386200e-02
-6.309396028518676758e-02
-1.414794474840164185e-02
1.888881251215934753e-02
-2.673040889203548431e-02
7.428974658250808716e-02
-9.791518002748489380e-02
3.996697068214416504e-02
6.443788856267929077e-02
3.067946434020996094e-02
1.955389790236949921e-02
-6.001807004213333130e-02
-8.553866064175963402e-04
4.651135578751564026e-02
1.110794860869646072e-02
-4.103352874517440796e-02
1.510819941759109497e-01
5.973956733942031860e-02
-5.483878403902053833e-02
-7.884094491600990295e-03
1.074128900654613972e-03
3.275524079799652100e-02
-3.074258565902709961e-02
1.536941248923540115e-02
7.240048050880432129e-02
3.944801539182662964e-02
-2.248060517013072968e-02
7.177579402923583984e-02
2.892663888633251190e-02
-5.725805461406707764e-02
-8.184906095266342163e-03
-3.971115872263908386e-02
5.878587253391742706e-03
2.599855698645114899e-02
1.697132101980969310e-04
5.023722350597381592e-02
-3.005108796060085297e-02
1.874152384698390961e-02
3.278375416994094849e-02
-9.269647300243377686e-03
-1.832010783255100250e-02
3.241486102342605591e-02
-2.444301359355449677e-02
-3.163519129157066345e-02
1.849156804382801056e-02
4.517322406172752380e-02
1.216637343168258667e-02
-6.026397645473480225e-02
1.572106033563613892e-01
-4.446457140147686005e-03
3.386116027832031250e-02
3.793689981102943420e-02
5.017691105604171753e-02
8.871330879628658295e-03
-1.383578218519687653e-02
-3.152836486697196960e-02
1.856616698205471039e-02
-1.147163659334182739e-02
4.667505994439125061e-02
3.160665184259414673e-02
1.702453568577766418e-02
7.022277265787124634e-02
-9.158933162689208984e-02
-8.516197092831134796e-03
9.219418279826641083e-03
-4.210638999938964844e-02
4.203930869698524475e-02
-7.736122235655784607e-03
3.911474347114562988e-02
1.804099883884191513e-03
-3.902066126465797424e-02
1.680717244744300842e-02
8.134779520332813263e-03
-3.909130115061998367e-03
1.718792505562305450e-02
-5.291175097227096558e-02
-2.912871167063713074e-02
1.950518414378166199e-02
-4.743789508938789368e-02
1.215035468339920044e-01
5.790373682975769043e-02
-5.497550964355468750e-02
8.960961550474166870e-02
-5.368516221642494202e-02
-4.449425265192985535e-02
-4.659250006079673767e-02
-2.160359174013137817e-02
3.986436873674392700e-02
4.901805147528648376e-02
-3.915139939635992050e-03
4.826054442673921585e-03
1.303843804635107517e-03
-8.620453625917434692e-02
-3.669379511848092079e-04
2.078312635421752930e-02
-4.232873395085334778e-02
3.560458868741989136e-02
-2.723052166402339935e-02
-4.235458094626665115e-03
6.743417680263519287e-02
-4.244574904441833496e-02
5.032423138618469238e-02
1.464357599616050720e-02
5.424218252301216125e-03
7.329904288053512573e-02
-4.935755580663681030e-02
-1.229648361913859844e-03
-1.379400491714477539e-02
7.525537163019180298e-02
-1.071075443178415298e-02
-2.420239895582199097e-02
-2.303585968911647797e-02
1.478817779570817947e-02
-3.218386322259902954e-02
-4.397527873516082764e-02
4.966058302670717239e-03
1.067205369472503662e-01
-3.472448885440826416e-02
1.426316704601049423e-02
-6.513486057519912720e-02
8.265220373868942261e-02
-4.207562655210494995e-02
2.857150137424468994e-02
-9.635662287473678589e-02
-5.367847159504890442e-03
8.998365700244903564e-02
-4.332185536623001099e-02
-3.972317278385162354e-02
-1.679871790111064911e-02
2.279985882341861725e-02
4.734973236918449402e-02
1.638895645737648010e-02
4.864415095653384924e-04
-4.867352917790412903e-02
1.203534901142120361e-01
5.294539500027894974e-03
-6.917528808116912842e-02
-7.262562215328216553e-02
2.765342127531766891e-03
-2.005025185644626617e-02
3.555538505315780640e-02
-3.441348299384117126e-02
1.051421165466308594e-01
-1.175844389945268631e-02
2.287516370415687561e-02
4.505838453769683838e-02
3.697990253567695618e-02
-1.402075309306383133e-02
3.288357518613338470e-03
1.884528435766696930e-02
-1.102350372821092606e-02
1.126930583268404007e-02
5.550985783338546753e-02
1.832746714353561401e-02
-1.878096163272857666e-02
2.088089659810066223e-02
1.591581664979457855e-02
4.619873315095901489e-02
-3.109256178140640259e-02
5.285063758492469788e-02
-2.633529528975486755e-02
3.637003246694803238e-03
5.253913626074790955e-02
2.128498815000057220e-02
-1.761936396360397339e-01
-3.111029975116252899e-03
-3.875284269452095032e-02
2.209040522575378418e-02
-4.243812523782253265e-03
2.684983797371387482e-02
-7.461505010724067688e-03
1.929129660129547119e-02
1.312282308936119080e-02
