2.769520971924066544e-03
1.001925300806760788e-02
-1.719134487211704254e-02
-9.970888495445251465e-03
2.218348672613501549e-03
4.176920652389526367e-02
2.539701387286186218e-02
5.617348477244377136e-02
9.056198596954345703e-02
-8.891374804079532623e-03
-2.446273900568485260e-02
-2.854131720960140228e-02
-1.806814805604517460e-03
-2.082765661180019379e-02
9.750160825205966830e-05
1.531708869151771069e-03
-1.282998244278132915e-03
-2.655303105711936951e-03
-3.664117306470870972e-02
2.486145868897438049e-02
-1.988800941035151482e-03
2.203447371721267700e-02
-3.792219236493110657e-02
-9.778313338756561279e-03
1.243798434734344482e-02
3.047373332083225250e-02
-9.631524793803691864e-03
-2.312419191002845764e-02
3.819297766312956810e-03
9.241031482815742493e-03
-1.412247121334075928e-01
-4.299185704439878464e-03
1.748449727892875671e-02
3.124093869701027870e-03
1.961602456867694855e-02
5.485918372869491577e-02
-3.686755523085594177e-02
-1.442252425476908684e-03
-1.299731316976249218e-03
-9.968557208776473999e-02
1.761117205023765564e-02
-8.996781893074512482e-03
-5.334729794412851334e-03
-3.892045468091964722e-02
-5.880777724087238312e-03
4.357301443815231323e-02
1.620049215853214264e-02
-2.375554107129573822e-02
3.540550544857978821e-02
-8.007083670236170292e-04
2.553581446409225464e-02
-6.970708072185516357e-02
-7.993865013122558594e-02
3.744969144463539124e-02
4.765348974615335464e-03
4.177090711891651154e-03
2.404382452368736267e-03
1.708323694765567780e-02
3.871108889579772949e-01
2.037666179239749908e-02
-5.521432030946016312e-03
1.514934375882148743e-02
-1.850683614611625671e-02
-5.368398502469062805e-03
2.551869861781597137e-02
9.387186146341264248e-04
-1.064844802021980286e-02
-5.099312402307987213e-03
2.812898904085159302e-02
-2.003058232367038727e-02
4.428838845342397690e-03
7.261886261403560638e-03
-4.563269764184951782e-02
1.670411787927150726e-02
-3.856960684061050415e-03
-3.400813788175582886e-02
7.017581257969141006e-03
5.111108347773551941e-02
-4.345294088125228882e-03
1.002791523933410645e-02
-1.358255185186862946e-02
2.828637138009071350e-02
3.445241600275039673e-02
-3.629758208990097046e-02
4.854462668299674988e-02
-1.205763872712850571e-02
1.053570187650620937e-03
3.701810026541352272e-03
9.672474116086959839e-03
1.694403029978275299e-02
2.092999033629894257e-02
-1.309079956263303757e-02
2.642211504280567169e-03
-2.532739005982875824e-02
1.148959062993526459e-02
-1.245851907879114151e-02
-6.911969278007745743e-03
-1.480201352387666702e-02
-3.735231980681419373e-02
7.621157914400100708e-03
1.491114031523466110e-02
2.506726048886775970e-02
1.485181879252195358e-02
-5.899695213884115219e-03
2.151092980057001114e-03
-1.037087850272655487e-02
-1.189324352890253067e-02
1.755696721374988556e-02
1.677296869456768036e-02
-1.453122962266206741e-02
-1.613742113113403320e-02
3.160853870213031769e-03
-3.607150912284851074e-02
-1.328961271792650223e-02
-2.602513693273067474e-02
9.649299085140228271e-03
4.169427603483200073e-02
3.779145656153559685e-03
8.991997689008712769e-03
1.158828963525593281e-03
6.454349961131811142e-03
1.102642808109521866e-02
-4.222778230905532837e-02
-5.762107670307159424e-03
-5.638901144266128540e-02
-1.250032149255275726e-02
2.064032293856143951e-02
1.276793424040079117e-02
1.767296902835369110e-02
7.199265062808990479e-02
-5.991330370306968689e-02
3.060186980292201042e-03
1.276498101651668549e-02
-9.274462237954139709e-03
6.092339754104614258e-02
-6.677588075399398804e-02
-9.000793844461441040e-02
4.107238724827766418e-03
-1.091732531785964966e-01
5.028777522966265678e-04
-8.544205129146575928e-02
-1.310883904807269573e-03
1.740535162389278412e-02
-1.799949258565902710e-02
2.315551601350307465e-02
3.231583395972847939e-03
3.189122537150979042e-03
1.547083444893360138e-02
-1.565170846879482269e-02
-6.914195138961076736e-03
-8.071384392678737640e-03
-3.169045550748705864e-03
-3.380478173494338989e-02
-5.329197645187377930e-02
-1.600787974894046783e-02
5.683192051947116852e-03
-4.525915533304214478e-02
-7.418777327984571457e-03
-5.528838559985160828e-02
9.563765488564968109e-04
6.638287100940942764e-03
-4.432641714811325073e-02
5.110888183116912842e-02
-2.433735318481922150e-02
1.007372606545686722e-02
-2.701939083635807037e-03
2.093949355185031891e-02
5.104531999677419662e-03
-1.361896190792322159e-02
-9.058508090674877167e-03
-1.842031069099903107e-02
-3.808886394836008549e-04
4.549369681626558304e-03
4.348370246589183807e-03
2.234757691621780396e-02
1.098037883639335632e-02
6.706597749143838882e-03
7.065639365464448929e-04
-3.180348873138427734e-02
-2.968599088490009308e-03
-1.413435954600572586e-02
-7.263518404215574265e-03
1.569514721632003784e-02
3.078579343855381012e-02
1.318641938269138336e-02
-4.403596371412277222e-02
-1.194966807961463928e-01
2.594596333801746368e-02
-5.096718203276395798e-03
4.362694546580314636e-02
8.630675077438354492e-02
4.824756179004907608e-03
9.579226374626159668e-03
-1.261470187455415726e-02
4.623075574636459351e-02
-2.561435475945472717e-02
-3.235588967800140381e-02
-2.366807311773300171e-03
-1.581551283597946167e-01
-1.645333133637905121e-02
8.811099082231521606e-02
1.004620641469955444e-02
5.767270177602767944e-02
-3.351218253374099731e-02
-2.410120703279972076e-02
-2.294235629960894585e-03
5.261376965790987015e-03
5.757003091275691986e-03
-1.767401117831468582e-03
2.515720203518867493e-03
-6.614479422569274902e-02
-4.096088930964469910e-03
3.998233750462532043e-02
7.796493824571371078e-03
9.885541163384914398e-03
2.936763502657413483e-02
-1.293565845116972923e-03
-8.276871405541896820e-03
1.453904900699853897e-02
2.810317464172840118e-02
-4.892697557806968689e-02
-7.600444555282592773e-01
-1.438868581317365170e-03
3.135863225907087326e-04
-3.900781506672501564e-03
1.230320893228054047e-02
-5.457977578043937683e-02
9.481687098741531372e-03
-6.830032914876937866e-03
-1.557551044970750809e-02
-8.866838179528713226e-03
-1.226412132382392883e-02
-3.028762526810169220e-03
-5.514459684491157532e-03
-5.828443914651870728e-03
-9.345585480332374573e-03
-4.197277128696441650e-02
2.209139801561832428e-02
-6.030809134244918823e-03
-1.458063814789056778e-02
6.408957764506340027e-03
1.761462725698947906e-02
1.481652818620204926e-02
-7.434193044900894165e-02
1.260870508849620819e-02
1.630767993628978729e-02
5.834020674228668213e-03
7.542087137699127197e-02
1.063331682235002518e-02
4.985845880582928658e-04
4.423032980412244797e-03
1.954153552651405334e-02
1.599684357643127441e-02
-8.176235482096672058e-03
1.392155303619801998e-03
-1.234310329891741276e-03
6.752212345600128174e-02
-8.847299963235855103e-02
-5.452451761811971664e-03
3.845524042844772339e-02
6.469757854938507080e-02
4.925049096345901489e-02
9.197703748941421509e-02
-5.194443836808204651e-02
4.755069315433502197e-02
-1.300467643886804581e-02
1.840566843748092651e-01
3.142430633306503296e-02
1.664538122713565826e-02
-6.130833923816680908e-02
-5.511740688234567642e-03
5.939836055040359497e-02
9.891727566719055176e-02
8.693467080593109131e-02
-9.634930640459060669e-03
9.507941082119941711e-03
-3.423019126057624817e-02
-2.822048775851726532e-02
-1.862823963165283203e-02
1.392250210046768188e-01
5.043508484959602356e-03
-2.948438981547951698e-03
9.768136590719223022e-02
-3.655034676194190979e-02
-3.144969791173934937e-02
4.867436364293098450e-02
1.904480904340744019e-01
2.793835662305355072e-02
1.111359521746635437e-02
-7.954321801662445068e-02
1.530391424894332886e-01
-9.455443918704986572e-02
2.277372591197490692e-02
8.460921049118041992e-02
1.579357124865055084e-02
1.598368585109710693e-02
-1.535175889730453491e-01
-4.607548564672470093e-02
-5.816830322146415710e-02
-4.973271861672401428e-02
1.406973600387573242e-01
-2.608663635328412056e-03
7.717144489288330078e-01
-8.088863641023635864e-02
-2.749365940690040588e-02
-1.598688066005706787e-01
1.162253245711326599e-01
1.047041714191436768e-01
3.618158027529716492e-02
9.020414948463439941e-02
-1.868028007447719574e-02
-3.757288306951522827e-02
2.243595868349075317e-01
-1.002323906868696213e-02
-6.000160798430442810e-02
-7.194229960441589355e-02
-7.884437590837478638e-02
-5.462801083922386169e-02
1.923491992056369781e-02
-4.116658493876457214e-02
-6.940383464097976685e-02
1.258202013559639454e-03
6.323795299977064133e-03
-3.210883587598800659e-02
1.134220976382493973e-02
2.004262618720531464e-02
2.849359624087810516e-02
6.006074696779251099e-02
-5.721147730946540833e-02
9.298092685639858246e-03
3.372355923056602478e-02
2.584428153932094574e-02
3.039086004719138145e-03
1.806867308914661407e-02
2.352535910904407501e-02
2.965024206787347794e-03
4.585462156683206558e-03
3.675695136189460754e-02
3.227501735091209412e-02
-4.588620737195014954e-02
-1.036876719444990158e-02
5.041446071118116379e-03
-7.139763981103897095e-02
1.935640536248683929e-02
5.547885224223136902e-02
2.311954647302627563e-02
-4.784910008311271667e-02
-1.661801338195800781e-02
1.335731334984302521e-02
-6.237582117319107056e-02
-3.949659585487097502e-04
1.844870485365390778e-02
2.317043719813227654e-03
6.964748259633779526e-03
-3.563016653060913086e-02
3.762634843587875366e-02
-1.887782849371433258e-02
-3.334432840347290039e-02
3.783222660422325134e-02
-4.382411018013954163e-02
-4.536990821361541748e-02
-4.529692232608795166e-03
6.901293247938156128e-02
-2.453367598354816437e-02
-3.510878235101699829e-02
-3.384822607040405273e-02
4.321614652872085571e-02
-9.562210179865360260e-03
-9.400279819965362549e-02
2.902543917298316956e-02
-2.283640019595623016e-02
6.280516833066940308e-02
-1.399599481374025345e-02
2.014573290944099426e-02
7.691764831542968750e-02
-2.589062042534351349e-02
-7.820168137550354004e-02
-1.518731284886598587e-02
-2.862637303769588470e-02
1.485409308224916458e-02
-1.552886236459016800e-02
-2.482867799699306488e-02
-6.126815453171730042e-02
3.382344543933868408e-02
2.284201234579086304e-02
2.674115449190139771e-02
1.708151772618293762e-02
6.204750016331672668e-02
6.961739063262939453e-02
-3.048746474087238312e-02
-3.806859254837036133e-02
-6.512754410505294800e-02
-9.911355376243591309e-02
2.779081463813781738e-02
1.009370293468236923e-02
-3.909582644701004028e-02
-4.252308979630470276e-02
-5.201601609587669373e-02
6.212674453854560852e-02
-1.994008198380470276e-02
-4.167962819337844849e-02
3.569366037845611572e-02
8.789294958114624023e-02
-3.765003010630607605e-02
-1.599606499075889587e-02
8.976174145936965942e-02
-7.368041202425956726e-03
-8.044238388538360596e-02
3.140882402658462524e-02
-2.572441473603248596e-02
-1.353249102830886841e-01
-1.460608188062906265e-02
1.263728365302085876e-03
-4.973974823951721191e-02
8.347646147012710571e-02
-1.895235269330441952e-03
-2.301924116909503937e-02
-4.111033305525779724e-02
-6.529385223984718323e-03
-1.933284662663936615e-02
7.958690635859966278e-03
-8.511846885085105896e-03
-1.639944165945053101e-01
-6.793401390314102173e-02
2.129554189741611481e-02
-5.581693351268768311e-02
-4.880065470933914185e-02
-3.676498308777809143e-02
4.328535124659538269e-02
-2.939071319997310638e-02
2.357965521514415741e-02
2.882600389420986176e-02
-1.285339519381523132e-02
4.388797655701637268e-02
-3.864156827330589294e-02
7.370838895440101624e-03
7.840648293495178223e-03
-3.068573959171772003e-02
-1.349232811480760574e-02
3.169763460755348206e-02
-4.192690178751945496e-02
1.400290057063102722e-03
7.001290563493967056e-03
-3.229923918843269348e-02
-1.091953143477439880e-01
3.308486938476562500e-02
1.439240202307701111e-02
-1.560263484716415405e-01
6.899033486843109131e-02
4.586473479866981506e-02
-4.541942477226257324e-02
1.576474495232105255e-02
9.791123867034912109e-02
-1.002293825149536133e-02
2.590731158852577209e-02
-6.382581591606140137e-02
4.926835745573043823e-02
1.116311363875865936e-02
-5.956012755632400513e-02
-4.468855634331703186e-02
-6.750671565532684326e-02
2.011619322001934052e-02
-2.305013127624988556e-02
2.968843840062618256e-02
3.183181956410408020e-02
-3.462885692715644836e-02
-9.477140754461288452e-02
3.098117746412754059e-02
2.227978408336639404e-02
-2.615211904048919678e-02
-8.471867069602012634e-03
-3.366656973958015442e-02
1.869594678282737732e-02
-7.198438793420791626e-02
5.847261846065521240e-02
-4.508419707417488098e-02
-3.963351994752883911e-02
-5.140949785709381104e-02
8.952683210372924805e-02
-7.180750370025634766e-02
-7.462128251791000366e-02
-8.530495315790176392e-02
5.758669227361679077e-03
-4.325973335653543472e-03
2.971476875245571136e-03
1.102483086287975311e-02
-6.761352065950632095e-03
-2.968787588179111481e-02
-1.814476214349269867e-02
1.385398674756288528e-03
4.943561181426048279e-02
-3.568109124898910522e-02
-3.800420090556144714e-02
8.863714523613452911e-03
-3.121290914714336395e-02
-8.093466982245445251e-03
1.422263588756322861e-02
-3.429288417100906372e-02
-2.339251106604933739e-03
4.591880738735198975e-02
-5.123799666762351990e-02
-2.993921563029289246e-02
-1.700591668486595154e-02
-2.366815321147441864e-02
4.366732388734817505e-02
3.994493931531906128e-02
-2.228032238781452179e-02
-4.500130936503410339e-02
-2.405216731131076813e-02
-2.203711681067943573e-02
5.695667117834091187e-03
-5.534906685352325439e-02
3.799599409103393555e-02
-4.763304069638252258e-02
2.118306420743465424e-02
-1.558215077966451645e-02
-9.421081631444394588e-04
3.108554892241954803e-02
-2.267836220562458038e-02
3.679540008306503296e-02
4.020065441727638245e-02
5.364622920751571655e-02
-5.698674917221069336e-02
-7.103675603866577148e-02
7.118789851665496826e-02
-9.464045614004135132e-02
7.802157104015350342e-02
-2.809496596455574036e-02
5.187682434916496277e-02
-1.514693256467580795e-02
8.706741966307163239e-03
3.024117648601531982e-02
-5.282431468367576599e-02
4.949124157428741455e-02
9.185262024402618408e-02
-3.862317278981208801e-02
4.841409157961606979e-03
-5.813137628138065338e-03
-2.056908793747425079e-02
3.545087575912475586e-02
4.143793135881423950e-02
-4.950276389718055725e-02
3.263762220740318298e-02
-1.994512043893337250e-02
-5.047129839658737183e-02
8.203212171792984009e-02
-4.012646153569221497e-02
1.341053470969200134e-02
1.554171834141016006e-02
-2.874464914202690125e-02
-6.690968293696641922e-03
-3.511529043316841125e-02
5.719521082937717438e-03
-1.481624785810709000e-02
-5.007289350032806396e-02
-2.513761632144451141e-03
-6.128071248531341553e-02
-1.367706526070833206e-02
1.457498408854007721e-02
-1.602950133383274078e-02
-1.061935797333717346e-01
2.827948890626430511e-03
3.379176929593086243e-02
6.712558865547180176e-02
-1.296306587755680084e-02
4.052503034472465515e-02
-2.395060658454895020e-02
-1.475956849753856659e-02
4.534554108977317810e-02
3.647992387413978577e-02
4.535625129938125610e-02
3.361677378416061401e-02
-8.382583037018775940e-03
1.849579811096191406e-02
2.606904134154319763e-02
4.311992228031158447e-02
-2.948688901960849762e-02
-6.162532418966293335e-02
1.230719964951276779e-02
4.505029879510402679e-03
-1.948605175130069256e-03
5.693795159459114075e-02
3.059022687375545502e-02
-3.647304698824882507e-02
-1.888884045183658600e-02
-5.288686230778694153e-02
5.875665694475173950e-03
2.570931240916252136e-02
-3.301266580820083618e-02
1.366479229182004929e-02
-4.182534758001565933e-03
-2.687624655663967133e-02
3.760649822652339935e-03
2.232478745281696320e-02
3.942447900772094727e-02
3.105619922280311584e-03
5.252680182456970215e-02
-3.991237282752990723e-02
-1.735654310323297977e-03
-3.494784235954284668e-03
-5.265866871923208237e-03
1.854663342237472534e-02
-5.121402908116579056e-03
3.795999288558959961e-02
-1.916218921542167664e-02
1.430757460184395313e-03
-4.144388437271118164e-02
1.375649496912956238e-02
-5.899011343717575073e-02
-3.756041452288627625e-02
-1.459245570003986359e-02
-7.808185368776321411e-02
3.118633292615413666e-03
-6.183124706149101257e-02
-1.075648888945579529e-01
2.756426855921745300e-02
6.900775246322154999e-03
-4.778799042105674744e-02
2.864814735949039459e-02
-1.791314221918582916e-02
-3.551047295331954956e-02
3.769016265869140625e-02
-1.002355571836233139e-02
-8.770425803959369659e-03
-7.094813883304595947e-02
2.164436317980289459e-02
9.905578568577766418e-03
-2.642349898815155029e-02
2.234259434044361115e-02
3.708284813910722733e-03
-7.593509554862976074e-02
5.190407484769821167e-02
-6.724571436643600464e-02
3.490984439849853516e-02
4.370197653770446777e-03
6.805601716041564941e-02
-2.360198087990283966e-02
-8.906695991754531860e-03
1.382564194500446320e-02
1.549456501379609108e-04
-1.024265438318252563e-01
-4.863334819674491882e-02
-9.265109896659851074e-03
-1.907400414347648621e-02
-1.021351069211959839e-01
9.147497825324535370e-03
-2.291038818657398224e-02
3.867208585143089294e-02
2.203848958015441895e-02
4.723927006125450134e-02
2.025756053626537323e-02
3.110942058265209198e-02
-8.868032135069370270e-03
-8.766885846853256226e-02
2.103222650475800037e-04
3.680495172739028931e-02
5.529030226171016693e-03
-1.100265420973300934e-02
6.071024388074874878e-02
-2.256190404295921326e-02
-5.303172394633293152e-02
4.532935470342636108e-02
4.249383136630058289e-02
-6.346713006496429443e-02
4.435480386018753052e-02
1.504406612366437912e-02
2.218817546963691711e-02
2.338420413434505463e-02
6.804665923118591309e-02
-6.055043265223503113e-02
-2.011212706565856934e-02
-1.608229428529739380e-02
-4.492888972163200378e-02
1.615297421813011169e-02
3.194630518555641174e-02
1.048247702419757843e-02
-9.389958530664443970e-02
-1.334374397993087769e-02
-5.537880212068557739e-02
-2.949879970401525497e-03
2.743668481707572937e-02
-3.047388419508934021e-02
3.616831824183464050e-02
-7.962898910045623779e-02
5.222012847661972046e-02
-3.180132806301116943e-02
4.252302274107933044e-02
1.928243599832057953e-02
-9.005453437566757202e-02
2.043315209448337555e-03
4.280426725745201111e-02
6.531849503517150879e-02
2.315261028707027435e-02
-3.780671209096908569e-02
5.171299725770950317e-02
1.580591313540935516e-02
8.966878056526184082e-03
-8.934924378991127014e-03
-8.932190947234630585e-03
2.741190232336521149e-02
7.226230204105377197e-02
-3.520001098513603210e-02
3.640348836779594421e-02
8.639167994260787964e-03
1.427407842129468918e-02
6.432445719838142395e-03
2.261479571461677551e-02
-2.199395932257175446e-02
-1.031115301884710789e-03
6.930312514305114746e-02
2.344330772757530212e-02
-1.685547456145286560e-02
4.470752179622650146e-02
-1.873300969600677490e-02
-5.275656469166278839e-03
2.800756506621837616e-02
5.425778403878211975e-02
-1.786895543336868286e-01
9.100988507270812988e-03
1.672842912375926971e-02
-2.341560274362564087e-02
-8.580178022384643555e-02
-9.540911763906478882e-03
-2.846950665116310120e-02
-3.008544817566871643e-02
-1.245106477290391922e-02
-2.523013949394226074e-02
5.208580940961837769e-02
-3.498588129878044128e-02
4.794519022107124329e-02
-4.542640224099159241e-02
-1.716980524361133575e-02
7.758940104395151138e-03
5.052369087934494019e-02
-5.263301730155944824e-02
2.755716815590858459e-02
-1.412447821348905563e-02
4.050473123788833618e-02
-5.540166050195693970e-02
1.170463301241397858e-02
2.632406912744045258e-02
-4.001469910144805908e-02
-8.420635014772415161e-02
2.020296268165111542e-02
4.719898861367255449e-04
-3.221498429775238037e-02
3.665673360228538513e-02
6.013613310642540455e-04
-6.258586049079895020e-02
-4.394351039081811905e-03
1.287888456135988235e-02
2.796821855008602142e-02
-8.419365622103214264e-03
4.614155739545822144e-02
-1.898445561528205872e-02
-4.847088083624839783e-02
4.156886786222457886e-02
-5.613172054290771484e-02
-2.152086701244115829e-03
4.655931144952774048e-02
-1.000029128044843674e-02
5.296801775693893433e-02
-1.830271817743778229e-02
2.093263715505599976e-02
1.784173585474491119e-02
-1.228082999587059021e-01
1.005546655505895615e-02
1.642850227653980255e-02
3.387485444545745850e-02
-8.793946355581283569e-02
-2.633718773722648621e-03
7.293020188808441162e-02
5.477539822459220886e-02
2.781618572771549225e-02
7.233818620443344116e-02
3.142623975872993469e-02
-9.094750881195068359e-02
3.119921125471591949e-02
-1.009031664580106735e-02
5.241350457072257996e-02
-6.103054061532020569e-02
-3.176767006516456604e-02
-3.403711318969726562e-02
-3.388836234807968140e-02
6.602683663368225098e-02
3.503803629428148270e-03
-2.476784400641918182e-02
-6.361903622746467590e-03
-7.969523966312408447e-02
-2.311058156192302704e-02
-1.483701635152101517e-02
-1.066244300454854965e-02
-5.320008378475904465e-03
2.017780765891075134e-02
6.310372054576873779e-02
-5.490963533520698547e-02
2.762257819995284081e-03
5.171807110309600830e-02
-5.276253446936607361e-02
2.913972362875938416e-02
-4.593613557517528534e-03
-1.252668648958206177e-01
2.536087669432163239e-02
-8.781309239566326141e-03
-4.573328420519828796e-02
-6.756981462240219116e-02
-7.319698482751846313e-02
2.124577946960926056e-02
-4.677909612655639648e-02
-1.456455606967210770e-02
7.984737306833267212e-02
-6.444792449474334717e-02
-8.042208105325698853e-02
-4.757739603519439697e-02
-5.043698474764823914e-02
4.412993416190147400e-02
8.059112355113029480e-03
5.142627656459808350e-02
2.423691563308238983e-03
2.178336679935455322e-02
1.337782572954893112e-02
-3.913430031388998032e-03
-2.664468437433242798e-02
6.864022463560104370e-02
8.587552234530448914e-03
4.385353997349739075e-02
-8.922911435365676880e-02
3.940927982330322266e-02
1.821630634367465973e-02
-4.703621566295623779e-02
6.257910747081041336e-03
-4.765911400318145752e-02
