0.00630099
-0.03460929
-0.01109574
-0.01135318
0.00338162
0.01649151
0.02345011
0.03458584
0.09338763
0.01713328
-0.01246271
0.01636586
0.01271008
-0.03580872
-0.02445799
-0.00402096
-0.00853069
-0.01639322
-0.04569675
0.02518230
0.01178526
0.03290874
-0.03586929
-0.00603744
0.00446049
0.00602315
0.01417007
0.00710253
-0.02550150
0.00360465
-0.13719125
-0.00430294
0.01646058
-0.00574524
-0.01121696
0.08162256
-0.03874671
0.01652160
-0.01808964
-0.11898564
-0.01332091
-0.00607837
0.03575944
-0.04881150
-0.00964687
-0.00793520
-0.01401913
0.00435844
0.01539568
0.01020630
0.00263200
-0.05196868
-0.07935064
0.02412965
-0.01302883
0.00624303
0.01156275
0.01101368
0.33051020
0.00193455
-0.00881598
0.01720349
-0.01421433
-0.00442956
0.00037862
-0.00904734
0.03472179
-0.01916456
0.01392201
-0.01750155
0.01254913
-0.02034925
-0.04778223
-0.00718728
0.03253505
-0.02463826
-0.01957984
0.05556742
0.01137120
-0.01979800
-0.00365585
0.00901349
0.01840750
-0.07652354
0.08194295
0.01235552
-0.00263618
0.01715612
0.00682007
0.01563277
-0.00173612
-0.02837878
-0.03015211
0.00855746
-0.00211015
-0.00508237
0.02788938
-0.02873307
-0.05070773
0.02199710
-0.00813298
0.02753709
-0.00735758
0.00923165
0.01524586
-0.00598847
-0.03053170
-0.00398072
0.01672488
-0.02285919
-0.01424430
-0.00193954
-0.05055675
-0.00420825
0.01012924
-0.01090525
0.04997509
-0.03644255
0.00748464
0.00221518
-0.01226280
-0.01088672
-0.02938465
-0.01225466
-0.01589082
-0.00442552
0.03635879
-0.00373616
-0.00234986
0.07967941
-0.05490552
-0.00721392
-0.02311527
-0.01400057
0.06047770
-0.00736275
-0.11854314
-0.02764430
-0.07313114
0.00058633
-0.13449430
-0.01843638
-0.01621127
-0.00200106
-0.02210463
-0.04171285
0.00509183
-0.02081497
-0.01406630
0.00485212
-0.02468715
0.01658346
-0.03228513
-0.03369913
0.00756349
0.04346732
-0.06111075
-0.02154452
-0.04858004
0.01169860
-0.01338728
-0.03303956
0.02865140
0.01119357
-0.00383000
0.00128357
0.04603910
0.00120504
-0.00855060
-0.00285574
0.02813267
0.00604994
0.01078206
-0.00993635
0.00932209
0.01617127
0.02162975
-0.00416863
-0.03287617
0.00029584
0.00002794
-0.01574271
-0.00698000
0.03834740
-0.00629914
-0.02353956
-0.14935987
0.00197356
0.00083089
0.04380736
0.10292961
0.02479507
-0.00926527
-0.00936676
0.00597069
-0.04753490
-0.01746351
0.00934461
-0.19600312
-0.01906468
0.08118535
0.02019814
0.04837014
-0.06143215
-0.02669116
0.00073299
0.01105651
-0.00930836
-0.01716215
0.00343814
-0.07854122
-0.01439104
0.02042062
0.01205139
-0.01104020
-0.00540595
0.00422743
0.03022488
-0.00169775
0.03379253
-0.06971838
-0.74499208
-0.01163128
-0.01233700
0.00515335
-0.02518678
-0.05434064
-0.02904557
-0.00899970
-0.02291638
-0.03869553
-0.00641815
0.02636296
0.00494584
0.03150411
-0.03261347
-0.02697238
0.00198847
0.02020834
-0.01226737
-0.00021743
0.02181520
0.03746174
-0.07819430
0.03164461
0.01639606
0.00695547
0.08898089
-0.00778941
-0.03195583
-0.00269233
0.02365885
-0.02240419
-0.00403465
-0.00154394
-0.01099040
0.02676883
-0.02879796
-0.05171867
0.01781786
-0.03144111
-0.23590140
0.02288106
-0.07279963
0.00284350
0.01916843
0.10541619
-0.01300493
0.01373785
0.02173561
-0.15697934
-0.01362809
-0.02014044
-0.00071129
0.06668333
0.02171024
0.02015461
-0.03378136
-0.16451891
0.11077279
0.16052717
-0.11496187
0.00140930
-0.09122327
-0.07198127
-0.13968283
0.21011360
0.04798410
-0.10833089
0.10039034
0.05260139
0.17153890
0.11305218
-0.07415349
-0.00425019
-0.02682551
-0.01466378
0.03367711
-0.01116687
-0.09286988
0.10817026
0.06376185
0.74701667
-0.10649784
0.08544599
0.04546259
-0.03919544
0.07034922
-0.06393469
0.08202925
0.01099924
-0.06665951
0.09196102
-0.04496969
0.03627323
0.01228792
-0.06475482
0.05957499
0.02216882
0.10731038
-0.02527565
0.00333349
-0.02586401
-0.06863256
0.02864576
-0.01405955
0.02150627
0.03226983
-0.00283625
0.02880150
-0.00968101
0.04055325
0.01821062
0.02697014
0.06068771
-0.00547440
-0.03375241
-0.00728197
0.05410789
-0.02537639
-0.00749425
0.01929871
-0.03003247
-0.02072174
0.02796792
0.06669443
-0.02450128
-0.00191788
0.01857214
-0.04680894
-0.02409666
-0.00288929
0.00554994
-0.01980983
0.01601898
0.00899068
-0.02148447
-0.04123669
0.05217011
0.01083026
-0.06800425
0.01847750
0.02337940
-0.03928592
0.00305702
-0.03973234
-0.01373414
-0.00745382
-0.05228051
-0.01093567
0.00785630
0.01815654
-0.02276370
-0.04100987
0.06900620
-0.00969712
-0.01733847
-0.02967254
0.00471667
0.00881637
0.00874158
-0.02087774
-0.11759861
0.00642775
0.00223966
0.03043370
0.03157553
0.01575315
0.01724294
-0.02851041
-0.02619899
-0.07535493
-0.07522894
0.00991613
-0.02126956
-0.05129213
-0.02449539
-0.05431873
0.06980163
-0.04506563
-0.00048675
-0.01074706
0.10224632
-0.01090857
-0.02935247
0.05751446
-0.03010363
-0.04718057
-0.02777570
-0.04276349
-0.08832508
-0.00013251
-0.02050882
-0.04578120
0.07384603
-0.00989321
-0.03148821
-0.01124609
-0.03748204
-0.01117382
0.05241029
0.00378872
-0.19899470
-0.03352894
0.00908259
-0.04860312
-0.02943440
-0.07682540
0.00204773
-0.02217331
0.06216642
-0.03145368
-0.02344894
0.00037162
-0.04934213
-0.01936401
-0.00950208
-0.05240293
-0.06105687
0.01380350
-0.02197008
-0.01588062
-0.00380286
0.02074541
-0.08727887
0.05631527
0.07218896
-0.15277751
0.05392725
-0.00260745
-0.03494018
-0.03863372
0.11945569
-0.01606735
-0.02127404
-0.07741041
0.00570629
-0.00421314
-0.02744605
-0.02059429
-0.06472398
-0.04886876
-0.00016443
0.02195722
0.01766935
-0.02942818
-0.04841553
0.02026891
0.03584695
-0.01345578
0.00819686
-0.04658626
0.02419940
-0.06952862
0.10496633
-0.02610117
-0.02435227
-0.07630195
0.04717868
-0.07238733
-0.02504560
-0.04807331
-0.00793136
-0.00030509
0.00476141
-0.01281922
-0.00179484
-0.06910221
-0.03582674
0.00143811
0.04299155
-0.04918947
-0.00556496
0.01631235
-0.01222682
0.00115956
-0.01932612
0.01711585
0.02368218
0.02193994
-0.00006145
-0.01739991
-0.01071751
-0.00821566
0.04989719
0.04435871
-0.04067734
-0.02572148
-0.03219390
0.07792730
-0.00049049
0.02510165
0.04377249
-0.06043854
-0.00934105
-0.02999382
-0.00247480
0.00084681
0.00418095
0.01058447
0.03724732
0.03977040
-0.08659112
-0.10146940
0.06223851
-0.09077075
0.07110123
-0.02171498
0.06213211
-0.00455967
-0.00434669
0.03502785
-0.13071078
0.02689724
0.07301206
-0.03289529
0.01599799
0.00281226
-0.02513446
0.01292807
0.04419133
-0.03051411
-0.00846208
0.00615716
-0.06989701
0.07603354
-0.04493566
0.04426240
-0.00313685
0.01544177
-0.01364248
0.03414468
-0.03414319
0.00198441
-0.04875905
0.00304034
-0.04793232
0.02788114
0.01211402
-0.04328568
-0.08044615
0.01999570
0.05840469
0.01248305
-0.00451055
-0.01413096
-0.02326386
-0.01370769
0.04325335
0.02956809
0.01938247
0.03952809
0.03021314
-0.01078825
0.00355288
0.04433749
-0.04994481
-0.02892766
0.00141136
-0.02677112
-0.01882230
0.06946591
0.03271297
-0.02339570
0.00706520
-0.03094631
-0.00131352
0.00402586
-0.04300649
-0.00142757
0.00429790
-0.04476184
-0.04988970
0.02151667
0.00376789
-0.00723993
0.03686193
-0.02249695
0.00245931
-0.00635302
-0.01794401
0.04442853
-0.02365391
0.05762636
-0.01590752
0.04895670
-0.00652760
0.00177194
-0.03020590
-0.01742595
0.00208289
-0.07670178
-0.02455319
-0.03567891
-0.07590935
0.01311393
0.05215109
-0.01951793
0.01398317
-0.03613689
-0.03899671
0.05424928
-0.04054771
0.04398037
-0.03880176
-0.00210020
-0.01081458
-0.01662214
0.02726805
0.01865988
-0.03982372
-0.00156407
-0.03633223
-0.00498215
-0.02593252
0.03221280
-0.04091078
-0.02174409
0.00404111
-0.00488783
-0.05690463
-0.05203145
0.01648309
-0.02486642
-0.09424756
0.01442282
-0.03266129
0.04441337
0.04638659
0.02605911
0.02215426
-0.01741095
0.03932929
-0.08753959
-0.00985347
0.03478456
-0.01205480
-0.00624177
0.02823678
-0.01621349
-0.03532834
0.03570209
0.06597093
-0.06068911
0.02218077
-0.02048860
0.06335438
0.02402781
0.04977785
-0.05705842
0.01215870
-0.00117369
-0.02420801
0.01737025
0.03065456
0.00523262
-0.07186273
-0.01037094
-0.04136169
-0.02231748
0.01428741
-0.01796354
0.05891102
-0.08785859
0.05539932
-0.04622112
0.04840287
0.04163881
-0.05562976
0.02897605
0.04186842
0.00076868
0.00027608
-0.03412861
0.08693312
0.04446146
-0.03312777
-0.00089142
-0.04922299
0.02648888
0.05193204
-0.02083742
0.03769069
-0.00312757
0.03287388
-0.00323462
0.03198393
-0.01762517
-0.01256808
0.08169089
-0.00869983
-0.00442137
0.05547260
0.00693336
-0.01509191
0.01323032
0.03379927
-0.23698251
0.07290486
0.02506243
-0.01310421
-0.08887866
0.03749148
-0.03003065
-0.03853620
-0.00756338
-0.01049542
0.01751514
-0.05727863
0.04211777
-0.03775765
-0.01051833
-0.03214380
-0.01117522
-0.04333104
0.02939801
0.00063401
0.03986434
-0.11961315
0.00542629
0.01679794
-0.00937971
0.01152412
0.00680130
0.04507434
0.02087032
0.00504249
-0.01729405
-0.08040997
-0.02467544
0.00398021
0.01380531
-0.02699094
0.04648417
0.00318464
0.04376525
0.02292030
-0.04512413
-0.00774384
0.08578334
0.03432351
0.04588880
-0.04525706
0.03395137
0.00628261
-0.11560071
0.01824112
0.00736456
0.02938264
-0.17879786
-0.00556180
0.03633874
0.07561321
0.02193315
0.06730683
0.00824930
-0.06045753
0.03090955
-0.04364632
0.02726205
-0.07993110
-0.02104500
0.05312873
-0.00290407
0.03506050
0.00839752
0.01684834
-0.02138838
-0.10036894
-0.01470881
-0.02814397
0.00643671
-0.00442605
0.02136151
0.04468587
-0.04343931
-0.01788377
0.05589210
-0.07998531
0.03773801
-0.01537292
-0.16773230
0.05052320
-0.03543537
-0.02966610
-0.02649499
-0.02410286
0.04019863
0.00703255
0.00249024
0.04678441
-0.05075620
-0.09920835
-0.05097342
-0.00729981
0.06902674
0.04651987
0.01918326
0.02182842
-0.00877663
0.04717346
-0.00919123
-0.03758036
0.10356411
0.01126160
0.09632561
-0.06071010
0.03648506
-0.04703031
-0.04233766
0.02177778
-0.01115865
