0.02483938
-0.02671826
-0.02824266
0.01511286
-0.00863560
0.01989571
0.02073227
0.02552630
0.05314403
0.01363200
-0.01514492
-0.00469956
0.01615888
-0.03554773
-0.01956611
0.00626889
-0.01089108
-0.00057393
-0.01604192
0.00950076
-0.00343274
0.03356181
-0.03248667
-0.02010343
0.00258175
0.01483340
0.01672465
-0.03445044
-0.02400381
-0.01814352
-0.11667280
-0.00341448
0.02103668
-0.00897050
0.00696324
0.06812783
-0.01262623
0.01529053
-0.02921621
-0.09033723
-0.01752239
-0.00500234
0.03357043
-0.03974476
-0.01532609
-0.00154340
-0.00851713
-0.00499882
0.01609841
0.01022090
0.00556865
-0.04909183
-0.05506125
0.02949677
0.00140209
-0.00712454
0.00301164
0.01068699
0.37812200
0.01809951
0.01415839
-0.00737921
0.00002300
-0.00816131
0.00212725
0.02249822
0.01543257
-0.01289252
-0.01388848
-0.02035232
0.00610993
-0.00589790
-0.06211382
-0.01010931
0.01456814
-0.02074747
-0.00101357
0.05019460
0.01868630
-0.03365239
-0.00856738
0.00001397
0.02279240
-0.06705590
0.09428576
0.02184150
-0.01513080
0.00744484
0.00376587
-0.00419280
-0.00779613
-0.02032879
-0.02626607
0.00319835
-0.01256518
-0.01177421
0.01248586
-0.01497898
-0.04652943
0.02347032
0.00433787
0.04686396
-0.03889455
0.00033301
0.00957920
-0.02953312
-0.02001206
-0.00284861
0.01031449
-0.03189237
-0.02188537
-0.00574734
-0.04426940
-0.02672153
0.01518684
-0.00955390
0.05418487
-0.03087098
-0.02130245
0.00760896
0.00634706
-0.02196724
-0.01607910
-0.00714765
-0.01280906
0.00626963
0.02300190
0.00702743
0.01313806
0.09696647
-0.03640235
-0.01750387
-0.00804728
0.00113304
0.04854095
-0.01677190
-0.10163008
-0.02971301
-0.06480695
0.01329872
-0.12947647
-0.00922720
-0.01760331
-0.03468727
-0.01125143
-0.03020283
-0.00620289
-0.01700143
-0.01581563
0.00241541
-0.00296007
0.00192977
-0.01811870
-0.03058110
0.00606046
0.02853015
-0.05828304
-0.00324448
-0.03771843
-0.00465007
-0.02023624
-0.02249701
0.01223224
-0.00913144
-0.00036216
0.00703232
0.04125251
-0.01133492
-0.00322982
0.00396736
0.01861313
-0.01310520
0.00445360
0.01011513
0.01469601
0.01988035
-0.00251461
0.00866696
-0.05410855
-0.00832400
0.00589148
-0.00711738
0.00262771
0.02625462
0.00303387
-0.05030223
-0.08518142
0.00859594
-0.00975346
0.06533924
0.08388326
0.01816044
-0.00590970
-0.00868609
0.01688636
-0.03516413
0.00754652
0.01140021
-0.15953599
-0.01990532
0.05448536
0.00895128
0.08639776
-0.07515883
-0.02818951
0.01142126
0.00820897
0.01243843
-0.02196408
-0.00040560
-0.06442152
-0.03771707
0.03495638
0.02024917
-0.02644122
-0.00788420
0.01444359
0.03150924
-0.00714561
0.03453361
-0.06789474
-0.76763046
-0.00008594
-0.00067492
0.01217955
-0.01752022
-0.04118630
-0.02044191
0.00561775
-0.00285120
-0.03807601
-0.00148809
0.02767506
0.00947924
0.00339613
-0.02673682
-0.03574527
0.01852825
0.01985258
0.00143296
-0.00681631
0.01921991
0.03276326
-0.06681649
0.00398590
0.00494108
0.01028128
0.07934982
0.00356821
-0.02114112
-0.00594844
0.02979613
-0.01830122
0.00745116
0.00301712
0.00222206
0.18193018
0.02318441
-0.02899233
0.00353278
0.00086945
-0.21149385
0.06157034
-0.09717165
-0.02736651
-0.02166285
0.10512859
0.07899079
-0.01845773
-0.01765106
-0.16470595
-0.03742334
0.01815689
-0.03232682
0.14870314
-0.01404361
0.07030419
0.00909981
-0.15530826
0.13300090
0.14015019
-0.11139716
0.04594679
-0.11296236
-0.03498273
-0.12555079
0.18470813
0.02681428
-0.05232932
0.03041141
-0.03734464
0.06140612
0.16230173
-0.04116039
-0.04603809
-0.03097372
-0.03440719
0.02592441
-0.03224599
-0.09868536
0.02860828
-0.00099343
0.76094228
-0.10509225
0.07413436
-0.02830625
-0.03190121
0.09862249
0.03121622
0.05411724
-0.00751660
-0.06529250
0.06078243
-0.08876936
-0.01262414
0.00498686
-0.07019266
0.01993509
0.00613387
0.06878428
-0.02484136
0.01844380
-0.00209905
-0.04446972
0.04260175
-0.03040954
0.00834773
0.04177127
-0.04823362
0.03526890
0.00786895
0.00566659
-0.01689146
0.00023504
0.04242156
-0.01202005
0.00476679
0.07206288
0.03679462
-0.00215020
0.02275325
-0.00224961
-0.01576300
-0.00861742
0.06598368
0.06457200
-0.03220998
-0.00904640
-0.00128718
-0.04206366
-0.05594069
0.02067883
-0.02897908
-0.00315725
0.01708566
-0.00879827
-0.01452909
-0.01482162
0.05399589
-0.00976664
-0.08317167
0.00543083
0.03212336
-0.04097946
-0.00512501
-0.03247267
-0.00009606
0.02300329
0.01993310
0.00711901
-0.00301913
-0.03104732
0.00553981
-0.03422648
0.02082657
0.06734200
-0.00720770
0.02256523
-0.01565994
0.01311574
0.04810775
-0.00093305
-0.05215319
-0.00789963
-0.01749416
-0.01173395
0.08009594
0.04113047
0.03873197
-0.02092078
-0.08057915
-0.02855074
-0.05816635
0.04543657
-0.02380207
-0.00706932
-0.04678864
0.00020463
0.02440293
-0.03142303
-0.03188606
0.00889058
0.09911992
0.02676100
-0.04787189
0.03142758
-0.01661505
-0.03299901
-0.00256278
-0.06621802
-0.04458160
0.04722996
0.01201049
-0.03795706
0.09983081
0.02879049
-0.01853519
-0.00607578
-0.05699317
0.01080843
0.08536133
-0.00589276
-0.16733962
-0.03631915
-0.00165985
-0.06265084
0.00209937
-0.05103418
-0.00972154
-0.03575138
0.06617519
-0.00388951
-0.02057825
0.02585126
-0.02224278
-0.04456374
0.00905767
-0.00825619
0.02359723
-0.00587569
-0.02548657
-0.02338141
-0.01252040
-0.01388069
-0.05456617
0.05756594
0.07003748
-0.18296708
0.08694723
0.04840088
0.00740421
-0.01237574
0.11041130
-0.00609629
-0.02920467
-0.08314651
0.03267595
0.00579077
-0.03591982
-0.02435395
-0.06144654
-0.02407761
-0.02668830
0.03316509
-0.00319201
0.02610786
-0.06218669
-0.02573421
0.04748198
0.00450580
-0.00835128
0.00752564
0.01172458
-0.07979355
0.08502523
-0.04962813
-0.01746725
0.00566521
0.04159200
-0.09437075
-0.00656549
-0.00725197
0.00783671
-0.01962555
0.03031417
-0.02295260
0.01003841
-0.09410203
-0.05771643
-0.00252010
0.03159188
-0.04095059
0.03990822
-0.02226954
-0.04192042
0.01055536
-0.01354906
-0.01047656
0.06320047
-0.00480773
0.06102682
-0.05885281
-0.03443976
0.02864145
0.06956899
-0.00453536
-0.04778049
0.02454876
0.00406237
0.02255258
-0.00681653
0.03466724
0.03916852
-0.06124549
-0.01271119
-0.03346677
-0.00483307
-0.02861544
0.00824295
0.00049052
0.04857256
-0.06116431
-0.10687283
-0.06890791
0.02760494
-0.08472157
0.05122858
-0.01670820
0.04743898
-0.00424164
-0.00019109
0.01153587
-0.08569883
-0.00790749
0.07124828
-0.00299536
0.00739413
0.03530524
-0.00267622
0.03576668
0.05762318
0.02728852
-0.01031108
-0.03213140
-0.09380849
-0.00027749
-0.02226656
0.07221274
-0.02423574
0.01670730
-0.00651548
0.00014910
-0.02525094
-0.01733217
-0.07588405
0.01722149
-0.08915662
0.01235558
-0.01478605
-0.04550354
-0.05026982
0.03407518
0.02106381
0.03464684
-0.01480882
-0.05325000
0.03007654
0.00541000
-0.02184068
0.02217926
0.01273338
0.04070733
0.00567904
0.02232482
-0.02938842
0.04822398
-0.07465283
-0.03828697
-0.03245861
0.00341020
-0.01980971
0.03945779
0.04736736
0.00701943
-0.02799478
-0.02901513
0.01189165
0.00874794
-0.05225610
-0.02429271
-0.00090977
-0.00569760
-0.07321400
-0.02130874
-0.06690966
0.02879612
0.04319539
-0.00713062
-0.00979438
0.01242751
-0.06469719
0.04562624
-0.02521537
0.00809993
0.01711724
0.02899569
-0.04041250
-0.03613277
-0.04627958
-0.03143234
0.01341254
-0.06341871
-0.03376257
-0.04027362
-0.07983832
0.04172448
0.10067726
0.01886692
0.00706004
-0.02152814
-0.01396866
0.04932351
-0.01608663
0.04942527
0.04154008
-0.01370681
0.05643794
-0.02517777
0.04290989
0.03174058
-0.01378844
-0.00315818
-0.03676242
-0.05193499
-0.02471502
-0.00054823
-0.08393651
-0.00626116
-0.08164351
-0.03148812
0.00360049
-0.04417648
-0.02874295
-0.00513105
-0.05605509
0.04158104
-0.05534455
0.05036403
0.05409035
0.07325874
0.01856926
0.02511676
-0.02206604
-0.03708154
0.01195797
0.06995622
0.01244243
-0.04689004
-0.02136846
0.00710726
0.00078352
0.05780331
0.04888301
-0.03403617
0.03998356
-0.03390202
0.01538356
0.00549821
0.02723267
-0.03311345
0.04848342
0.02523394
-0.05284142
0.00724438
0.04733120
-0.02409266
-0.04120279
0.01842939
-0.00267686
-0.00726465
0.01330717
0.02214824
0.03440328
-0.04818060
0.05134824
-0.02703960
0.00016416
0.01591739
-0.04872727
0.00022339
0.03457813
-0.00256825
0.02874527
-0.00380041
0.08187055
0.04583190
-0.01708098
-0.03164915
-0.03843372
-0.00506498
0.03649580
-0.06758230
-0.02260984
-0.03524131
0.03524677
-0.03164063
0.02150644
-0.05439395
-0.02155470
0.07117303
0.01106356
-0.04923986
0.06273470
-0.01798560
-0.00356161
-0.01842366
0.04121977
-0.19463359
0.12181220
0.00677207
-0.03329947
-0.04594935
0.01484726
-0.01195748
-0.00523038
0.02767971
0.01474011
0.01505196
-0.01901797
0.05211952
-0.02225517
0.00740323
-0.03178023
-0.02920955
-0.03251383
0.03291253
-0.02649230
0.03814841
-0.14988314
-0.00028927
0.01968727
-0.03185590
0.01280593
-0.00144726
0.01145657
0.08364297
-0.02070188
-0.05661121
-0.09263822
-0.02744567
-0.00972793
-0.01239330
-0.01158836
0.03282440
-0.01384443
0.05006534
0.04928706
-0.01375780
0.02027999
0.07878821
0.05852223
0.00385977
-0.04942374
0.03223434
0.02756547
-0.05417472
0.05552570
-0.04729635
0.01982710
-0.16466247
0.01671780
0.03885077
0.05659239
0.00337898
0.06585372
0.01191339
-0.06206717
0.01875733
-0.04365686
-0.02073245
-0.07841076
-0.04294166
0.11145505
-0.02954908
-0.01502813
-0.01662018
0.01224384
-0.00446761
-0.10102060
-0.00390172
-0.05261762
-0.02631478
0.03713890
-0.03306687
0.05405575
-0.06828585
-0.01028412
-0.01574500
-0.06817920
0.00904835
0.01144319
-0.11935670
0.01413026
-0.05251256
0.02120687
-0.05738077
0.02274117
0.03271445
0.01070374
-0.01007339
0.01589333
-0.05528767
-0.10932525
-0.00298508
-0.01889655
0.03310589
0.00257582
0.03694876
0.04329374
0.05115851
0.02945724
-0.00194884
-0.07807959
0.13955905
0.03976043
0.09281102
-0.06784447
0.00578205
-0.03508529
-0.04290943
0.02563696
0.00755908
