0.01643423
-0.02971405
-0.02296937
0.01077846
-0.00109044
0.01971442
0.01823907
0.04282460
0.07989519
0.01328570
-0.01107203
0.00195668
0.01854206
-0.04534710
-0.01689648
0.01163182
-0.00514042
-0.00611125
-0.05510050
0.01891086
-0.00022149
0.02189897
-0.03190814
-0.00949714
-0.00389971
0.01012056
0.01315031
-0.01777267
-0.01975457
-0.00606113
-0.14672744
-0.00457448
0.01949563
-0.00158367
-0.00362551
0.07168459
-0.02513691
0.01795489
-0.02536787
-0.09945960
-0.01267548
-0.00433728
0.04353619
-0.04141140
-0.01308262
0.00538958
-0.00010344
-0.00218239
0.02007101
0.00894350
0.01157548
-0.05089682
-0.07601232
0.02561791
-0.00141184
0.00119847
0.01061169
0.01397064
0.36151621
0.00510591
-0.00045402
-0.00044091
-0.00805491
0.00115274
0.00069269
0.00856093
0.01959021
-0.01626296
-0.01179150
-0.02253146
0.01976364
-0.00974378
-0.05844851
-0.00835414
0.01321914
-0.01824352
0.00242611
0.05326102
0.00982356
-0.03445790
-0.00886379
0.00511034
0.01943372
-0.08165918
0.08634540
0.02061433
-0.00994008
0.00771360
0.00249244
-0.00023312
0.00399329
-0.02363773
-0.02962888
-0.00358306
-0.00369764
-0.00601020
0.01117700
-0.01859343
-0.05607514
0.01951835
-0.00106300
0.03854812
-0.02359975
0.01101502
0.01303017
-0.01274446
-0.02712722
-0.00287027
0.00719004
-0.01956644
-0.01601130
-0.00011833
-0.04212107
-0.01656236
0.01034463
-0.00928865
0.05433845
-0.03392801
-0.00661617
0.00666028
-0.00124931
-0.01050512
-0.02226672
-0.00577193
-0.01522791
-0.00170879
0.02614716
-0.00059111
0.00875118
0.08891547
-0.04181767
-0.00601438
-0.00806983
-0.00269983
0.05840808
-0.02084451
-0.10946696
-0.02758562
-0.07299733
0.00576828
-0.12034716
-0.01580469
-0.00792971
-0.03111325
-0.00400357
-0.05485762
0.00147249
-0.01445954
-0.02101900
0.00199260
-0.01823470
-0.00193592
-0.02056671
-0.03620518
0.00218731
0.03292925
-0.06216883
-0.01362420
-0.03801287
0.00730689
-0.01915862
-0.01324644
0.01477863
-0.00619413
-0.00249693
-0.00885931
0.04201550
0.00130408
-0.00898478
-0.00352008
0.01592522
-0.00458283
0.01025843
0.00485263
0.01494837
0.01008511
0.01348187
0.00830611
-0.04237601
-0.00639119
0.00142908
-0.01261797
-0.00314955
0.02972095
0.00246903
-0.05056697
-0.11752342
0.01377491
-0.00199661
0.05774240
0.08381322
0.01386249
-0.00401811
0.00108285
0.01511783
-0.04382222
-0.00628872
0.00204823
-0.19205727
-0.01943716
0.06650408
0.00218463
0.07195456
-0.06541101
-0.02298584
0.01104907
-0.00089164
0.01122108
-0.02423107
0.01777022
-0.07177731
-0.01754659
0.03047844
0.01454382
-0.01249302
-0.00310820
0.00294360
0.02958558
0.00457901
0.03864739
-0.07254095
-0.75148821
-0.00231504
0.00227806
0.00304628
-0.01795107
-0.04980591
-0.01911999
-0.00404247
-0.00811459
-0.03706864
-0.00048836
0.02522554
0.01000134
0.01676070
-0.02820267
-0.02707739
0.01004174
0.02040316
-0.00848742
0.00718404
0.01735286
0.05030851
-0.07640938
0.01385264
-0.00086233
0.00812025
0.08938298
0.00105784
-0.01092072
-0.00937673
0.02816536
-0.02103786
-0.00032970
0.00846463
-0.00016551
0.05109077
-0.04676855
-0.08268925
0.03271744
0.00388102
-0.14280169
0.03117866
-0.06132621
0.01877272
-0.02361610
0.15047516
0.00613404
0.02885777
-0.00922507
-0.14704332
-0.00004957
-0.04152086
0.08424393
0.01182895
0.02141523
-0.00751618
-0.04791083
-0.16341618
0.08770803
0.06644285
-0.03056305
-0.00742574
-0.07879406
-0.11238991
-0.10272969
0.26058456
0.05761664
-0.10592369
0.04365190
0.06188582
0.11913264
0.06020533
-0.01025866
0.00607710
-0.00446335
-0.01073125
0.03226526
0.00959224
-0.09660999
0.15864250
0.05680946
0.77404255
-0.08805609
0.10829431
-0.02697522
0.03721515
0.03463285
0.00675368
0.13400538
-0.02541657
-0.10776308
0.13131231
-0.02151987
-0.03611576
-0.03592072
-0.11042047
0.06088350
0.02329314
0.03134266
-0.02457065
0.01872922
-0.00640986
-0.01287494
0.01021012
-0.01572580
-0.00307536
0.01950106
-0.01425638
0.03719947
0.01534941
0.03617907
0.01235223
-0.03659688
0.05840074
-0.00603407
0.01129878
0.01078042
0.03077120
-0.04363251
-0.02724385
0.02369838
-0.02086842
-0.03689002
0.04931166
0.05045455
-0.04064358
0.00919278
0.03138545
-0.02874198
-0.07423679
0.01889312
-0.00223105
-0.00599174
0.04440738
0.00327241
-0.04155179
-0.06263793
0.04829223
-0.00035317
-0.07006810
-0.03450821
-0.01123757
-0.02854548
-0.00820209
-0.05160559
0.00768460
0.00533059
-0.03783599
0.01602560
-0.03097187
0.00047502
-0.05127823
-0.03343590
0.05550605
0.01136616
-0.00865512
-0.03180496
0.01225722
0.03207336
0.02752688
-0.00132618
-0.10769881
0.02936593
0.01721951
-0.02981363
0.03513713
0.01320793
0.01063877
0.00709340
-0.06752601
-0.01008961
-0.05941530
0.00088578
0.01521754
-0.00390545
-0.00258545
-0.03512376
0.04158624
-0.05594783
-0.02100202
-0.00804638
0.11275449
-0.00908848
-0.06329824
0.06378789
-0.02562659
-0.04286283
0.00771354
0.03368007
-0.05173466
0.00425569
-0.04304116
-0.05234897
0.05428996
-0.01229690
-0.04471424
-0.01688299
-0.05054273
0.02255194
0.06493431
0.01625551
-0.14010838
0.02966322
0.00088130
-0.05672837
0.01694253
-0.08916930
0.03249192
-0.04422375
0.05750079
-0.05611743
-0.00867186
-0.00111418
-0.02172923
-0.03722998
-0.07264391
-0.04867357
-0.02190459
0.01637131
-0.01076256
-0.01319384
0.04049140
0.00168196
-0.05918717
0.02524545
0.03184398
-0.14183471
0.09249429
0.00008703
-0.01624650
-0.02228830
0.13591957
-0.04096515
0.00409235
-0.05181952
0.00823170
0.03248168
-0.00336389
-0.05600748
-0.16395985
-0.02509278
-0.01529732
0.01394256
0.04262979
-0.03001648
-0.00630660
0.03332165
0.02429788
-0.00340346
0.02005029
-0.00210315
0.01213489
-0.04799151
0.11019281
-0.05772255
-0.02753130
-0.03906363
0.06304540
-0.07279731
-0.04337347
-0.06629264
-0.01253205
-0.01582855
0.00980695
-0.00108810
0.02511574
-0.08051739
0.04106617
-0.00181249
0.05667862
-0.01129648
0.04663904
0.00001956
-0.01539707
-0.03397233
0.02323428
-0.00627359
-0.00798196
0.03950642
-0.01201930
-0.05406205
0.02497051
-0.02567066
0.00207379
0.01446851
-0.04733301
0.01903883
-0.02377206
0.07280702
-0.00816928
0.02196268
0.04229822
-0.09504890
0.03986846
-0.04805535
-0.03898379
0.03363927
0.00358657
-0.03851279
0.04588633
0.04359078
-0.11869330
-0.05429314
0.06966990
-0.06592152
0.09605281
-0.08736282
0.06411681
-0.00805046
-0.00473581
0.02834499
-0.08698824
0.02694000
0.02714304
0.02325576
-0.00638235
-0.00119092
-0.00074507
0.01853860
0.06898052
-0.01445359
-0.00805923
-0.02989564
-0.06071274
0.06493352
0.00390770
0.09437230
-0.02069242
0.03783849
-0.05910327
0.01834721
0.00675436
-0.00807961
-0.01285652
0.01403027
-0.08895012
0.01864720
0.00124135
-0.02170162
-0.03391239
0.04654204
0.00971006
0.01099667
-0.00408330
-0.02917959
-0.01460228
0.00815912
0.00308032
0.02346594
0.02311509
-0.00009588
0.06621838
0.00832087
0.04231237
0.07492540
-0.06794755
-0.06704216
0.02697216
-0.04990956
-0.02940116
0.05988068
0.01459939
-0.01141325
-0.02393404
-0.01617991
-0.01849784
0.01606509
-0.01048588
-0.04392426
0.00263545
0.02039356
-0.02384960
0.05238018
-0.01461372
-0.01199532
0.03263464
-0.04311438
0.00444980
0.02090552
0.00411822
0.03185163
-0.05560308
0.00504642
0.01223833
0.08450843
-0.03112933
-0.00398878
-0.05655361
0.02809936
-0.01091907
-0.11247509
0.00225741
0.00472199
-0.06973367
-0.03086242
0.08520558
0.03093550
0.03648410
-0.01329931
-0.00225466
0.04872872
-0.02794489
0.01078475
0.02106693
-0.01998953
0.05442565
-0.02457085
0.03877795
-0.04022837
-0.02516595
0.07490889
-0.04926517
-0.02180777
-0.01679917
0.00517233
-0.01584318
-0.00081834
-0.01484092
-0.01539571
0.03301999
-0.01804929
-0.02232855
0.02134641
-0.07720792
0.03257055
0.00867372
0.06849890
0.03263802
0.07814699
0.00341072
0.03410598
0.02007520
-0.05004419
-0.00023506
0.04739994
0.02871571
0.02823884
0.03575638
-0.01623471
-0.03357770
0.07217325
0.07529189
-0.06397434
-0.00536556
0.00786371
0.04756667
-0.00093367
0.05576399
-0.03055839
0.02264192
-0.00883717
-0.00855470
0.02239736
0.01518265
0.01723563
-0.09886760
-0.01933415
-0.06902042
0.00578740
-0.00563155
0.01004059
0.05939876
-0.06660888
0.00501350
-0.00873930
0.00732928
0.01470594
-0.03320105
-0.02547309
0.02528918
-0.00199520
0.08002482
0.00128005
0.09611467
0.02261721
-0.03023833
-0.06379355
-0.03214261
-0.03054025
0.03004551
-0.05211050
0.00194788
-0.01190337
0.06832188
-0.01812526
0.05480368
0.01069546
0.01352585
0.11529334
0.11136692
-0.05666319
0.03428164
0.00825408
0.00652908
0.02208199
0.01436826
-0.14055878
0.05522314
-0.01229212
-0.02534521
-0.00151840
0.05270763
-0.06188431
-0.01909047
-0.04840905
-0.02399239
-0.00765433
-0.05645900
0.00329890
-0.00682651
0.01057941
0.02792950
0.00814421
-0.09501106
0.00265929
0.00228194
0.05638795
-0.09003430
-0.04040614
0.01757206
-0.07156762
-0.01591228
0.05592593
0.05422838
0.00074277
0.01876111
-0.00114475
-0.00389219
-0.02816374
0.01904004
0.04094141
-0.04672980
0.03584471
-0.00352668
-0.01271063
0.04425265
0.02939514
0.04963151
0.06605667
0.04765722
0.02152391
0.01575284
0.07519634
-0.00159769
-0.06533161
0.04508748
-0.02081726
0.05505642
-0.22633961
0.01808045
0.07405995
-0.00659896
-0.00165044
0.04048080
-0.02704599
-0.03734939
0.01968134
-0.04512642
-0.03108913
-0.06297886
-0.01948161
0.05272119
0.00067458
0.02596743
-0.00144447
0.04502288
0.00956519
-0.13086136
-0.02392831
-0.01644605
0.02697876
0.02504997
0.01156422
0.06971234
-0.02809577
0.00396601
0.02605153
-0.07290486
-0.02771311
0.02241353
-0.04985407
0.03105407
-0.02008213
-0.01971536
-0.01205871
0.00236177
0.03659305
0.00890617
0.02106255
0.07004175
-0.02737699
-0.08993646
0.04921027
-0.03853207
0.05743970
0.01284615
0.04064346
0.03204049
0.03804928
-0.00818448
0.00708281
-0.00167759
0.10585860
0.03558075
0.06285081
-0.02418613
0.03793608
-0.00492762
-0.07568741
0.00420569
0.01732990
