0.02356038
-0.02427449
-0.03867908
0.00819957
0.00336699
0.00759539
0.00744238
-0.02049892
0.03093436
0.02505158
-0.01030206
0.02191198
0.01597957
-0.03108793
-0.02914138
-0.00504960
-0.01415563
-0.01525637
0.09327535
0.02029356
-0.00504562
0.01882360
-0.03417256
-0.01155683
0.00057073
0.00496695
-0.00658904
-0.01809930
-0.02551447
-0.00530570
-0.00221079
-0.01517397
-0.00580281
-0.00512466
0.00735285
0.04923344
-0.00849098
0.00654984
-0.00958782
-0.05465484
-0.01490794
-0.00390071
-0.03181696
-0.04823392
-0.02802267
-0.01103654
-0.03841776
0.00985421
0.02664728
-0.00257275
-0.00396295
-0.05659464
-0.00751524
0.02033678
-0.03851597
-0.00359356
-0.00086507
0.00834706
0.38933560
0.05643173
-0.01473651
0.02228724
0.00604009
0.00146028
0.00773797
0.01324197
0.03647035
-0.02114538
0.02406606
-0.00433561
0.01866114
-0.00789841
-0.03545655
-0.01128942
0.01999220
-0.00923961
-0.02400102
0.01462073
0.03040224
0.03692893
0.00092944
0.00446049
0.01599687
-0.00661657
0.07673949
0.02535114
-0.00794194
0.00996399
0.01082847
0.01704129
0.00813648
-0.00935867
-0.01356397
0.01024083
-0.00471884
-0.00935004
0.04226945
-0.03237441
-0.00502460
0.02395946
-0.01499114
0.02022012
-0.02763331
0.00305040
0.01497144
-0.03493796
0.00889811
-0.01028647
0.01699077
-0.04570918
-0.00629630
0.00150552
-0.03687810
-0.01020713
-0.00948556
-0.01288766
0.04441780
-0.03081123
-0.00658854
-0.00633499
0.00443492
-0.02798884
-0.01237861
0.00367271
-0.02505701
0.01515396
0.02992693
0.02759687
0.00478727
0.03817691
-0.04402249
-0.03691101
-0.02676706
0.00376265
-0.00479048
0.01459977
-0.06392320
-0.01509994
-0.05005354
0.01060179
-0.12194270
-0.01031777
-0.03061063
-0.00872052
-0.02949356
0.07912844
-0.01948577
-0.01363595
-0.01981308
-0.01835141
0.01500083
0.01164381
-0.01260600
0.00024478
0.01114020
0.02009421
-0.02941638
-0.00479817
-0.05774723
-0.01633003
0.00123593
-0.05630910
0.01727270
0.00749221
-0.00286694
0.02853838
0.02997915
-0.00362886
-0.00958499
-0.00990776
0.02422649
-0.01192612
0.00082345
0.00262743
0.01957666
0.02048150
0.00722513
0.01875215
-0.02877635
-0.00116106
0.00625098
-0.02115426
-0.00732728
0.03547228
0.00352181
0.04848280
-0.08448133
0.00120961
0.00079578
0.02890492
0.06631612
0.04521082
0.00892056
-0.02849403
0.01327122
-0.00455198
-0.00881803
0.01735359
-0.07138284
-0.01505658
0.04447135
0.02551918
0.05316648
-0.05044051
-0.00330491
0.00586119
0.01981542
-0.00202898
-0.00550969
-0.05745974
-0.03327812
-0.02692613
0.01927443
0.01810332
-0.02785926
-0.03682572
0.02764986
0.01601011
-0.00152252
0.01120786
-0.04249224
-0.81536120
-0.01843373
-0.04248900
0.00912033
-0.01879675
-0.01747495
-0.01429579
-0.00762864
-0.00326694
-0.01903589
-0.00380737
0.00706678
0.00642179
0.00342795
-0.00564791
-0.02915932
0.00163207
0.01461751
-0.00233853
0.00419382
0.01420601
-0.03769413
-0.04591217
0.01758778
0.01398685
0.01543994
0.05576013
0.00107195
-0.00965027
-0.01070412
0.01185486
-0.00441966
-0.00699292
-0.01707377
-0.01166491
0.14621502
0.00600767
-0.05179719
0.03361671
-0.01419320
-0.10710388
0.05587115
-0.05379212
0.02056469
-0.07157572
0.12163284
0.14077096
-0.00496748
-0.01847886
-0.10392927
-0.05075333
-0.01768806
0.01561297
0.10305962
-0.03654094
0.05648847
0.00274823
-0.13236912
0.16736338
0.11010028
-0.05128947
0.01846185
-0.09330475
-0.03789050
-0.06958137
0.17101800
0.01156887
-0.03766088
0.00136672
-0.04863777
0.01920318
0.13426149
0.02343872
-0.06968168
-0.03521134
-0.02305595
0.05063099
0.00634891
-0.06751564
0.01168782
0.02881826
0.82851464
-0.07270358
0.07906008
-0.02688008
0.02751497
0.06543826
0.08141300
0.06266594
-0.03093888
-0.11508865
0.01818725
-0.08774629
-0.01616751
-0.00887482
-0.08047812
0.01604024
0.01212895
0.03538829
-0.04200235
0.01006338
-0.01394157
-0.04977100
0.01993383
-0.02316034
-0.00887132
0.03138402
-0.03055768
0.01742167
0.00955831
0.03926031
0.01984117
0.01819056
0.04349495
-0.02027790
-0.01211295
0.00832134
0.05873998
-0.01088772
0.00200751
0.01091400
-0.01663806
0.00307865
0.05619055
0.08489940
-0.04814037
0.01742798
0.01709395
-0.06945864
-0.04873604
0.02424163
-0.02032221
0.00580272
0.01569955
0.02448750
0.00307174
-0.03492814
0.01994114
-0.01856826
-0.09361342
-0.00753993
0.03618444
-0.03249874
0.00488351
-0.03580590
-0.00815821
-0.00785385
-0.04828482
0.01107749
-0.00201622
0.00985642
-0.03351733
-0.01330849
0.05374138
-0.00126119
-0.05647605
-0.00093205
-0.02884014
0.02411601
0.00923417
-0.02795049
-0.08019102
0.03524948
-0.02710315
0.01564020
0.06567424
0.02749047
0.05332916
-0.01693231
-0.07341814
-0.05601876
-0.08437531
0.00374928
0.00501239
-0.03844279
-0.02235611
-0.03867235
0.03985984
-0.03128334
-0.02142800
0.01788651
0.09565814
-0.00074082
-0.04282475
0.08206397
-0.03050577
-0.05465070
-0.01208852
-0.03756851
-0.07511178
0.01823551
-0.02418311
-0.05911375
0.07246147
0.00473479
-0.02892874
-0.01391476
-0.05889713
-0.00001438
0.07884104
0.00780653
-0.18370746
-0.06370956
0.01059951
-0.05524140
-0.02404505
-0.07131451
0.00428705
-0.01873806
0.07227290
-0.02738751
-0.01580234
0.02886989
-0.02437339
-0.02871795
-0.00914024
-0.03205580
-0.00370182
0.01637662
-0.01083957
-0.00846364
0.00526309
-0.01665636
-0.09703166
0.05361110
0.02764042
-0.17691626
0.07621242
0.07713295
-0.01658845
-0.00506199
0.13308968
-0.01709189
-0.01864409
-0.06960687
0.02977730
-0.01536306
-0.02375419
-0.03985179
-0.08319549
-0.02356866
-0.01405270
0.00597063
0.02567145
-0.02470994
-0.02951327
0.00523157
0.03918802
-0.01126634
0.00997100
0.01306625
0.00235298
-0.08550508
0.12395483
-0.03697689
-0.03817103
-0.04373682
0.07943492
-0.03833925
-0.03712607
-0.03807319
0.02483571
-0.00093899
0.00192218
-0.01927992
0.00214568
-0.06755190
-0.03784848
-0.01048939
0.02682733
-0.04085924
0.02095603
0.01728267
-0.02719271
0.02371323
0.00908296
-0.02926129
0.04837816
0.02738704
0.01894414
-0.04044375
-0.02123851
-0.03279160
0.04542638
0.02877719
-0.06280105
-0.00634281
-0.02967440
0.04607227
0.01104557
0.00280224
0.04459742
-0.10038454
0.00864682
-0.04190550
-0.01121005
-0.00885741
-0.01091691
0.00025870
0.04701262
0.01364934
-0.09080168
-0.08947123
0.04513030
-0.08346628
0.06477690
-0.00818754
0.08375147
0.01045093
0.01161194
0.04440455
-0.11824079
0.04193072
0.06688400
-0.00851449
0.01679580
0.01126464
-0.02217752
0.04908761
0.04006523
-0.02972044
-0.00299085
-0.02909041
-0.07846106
0.06752505
-0.01685608
0.08094375
-0.02779726
0.01289985
-0.02885860
-0.00032163
-0.03388466
0.00045570
-0.04706610
0.03444342
-0.06979565
0.00696609
0.01826089
-0.04418214
-0.08439346
0.00514527
0.03592505
0.03098264
-0.03190095
-0.02213307
-0.00054288
-0.01520888
-0.00111767
0.02367378
0.03517614
0.03509903
0.02174478
0.03050989
0.00205567
0.06972735
-0.09468117
-0.02964894
0.01017123
-0.04055649
-0.00938822
0.06244634
0.03708970
-0.02373125
-0.02586634
-0.03016328
-0.00969200
0.00908524
-0.03456365
-0.02878026
-0.01462378
-0.02055210
-0.04880045
0.03859022
-0.03306404
-0.00876821
0.03108168
-0.02070973
-0.01323799
-0.00046269
-0.03541583
0.05276157
-0.03667025
0.04718481
0.00125800
0.03159956
-0.03252772
-0.00091541
-0.05742536
-0.03041517
-0.01309800
-0.08332707
-0.02004662
-0.05000803
-0.10102637
0.00948982
0.04973674
0.00372064
0.04898366
-0.01602207
-0.03615039
0.03311048
-0.04052184
0.04774767
0.01382817
-0.02770567
0.04080691
-0.00699243
0.04365996
0.01498469
-0.02991591
0.01633327
-0.04787173
-0.03171025
-0.00095371
0.03527859
-0.02946880
0.00630666
-0.02903726
-0.01808460
-0.01222667
-0.03913292
-0.01781385
-0.00783325
-0.07345492
0.02642392
-0.02137393
0.05838246
0.03191736
0.05638717
0.00720652
0.04846018
-0.00409458
-0.04397411
0.00542824
0.06255437
0.01006291
-0.00860648
-0.00269439
-0.01098054
-0.01986243
0.05968500
0.06157371
-0.05077527
0.03570027
-0.02080227
0.04006939
0.04369312
0.04843755
-0.03859886
0.01192938
-0.00248225
-0.02266416
0.02334222
0.03713802
-0.00906759
-0.08409622
0.01208635
-0.02355135
-0.03592166
0.00747917
-0.02548707
0.04868152
-0.08399698
0.06045575
-0.03277494
0.02736622
0.02712301
-0.06375822
-0.01078827
0.03636472
0.01661360
0.01854357
-0.01643757
0.08926241
0.01976687
-0.02735666
-0.06060881
-0.03877889
0.00049400
0.02980045
-0.06160450
0.02110178
0.00385082
0.02217934
-0.01253288
0.01986633
-0.05661563
0.00162205
0.09495599
0.00817712
-0.02641759
0.05553931
-0.00101548
-0.01460607
0.01322938
0.03516657
-0.19228506
0.06008479
0.02183257
-0.02406184
-0.06390446
0.01171033
-0.04776315
-0.02675598
0.00256680
-0.00732726
0.01947454
-0.04123275
0.03969463
-0.03407698
-0.00670680
-0.03450917
-0.01494871
-0.06264285
0.06106504
-0.02287434
0.02359291
-0.10875650
0.00041723
0.01556258
-0.02781859
-0.01257005
0.02483350
0.05751578
0.03423749
-0.01242206
-0.01702668
-0.09063718
-0.01808930
0.00093978
0.00002858
-0.02441579
0.04184567
0.01014269
0.01686245
0.03116445
-0.01565463
0.03766451
0.08397299
0.03745809
0.02954331
-0.03780490
0.04463451
0.03302330
-0.05344924
0.02814338
-0.00631918
0.02474444
-0.13366213
0.00826756
0.06543647
0.06897408
0.02038608
0.04498388
0.02280567
-0.06076398
0.01582866
-0.05919477
-0.00981868
-0.08220080
-0.02832813
0.05081122
-0.04368015
0.01650322
0.00100749
0.01167509
-0.00201888
-0.12201578
-0.00440025
-0.04503737
0.01734179
0.02569378
-0.00367156
0.06165188
-0.03116971
-0.01143525
0.02503820
-0.08892088
0.01484658
0.00802611
-0.13705122
0.03817603
-0.06299397
-0.00623205
-0.03961867
-0.00280617
0.04737957
-0.02451150
-0.00445524
0.07070494
-0.03238313
-0.10058735
0.01451499
-0.03731539
0.05980263
0.03760778
0.05855997
0.02014627
0.02218321
0.00701753
-0.00836811
-0.01960807
0.14122272
0.03818478
0.07368219
-0.05923660
0.04638867
-0.04436759
-0.04474105
-0.00426772
-0.00723190
