0.02294665
-0.02637191
-0.02336985
0.01896869
-0.00974245
0.01328249
0.02243466
0.02961058
0.07830150
0.01857529
-0.01543838
-0.00295286
0.02191024
-0.03818162
-0.02531979
0.00645325
-0.01180109
-0.00620592
-0.01486383
0.01682688
-0.00227631
0.03612194
-0.03765968
-0.01636224
0.00460300
0.00528881
0.01769938
-0.02854424
-0.02663269
-0.00962248
-0.12616611
-0.00786343
0.02293848
-0.00870920
0.00136517
0.07639142
-0.02406318
0.01484444
-0.03366685
-0.10689138
-0.01056259
0.00319815
0.03574700
-0.04832125
-0.01310103
-0.00690788
-0.00949605
-0.00271447
0.01368098
0.01436322
0.01282661
-0.05118065
-0.06339266
0.03293673
-0.00066623
0.00402313
-0.00007636
0.01523758
0.33849663
0.01481220
0.00851783
0.00447439
-0.01822591
-0.00566838
0.00710247
0.00813633
0.02650143
-0.01802996
0.00600245
-0.03131109
0.01187867
-0.00444990
-0.06068050
-0.00897814
0.02906845
-0.02201716
-0.00152777
0.06042828
0.01860676
-0.01191138
-0.00841636
0.00181025
0.02641108
-0.07380638
0.09550135
0.01774276
-0.01095879
0.01598588
0.01068529
-0.00577413
-0.00812691
-0.02963039
-0.03161148
0.00523687
-0.00406116
-0.00959555
0.01525870
-0.02310072
-0.04848393
0.02982136
0.00218687
0.04359505
-0.03060900
0.00305164
0.01132856
-0.01848046
-0.02663350
-0.00268004
0.01520771
-0.02971355
-0.02015380
0.00382826
-0.04878227
-0.01699324
0.01174579
-0.00548706
0.05203382
-0.03207675
-0.00686585
0.00726651
0.00549749
-0.02147335
-0.02420816
-0.00604905
-0.01741245
0.00830773
0.02761754
0.00886653
0.01261584
0.09515837
-0.04892798
-0.01324202
-0.01275563
-0.00611595
0.05802371
-0.01403449
-0.10988149
-0.04033866
-0.07019800
0.01090789
-0.15337268
-0.01754271
-0.01973022
-0.03109056
-0.01490264
-0.02163873
-0.00393867
-0.01375173
-0.01654947
0.00639966
-0.00997315
0.00101472
-0.02515442
-0.03561614
0.00436386
0.03862648
-0.06912030
-0.01007761
-0.04618742
0.00058340
-0.02381418
-0.03945111
0.02963408
-0.00672417
-0.00874292
0.00853879
0.04748474
-0.01198340
-0.00080560
0.00132957
0.02179956
-0.00695607
0.01025676
0.00631982
0.02356242
0.02294661
0.00202761
0.00266063
-0.04621135
-0.00981503
0.01458540
-0.01248844
-0.00406380
0.03344194
-0.00579210
-0.02534889
-0.13553713
0.00507799
-0.01246228
0.05909766
0.10303375
0.02093988
-0.00466610
-0.01026495
0.01786193
-0.04424449
-0.00629747
0.01310467
-0.18640621
-0.01891230
0.06915934
0.01456452
0.07026409
-0.07835128
-0.02638634
0.00360099
0.01014675
0.00362346
-0.02140831
-0.00737639
-0.07624744
-0.03456710
0.03568451
0.01615460
-0.01703827
0.00069045
0.01566352
0.03316004
-0.00578619
0.04271241
-0.07513409
-0.74370259
0.00357417
-0.00418304
0.01257146
-0.01807797
-0.05333233
-0.01859489
0.00319697
-0.01048268
-0.03997041
-0.00003162
0.03009713
0.00737812
0.02029423
-0.03512252
-0.03175284
0.01246946
0.02253356
-0.00259263
0.00164190
0.01089885
0.02422470
-0.07982647
0.01565947
-0.00285465
0.00617907
0.08737620
0.00071997
-0.03301791
-0.00701722
0.03054403
-0.01866610
0.00247272
0.00086421
-0.00893095
0.22835401
0.00615656
-0.06827349
0.01395996
-0.02086315
-0.13601448
-0.02137636
-0.08954757
-0.05959456
-0.12434778
0.15640107
0.07353298
-0.01107378
-0.10061872
-0.11108921
-0.07382325
-0.00336358
-0.01545605
0.09175137
0.02986682
0.08071236
0.01743297
-0.10735158
0.04230618
0.06476154
-0.14728568
-0.00213636
-0.11961904
-0.06089353
-0.11645903
0.14664124
0.01242598
-0.03236295
0.03750260
-0.06776735
0.08715519
0.11612321
0.06503022
-0.10146943
-0.08149328
-0.03242856
0.04969827
0.02389592
-0.05255415
-0.00491397
0.02491026
0.78760833
-0.06073946
0.08101367
-0.03006460
0.02650274
0.09321681
0.07159656
-0.00603995
-0.02987868
-0.06743095
0.01394043
-0.08268361
-0.02757875
-0.02895863
-0.08259147
-0.03645367
-0.04991987
0.04759955
-0.02055325
0.01984869
-0.01908867
-0.04591691
0.04547038
-0.03621089
0.02443895
0.02010512
-0.02755194
0.02915174
0.02520876
0.04712266
0.00114341
0.00144391
0.07063719
-0.04238718
-0.01056684
0.02976588
0.05401478
-0.01756154
0.01109212
0.01258624
-0.00581212
0.00062651
0.04558082
0.04144515
-0.03860630
0.00997203
0.00829566
-0.06082142
-0.03952106
0.01563307
-0.01607844
-0.02420593
0.02628463
0.01559018
-0.00650121
-0.03448882
0.04133481
0.00231505
-0.08383840
-0.00528481
0.00902004
-0.03059279
-0.00503146
-0.02822170
0.00014693
-0.01955234
-0.02057985
0.01074110
0.01625103
0.01564363
-0.02011914
-0.02560501
0.04265581
0.01558704
-0.03498561
-0.00451737
-0.02114571
0.00431697
0.02144802
-0.01550358
-0.08891430
0.00686811
0.00443607
-0.00776352
0.07412235
0.01593525
0.03684074
0.00456199
-0.06978706
-0.05318563
-0.07735100
0.02910958
-0.00281901
-0.03560917
-0.03152059
-0.03946761
0.03009974
-0.02362734
-0.04232058
0.00268822
0.09044648
0.02160563
-0.04302948
0.05996211
-0.03524093
-0.04440609
-0.01168343
-0.04263040
-0.07376882
0.04474615
-0.01662236
-0.05711762
0.08901503
0.00583146
-0.02673217
-0.00046079
-0.04939246
0.01874762
0.06489578
0.03732545
-0.18230639
-0.04569339
0.01894366
-0.05955906
-0.00651305
-0.06101836
0.01806792
-0.03438156
0.07303903
-0.00508314
-0.02116553
0.00815819
-0.02004888
-0.04198150
-0.00898165
-0.01647298
-0.01341665
0.01452787
-0.01908576
-0.02336452
-0.00333093
-0.00360698
-0.07549068
0.05183293
0.05745015
-0.18409687
0.08831772
0.02501850
-0.00797803
-0.00660830
0.13864706
-0.03135478
-0.03879512
-0.08836237
0.00463240
0.00497691
-0.02500829
-0.04319758
-0.08524252
-0.04497505
-0.00977348
0.00495601
0.01398152
-0.00445529
-0.03759360
-0.00166434
0.03417230
-0.00160477
0.00559134
0.00603289
0.01195924
-0.08600116
0.10645729
-0.05070162
-0.02965051
-0.03544680
0.06943862
-0.05521511
-0.02870400
-0.02891555
-0.00982100
-0.01093027
0.03264396
-0.01837152
0.02275669
-0.08897550
-0.03491646
-0.01283815
0.03452189
-0.02784303
0.02954877
-0.00892025
-0.04037719
0.00859770
0.00216968
-0.02627679
0.04702905
0.00105388
0.03345425
-0.03124725
-0.03384419
-0.01908473
0.05815471
0.01450250
-0.05625906
-0.02129947
-0.01558454
0.03977170
-0.01488944
0.02110555
0.03208869
-0.06780028
-0.01755881
-0.05690794
-0.00976306
-0.01587032
0.01077341
-0.00970396
0.05352872
-0.00020702
-0.11536637
-0.08016526
0.03977199
-0.09827170
0.07306468
-0.02240920
0.06486998
-0.01484744
0.00298220
0.03210896
-0.11304289
0.03326922
0.07556096
-0.00495951
0.02917549
0.01334880
-0.00581919
0.03506675
0.04542484
-0.01006441
-0.00708595
-0.02705662
-0.09107932
0.06199541
0.00132983
0.07315434
-0.03363459
0.01489897
-0.01928173
-0.01080526
-0.03380989
-0.00666973
-0.04545136
0.04154444
-0.06088309
0.01320349
0.01554472
-0.03414282
-0.07332961
0.01726447
0.05453385
0.01821836
-0.01693637
-0.02139659
0.00596633
-0.01149269
0.00500017
0.04139237
0.01170561
0.03392768
0.00893270
0.02093578
-0.00638560
0.04455347
-0.08041248
-0.03397046
-0.00706808
-0.03155264
-0.03064867
0.05747128
0.05068945
-0.01330698
-0.03678787
-0.01340319
-0.00429372
0.02319682
-0.05250254
-0.03829820
-0.01356522
-0.01006618
-0.06920983
0.00502608
-0.03374799
-0.00194173
0.02977223
-0.03655060
-0.01325269
0.00066057
-0.04375880
0.05786370
-0.02083576
0.05259655
0.00772977
0.04172487
-0.02100483
-0.02265534
-0.05287736
-0.01603081
0.00932049
-0.07314203
-0.04169339
-0.02934719
-0.08465584
0.02643117
0.07579580
0.01210215
0.02596671
-0.02903331
-0.02547114
0.04149514
-0.02513700
0.05392684
0.00612643
-0.00279111
0.04461716
-0.02662301
0.03472423
0.02733104
-0.01274383
0.00057132
-0.05661956
-0.04543621
-0.03413866
0.03976074
-0.04817031
-0.02484524
-0.03189566
-0.02758132
-0.02252622
-0.04001093
-0.02729304
-0.01876878
-0.08447715
0.03820315
-0.03366961
0.04713992
0.05010405
0.05606677
0.02086107
0.05364944
0.00385026
-0.04337561
0.00824611
0.07900340
0.00491137
-0.01642615
0.01537564
-0.00390581
-0.03879189
0.04912356
0.05981449
-0.05783809
0.03200945
-0.02581324
0.04559938
0.02583866
0.05569144
-0.03577089
0.02898570
0.02131425
-0.02352075
0.01739834
0.03798860
-0.01757245
-0.06544173
0.00023287
-0.02291556
-0.01362940
0.00506055
-0.00847891
0.05202840
-0.05011579
0.04589976
-0.02196129
0.01787561
0.03553334
-0.04563789
0.00049163
0.02708377
-0.00574942
0.00946453
-0.01605949
0.09091931
0.04073601
-0.02726214
-0.02933082
-0.05854825
-0.00391952
0.05553379
-0.05487383
0.02171532
-0.01753140
0.00172708
-0.02769678
0.03711092
-0.02389145
-0.01677752
0.10045268
0.02667409
-0.02404937
0.06095845
-0.00544377
0.00816143
-0.01367707
0.05606056
-0.20524444
0.07751877
0.00785580
-0.01003135
-0.05501940
0.01945271
-0.03518624
-0.01904902
-0.00501639
0.00783792
0.03639166
-0.04334230
0.05112433
-0.02879144
-0.00864252
-0.02870069
-0.00688678
-0.05920986
0.05989008
0.00141154
0.02710933
-0.11828309
0.00875642
0.00591120
-0.03018169
0.01734152
0.02737934
0.05434415
0.05141642
0.01024952
-0.02281290
-0.09261224
-0.02843812
0.00449519
0.00737735
-0.04465483
0.02156358
-0.01522372
0.01398636
0.04082105
-0.00232433
0.03643777
0.08236911
0.04569497
0.01434908
-0.02767114
0.05702311
0.02325833
-0.08137552
0.04117295
-0.02647708
0.02401156
-0.16237217
0.03167098
0.04333157
0.05889394
0.01557418
0.04786318
-0.00425066
-0.06181476
0.02093211
-0.07135059
-0.01224121
-0.06059585
-0.04622108
0.05712136
-0.04331064
0.01764701
-0.01379176
0.01092133
-0.00495228
-0.12007739
-0.02099339
-0.02833937
-0.00792730
0.02710736
-0.02471200
0.05968797
-0.03747780
-0.01537779
0.01638938
-0.08500594
0.01266495
0.00150521
-0.13713339
0.03187390
-0.03075670
0.00012277
-0.03524555
0.00470856
0.04092715
0.00127981
0.01002085
0.02321625
-0.05104769
-0.12971446
-0.00445676
-0.01778128
0.04418857
0.03001698
0.04948041
0.04547369
0.02147468
0.03870993
-0.00356645
-0.02652236
0.13459012
0.04904805
0.08514807
-0.06610965
0.03153209
-0.04874034
-0.05595775
0.00222076
0.00957878
