7.147101219743490219e-03
8.029405726119875908e-04
5.351518280804157257e-03
-1.181999593973159790e-02
1.419250667095184326e-02
1.916592009365558624e-02
1.565814390778541565e-02
2.702097967267036438e-02
4.627849534153938293e-02
-3.684272523969411850e-03
-9.715832769870758057e-03
-1.660025864839553833e-02
-9.689539670944213867e-03
-5.359102971851825714e-03
1.171082165092229843e-02
-7.072085514664649963e-03
7.897733710706233978e-03
-1.197935733944177628e-02
2.660585008561611176e-02
3.969071432948112488e-02
-8.469772525131702423e-03
5.679992586374282837e-02
-4.257136210799217224e-02
-1.781568117439746857e-02
6.987384520471096039e-03
3.664453700184822083e-02
-1.392993377521634102e-03
-3.072161041200160980e-02
1.095980987884104252e-03
-1.062306761741638184e-02
-9.352534264326095581e-02
-1.560430042445659637e-03
2.610592916607856750e-02
-8.538209833204746246e-03
3.162552043795585632e-02
4.627104103565216064e-02
-2.162347361445426941e-02
-1.974416198208928108e-03
6.364225875586271286e-03
-8.444644510746002197e-02
2.565040253102779388e-02
-1.386792492121458054e-02
-1.571784913539886475e-02
-2.937071584165096283e-02
-2.445276593789458275e-03
3.956125304102897644e-02
-3.211157396435737610e-03
-1.425648480653762817e-02
2.978338673710823059e-02
1.171752810478210449e-02
2.103233337402343750e-02
-6.605345010757446289e-02
-3.853353485465049744e-02
2.532597631216049194e-02
-1.659044809639453888e-02
-7.843855768442153931e-03
9.104544296860694885e-03
2.288301661610603333e-02
4.266938567161560059e-01
2.349136397242546082e-02
-9.856591001152992249e-03
2.279139868915081024e-02
8.884381502866744995e-03
-3.648229688405990601e-02
1.970213092863559723e-02
2.713952772319316864e-02
-1.803860999643802643e-02
-1.158853806555271149e-02
3.484582528471946716e-02
1.185489725321531296e-02
-1.691691577434539795e-03
2.171279265894554555e-05
-3.739424794912338257e-02
1.115234452299773693e-03
1.881780847907066345e-02
-1.994186639785766602e-02
-5.371805746108293533e-04
3.117852471768856049e-02
1.751865074038505554e-02
3.011033870279788971e-02
-1.895863935351371765e-02
2.559231780469417572e-02
1.775371283292770386e-02
3.812709823250770569e-03
4.298415780067443848e-02
-1.419111154973506927e-02
1.265591010451316833e-03
2.016909606754779816e-02
1.630033552646636963e-02
2.810259908437728882e-02
1.481836196035146713e-02
1.687819696962833405e-02
1.211671065539121628e-02
4.397401120513677597e-03
1.079671643674373627e-02
-2.338236942887306213e-02
-3.400174668058753014e-03
-2.804093994200229645e-02
-1.663704589009284973e-02
9.085492230951786041e-03
-2.915856195613741875e-03
2.029543183743953705e-02
1.573904976248741150e-02
-9.969742037355899811e-03
-5.164876580238342285e-03
-1.688768155872821808e-02
-1.572987530380487442e-03
1.092034578323364258e-02
3.079832158982753754e-02
-2.405367605388164520e-02
-1.154984906315803528e-02
1.234266441315412521e-03
-4.437242075800895691e-02
-2.142387069761753082e-02
-3.501519560813903809e-02
-2.589723095297813416e-03
1.958807930350303650e-02
-1.304997829720377922e-03
1.771627366542816162e-02
4.929108079522848129e-03
6.895204540342092514e-03
1.530111674219369888e-02
-2.979037724435329437e-02
-2.018846757709980011e-02
-4.130693152546882629e-02
-1.125309802591800690e-02
2.699371427297592163e-03
9.319910779595375061e-03
1.296398229897022247e-02
8.449707925319671631e-02
-5.678106099367141724e-02
-1.038531586527824402e-02
7.784600369632244110e-03
-6.279479246586561203e-03
3.948578611016273499e-02
-4.521843045949935913e-02
-6.423771381378173828e-02
2.883189171552658081e-02
-1.122612506151199341e-01
-4.291740246117115021e-03
-8.910126239061355591e-02
-2.565378788858652115e-03
-2.176623558625578880e-03
-2.433383837342262268e-02
5.866533610969781876e-03
4.428115114569664001e-02
3.183572320267558098e-03
1.147564593702554703e-02
-2.344749495387077332e-02
-1.226898562163114548e-02
1.512428000569343567e-02
6.866208277642726898e-03
-3.690893948078155518e-02
-3.404495120048522949e-02
-2.253376506268978119e-02
3.628135425969958305e-03
-2.394141629338264465e-02
1.897921436466276646e-03
-4.711232334375381470e-02
-7.694019470363855362e-03
5.516570992767810822e-03
-7.046076655387878418e-02
4.970388114452362061e-02
-1.047177612781524658e-02
2.707054652273654938e-02
4.418357089161872864e-02
2.162595279514789581e-02
3.196271136403083801e-03
5.025444086641073227e-03
2.557998057454824448e-03
-4.640946630388498306e-03
-6.886243820190429688e-03
9.932926623150706291e-04
-1.062852051109075546e-02
2.227019332349300385e-02
1.303354371339082718e-02
-1.579459384083747864e-02
8.160220459103584290e-03
-5.052144080400466919e-02
2.907850546762347221e-03
-1.567856036126613617e-02
-6.317588966339826584e-03
1.829001680016517639e-02
3.135211393237113953e-02
1.535326335579156876e-02
-3.564596176147460938e-02
-8.490478992462158203e-02
2.152164652943611145e-02
-9.728783741593360901e-03
3.975284472107887268e-02
9.312053024768829346e-02
1.178598310798406601e-02
1.394008006900548935e-02
-2.349341660737991333e-02
3.298120945692062378e-02
3.415400860831141472e-03
7.499012630432844162e-03
2.374949492514133453e-02
-8.273804187774658203e-02
-8.162756450474262238e-03
6.654936075210571289e-02
2.651476114988327026e-02
6.756199896335601807e-02
-3.001038916409015656e-02
-1.018320582807064056e-02
-2.017532475292682648e-02
8.370277471840381622e-03
1.818745513446629047e-03
-2.920053433626890182e-03
-3.756371513009071350e-02
-5.033446475863456726e-02
-1.999393850564956665e-02
3.245013207197189331e-02
2.041238918900489807e-02
1.784053631126880646e-02
2.376777119934558868e-02
-2.421912038698792458e-03
-6.296016741544008255e-03
2.385507570579648018e-03
1.163250673562288284e-02
-1.987031288444995880e-02
-7.826066017150878906e-01
-6.261602044105529785e-03
-6.408246699720621109e-03
1.412968058139085770e-02
1.832167804241180420e-02
-2.971040457487106323e-02
1.112023455789312720e-04
1.645025238394737244e-02
-9.741076268255710602e-03
-3.479400416836142540e-03
-2.417726814746856689e-02
1.606232859194278717e-02
-1.353080011904239655e-02
-1.346670929342508316e-02
-2.645381540060043335e-02
-3.954957053065299988e-02
2.300399728119373322e-02
-5.129871424287557602e-03
-6.634508259594440460e-03
-3.644556505605578423e-03
2.239395491778850555e-02
-1.836612261831760406e-02
-4.650190845131874084e-02
5.967481527477502823e-03
3.176912292838096619e-02
-2.023592125624418259e-03
6.252350658178329468e-02
-1.030069310218095779e-03
-3.227600082755088806e-02
-3.966578282415866852e-03
1.253734063357114792e-02
3.342142328619956970e-02
-7.355682086199522018e-03
-1.455485448241233826e-02
4.000106127932667732e-04
9.570577740669250488e-02
-1.046179607510566711e-01
-2.323892898857593536e-02
3.489062935113906860e-02
6.027610972523689270e-02
1.748557575047016144e-02
5.092525482177734375e-02
-1.856371760368347168e-02
1.204814985394477844e-01
-6.551673263311386108e-02
1.629199534654617310e-01
4.660744592547416687e-02
2.340554632246494293e-02
-5.081396922469139099e-02
-3.703527897596359253e-02
9.254974313080310822e-03
7.391765713691711426e-02
1.574036478996276855e-01
-8.428593166172504425e-03
3.988907113671302795e-02
-1.526876818388700485e-02
-3.265167400240898132e-02
-3.607104346156120300e-02
1.685350090265274048e-01
1.999643258750438690e-02
-1.359099801629781723e-02
6.524267792701721191e-02
-4.727315157651901245e-03
8.755949325859546661e-03
-2.605552086606621742e-03
1.848764568567276001e-01
1.580648683011531830e-02
-1.198715344071388245e-02
-2.768305502831935883e-02
7.766816765069961548e-02
-3.293557092547416687e-02
5.808804929256439209e-02
1.015338152647018433e-01
-1.340890489518642426e-02
-7.887186110019683838e-02
-8.833185583353042603e-02
-8.839105814695358276e-02
-7.242435216903686523e-02
2.649068832397460938e-02
1.295149028301239014e-01
8.029206842184066772e-02
8.044242858886718750e-01
-3.552351146936416626e-02
2.058119140565395355e-02
-5.515536293387413025e-02
1.549228131771087646e-01
8.088614791631698608e-02
4.855457693338394165e-02
2.846881002187728882e-02
-1.957992650568485260e-02
-7.165072858333587646e-02
2.027317583560943604e-01
-6.955740507692098618e-03
-3.964398801326751709e-02
-6.211820617318153381e-02
-6.395802646875381470e-02
1.885323598980903625e-02
6.645678076893091202e-03
-4.300687462091445923e-02
-4.529285430908203125e-02
-6.981059908866882324e-03
5.011593922972679138e-03
-4.656520485877990723e-02
2.713447250425815582e-02
1.768434606492519379e-02
2.271273732185363770e-02
6.138101592659950256e-02
-4.297459870576858521e-02
2.216550521552562714e-02
2.284805232193320990e-04
2.213295176625251770e-02
1.249806676059961319e-02
4.841611161828041077e-02
4.414644092321395874e-02
5.368467536754906178e-04
-1.593353040516376495e-02
2.037155628204345703e-02
3.849130123853683472e-02
-3.822785243391990662e-02
-8.601182140409946442e-03
1.233849581331014633e-02
-5.196466296911239624e-02
1.407675212249159813e-03
3.788538277149200439e-02
2.431103214621543884e-02
-5.311436206102371216e-02
-2.984180301427841187e-02
2.498993277549743652e-02
-5.957416817545890808e-02
-2.550902217626571655e-02
2.174603752791881561e-02
-2.641639905050396919e-03
-8.837741799652576447e-03
-2.753220126032829285e-02
4.349689558148384094e-02
-2.845032513141632080e-02
-2.939479984343051910e-02
5.443914979696273804e-02
-7.755042752251029015e-04
-5.523809790611267090e-02
7.140620145946741104e-03
6.631291657686233521e-02
-2.772581763565540314e-02
-2.575573883950710297e-02
-2.624794654548168182e-02
1.464824285358190536e-02
-1.462276093661785126e-02
-9.670760482549667358e-02
-4.932020325213670731e-03
-3.385639516636729240e-03
4.332885891199111938e-02
-2.105833776295185089e-02
9.160025976598262787e-03
7.796667516231536865e-02
-4.376088082790374756e-02
-3.655671328306198120e-02
-1.429577916860580444e-02
-1.713361218571662903e-02
-8.814257569611072540e-03
-1.853732205927371979e-02
-2.828441187739372253e-02
-6.532084196805953979e-02
1.879758201539516449e-02
2.607342787086963654e-02
3.446080535650253296e-02
2.956067025661468506e-02
3.977011144161224365e-02
3.647948428988456726e-02
-1.541013270616531372e-02
-2.513215504586696625e-02
-6.823727488517761230e-02
-7.999664545059204102e-02
3.205274045467376709e-02
1.309249084442853928e-02
-4.976041615009307861e-02
-2.392197586596012115e-02
-6.960465013980865479e-02
6.485463678836822510e-02
-3.315005078911781311e-02
-2.816526964306831360e-02
1.929350569844245911e-02
9.307626634836196899e-02
-2.671744860708713531e-02
-1.031250413507223129e-02
6.252779066562652588e-02
-1.450582034885883331e-02
-8.238265663385391235e-02
3.092080913484096527e-02
-4.680366069078445435e-02
-1.149808838963508606e-01
-1.685466244816780090e-02
2.043746784329414368e-02
-4.901440814137458801e-02
9.551247954368591309e-02
-1.839456148445606232e-02
-7.205408532172441483e-03
-3.003817051649093628e-02
-3.642741963267326355e-02
-1.914582960307598114e-02
1.191081292927265167e-02
6.590514909476041794e-03
-1.610333025455474854e-01
-6.721580773591995239e-02
1.321515347808599472e-02
-3.250638395547866821e-02
-5.260583013296127319e-02
-4.714987054467201233e-02
1.279613841325044632e-02
-3.792841359972953796e-02
3.281623870134353638e-02
2.472281642258167267e-02
-3.828127309679985046e-02
2.209337428212165833e-02
-3.660582378506660461e-02
-1.236432511359453201e-02
1.003688201308250427e-02
-3.570081293582916260e-02
-3.239398449659347534e-02
3.943025693297386169e-02
-3.990912437438964844e-02
-7.928610779345035553e-03
1.856783637776970863e-03
-9.451146237552165985e-03
-1.093420833349227905e-01
4.374522343277931213e-02
3.185493499040603638e-02
-1.308802962303161621e-01
5.398789048194885254e-02
-1.317547168582677841e-03
-3.901510685682296753e-02
6.624094094149768353e-04
1.104926019906997681e-01
-5.734474863857030869e-03
-1.141772721894085407e-03
-4.696700721979141235e-02
2.543298900127410889e-02
-2.450796891935169697e-04
-2.214736118912696838e-02
-1.941563189029693604e-02
-6.593108922243118286e-02
7.045048754662275314e-03
-2.872708067297935486e-02
3.309205919504165649e-02
3.420558571815490723e-02
-2.448490634560585022e-02
-8.947382122278213501e-02
2.038358151912689209e-02
5.401160102337598801e-03
-1.594675704836845398e-02
-1.466814056038856506e-02
-4.685828834772109985e-02
2.463606186211109161e-02
-6.365521997213363647e-02
9.285534173250198364e-02
-4.177518934011459351e-02
-2.429039403796195984e-02
-5.476449057459831238e-02
6.313455849885940552e-02
-8.137961477041244507e-02
-4.480309039354324341e-02
-8.415909856557846069e-02
-1.456064917147159576e-02
-7.024926599115133286e-03
-1.591002219356596470e-03
-2.420475939288735390e-03
4.598793573677539825e-03
-4.106546565890312195e-02
-2.932059578597545624e-02
3.610776504501700401e-03
6.053298339247703552e-02
-6.859204918146133423e-02
-3.871305659413337708e-02
3.412042930722236633e-02
-3.483264148235321045e-02
-1.138728950172662735e-02
-2.843336947262287140e-02
-1.366830244660377502e-02
2.384623949183151126e-04
2.867118455469608307e-02
-1.519346795976161957e-02
-5.570149980485439301e-03
-2.218792960047721863e-02
-1.252914406359195709e-02
4.290257394313812256e-02
3.874959796667098999e-02
-1.690554991364479065e-02
-6.706579029560089111e-02
-2.438396587967872620e-02
7.904223166406154633e-03
-5.259622819721698761e-03
-1.724828779697418213e-02
2.571227774024009705e-02
-4.977504536509513855e-02
5.884164012968540192e-03
-2.946689352393150330e-02
1.854583434760570526e-02
2.515338920056819916e-02
-2.677599154412746429e-02
4.493555799126625061e-02
3.725158795714378357e-02
6.558639556169509888e-02
-2.750781737267971039e-02
-8.608834445476531982e-02
5.500525981187820435e-02
-8.840729296207427979e-02
5.570555105805397034e-02
-2.311991527676582336e-02
5.460468679666519165e-02
-6.569319870322942734e-03
8.306140080094337463e-03
3.420856967568397522e-02
-9.383453428745269775e-02
1.768212765455245972e-02
9.157950431108474731e-02
-4.986861348152160645e-02
2.162817120552062988e-02
9.939479641616344452e-03
-3.047105297446250916e-02
1.971030794084072113e-02
4.708384722471237183e-02
-5.670756101608276367e-02
8.872022852301597595e-03
1.179833244532346725e-02
-4.714198037981987000e-02
1.030043959617614746e-01
-3.416250646114349365e-02
2.935108728706836700e-02
1.766816712915897369e-02
-5.684730596840381622e-03
4.811889957636594772e-03
-1.819506846368312836e-02
4.501429852098226547e-03
-5.758929066359996796e-03
-6.627890467643737793e-02
-8.608851581811904907e-03
-4.433143138885498047e-02
-4.185404628515243530e-03
1.565320789813995361e-02
-3.196868812665343285e-03
-9.030628204345703125e-02
-2.171296626329421997e-03
4.450063034892082214e-02
4.435863718390464783e-02
-1.590604893863201141e-02
1.163234841078519821e-02
-2.273166365921497345e-02
-1.032024808228015900e-02
4.394144937396049500e-02
2.625422179698944092e-02
2.798224985599517822e-02
3.941589593887329102e-02
-1.115309819579124451e-02
3.720723616424947977e-04
2.102030813694000244e-02
3.336049616336822510e-02
-2.708050049841403961e-02
-3.955227136611938477e-02
-1.976714236661791801e-03
3.260382218286395073e-04
-1.695557963103055954e-03
6.086722388863563538e-02
3.870594501495361328e-02
-1.820825412869453430e-02
-1.362711563706398010e-02
-5.594997107982635498e-02
1.343504339456558228e-02
1.418639160692691803e-02
-4.374188929796218872e-02
3.428339958190917969e-02
-7.141778711229562759e-03
-3.872337564826011658e-02
-1.592271728441119194e-03
1.282640546560287476e-02
7.476238906383514404e-02
4.857433494180440903e-03
4.560348764061927795e-02
-2.233248390257358551e-02
7.517574820667505264e-03
-1.240889169275760651e-02
-1.372419297695159912e-02
-1.361833419650793076e-02
1.856163027696311474e-03
5.140294879674911499e-02
-2.451934851706027985e-02
2.944948151707649231e-02
-2.906464412808418274e-02
3.037144429981708527e-02
-5.060483142733573914e-02
-3.576391190290451050e-02
-8.192603127099573612e-04
-8.602727949619293213e-02
-9.963417425751686096e-03
-5.612432956695556641e-02
-6.462108343839645386e-02
3.230031579732894897e-02
1.057464256882667542e-02
-4.769509658217430115e-02
9.993741987273097038e-04
-3.253947943449020386e-02
-5.127557367086410522e-02
4.860514402389526367e-02
-1.338993385434150696e-02
2.590960357338190079e-04
-7.177886366844177246e-02
-7.699370384216308594e-03
-1.511338632553815842e-02
-1.555650122463703156e-02
3.211392462253570557e-02
2.468761056661605835e-02
-6.254904717206954956e-02
5.151595547795295715e-02
-5.535993352532386780e-02
2.257083170115947723e-02
4.892272409051656723e-03
7.384631782770156860e-02
-3.857275843620300293e-02
4.428911488503217697e-03
1.944982446730136871e-02
5.745094269514083862e-03
-1.097088158130645752e-01
-5.896048247814178467e-02
-5.002242047339677811e-03
-2.811485528945922852e-02
-1.133680269122123718e-01
5.095895379781723022e-03
-3.014562092721462250e-02
5.065298080444335938e-02
1.852778345346450806e-02
3.196373954415321350e-02
2.091939188539981842e-02
2.092579938471317291e-02
3.206209838390350342e-02
-9.933578968048095703e-02
9.922794997692108154e-04
2.557144500315189362e-02
-9.068125858902931213e-03
-1.644820161163806915e-02
5.270346254110336304e-02
-1.077341753989458084e-02
-2.507131733000278473e-02
5.194784700870513916e-02
5.411237105727195740e-02
-7.540415972471237183e-02
3.986674919724464417e-02
2.258251421153545380e-02
3.802895545959472656e-02
4.097095876932144165e-02
7.155808806419372559e-02
-6.950834393501281738e-02
-1.702348701655864716e-02
-1.236459892243146896e-02
-3.580410033464431763e-02
6.300513166934251785e-03
2.431636303663253784e-02
2.639386430382728577e-02
-7.253745943307876587e-02
-2.343977987766265869e-02
-3.515988215804100037e-02
-3.042606636881828308e-03
1.355499867349863052e-02
-3.290945291519165039e-02
4.920605197548866272e-02
-9.805418550968170166e-02
7.120311260223388672e-02
-2.115567028522491455e-02
5.544546991586685181e-02
2.833201549947261810e-02
-8.374758064746856689e-02
1.690109074115753174e-02
3.147569671273231506e-02
4.749057814478874207e-02
1.666236855089664459e-02
-4.938553646206855774e-02
7.554887980222702026e-02
2.939249016344547272e-02
-1.157561782747507095e-02
3.206941997632384300e-03
-1.862245239317417145e-02
2.974292263388633728e-02
6.310696154832839966e-02
-1.600906066596508026e-02
4.877426102757453918e-02
6.471886299550533295e-03
1.147198304533958435e-02
1.150692347437143326e-02
6.020517554134130478e-03
-1.505510590504854918e-04
-1.969582214951515198e-02
5.264512076973915100e-02
-1.546214055269956589e-02
-2.752901054918766022e-03
6.285949796438217163e-02
-1.704163104295730591e-02
-9.377885609865188599e-03
2.399121969938278198e-02
3.382105752825737000e-02
-2.157301157712936401e-01
4.000483546406030655e-03
2.092065289616584778e-02
-1.235056295990943909e-02
-1.212420687079429626e-01
-6.197126931510865688e-04
-1.711053587496280670e-02
-4.099919274449348450e-02
-1.482657063752412796e-02
-1.987207494676113129e-02
3.169315680861473083e-02
-4.903828352689743042e-02
5.239248275756835938e-02
-5.196050554513931274e-02
-1.489013992249965668e-02
-1.098099257797002792e-02
3.360418602824211121e-02
-6.952675431966781616e-02
1.720633544027805328e-02
-1.052965223789215088e-02
4.240953922271728516e-02
-8.176245540380477905e-02
2.430391684174537659e-02
2.088450826704502106e-02
-3.269579634070396423e-02
-5.697721615433692932e-02
5.315184593200683594e-03
5.350402090698480606e-03
-8.237373083829879761e-03
1.058103609830141068e-02
-1.529248896986246109e-03
-7.595982402563095093e-02
6.602411624044179916e-03
1.479910872876644135e-02
2.196036465466022491e-02
-1.172820944339036942e-02
5.238554626703262329e-02
-3.084259573370218277e-03
-1.883655600249767303e-02
3.112564980983734131e-02
-5.810162052512168884e-02
-1.203217916190624237e-02
6.414952129125595093e-02
-6.491349078714847565e-03
5.745733901858329773e-02
-4.427576810121536255e-02
1.293547917157411575e-02
-1.720581785775721073e-03
-1.346595734357833862e-01
1.739125698804855347e-02
2.098792791366577148e-02
2.656948193907737732e-02
-9.834983944892883301e-02
3.886535298079252243e-03
6.540301442146301270e-02
7.132430374622344971e-02
5.649016052484512329e-02
8.153928816318511963e-02
2.666151709854602814e-02
-8.218091726303100586e-02
3.560771048069000244e-02
-8.208601735532283783e-03
5.593729764223098755e-02
-6.718648970127105713e-02
3.775741206482052803e-03
1.867697946727275848e-02
-1.974379271268844604e-02
4.623334854841232300e-02
1.646021008491516113e-02
-3.027342818677425385e-02
-2.381850220263004303e-02
-9.491113573312759399e-02
-4.831785336136817932e-03
-3.104059956967830658e-02
-1.764613389968872070e-02
-3.285864368081092834e-02
2.180143445730209351e-02
5.759980157017707825e-02
-5.469090864062309265e-02
-8.266956545412540436e-03
5.928654968738555908e-02
-7.435892522335052490e-02
5.311321094632148743e-02
-1.532870531082153320e-02
-1.656997203826904297e-01
4.782006889581680298e-02
-3.998494520783424377e-02
-5.024377629160881042e-02
-5.462032556533813477e-02
-6.681963056325912476e-02
2.688656561076641083e-02
-3.591557964682579041e-02
-2.179572731256484985e-02
5.275846645236015320e-02
-5.354929715394973755e-02
-6.786470115184783936e-02
-6.100531294941902161e-02
-4.292652383446693420e-02
4.892205819487571716e-02
2.474296465516090393e-02
3.830245509743690491e-02
1.976324245333671570e-02
1.964875729754567146e-03
3.164346888661384583e-02
-1.201543025672435760e-03
-4.303223639726638794e-02
7.232105731964111328e-02
8.537844987586140633e-04
5.696559324860572815e-02
-8.456884324550628662e-02
5.701303109526634216e-02
1.498805242590606213e-03
-5.754590034484863281e-02
6.324489135295152664e-03
-2.051732130348682404e-02
