0.00743176
-0.03182493
-0.02150797
-0.03288089
-0.00066140
0.04522009
0.00527027
0.00991522
0.02057625
0.01102244
-0.00127475
0.00195960
0.01926067
-0.03360838
-0.03665262
-0.01507602
0.00721587
-0.00646576
0.02825530
0.00383791
0.02104788
0.03688057
-0.04317207
0.00664289
-0.01854528
0.00296971
0.00358690
0.01648737
-0.02650333
0.00390167
-0.07818232
0.00419305
0.01487028
-0.02067666
-0.02033420
0.07836272
-0.01470891
0.02578210
0.00651235
-0.08554367
-0.03635288
-0.00561055
-0.02180891
-0.05126685
-0.01002514
-0.00657789
-0.04517853
0.00560287
0.00729854
0.01645975
0.00475111
-0.06322000
-0.03303839
0.00221294
-0.01180665
-0.01500592
-0.00130015
-0.00186028
0.44551909
0.04698070
-0.01474716
0.02742650
0.00707057
-0.01486131
-0.01599132
0.02058531
0.01742305
-0.00025427
0.00705917
0.01470198
0.01108517
-0.02183838
-0.04666591
0.00316401
0.00150563
-0.00213851
-0.04739711
0.02089137
-0.00495786
-0.03970918
-0.01904326
0.01757479
-0.00330271
-0.00013327
0.08736614
0.02077095
0.00045068
-0.00213325
0.02529169
-0.01215012
0.01213481
-0.00642669
-0.01109306
0.00856068
-0.02201518
-0.00429614
0.02095008
-0.00911326
0.00001712
0.00210641
-0.00496630
0.01226947
-0.01410018
0.01855478
0.00388409
-0.00459452
0.00113089
0.00198859
0.01850017
-0.02222754
-0.00545161
0.01173730
-0.01087741
0.00189749
0.00609387
-0.01474528
0.05501006
-0.02069815
0.02220264
-0.00027585
0.00248186
0.00058611
0.00759166
-0.01236096
-0.01926706
0.01153046
-0.00449105
0.00956913
-0.00645308
0.08054785
-0.01345050
0.00343629
-0.01856746
0.01492334
0.02770368
0.00087983
-0.06525201
0.01138402
-0.11794442
0.01612729
-0.07906609
-0.01214220
-0.02536194
0.01540166
-0.02362691
0.02923935
-0.02274323
-0.01363033
-0.01185500
-0.00784543
0.01294808
0.01487069
-0.03629903
0.00084889
0.00731799
0.00500582
0.00486810
-0.01904634
-0.05343961
0.01968690
0.00261086
-0.03037368
0.01028820
0.03489791
-0.01502259
0.03842231
0.01167987
-0.00896610
-0.01280482
0.01184023
0.01281768
0.00102811
0.01820065
-0.01006864
0.02522988
-0.00373123
0.03708667
-0.01907340
-0.05695713
0.00216074
-0.02606919
-0.02284831
0.00252231
0.03579645
0.02712324
-0.07803805
0.01012509
-0.01451545
0.00359561
0.05456159
0.07001520
0.04139418
-0.00736599
-0.00443178
-0.02174327
-0.01072519
0.01818345
0.01613457
-0.08629660
-0.03039435
0.05651514
0.00427778
0.12222714
-0.03400253
0.00080036
-0.02493015
-0.01044950
0.00477616
0.01118722
-0.03219443
-0.05640470
0.00341434
0.01555727
0.02040613
0.00711626
-0.02506685
0.00388700
0.04423722
-0.02374691
0.02610609
-0.04618827
-0.77240473
0.02765063
-0.03002184
-0.01941655
-0.01851837
0.00027686
-0.03219367
0.00550774
0.00839506
-0.03754197
-0.03636087
0.01076837
0.00892454
-0.00986059
-0.00548120
-0.01610810
-0.00041782
-0.00062883
-0.02048140
0.01203103
0.02152016
0.02158801
-0.04354141
0.02066542
0.01537753
0.03013699
0.04008671
-0.01902702
-0.00544026
0.00069595
0.01139584
-0.00234329
0.00040769
0.00967875
-0.02209884
-0.04565125
0.03826815
-0.01406840
0.07368381
-0.19783081
-0.19776930
0.13547383
0.07761998
0.02399326
-0.08263127
0.05582397
-0.04680270
0.00698451
0.15063192
-0.14493817
-0.03840738
-0.17178817
-0.01706864
-0.04762037
-0.05793097
-0.11792957
0.06330342
-0.15257534
0.08587930
0.12166198
-0.10429557
-0.07475664
0.00425692
-0.07547626
-0.02791356
0.05692831
0.02825018
-0.06967746
0.13136289
0.03749797
0.22520773
0.00230362
-0.09360072
0.04053127
0.03024204
-0.05290732
0.00444734
0.09260528
-0.10234559
0.10146822
0.14398819
0.66408098
-0.11032698
0.03229710
0.15268949
0.04068930
-0.13364331
-0.01430027
0.10036779
-0.09341768
-0.07459592
-0.03206602
0.00908669
-0.00066335
-0.02772002
-0.14524440
0.14267810
0.00336718
0.03239613
-0.02720547
0.00094882
0.04530944
-0.08146454
0.08309861
0.02361197
0.00711045
0.07248312
-0.06010018
0.03286919
0.01380374
0.03570191
-0.00566862
0.02758574
0.06274864
-0.02977857
-0.03001351
0.04272352
0.05754337
-0.00679108
0.05713309
0.00635165
-0.05744512
0.00915176
0.03993498
-0.03401933
-0.03609553
-0.01693765
-0.01297256
-0.04990915
-0.01553127
0.06908610
-0.05818250
-0.03697051
0.02019296
0.00888739
-0.02790136
-0.01274508
0.07216612
-0.04084675
-0.06110923
-0.01092812
0.04661484
-0.06525126
-0.01138397
-0.00609172
-0.00431015
-0.08489656
-0.05687601
-0.01377812
-0.00338072
0.05927336
-0.00169694
0.04066630
0.04543257
-0.00746745
-0.01255601
0.01513822
-0.02218505
0.02980248
0.01198601
-0.02759055
-0.06108654
0.01841255
0.00910997
0.03078600
0.05838269
0.03002523
0.02386319
0.01331469
-0.07382531
-0.06824066
-0.04370770
0.06682991
0.02376299
-0.04262100
-0.03788062
-0.08021718
-0.01962794
-0.00678543
-0.03861208
0.01626465
0.07376027
0.03447461
0.01573761
0.03660218
0.00365233
-0.02546761
0.02060681
-0.02470228
-0.11701505
0.02103107
0.04338482
-0.04659692
0.11321653
0.03577402
-0.00372039
0.00358077
-0.05116243
0.02691608
0.04902639
0.03954383
-0.10640894
-0.06076809
0.03016678
-0.01051857
-0.02684578
-0.01984278
0.01373908
-0.03233290
0.04572960
0.02793252
-0.00979561
0.01972358
-0.03371635
-0.05515196
0.01783746
-0.01176408
-0.01506972
-0.00982183
-0.05110690
-0.01142030
0.01183440
-0.04768210
-0.06788742
0.02054029
0.05903062
-0.09362587
0.05955468
0.03332692
-0.01191420
-0.01272448
0.06598599
-0.01195688
-0.02324187
-0.04993825
0.02682683
-0.00645520
0.00650553
0.00455878
0.01748798
-0.02603187
-0.03088271
0.04601961
0.02979915
0.01353052
-0.04702360
-0.01124393
0.00976019
-0.04524717
-0.02613270
0.00603759
0.04342818
-0.06968270
0.03133682
-0.05568681
-0.01547241
-0.04305299
0.08933190
-0.06211019
-0.03988210
-0.04247946
-0.00917342
-0.01977427
0.00075106
0.00573639
0.03140545
-0.04848359
-0.03176541
0.00671608
0.05830463
-0.08178075
-0.01619200
0.04380010
-0.07271785
0.02249593
-0.06464583
-0.00283727
-0.01606207
-0.00960379
-0.04466355
0.01885956
-0.04507465
0.00059573
0.07268988
0.06179942
-0.05190068
-0.05805036
-0.01729702
0.01096637
-0.00368789
-0.01544112
0.01515754
-0.00759077
0.00999802
-0.05508029
-0.01831167
-0.00394257
0.00332854
0.03884200
-0.00880844
0.02229019
0.00566070
-0.08663902
0.01055944
-0.12202810
0.10110926
-0.03155871
-0.01454051
-0.00803918
-0.00571467
-0.00706790
-0.10108066
0.00986195
0.09383125
-0.02117053
0.03160390
0.00582205
-0.02094214
0.02994278
0.06033871
0.01072992
0.00287939
0.02467752
-0.05405773
0.05552821
-0.01643388
0.02015389
-0.00272333
0.00903027
0.00319837
-0.04068561
-0.02584890
-0.02323764
-0.06404055
0.06923366
-0.01589978
-0.02540270
0.02610756
-0.02627936
-0.10964042
0.00118175
0.03207475
0.06088160
-0.00322033
0.03088955
0.00370549
-0.00601684
0.01775781
0.02846950
-0.02161404
0.00392981
0.00912812
0.03548625
0.01120269
0.00922672
-0.11254437
-0.03505846
0.03309607
0.00415107
-0.06291507
0.08219372
0.04766037
-0.03646142
-0.02012167
-0.05649462
0.00147043
0.02292841
-0.06394402
0.02179601
-0.01309897
-0.02773656
0.02089031
-0.00558118
-0.02564357
0.05448606
0.05167753
-0.05745354
-0.01929577
-0.00589424
-0.00696432
-0.02466241
-0.06568636
0.06729396
-0.00713315
0.04014917
-0.06121514
0.02819255
-0.02712970
-0.00214156
0.00241661
-0.03967120
-0.05052217
-0.00567590
-0.03826613
0.02384108
0.05670709
0.00713593
-0.00220935
0.02038885
-0.04869862
0.05362315
-0.00535090
0.02506999
-0.04391362
0.02264188
0.03825910
-0.02434610
0.05006879
0.05321487
-0.09309126
0.03779367
-0.05183113
0.00936515
-0.03711810
0.08376771
0.05524361
0.00403128
-0.04408213
0.00221534
-0.11113923
-0.01211871
-0.02740882
-0.06277579
-0.09982643
0.01871557
-0.04101539
0.05196885
0.12374648
0.02249145
0.01674239
0.04236352
0.00380767
-0.01866757
0.01256976
0.05533738
0.00112485
0.00400653
0.02170703
0.01504720
-0.00692554
0.03630027
0.00439820
-0.06957971
0.02703471
-0.04933618
0.03334811
0.03922965
0.05801532
-0.04111338
0.00584153
0.00684431
-0.03724509
0.03948314
0.06002507
0.02169523
-0.08539910
0.00643712
0.02998990
-0.02878667
0.04886238
-0.02722267
0.06012310
0.02059862
0.06042515
-0.03333742
0.03280631
0.00376426
-0.06752932
-0.00425637
0.06400125
0.05141878
-0.00670341
-0.02164073
0.03463846
0.01124412
-0.00026832
0.01329489
-0.00157758
0.00236293
0.08728764
-0.06794421
0.02622335
-0.04828090
0.01475267
-0.00999974
0.01258177
0.03727291
-0.06341906
0.06588331
-0.01697217
-0.01578224
0.04305413
0.00290838
0.02306484
-0.02149005
0.01168035
-0.21639821
0.09155543
0.00565974
-0.01029479
-0.08722281
-0.01478636
0.02377497
-0.00434684
-0.02212872
-0.00822363
0.02810612
-0.02145650
0.01660527
-0.07146886
-0.06071462
-0.01611376
0.06159889
-0.07096338
0.04820619
-0.00766857
0.05663782
0.00718501
-0.00698590
0.01749684
-0.04211207
-0.01536271
0.00694759
0.01909265
0.03790012
0.03993701
-0.04718971
-0.11225984
0.00495028
-0.00971175
0.01610216
-0.03698878
0.01950132
-0.00325101
0.03631539
0.00631705
-0.05364561
0.00023032
0.08083490
-0.01553221
0.03143502
-0.02454614
0.00604759
-0.00175705
-0.08958491
0.00015985
0.05104433
0.00425012
-0.04946606
0.05238796
0.04940913
0.03963235
0.04533557
0.07227841
-0.00054833
-0.06296427
0.01420701
-0.05391502
0.05956884
-0.07255405
0.02510082
-0.07262783
-0.04619709
0.01026179
0.03178592
-0.02256504
-0.02112387
-0.08836073
-0.02711222
-0.01060615
-0.04158166
0.01166645
0.01829979
0.05599811
-0.03780897
0.01992214
0.06580206
-0.06624962
0.01430554
-0.02347302
-0.16109711
0.01619849
-0.02926097
0.00367185
-0.08361758
-0.07968403
0.04236594
0.00224672
-0.00998797
0.02199545
-0.06254634
-0.08554497
-0.04875348
-0.03498537
0.05646037
0.00066968
0.03642607
0.04692232
0.03433527
0.04106035
-0.00886949
-0.05482260
0.01040416
0.02167686
0.06109884
-0.08428522
0.03432634
-0.00234936
-0.07030345
0.01553226
-0.00459365
