-0.02715191
0.00077377
0.00356359
-0.00580542
-0.00466159
0.01531170
-0.01003184
0.01133549
-0.00058391
-0.00538126
0.01372471
-0.02853765
-0.00172193
-0.01393501
-0.01059814
0.00295847
0.00299589
0.00864536
-0.05097289
0.00405946
0.00348639
0.03089460
0.00963644
0.00738153
-0.00108065
0.00048784
0.00483524
-0.00852969
0.01081481
-0.00509768
-0.11023354
0.01588892
0.03323437
-0.02217388
0.00169406
0.02529003
0.02591762
0.00386537
0.01442429
-0.02120495
0.02138763
0.00902033
0.07220890
0.00173518
0.01778045
0.02791565
-0.01696201
-0.01935371
0.00367544
0.01928415
0.04007422
0.01396316
-0.00778454
0.01080189
0.02111113
-0.00086692
0.01382227
0.02699411
0.48990273
0.00769392
-0.00898859
0.00797354
0.00130053
-0.03626367
0.00558145
0.04203416
-0.02004499
0.01713608
-0.04798362
0.01960018
-0.01523282
-0.00167615
-0.02216182
0.00935183
-0.02586728
-0.00819667
-0.00031649
-0.00416512
0.00187185
-0.15628546
-0.00815604
-0.00210745
0.00212402
-0.01577774
0.01168262
-0.02403832
-0.01677416
-0.01739037
0.00948348
-0.02112296
-0.00924069
0.00808578
0.02129878
-0.00093333
0.00476063
0.00036364
-0.00437504
-0.03399171
-0.00020085
0.02340712
-0.00387834
0.00634087
-0.01340332
-0.00216285
-0.01825389
0.02525292
0.00926154
0.03251003
0.00377681
-0.00523360
0.00122309
0.01381391
0.01397841
-0.01549006
-0.01527764
0.00926714
0.03305230
-0.00531247
-0.00327110
-0.00261644
0.02487762
0.01732087
0.01043654
-0.00649486
0.00503211
0.00109083
-0.03553469
0.00557827
0.00666065
0.07573310
0.03180541
0.02058959
0.03191800
0.01734487
0.01204667
-0.02594134
0.01766155
0.01778577
-0.07433326
0.00628096
0.00907080
0.01124257
0.01037372
0.01300917
0.03000639
-0.11900087
0.00715332
0.00271211
-0.02094150
-0.00029570
0.04725814
0.00916652
-0.01360095
-0.00348959
-0.00546550
-0.01898126
0.00794232
-0.01929304
0.01885802
0.02680168
-0.01801198
0.03220074
-0.01950286
-0.02028131
0.01082924
0.04047917
0.01383733
-0.02334601
0.01851134
0.02866441
-0.01162121
-0.01773072
0.01461438
-0.00112179
0.01689961
0.00244454
-0.01312865
0.01002915
-0.04208440
0.01751152
0.00270105
-0.00187148
0.02329458
-0.00553644
0.04962241
-0.20880336
0.13235439
0.03294874
-0.01198698
0.04022119
0.00536795
-0.02807499
-0.01208405
0.02209966
-0.02657736
0.00559618
0.07039471
0.02308189
-0.01464039
-0.01387001
-0.01929999
-0.00676843
0.11512931
0.01763477
0.01183934
-0.02683010
0.00875088
0.00638829
-0.01321934
0.03511194
-0.02655278
-0.02014857
0.01161853
0.01187572
0.01453466
0.01079857
-0.00394094
0.01416498
-0.00660663
0.01898455
-0.00086844
-0.72290015
0.02405746
0.01879033
0.02617526
0.03092665
0.04033510
-0.01252582
0.04263550
0.02813780
-0.01255810
-0.00144660
0.02815058
-0.00501248
-0.04291188
-0.01057501
0.00992461
-0.00409037
0.00447849
-0.00747101
0.00944955
-0.01296214
0.07607165
-0.01511843
-0.01342496
-0.01785983
0.00574142
-0.00432809
0.03471510
0.00973036
-0.00599769
0.01770924
0.02782638
0.03094701
0.00695885
0.01304276
0.09404236
-0.00312574
-0.03331149
0.05619980
0.01100929
0.00194169
-0.06566472
-0.14079998
0.01983176
-0.01036424
0.10921541
0.11101846
0.03012713
-0.06979527
0.01870012
-0.01136695
0.02841690
0.02977548
0.00814405
-0.00626761
0.10391920
0.01671142
-0.02805065
0.06116570
0.10322674
-0.04985156
0.03082166
-0.03031357
-0.09206723
-0.01485109
0.03392250
0.00414905
-0.06401491
0.03262807
0.07832763
-0.02815387
0.04414559
0.07376582
-0.07724436
-0.04757674
-0.12448031
0.11919755
0.01820227
-0.00151966
-0.02034735
0.00859774
0.86766005
0.02375653
0.03159480
-0.07898903
0.01445837
0.20164193
0.04382724
0.02177299
-0.01849142
-0.09513199
-0.00956109
0.00592869
0.06182643
0.07910846
0.02187012
-0.07866574
-0.02873392
0.00988035
-0.04749486
-0.00420017
0.03786204
-0.06067637
0.06197452
0.03592428
0.01741645
0.07893998
-0.06229811
0.02365309
0.01456079
0.04725079
-0.00078020
0.01562190
0.05279814
-0.00936280
-0.00468156
0.05633781
0.03510901
-0.03489832
0.01143783
-0.00112459
-0.08544607
0.00390998
0.05505444
0.00920684
-0.03159237
-0.03768392
-0.00881355
-0.03407096
0.00105052
0.06588637
-0.03142362
-0.00377556
-0.02013257
0.02383765
-0.02230410
-0.02641092
0.07451758
-0.03446405
-0.04273258
-0.01280784
0.04428859
-0.03621572
-0.03206769
-0.01013421
0.03027930
-0.04301814
-0.08773460
0.01333645
-0.03177780
0.04198519
0.01406187
0.02042203
0.05028118
-0.00463301
-0.00262289
-0.00241639
-0.01801730
0.01031250
0.01555443
0.00258955
-0.06935290
0.01444020
0.02973220
0.02281237
0.01381798
0.04992254
0.02578776
-0.02067491
-0.03534117
-0.05298011
-0.03395820
0.07122110
0.01993054
-0.04529101
-0.05364706
-0.08358467
0.02549613
0.00811160
-0.04388419
0.01939527
0.09345309
-0.00285519
0.01188463
0.05638884
0.02352332
-0.04537539
0.05082617
-0.01766760
-0.12691857
0.00665191
0.03919106
-0.04826631
0.10363997
0.01313824
-0.02251106
-0.01947315
-0.01228878
0.00093533
0.00905530
0.01777743
-0.14310417
-0.04843563
0.02335136
-0.04520475
-0.02594061
0.00357685
0.02999571
-0.03057605
0.01518853
0.03554543
-0.01370264
0.03466424
-0.04143110
-0.03762869
0.02589998
-0.01742942
-0.02131709
0.00891230
-0.04978371
-0.00165281
-0.01341318
-0.04611664
-0.07821420
0.01007568
0.04687885
-0.15450774
0.07515623
0.02655334
-0.03190796
0.00630834
0.06560863
-0.01606503
-0.00443228
-0.03855075
0.02197389
-0.00292155
-0.04532886
0.00106864
-0.03112304
0.00114630
-0.01695453
0.05226299
0.03870653
0.00166322
-0.08566205
0.02282951
0.02044703
-0.04037330
-0.05166917
-0.03372531
0.05357216
-0.06553051
0.01384054
-0.05716207
-0.02748014
-0.04151838
0.06612249
-0.07798542
-0.06018982
-0.09147039
-0.01796063
0.00693967
0.00055271
0.02647973
0.01520776
-0.06573006
-0.00856307
-0.00480315
0.06883963
-0.07392674
-0.05800857
0.03883654
-0.05269047
0.00871562
-0.05020576
-0.01253016
-0.01476247
0.02506256
-0.07624351
0.00320474
-0.04253621
0.00711588
0.07665444
0.06371341
-0.03317760
-0.02865245
-0.00294116
-0.02909130
-0.00561771
-0.04936162
0.02008837
0.00214517
0.01021520
-0.03885578
-0.00212139
0.02786122
-0.01833077
0.02661176
0.02443887
0.02605550
-0.02809837
-0.07458524
0.04783985
-0.14836702
0.09419071
-0.04642545
0.01047556
-0.00559941
0.01462490
-0.00549933
-0.05977623
0.02112877
0.11719308
-0.05859176
0.01116394
-0.00405642
-0.01684614
0.00830385
0.06509025
0.00961405
0.01023606
-0.00047422
-0.04692627
0.04357028
-0.02808226
-0.00309676
0.01197408
-0.02285087
0.01738663
-0.04025673
0.00553960
-0.03048315
-0.04273707
0.02094876
-0.02542117
-0.01136547
0.02179850
-0.02461262
-0.10243119
-0.00981435
0.03055859
0.06869461
0.01088343
0.06233529
-0.01149085
0.01330453
0.04155867
0.02968500
0.00239815
0.01820968
0.00583854
0.01903856
0.03628938
0.02145041
-0.05836439
-0.04991531
0.02985967
0.02818368
-0.03198998
0.07648560
0.03919553
-0.05070537
-0.01941038
-0.07056378
0.00777833
0.02120638
-0.07174407
0.01971322
-0.01442328
-0.03489398
0.00628987
-0.01690651
0.00885666
0.04944398
0.06515720
-0.05322277
-0.00283630
0.02733815
-0.00347278
-0.02574266
-0.01159178
0.03661205
-0.03190347
0.00809903
-0.05478390
0.02187750
-0.05746514
-0.01782889
0.00294219
-0.04040464
-0.03390713
-0.01498403
-0.10361128
0.03911004
0.04354168
-0.02361145
0.00104387
0.00459498
-0.04660040
0.05771503
-0.00518335
-0.00426234
-0.08998132
0.02188890
0.01373837
-0.01881706
0.04575501
0.01878956
-0.09771625
0.07842218
-0.06693766
0.03154285
-0.01595211
0.07955313
0.01268080
-0.00118426
-0.04289638
0.02086147
-0.11428891
-0.02729122
-0.00805384
-0.04744541
-0.10983019
0.01678330
-0.05515615
0.03238201
0.10748012
0.03000205
0.03816567
0.02440955
-0.00288990
-0.04802342
-0.00342456
0.03561690
0.00722130
-0.00681469
0.03707203
0.01149118
-0.03620745
0.02494557
0.03632342
-0.05495679
0.02317700
-0.00900615
0.02048139
0.01801789
0.07467467
-0.04604029
0.00044999
0.00342729
-0.05704778
0.03526859
0.07293884
0.00853010
-0.10000243
-0.02233319
-0.01698359
-0.01952622
0.05680435
-0.00916860
0.03746431
-0.02296382
0.04615939
-0.02898592
0.03274260
0.00558371
-0.07787093
-0.00415700
0.05919957
0.08663704
0.03726994
-0.02552472
0.01709964
0.01167753
0.00986939
0.01880101
0.01520834
0.01526224
0.10552722
-0.03140305
0.00328739
-0.02436846
0.03102781
-0.00823724
0.00434581
-0.01468927
-0.03381557
0.06029450
0.01763168
-0.02478438
0.04355483
-0.00708766
0.03050040
-0.00102217
0.02394184
-0.18624641
0.07292219
0.00483377
-0.00916390
-0.08213750
-0.01206062
-0.00028618
-0.00883660
-0.03171548
-0.02956179
0.06262235
-0.03665420
0.01909087
-0.04900068
-0.03518589
0.02985609
0.05849567
-0.05115737
-0.01745532
-0.02122531
0.06672823
-0.00441358
-0.00036234
0.03837281
-0.02581649
-0.05653581
0.02718548
-0.01190109
0.00172420
0.03971605
-0.03606879
-0.08391367
-0.00062244
0.00130969
0.02084613
-0.02739158
0.04682004
-0.01667453
0.01202994
0.01586034
-0.05893532
-0.00659694
0.07171324
-0.02686311
0.04341586
-0.01254712
0.00750050
-0.02335118
-0.11614914
-0.00584777
0.03239242
0.02974000
-0.07362923
0.00778805
0.07772776
0.03975187
0.03949341
0.09647326
0.01400565
-0.08046383
0.02052326
-0.00567741
0.07905718
-0.05896912
-0.00511141
-0.05965758
-0.02261726
0.03842112
0.03387480
-0.02539821
-0.02454910
-0.07091822
-0.04626568
-0.00061370
-0.04015839
-0.00509581
0.02218621
0.05930784
-0.05884930
0.01751559
0.06180988
-0.05149872
0.00578236
-0.02715756
-0.10794452
0.02332799
-0.01253617
-0.01813873
-0.06741174
-0.08782771
0.02046525
-0.01030585
-0.00411827
0.04059216
-0.08659034
-0.08966664
-0.05452532
-0.03553485
0.03585463
0.01656250
0.02172216
0.02530311
0.04101009
0.00102850
0.00255881
-0.07094172
0.05279271
-0.00500707
0.05310528
-0.07394236
0.02791752
0.02811833
-0.05464210
0.01537564
-0.02355862
