0.01336241
-0.01657115
-0.00246827
-0.00779216
-0.00401551
0.03072484
0.01361449
0.05263820
0.06562860
0.00511951
-0.00672256
-0.01121560
0.00310550
-0.03175723
-0.03261492
-0.00483240
0.00059353
-0.01621124
-0.08323766
0.02267506
0.01516400
0.04760198
-0.05812089
-0.02740386
-0.00869035
0.02371068
0.02111391
-0.00940413
-0.02000835
0.00477974
-0.19971487
0.00000738
0.02323310
-0.00655733
-0.00809425
0.07905557
-0.03262056
0.01476173
-0.03039389
-0.12323134
-0.00724171
-0.01038258
0.04134917
-0.05125158
0.00097047
0.01182255
0.00748977
-0.00317236
0.02019827
0.01457754
0.02676920
-0.05946440
-0.09796645
0.01929704
0.00365212
-0.00897291
-0.00315302
0.01152863
0.37436351
-0.00628812
-0.01000693
-0.00507877
-0.01320069
-0.01456044
0.00650223
0.01207894
0.00054515
-0.00665970
-0.00340231
-0.01485201
0.01376847
-0.00708526
-0.05322680
0.01113009
0.02628946
-0.02739542
-0.01213299
0.07196927
0.00225900
-0.05070006
-0.01118782
0.00332961
0.02139074
-0.07049669
0.07523867
0.00936488
-0.00199938
0.01072591
0.01485194
-0.00452965
0.01008462
-0.01735872
-0.01772314
-0.00097909
-0.00304468
-0.00290513
0.00856505
-0.01919459
-0.06612476
0.00397773
0.01395317
0.03477207
-0.01136707
0.02220934
0.00809320
-0.01052605
-0.04691194
0.00958603
0.01306404
-0.01790611
-0.00446573
0.01482910
-0.04207168
-0.00563220
-0.00706047
-0.00387802
0.03891001
-0.03305982
0.01312338
-0.00241349
-0.00056076
-0.00353792
-0.02173341
-0.00685644
-0.01011369
0.01608803
0.02343791
-0.00002749
0.00465151
0.12081470
-0.03339274
0.01434272
-0.00208566
0.00381179
0.07814685
-0.03224031
-0.11650299
-0.00353560
-0.11392798
0.00589124
-0.10303986
-0.00243161
-0.00565120
-0.00795567
-0.00458869
-0.07519630
-0.00845853
-0.01110350
-0.02265267
-0.00754609
-0.01506751
0.01404372
-0.04135671
-0.05791149
0.00625295
0.01654565
-0.04769173
-0.00584658
-0.04328135
0.01765144
-0.00885736
-0.02358170
0.02563174
-0.00525132
-0.00827517
0.00095276
0.02208131
-0.00615572
-0.00309774
0.02090177
0.00140784
-0.00250028
0.01832943
-0.01423110
0.02942915
0.00738461
0.01987767
-0.00763004
-0.06276358
-0.00422036
-0.00515302
-0.01526184
-0.00359705
0.02550552
0.00260708
-0.12250884
-0.09333097
0.00399413
-0.00522405
0.07036486
0.11477534
0.01565908
-0.01903759
0.00079629
0.01755191
-0.03224206
0.01495889
0.00874086
-0.18964969
-0.03875080
0.07478305
0.01013416
0.09746249
-0.05737641
-0.02047912
-0.00989079
-0.00477434
0.00377194
-0.00638104
0.00370282
-0.07262407
-0.00714592
0.03995662
0.00526358
0.01271830
0.03118562
-0.00698465
0.03329075
-0.01182728
0.02274594
-0.06210214
-0.68957734
0.00522848
-0.00033656
-0.00073725
-0.01294986
-0.06031625
-0.02627680
0.00499097
-0.00733929
-0.02742801
-0.03028096
0.02013514
0.01763192
0.00573432
-0.03297414
-0.03553496
0.00446516
0.00731330
0.00170935
0.01550371
0.01933212
0.06624653
-0.07197129
0.01825345
0.00063917
0.00602642
0.09138307
0.00888045
-0.03338021
-0.00952216
0.02497576
-0.01079862
-0.00180275
0.00888600
-0.00663890
0.07104014
0.02733631
-0.07174276
0.09609915
-0.10114259
-0.09435733
0.04428931
0.00741230
-0.02903691
-0.13277237
0.09598619
0.11691094
-0.00424524
0.00595923
-0.02648835
-0.07293825
-0.05763542
-0.05452554
-0.04447384
-0.03573639
0.06109850
0.09663052
-0.17728131
-0.07686961
0.07980354
-0.12676758
-0.05660546
-0.09356241
-0.01330857
-0.01451996
-0.00383022
-0.04236673
0.08297300
0.11673705
-0.01267406
0.17715730
0.03093819
0.07828495
-0.10768297
-0.08078302
-0.12031620
0.04170771
0.02008972
-0.00382266
-0.03716287
0.04238699
0.79642332
-0.08885842
0.08135482
0.02690375
0.09325549
0.09652174
0.10068185
-0.05012354
-0.07343259
-0.04441513
-0.01793374
-0.02079854
0.07709274
0.06809027
-0.08767784
0.05914444
-0.08623609
0.01030991
-0.05156910
-0.00933063
0.01421084
-0.04118005
0.04392311
0.01326460
0.01291521
0.08249287
-0.06914856
0.02759745
0.02813870
0.03336360
-0.00533519
0.01027612
0.04461996
-0.01141812
-0.00781256
0.03746096
0.03329419
-0.04537749
0.00378432
-0.00039348
-0.06918611
0.01866572
0.04830309
0.00799393
-0.05715781
-0.01798886
-0.00461491
-0.05257389
-0.02540275
0.04133521
-0.00955410
-0.01137112
-0.02968906
0.03761267
-0.03189063
-0.02850526
0.05685924
-0.01694287
-0.04589977
-0.02487562
0.05229631
-0.04359139
-0.03003759
-0.01671869
0.01575568
-0.03544511
-0.08391585
0.01338059
-0.03255033
0.05368467
-0.00288210
0.01508762
0.06428032
-0.01353550
-0.04238071
-0.00650870
-0.01834789
0.01322765
-0.01022978
-0.02163295
-0.07380410
0.02083120
0.02169257
0.01147833
0.02716703
0.04525981
0.04728506
-0.01143416
-0.04371410
-0.05426970
-0.05843874
0.04698022
0.01951110
-0.03492340
-0.04540129
-0.07961272
0.05086416
-0.00111590
-0.03955257
0.01524321
0.08672927
-0.00951443
-0.01038359
0.05745596
-0.01258568
-0.07718638
0.04828832
-0.03343743
-0.10945526
0.00459392
0.01618240
-0.05055543
0.10354390
0.00284651
-0.02547668
-0.01936636
-0.02185512
-0.00472183
0.03802091
0.00202688
-0.14711745
-0.05633219
0.02928777
-0.03112238
-0.03374369
-0.04841924
0.04394895
-0.03925998
0.03586173
0.03012270
-0.02197338
0.03084157
-0.03156792
-0.02414522
0.01915959
-0.02651828
-0.01900897
0.01981292
-0.04909462
0.01153241
0.01345265
-0.02935838
-0.08068909
0.03754169
0.02484379
-0.14167264
0.07649060
0.01913268
-0.03073029
-0.00794351
0.09739406
-0.01730192
0.00419198
-0.04540714
0.03953605
-0.00781998
-0.03395106
-0.02249939
-0.08773640
0.00522330
-0.03062875
0.03821383
0.04812146
-0.01412908
-0.08792805
0.02263188
0.01135736
-0.02625790
-0.02918870
-0.02121648
0.03874568
-0.06967015
0.07622231
-0.06835702
-0.02915700
-0.04406719
0.09629489
-0.08903325
-0.07075724
-0.08780832
-0.01925308
-0.01315564
0.00751678
0.00932618
0.01180330
-0.08166154
-0.00072008
0.00718361
0.05901424
-0.05911949
-0.03331771
0.02304006
-0.04481090
0.00393425
-0.01767939
-0.01426817
-0.01236849
0.04210344
-0.05159616
-0.01803190
-0.02707491
-0.01040319
0.06493027
0.05039018
-0.03071750
-0.03757031
-0.00760877
0.00305373
-0.00379391
-0.04108100
0.04918053
-0.05616532
0.01355937
-0.03376773
-0.00848214
0.03008104
-0.01987681
0.03475267
0.03581293
0.04893694
-0.03797757
-0.06987423
0.05008740
-0.11577281
0.09529150
-0.05964290
0.03054477
-0.00539742
0.00628908
0.02783202
-0.07992292
0.03637071
0.10241662
-0.04436674
0.01268519
0.01216462
-0.00937347
0.03082694
0.05354447
-0.01598445
0.02345402
0.00107367
-0.04880347
0.06862158
-0.01320837
0.04892713
-0.00583552
-0.00503054
0.00640668
-0.02918892
0.00376254
-0.02584079
-0.05568405
0.01458800
-0.06150883
0.00094783
0.03641791
-0.03000788
-0.10006760
0.00068265
0.03654784
0.04718072
-0.01645214
0.04597431
-0.01915955
-0.00341841
0.04715906
0.03783852
0.03174486
0.00871835
0.00009236
0.01758399
0.04386784
0.04091738
-0.06620701
-0.04546465
0.02302982
0.00097993
-0.01579124
0.06748392
0.04192467
-0.04086272
-0.00946756
-0.05648544
-0.00918642
0.01609076
-0.06159455
0.01253805
-0.01875561
-0.03929994
0.00119180
0.01068107
0.01992247
0.03274909
0.05171668
-0.04650836
-0.00903331
-0.00562272
-0.00955848
-0.02241132
-0.00098919
0.05160461
-0.01396494
0.02608686
-0.04557617
0.02440145
-0.05223043
-0.03427621
-0.01058127
-0.07614865
-0.03219152
-0.03905344
-0.07130472
0.03149427
0.03115541
-0.02050138
0.01743656
-0.00529918
-0.02962651
0.05488261
-0.00891676
-0.01382412
-0.06998362
0.01519371
0.00962866
-0.02040761
0.04808442
0.01010979
-0.08413713
0.08342806
-0.06752261
0.01588056
-0.00697174
0.06781129
0.00788584
-0.00102421
-0.02158948
0.01140245
-0.07925420
-0.04343303
-0.03414671
-0.03626728
-0.10696139
0.02512807
-0.04732789
0.05496551
0.07046165
0.04132267
0.03610674
0.03484906
0.01110484
-0.06723536
0.00402379
0.04390891
0.01396646
0.01102357
0.05106737
0.00618206
-0.03106067
0.04355450
0.04882021
-0.06806783
0.03854076
0.00835120
0.03403623
0.04163906
0.06744256
-0.04692300
-0.01151796
-0.00049050
-0.04349987
0.02806936
0.05948984
0.00973938
-0.09950589
-0.01731120
-0.02649957
-0.01302510
0.03505933
-0.02360485
0.05444104
-0.06416509
0.03826894
-0.02554230
0.05048002
0.01997519
-0.08734620
-0.00129652
0.05046665
0.07552266
0.03961325
-0.03554479
0.06539751
0.02181729
0.00202183
-0.01591017
0.00218651
0.01302708
0.07992036
-0.04223065
0.03134517
-0.00611307
0.03088755
-0.02389855
0.01873366
0.01428673
-0.03163550
0.08345616
0.04284208
-0.01523561
0.05426719
-0.00105953
0.02866033
0.01549829
0.03438493
-0.17772853
0.03228038
0.00567617
-0.01177762
-0.07379749
0.00637031
-0.02332219
-0.00270612
-0.02012894
-0.02968269
0.04981025
-0.05057678
0.04336460
-0.05409254
-0.02286293
0.03352021
0.05754781
-0.07562838
0.01274195
-0.00446851
0.05656934
-0.02890684
0.00822250
0.01847771
-0.03115884
-0.06035301
0.04406900
0.01424639
-0.01116988
0.03433220
-0.00409579
-0.06546228
-0.00575506
0.00912521
0.02784948
-0.03477042
0.02390436
-0.01500558
-0.00964538
0.02416338
-0.02593460
0.00129272
0.07692379
-0.00504375
0.03474557
-0.02239339
0.02813198
-0.01031533
-0.09125206
0.02125113
0.02638354
0.03143431
-0.09272751
0.01908207
0.07748292
0.04022224
0.04749302
0.06197923
0.00393033
-0.10087492
0.03322629
-0.01426590
0.06308142
-0.07446595
-0.00286827
-0.03134293
-0.04237767
0.02829987
0.02721454
-0.03316456
-0.02328941
-0.12306371
-0.04026008
-0.01821844
-0.02547392
0.00847566
0.01517530
0.05990400
-0.05002668
-0.00371649
0.06475843
-0.06861053
0.01914194
-0.01540528
-0.11353876
0.03088065
-0.02274249
-0.02364325
-0.06655446
-0.08269504
0.02783987
-0.02673693
-0.01929452
0.06928246
-0.07299396
-0.08395468
-0.03567993
-0.04960614
0.04710283
0.01772967
0.03852012
0.03293261
0.02744497
-0.00273426
-0.00556317
-0.04765653
0.06090738
0.00460982
0.06066493
-0.09125774
0.04405922
0.00695545
-0.07249169
0.00001044
-0.03563144
