0.01163137
-0.02253773
-0.03995107
-0.02918226
-0.00447451
0.04252160
-0.00150146
0.02151942
0.03052021
0.01160237
0.00623310
-0.01064922
0.01769711
-0.06165954
-0.04384076
-0.00882688
0.00634073
-0.00362218
-0.00986475
0.00768989
0.01271778
0.02030462
-0.04335150
-0.00494325
-0.01751190
0.01175947
0.01416716
0.02354375
-0.02624379
0.00011250
-0.10887747
0.00109416
0.01903307
-0.02282768
-0.03792952
0.07953527
-0.01801138
0.02785129
-0.01106121
-0.08832414
-0.02283398
-0.00517241
-0.00934335
-0.06345192
-0.01020834
0.00055745
-0.04629073
-0.00415110
0.00890334
0.02369462
0.01312822
-0.05707747
-0.06168962
0.03440085
0.00020695
-0.00009515
-0.00721493
0.01588016
0.41097978
0.03707003
-0.01824776
0.01383528
-0.00286794
0.00188139
-0.00736743
0.00618316
0.02080182
-0.00186021
0.00050442
0.00325430
0.00643280
-0.01422032
-0.04306103
0.02130247
-0.00870202
-0.02507898
-0.03910615
0.03602935
-0.00972127
-0.04719711
-0.01777179
0.00413114
0.01479112
-0.03048799
0.08740474
0.01058129
-0.01249500
-0.00782542
0.02546768
-0.00362958
0.01783297
-0.02598666
-0.01265093
-0.01144604
-0.01136324
-0.01145549
0.02563566
-0.02774327
-0.01715623
0.00540451
-0.00195318
-0.00061513
-0.00980469
0.02860095
0.01577386
-0.00474110
-0.01325552
0.01559626
0.01298248
-0.03247272
-0.01476012
0.01827006
-0.00658167
0.00261234
0.00233523
-0.01252551
0.07639319
-0.03112440
0.02731197
0.00862100
0.01463040
0.00329118
0.00258701
-0.00540588
-0.00622739
0.01076968
0.01095596
0.00429806
-0.00409828
0.07530140
0.00192173
0.01065531
-0.00344802
0.01164489
0.03371219
-0.01145575
-0.07432172
0.00109649
-0.11167108
0.02271672
-0.07567287
-0.01686612
-0.01487770
0.01583433
-0.02451072
0.00243466
-0.03802679
-0.00584109
-0.01624121
0.00354931
0.01317052
0.01714127
-0.02266177
-0.01851049
-0.00538055
-0.00741893
-0.00649803
-0.01847932
-0.05288095
0.01779879
-0.00419100
-0.02149275
0.01652092
0.01369476
-0.02882987
0.01577958
0.01548197
-0.00583701
-0.02559895
0.02810085
0.00929271
0.00669421
0.03100618
0.00502804
0.02621123
-0.00706312
0.04574678
-0.02649715
-0.03938235
-0.00460822
-0.01683466
-0.02179852
0.00152230
0.02226297
0.02605169
-0.08132172
-0.02267312
-0.00617559
-0.00480327
0.06891697
0.06945851
0.02752157
-0.02130311
-0.00189455
-0.00837930
-0.03284716
0.00247879
0.01399882
-0.12905774
-0.03614021
0.07073447
0.01163294
0.10660803
-0.05104007
-0.00426281
-0.01972627
-0.01311617
0.01252981
-0.00600784
-0.01410113
-0.07186063
0.01876302
0.02984799
0.00635879
0.00627725
-0.01587470
0.00193085
0.03134479
-0.02879644
0.04456672
-0.06465109
-0.76645356
0.02297807
-0.02455127
-0.02216778
-0.02755237
-0.00790374
-0.04046571
0.00489288
-0.00012683
-0.03314873
-0.02877894
-0.00656697
0.02768683
-0.00652077
-0.00473507
-0.01919724
0.00445703
0.00091430
-0.01172693
0.01155463
0.01965775
0.03967681
-0.06442191
0.02054741
0.00339597
0.04135965
0.05695587
-0.01088307
0.01506958
-0.01042658
0.02255660
-0.01481638
0.00865106
0.01970160
-0.01775546
0.07017259
-0.01397868
-0.10314018
0.13546345
0.02692859
-0.04584509
0.04637161
-0.02840936
0.02875023
-0.03062857
0.10745966
0.12392854
0.08782852
0.02229768
-0.04436543
-0.02699492
-0.00545588
0.02566491
-0.04860933
-0.06026833
0.03907620
0.11620621
-0.19437192
0.08859291
0.06177509
-0.07444497
-0.01987283
-0.13041596
-0.10327253
-0.00401869
0.17366102
-0.01620028
0.03137084
-0.02741081
0.03294861
0.02170650
-0.02170229
0.03502907
-0.05274677
0.12428851
-0.06190813
0.10311593
-0.08961991
-0.13390145
0.00373751
-0.05778028
0.75012612
-0.14718395
0.06931151
-0.14819527
0.07437892
0.05345878
0.07766885
0.09971135
-0.05394117
-0.07226850
0.11034071
0.00858029
-0.12379707
-0.04214730
-0.18558122
0.04736833
-0.09228459
0.01247844
-0.05644217
0.01800272
0.03797205
-0.06154401
0.04884568
0.02943754
0.01413502
0.06929159
-0.05093427
0.02051445
0.02767781
0.03066109
-0.00844125
0.00627349
0.03736367
-0.02784528
-0.01382628
0.06215957
0.04614493
-0.02819782
0.01914637
0.00258070
-0.08299973
0.02559817
0.02833772
-0.01531247
-0.02325746
-0.01470133
-0.02566118
-0.04794651
0.02271738
0.04268927
-0.01781799
0.00959548
-0.02666996
-0.00169406
-0.00769772
-0.01659396
0.02766828
-0.06228822
-0.04426018
-0.02677444
0.05188829
-0.03282719
-0.02074572
-0.01423800
0.01231922
-0.05406360
-0.07056624
0.02073422
-0.02718724
0.06450154
0.04286738
0.01877424
0.04276766
-0.00036187
-0.07541960
0.00460816
-0.02752451
0.03679368
0.01269040
-0.02628853
-0.07710207
-0.01937150
0.02568884
0.00784027
0.02466240
0.04620154
0.06892405
-0.04075766
-0.05029652
-0.07521006
-0.05657436
0.04502077
0.00522974
-0.05398171
-0.06602281
-0.05605929
0.00673745
0.02585617
-0.04166039
0.05733657
0.08236765
0.01978359
0.00355131
0.07767373
0.00549401
-0.02790767
0.00912640
-0.01897033
-0.14061587
0.02857622
0.01106008
-0.05482344
0.07733306
0.04794949
-0.02280924
-0.01984791
0.01794657
0.00904715
0.00545292
0.02013013
-0.14683349
-0.07191740
0.04972829
-0.06785239
-0.04050939
0.00229774
0.04119325
-0.01194643
0.04379035
0.04874593
0.01800281
0.03073354
-0.04199526
-0.00168682
0.04533737
-0.01096344
-0.01425995
-0.01142372
-0.04748295
-0.00349573
-0.01556568
-0.05129465
-0.08252869
0.03405147
0.04612107
-0.15101658
0.06212608
0.07629098
-0.01942097
0.02357684
0.06654065
-0.00553361
-0.00792372
-0.09479851
0.03950851
0.00426006
-0.05634329
-0.02192556
-0.01497980
-0.00651061
-0.02608296
0.04716117
0.00455130
0.00271858
-0.09287288
0.00836006
0.04733621
-0.04505550
-0.03238794
-0.01940259
0.03276709
-0.09617773
-0.00822443
-0.02657836
-0.03433923
-0.03140075
0.08415567
-0.07443681
-0.07776385
-0.05058537
-0.00182901
-0.00036465
0.02684561
0.01364115
-0.01587029
-0.05363280
-0.03432674
0.00566646
0.04532194
-0.04097515
-0.04503471
-0.00177847
-0.07641366
0.02587324
-0.02216344
-0.00449216
0.00528015
0.00262226
-0.04627292
-0.00584274
-0.05465290
-0.00978552
0.09789477
0.05452545
-0.03144121
-0.05493552
-0.02071703
-0.02356948
0.00888721
-0.03310690
0.02503999
-0.02880634
-0.00457672
-0.02731425
0.00477768
0.01331769
0.00458843
0.04930363
0.02633521
0.01025805
-0.06543498
-0.06274831
0.04901429
-0.12483514
0.10298470
-0.03277640
0.00450951
-0.02523509
-0.01686380
-0.01006844
-0.04175676
0.05821515
0.12695821
-0.03356390
0.01772440
-0.00254475
-0.00728192
0.04992221
0.06763685
0.01358626
0.03059008
-0.01527168
-0.04514478
0.04115364
-0.01927393
0.00530076
0.01960973
-0.01300233
0.00276287
-0.06086227
-0.04563450
-0.04677793
-0.04677889
0.06221641
-0.02724279
-0.01880920
0.04552213
-0.03756265
-0.11434963
-0.01162736
0.03268689
0.09091499
-0.00984407
0.07026562
-0.01863793
-0.02377251
0.02486385
0.02941278
-0.02425897
0.02724027
0.00340915
0.04072348
0.00389446
0.01916765
-0.09941259
-0.03120704
0.02027460
0.01556975
-0.03665194
0.07734648
0.05475166
-0.05492403
-0.02378462
-0.04201834
0.01821860
0.02492714
-0.06875522
0.00930572
0.00534295
-0.04164101
-0.03053933
-0.01549941
-0.03076995
0.04901425
0.05877374
-0.03922755
-0.01411043
-0.00788175
-0.02615735
0.04274981
-0.01032953
0.06118138
0.00493586
-0.00882026
-0.04105725
0.00855772
-0.03485828
-0.00009062
0.00500005
-0.02808612
-0.03448110
-0.02171943
-0.06985936
0.04927065
0.01778377
0.00972424
-0.00775761
0.03294815
-0.02505548
0.02676212
0.00001583
0.01626978
-0.05737499
0.05652481
0.03872673
-0.04426236
0.02773675
0.02112464
-0.09793302
0.02569371
-0.04552031
-0.00106471
-0.00040128
0.05874145
0.01900774
-0.02252536
-0.05264395
0.00626112
-0.11381757
-0.03146025
-0.01828150
-0.04171012
-0.11514845
0.02278169
-0.05214991
0.03118453
0.09417766
0.04709798
0.04078554
0.01603432
-0.04378105
-0.02090940
-0.00202897
0.06102842
0.03556560
-0.01377890
0.00968670
-0.02955775
-0.03880690
0.02154454
0.01062659
-0.02956779
0.03323649
-0.05342984
0.04443846
-0.01493853
0.05971684
-0.00642902
0.02072172
0.01910409
-0.06023007
0.04600798
0.08225172
-0.03270468
-0.08680201
0.01254535
-0.01711044
-0.01936298
0.06780999
0.00093493
0.02772158
-0.01032755
0.03610970
-0.04773727
0.01476385
0.01600796
-0.07591593
0.02977692
0.07518305
0.05010743
0.01474242
-0.01958432
-0.00842022
0.01150902
0.03116222
-0.01568548
-0.00532522
0.02585725
0.08422378
-0.07000784
0.03129937
-0.04228714
-0.00068636
-0.01875589
0.03837204
-0.00740702
-0.01052531
0.05951314
0.01381412
-0.01200453
0.01063387
0.00526596
0.04344143
-0.02789620
0.05458619
-0.19439808
0.03740221
0.01208927
-0.01178151
-0.05037143
-0.01386861
0.01060136
-0.01006885
-0.00432651
-0.03510086
0.08724707
-0.00803326
0.05371607
-0.03200194
-0.04499784
-0.00093127
0.04766382
-0.04428628
0.04814604
-0.00144543
0.05049224
-0.03514221
0.00856761
0.01372841
-0.01805770
-0.03010561
0.01308940
0.00210149
0.00477510
0.02398956
-0.04576821
-0.11075266
-0.02814836
-0.01366679
0.02751053
-0.03966303
0.04401019
-0.01361370
-0.02711835
0.01946878
-0.06813639
-0.02123265
0.06379435
-0.03546011
0.02900698
-0.01379629
-0.01231995
0.02837542
-0.09913237
-0.00256457
0.01626406
0.01464463
-0.06023275
0.02410473
0.05908516
0.03310581
0.01988433
0.04649837
0.00800288
-0.08107923
-0.00022348
-0.04169729
0.04457340
-0.04874707
-0.02430683
-0.07250679
-0.05123806
0.02690115
0.01742544
-0.00859303
-0.02017145
-0.08777153
-0.03897282
-0.01392147
-0.03402940
0.00334899
0.00249454
0.06827549
-0.02789824
0.02887623
0.04385474
-0.03566760
0.02433740
-0.02511589
-0.12983738
-0.00952358
0.01572916
0.00455571
-0.06356556
-0.06886235
0.01000734
-0.00301567
0.01825263
0.02699301
-0.08024871
-0.10230797
-0.02755677
-0.03196149
0.01087879
-0.00206533
0.02979555
0.02570562
0.04259096
0.00193006
-0.02921261
-0.04486172
0.06411121
0.00618275
0.02710102
-0.08061356
-0.00540447
-0.01596619
-0.05835070
0.00387213
-0.04522725
