-0.02664479
-0.01495844
-0.02308911
-0.03007237
-0.01181511
0.03780727
-0.00021967
0.02456341
0.02552599
-0.00120852
0.00788032
-0.00861873
0.01833232
-0.03743270
-0.02932870
0.00279398
0.00370538
0.01152602
0.01111028
-0.01658295
0.01057357
-0.00224679
-0.02351520
0.03115963
-0.01409114
-0.00573950
-0.00925002
0.01422676
0.00769412
0.00783945
-0.03733997
0.02039198
0.01666765
-0.01972355
-0.02064046
0.04326543
-0.00606015
0.02282672
0.02011880
-0.02732264
-0.01844271
0.00708735
0.02663865
-0.02038803
0.00314216
0.02492562
-0.02587121
-0.00439860
0.00592497
0.00552578
0.01656690
-0.05030229
0.01282644
0.01210578
0.01407681
0.00806140
0.01465950
0.00929633
0.48850879
0.03990868
-0.01167990
0.03189274
0.00025968
0.00333677
-0.00685505
0.03662560
0.01720060
0.01039237
-0.04197468
0.01337585
0.00375153
-0.01325273
-0.02446075
0.00400847
-0.03513677
0.00538699
-0.01844609
0.01047696
-0.02448543
-0.08777243
-0.00960929
0.00532469
-0.00147896
-0.00766896
0.08226120
0.01625329
-0.00700040
-0.01824928
0.00766199
-0.02730962
0.02080894
0.02273210
-0.05359184
-0.02051808
-0.00958437
0.00588856
0.01208927
-0.00173208
0.00177531
0.00957030
-0.00595537
0.00974291
-0.01059439
0.01518021
-0.00225727
0.02281066
0.01598884
0.01700321
-0.00269779
-0.00171629
0.00308778
0.01105950
0.02037324
-0.00793635
0.00985933
0.00036417
0.06688799
-0.01067021
0.00637260
-0.01448802
0.00703432
0.00217795
0.01729753
0.00447853
-0.01554919
0.00415197
-0.02352492
0.02056319
0.00568052
0.04435648
0.02809688
0.01130545
0.00933834
0.02438793
0.01655544
-0.00567810
-0.00814078
0.00869583
-0.03870425
0.02291284
-0.05145835
-0.00157705
0.00497478
0.02385512
0.02231438
0.00367949
-0.00583421
-0.00496814
-0.00873401
-0.00165826
0.01567048
-0.00573389
-0.01305400
0.01256888
0.00571686
-0.00430006
0.01281957
-0.03251188
-0.02465903
0.02188863
-0.00656605
-0.01379899
-0.03839926
0.00363188
-0.01166492
0.02651981
-0.01400623
-0.00822915
-0.01563022
-0.00159847
-0.00128490
-0.00595418
0.01655589
0.00566960
0.00802165
-0.01128130
0.03274819
-0.01423857
-0.03343220
0.00393355
-0.03224477
-0.02160404
0.00360447
0.00940591
0.03970169
-0.06525246
0.05635522
0.00077321
-0.00010382
0.02638503
0.00648941
0.00299384
-0.00085910
0.01992729
-0.03333459
-0.00023421
0.04478316
0.00500999
-0.05080666
-0.01372928
-0.01784469
-0.01959576
0.11873797
0.00528811
0.00990840
0.01452511
-0.00662226
0.01010213
0.00224547
-0.00094912
-0.04446240
0.00835502
-0.00190515
0.01645867
0.01345023
-0.03079765
0.00735452
0.02571669
-0.00772591
0.02549171
-0.03135118
-0.79265141
0.03254575
0.00063218
-0.00694620
0.00668708
0.03400815
-0.02080320
0.00307948
0.01946320
-0.02238052
-0.01984756
0.00907324
0.00850629
-0.01194353
0.00853033
0.00149298
-0.00828034
0.00649256
-0.02517789
0.01402878
-0.00314585
0.04852232
-0.00106229
0.01403597
-0.01289540
0.02324755
0.01964706
0.01719681
0.04013285
0.01258952
0.01437089
-0.01844130
0.00827999
0.02582799
-0.00954798
0.06038687
-0.06427550
-0.06219484
0.08508103
0.00235086
-0.06858513
0.06704625
-0.05994238
0.01502024
-0.06187860
0.18837982
0.03093811
0.02742450
-0.01803815
-0.01912457
0.01340806
0.05350501
0.08917692
-0.05038306
0.02687913
0.01091786
0.00375506
-0.09531192
0.07142750
0.05442066
-0.07932609
-0.00079715
-0.05552860
-0.09208060
-0.05629761
0.18982679
0.00097559
-0.02892950
0.00768696
0.10296807
0.02000585
-0.00619860
0.05407191
-0.03937443
0.01930126
-0.11082802
0.05844266
-0.00799088
-0.09602045
0.11638349
0.03790931
0.82041502
-0.10210482
0.01425574
-0.12712663
0.06691454
0.08713268
0.05952654
0.10748852
-0.07202038
-0.03763147
0.16717467
-0.03328880
-0.03179138
-0.04134990
-0.11128742
-0.04948503
-0.02671086
0.00813956
-0.04779834
-0.00814182
0.01598801
-0.08334260
0.04978636
0.01929855
0.02016280
0.07203905
-0.03021954
0.02522423
-0.00427743
0.05278067
0.01779673
0.01883129
0.04522897
-0.00559560
-0.02804256
0.02749244
0.05421478
-0.02624521
0.02034129
0.01460088
-0.07260837
-0.00150306
0.04818430
-0.00037860
-0.00725978
-0.01171936
0.01210582
-0.04657452
0.00382440
0.06593411
-0.02082083
-0.00984963
-0.00969034
0.02084667
-0.00936363
-0.03813713
0.06444152
-0.05852657
-0.03653525
-0.00077983
0.07098828
-0.03961621
-0.01890440
-0.00811886
0.01397699
-0.05245573
-0.09035569
-0.00136793
-0.00792741
0.06490340
0.01481986
0.01685391
0.07641526
-0.01563266
-0.03845447
-0.00647878
-0.01722958
0.02836996
-0.00804667
-0.02242387
-0.07436304
0.02466907
0.02646759
0.03064516
0.02181386
0.02677834
0.03434885
-0.02447594
-0.04051885
-0.07179247
-0.05495120
0.05413350
0.02289052
-0.05907055
-0.05155540
-0.08375072
0.02026754
-0.00352650
-0.03353702
0.01440813
0.06166507
-0.00730509
-0.00881045
0.05990826
0.01327567
-0.04911094
0.01953906
-0.02713378
-0.13967964
0.00434796
0.02722603
-0.05289829
0.09273226
0.00645243
-0.01298969
-0.03736870
-0.00560427
-0.01056270
-0.00149404
0.00263739
-0.13336046
-0.08284865
0.02028797
-0.02327543
-0.05652810
-0.00867822
0.03372543
-0.03389998
0.05016281
0.03406596
-0.00725557
0.01218366
-0.04481635
-0.01334619
0.03204306
-0.04439531
-0.02727780
0.02737022
-0.02311968
-0.01887281
0.00220577
-0.05839374
-0.09815419
0.02402452
0.05322550
-0.10742710
0.04477147
0.04522036
-0.05253680
0.00142062
0.08279723
-0.00368093
0.00605320
-0.06662683
0.01811142
-0.00224523
-0.03062656
0.00852789
0.01283781
-0.00308732
-0.03516634
0.04527122
0.03684694
-0.01262216
-0.08184305
0.01633754
0.02984317
-0.03052990
-0.02644591
-0.02822396
0.04402304
-0.04909489
0.02149107
-0.03646185
-0.02899767
-0.05773441
0.06521889
-0.05258483
-0.05373462
-0.05371263
0.00074944
0.00324271
-0.01134391
-0.00042055
-0.00517838
-0.04604087
-0.04897381
0.00065754
0.07056992
-0.08514377
-0.04737614
0.04741286
-0.05999640
-0.00300903
-0.07144840
-0.01118150
0.00871480
-0.00334305
-0.04884850
0.01989755
-0.03983573
-0.00126388
0.07144069
0.05739656
-0.02637299
-0.05654659
-0.01994785
-0.00230207
0.02037799
-0.01882838
0.01608787
-0.01142563
-0.01139485
-0.04448217
-0.00778204
0.02371709
-0.01228829
0.04598812
0.00511658
0.02458548
-0.01577887
-0.08616848
0.03801443
-0.12496353
0.07827809
-0.02180198
0.02722280
-0.00543232
0.00233408
0.01536376
-0.07402653
0.03399199
0.12194174
-0.05915409
0.01772027
-0.01922128
-0.03317896
0.02224175
0.04017565
-0.02310760
-0.01384971
0.03744403
-0.05151812
0.08698080
-0.03730517
-0.00183952
0.01628902
-0.00522809
0.03118323
-0.04193230
-0.02684911
-0.02132402
-0.03770858
0.04048169
-0.01468473
-0.01054909
0.02183680
-0.02277235
-0.12580378
-0.02404185
0.04394661
0.07092279
0.02018262
0.03745881
-0.00976617
-0.01211147
0.03432803
0.03293752
-0.01246428
0.01970931
0.00351998
0.02324338
0.00380221
0.03447004
-0.06539953
-0.03058127
0.00906500
0.01758241
-0.04353293
0.09212686
0.01692478
-0.04704523
-0.00954656
-0.06166119
0.01257458
0.03294178
-0.05886092
0.01984523
-0.00555312
-0.04776627
-0.00030769
0.01664598
0.00546458
0.01761398
0.05505760
-0.04007513
-0.00611570
0.00028833
-0.03737638
0.00604678
-0.04155812
0.07083791
-0.03587511
0.01663659
-0.04936521
0.03112054
-0.04540271
-0.02392482
0.00124191
-0.04731258
-0.02922755
-0.00620752
-0.05996939
0.02849229
0.03811862
-0.00819330
0.00531976
-0.00624635
-0.04982409
0.03715077
-0.00162396
0.02007646
-0.07178099
0.01583592
0.00954520
-0.02240215
0.05369734
0.05475319
-0.09756881
0.02271526
-0.05854122
0.01032241
-0.01472665
0.07634176
0.02387238
-0.01250955
-0.01934013
0.01251447
-0.13265769
-0.04986253
-0.00002524
-0.07598611
-0.12657656
-0.00191533
-0.03840811
0.04418238
0.09494295
0.03151159
0.02724057
0.01414122
-0.00035694
-0.04980198
0.00944462
0.02369005
0.02213095
-0.01274077
0.01774506
-0.00152623
-0.01965623
0.03325032
0.01326664
-0.06731139
0.00734347
-0.01228430
0.02885570
0.02986647
0.06439606
-0.06366013
0.00256365
0.00999785
-0.05669368
0.02913281
0.06123902
0.00751911
-0.07886878
0.00942691
-0.02228045
-0.02629588
0.05525745
-0.03721476
0.03591927
-0.03100005
0.05907400
-0.02308540
0.04825152
0.02942312
-0.06962327
0.02303478
0.06737618
0.06174779
0.01699770
-0.02964423
0.03654734
0.01394438
0.00796290
0.00531727
0.00080478
0.02112055
0.07222281
-0.03727119
0.06444566
-0.01626947
0.00594189
-0.00226672
0.02045241
0.00202616
-0.05938278
0.06128970
-0.04997116
-0.01373230
0.04349057
-0.02840126
0.01335103
0.02295977
0.00736974
-0.21337721
0.06614696
0.00952961
-0.02336967
-0.11081067
-0.01688222
-0.00646413
-0.03158765
-0.01043727
-0.02477316
0.04550517
-0.02675369
0.03047031
-0.05342313
-0.05753199
-0.01657205
0.03899697
-0.04508536
0.03620128
-0.02450892
0.05905258
-0.01612145
0.00646754
0.01084215
-0.02438073
-0.02226079
0.00969086
0.01426211
0.01984542
0.02866442
-0.04950772
-0.11680447
-0.00710524
-0.01105446
0.04159667
-0.02068227
0.04579255
0.00720668
0.01182111
0.02112462
-0.06397832
-0.01507216
0.06353104
-0.04533383
0.02329059
-0.04831707
-0.01365854
0.00911781
-0.11821477
0.00155613
0.04246584
0.01470870
-0.03469805
0.01812007
0.06069627
0.07238005
0.03425854
0.07022134
0.01593264
-0.04783840
0.02160058
-0.02126327
0.06303371
-0.04002606
0.03114844
-0.06458197
-0.02824215
0.02423524
0.00179082
-0.00872417
-0.01843599
-0.06475834
-0.03874591
-0.01854114
-0.02883834
-0.01054050
0.02468745
0.06380277
-0.03466724
0.03231490
0.05049297
-0.05792434
0.03664731
-0.03491826
-0.18315658
0.02186292
-0.03139960
-0.04114707
-0.07166611
-0.10698389
0.01376871
-0.00292768
-0.01290570
0.03730436
-0.05634517
-0.08613823
-0.05574932
-0.01599201
0.04809418
0.01079460
0.02220709
0.02617150
0.03043863
0.02889355
-0.01680642
-0.05592958
0.02990179
0.00787058
0.03341072
-0.08549784
0.03069025
0.01661840
-0.05367507
0.03440423
-0.03305072
