0.00803384
-0.01049681
0.00176717
0.00178830
-0.00843271
0.03171852
0.02752077
0.07527228
0.08850848
0.01004864
-0.02804168
-0.01721167
0.01245510
-0.02468611
-0.03078852
0.00305612
-0.00905380
-0.00779193
-0.11819980
0.01788295
0.01837657
0.03016444
-0.05186135
-0.01959134
-0.00545485
0.02012151
0.01834324
-0.00889564
-0.02154403
0.01623523
-0.21590386
0.00252085
0.02187265
0.00262010
-0.00533443
0.07570364
-0.04382617
0.01707959
-0.03074686
-0.13109148
-0.01514413
-0.00727249
0.04926924
-0.04451793
0.00548145
0.01107172
0.02910018
-0.00258554
0.02893322
0.00192012
0.04103830
-0.06238174
-0.11325266
0.01975134
0.01381609
-0.00643914
-0.00916781
0.00929394
0.32749441
-0.02385780
0.00142541
-0.01828118
-0.02583982
-0.00622986
0.01088021
0.00282751
-0.00397450
-0.01234830
-0.00887490
-0.03407761
0.02282730
-0.00489057
-0.04466811
0.01013558
0.01255268
-0.02610227
0.00599272
0.08434731
-0.01090108
-0.03977003
-0.01235263
0.00910274
0.02533529
-0.09098718
0.07458281
0.01028544
0.00074712
0.00905496
0.01277210
-0.01267992
0.00927729
-0.02371192
-0.02954534
-0.01577395
-0.00201354
0.00017609
0.00138202
-0.00946262
-0.07987937
-0.00057547
0.01634454
0.04514410
-0.00781556
0.01614405
0.00823057
-0.00179512
-0.05165541
0.00503149
0.00793782
0.00123622
-0.01737299
0.01214774
-0.03861989
-0.00514059
-0.00266215
0.00360707
0.03589199
-0.03494000
-0.00289257
-0.00640287
-0.00681794
-0.00738581
-0.03692070
0.00154681
-0.01901407
0.01346774
0.02300058
0.00162412
0.01367391
0.10738995
-0.04005903
0.02593303
-0.00241050
-0.00250571
0.09370255
-0.03940890
-0.12721543
-0.02515556
-0.09823719
0.00376389
-0.10290597
-0.00031530
0.00918417
-0.01942422
0.01354106
-0.09098234
0.00698360
-0.01592048
-0.01928816
-0.00492558
-0.04128696
0.00795583
-0.03707813
-0.06638634
0.01257513
0.02277973
-0.06894533
-0.01332103
-0.04613683
0.01621165
-0.01314243
-0.01418316
0.02652381
-0.01455834
-0.00828886
-0.02806761
0.01965290
-0.00495605
-0.00728640
0.01408333
-0.00508082
0.00726409
0.00877158
-0.00153502
0.03717410
0.00776807
0.02296104
-0.00083159
-0.05238272
-0.01255619
0.00474411
-0.01416076
-0.00764055
0.02712787
-0.01069190
-0.09970190
-0.14440987
0.01419138
0.00444495
0.06236744
0.10808721
0.01119648
-0.01824062
0.00792106
0.02963878
-0.04725257
-0.00755094
-0.00949821
-0.22390340
-0.04260230
0.07747173
-0.00230860
0.06492282
-0.05427399
-0.03276658
0.00807191
-0.00752459
0.01173955
-0.00568361
0.02363066
-0.07990997
-0.00458401
0.03958886
-0.00099526
0.00958093
0.03271537
-0.00798024
0.03704166
0.00356653
0.02576813
-0.07538998
-0.66036546
-0.00256957
0.00986178
-0.00367935
-0.01138225
-0.08012693
-0.01819828
-0.00693929
-0.01059008
-0.02817739
-0.02164588
0.01464368
0.01922094
0.02249413
-0.02731064
-0.03806648
0.00719081
0.00841836
-0.00159158
0.02623005
0.01395865
0.07493864
-0.08046702
0.02035259
-0.00026078
-0.00406665
0.09792576
0.01953454
-0.02158781
-0.00515570
0.03062097
-0.02451108
-0.00210664
0.01716046
-0.00634641
0.10040849
-0.02374598
-0.05310842
0.07968339
0.03038654
-0.14772360
0.00803163
-0.06732511
0.02268654
0.00637839
0.10854102
0.06859088
0.00922249
0.04931280
-0.14148596
-0.02855857
-0.02034488
0.03866923
-0.02767162
-0.02259542
0.06792673
0.04308945
-0.23242566
0.02130340
0.07093251
-0.09659906
-0.05488320
-0.09736857
-0.07253832
-0.09184947
0.14837338
0.01817902
-0.06921664
0.09774099
0.01070592
0.15329534
0.04971037
-0.00389047
-0.04116042
0.00132878
-0.01519272
0.02515917
-0.05799331
-0.06667003
0.03870112
0.03140355
0.80718696
-0.08148456
0.13477251
-0.01275199
0.03300421
0.07385282
0.04369816
0.03128043
-0.03471306
-0.09156878
0.07639743
0.02855041
-0.00209968
0.05170567
-0.12529249
0.09968153
-0.01341441
0.03795090
-0.05593343
-0.00289237
0.03816722
-0.04582220
0.05939311
0.02998384
0.00589484
0.10045940
-0.07732427
0.03351363
0.02333673
0.03176169
-0.00993855
0.01775007
0.04688070
-0.00482736
0.00368925
0.05208196
0.03515244
-0.03968257
0.01171820
-0.00251875
-0.08200344
0.01976767
0.05293857
0.01048483
-0.04888245
-0.04190296
-0.01193651
-0.04376485
-0.02213825
0.05968783
-0.04523098
-0.01693449
-0.02677148
0.03862635
-0.03371312
-0.01469829
0.06276041
-0.03042876
-0.04651095
-0.03290283
0.05322012
-0.05145284
-0.03825429
-0.01596544
0.03192749
-0.02860508
-0.07294859
0.00462240
-0.03760634
0.04480831
-0.00300422
0.01558771
0.04729651
-0.00861457
-0.01625562
-0.00061754
-0.01102014
0.01034616
0.01375109
-0.01826236
-0.06862067
0.02810216
0.02182613
0.02079819
0.01932360
0.05129537
0.04556718
-0.02420746
-0.03542141
-0.05960966
-0.04215368
0.06169783
0.02825946
-0.03973543
-0.03915238
-0.08027095
0.01994545
-0.00648452
-0.04320710
0.02779243
0.10458336
-0.00476117
0.01219471
0.04115685
0.01663854
-0.05575657
0.06260263
-0.02474948
-0.12545170
0.00016001
0.04539095
-0.04592405
0.10148083
0.03325119
-0.00616287
-0.01776905
-0.02257532
0.00715753
0.01813645
0.00704286
-0.13971686
-0.03654128
0.02754130
-0.04210398
-0.02573845
0.00906721
0.03240861
-0.02795356
0.01208470
0.04113182
-0.01118271
0.04808961
-0.02899888
-0.04136440
0.02069416
0.00255674
-0.01548015
0.01384888
-0.05708477
0.00338273
0.00011551
-0.03724344
-0.07731598
-0.00591220
0.03943555
-0.15495858
0.06750970
0.02373609
-0.01340841
0.00819223
0.05665812
-0.02389085
0.00932993
-0.03056449
0.03764327
0.00383349
-0.04700909
-0.00264002
-0.04482315
0.01733566
-0.03653076
0.06361722
0.05210349
0.00166581
-0.08818012
0.01818389
0.01511586
-0.05323717
-0.03871387
-0.01766303
0.04296764
-0.06327333
0.02488390
-0.06464311
-0.02992664
-0.04200852
0.08182411
-0.08156861
-0.06749241
-0.08597986
-0.00792866
-0.01851666
0.00660292
0.02995508
0.02200564
-0.06079866
-0.00870507
0.00597910
0.07609630
-0.06576953
-0.04612598
0.02809996
-0.06076654
0.00592938
-0.02942012
-0.01481175
-0.01868632
0.03012024
-0.07723084
-0.00053285
-0.02746746
-0.00132372
0.06817546
0.05166315
-0.02928985
-0.01724897
-0.00928104
-0.02535238
-0.00561260
-0.06089195
0.02486175
-0.01262804
0.02504468
-0.02829949
-0.00137271
0.02867024
-0.01506567
0.04125168
0.02486878
0.04442726
-0.01572122
-0.07805882
0.05019049
-0.12685585
0.08724448
-0.04102484
0.02520782
-0.00071160
-0.00406609
0.01113012
-0.05174144
0.01642551
0.09739532
-0.05066437
0.01245923
0.01485388
-0.01430347
0.01791790
0.05464953
0.00896895
0.01972019
-0.01023419
-0.03972730
0.05104684
-0.03234876
0.00760315
0.01169581
-0.01573595
0.00458077
-0.05504724
0.02017507
-0.03405505
-0.04884900
0.00775319
-0.04534438
-0.01067724
0.02356936
-0.02153172
-0.11143508
0.00178944
0.02541890
0.06228329
0.00481167
0.05309267
0.00145113
0.01426335
0.04656560
0.03078637
0.02283460
0.01308465
0.00526246
0.00633404
0.05326789
0.00539739
-0.05475110
-0.05300393
0.03254831
0.01709620
-0.02092673
0.07125900
0.04047665
-0.04083046
-0.01966609
-0.06064829
-0.00175012
0.02322189
-0.06283023
0.01472733
-0.01668597
-0.03382844
0.01058751
-0.00275032
0.01801573
0.05527049
0.06228383
-0.04222914
-0.01413567
0.01843671
-0.00424957
-0.03292769
-0.02083331
0.03558565
-0.00807634
0.00238592
-0.04998546
0.02602969
-0.05206137
-0.02391090
-0.00991444
-0.06352905
-0.02530676
-0.03035023
-0.10212173
0.03086295
0.02688496
-0.03750299
0.00015094
0.02214645
-0.03921398
0.04813396
0.00201589
-0.00520358
-0.09364250
0.00917817
0.01357503
-0.02225338
0.04125938
0.01470190
-0.09099659
0.08453767
-0.06892294
0.02575063
-0.01231714
0.07046084
-0.00903335
0.00406319
-0.03410514
0.01281376
-0.10696775
-0.02463944
-0.02149176
-0.04122184
-0.10390627
0.02245830
-0.04497012
0.04561955
0.08686271
0.03050222
0.03326192
0.01971461
0.00103491
-0.07204410
0.00401889
0.03802466
0.00596158
0.00216561
0.05224729
0.02871676
-0.03281514
0.03168127
0.03748178
-0.06741919
0.03014957
0.00256664
0.00652657
0.01810183
0.07353219
-0.05343502
-0.01372328
-0.00129110
-0.04064398
0.03257852
0.06735577
0.01576621
-0.10751596
-0.03050399
-0.00288342
-0.01833097
0.02833462
-0.01645102
0.04900667
-0.04586452
0.03928545
-0.02849437
0.02585869
-0.00064787
-0.08362807
-0.02016721
0.05369403
0.08572005
0.03052445
-0.02924552
0.03094099
0.01093583
0.01316950
0.00660926
0.02170092
0.02473934
0.07859140
-0.03507034
0.00911721
-0.02249688
0.03340582
-0.01676168
0.01191999
-0.01085875
-0.02684430
0.05216112
0.03632586
-0.02288013
0.04024072
-0.00382106
0.03747196
0.01134558
0.02896531
-0.18895935
0.04872646
-0.00057581
-0.00091439
-0.08315461
-0.00984406
0.00503097
0.00012810
-0.04054990
-0.02951060
0.04104125
-0.02660859
0.02972100
-0.05679834
-0.02927136
0.03412383
0.06878995
-0.05536611
-0.00917883
-0.00610075
0.06513502
-0.02807780
-0.00896602
0.03261752
-0.03882750
-0.06749076
0.03372305
-0.01166579
-0.00604413
0.03598178
-0.02225868
-0.07290796
0.00619330
0.01915525
0.03229619
-0.02320780
0.02754623
-0.01967007
0.00571287
0.02383446
-0.06185080
-0.00851745
0.07513498
-0.01011763
0.05581187
-0.00823580
0.01390679
-0.01912213
-0.10362508
-0.00156111
0.03038484
0.03859897
-0.07944860
0.01771341
0.06846127
0.03398614
0.04517053
0.09832951
0.00737565
-0.08073986
0.02928877
0.00548687
0.07734508
-0.06530283
0.00424908
-0.03219409
-0.03725534
0.03410082
0.03365070
-0.03838062
-0.02164967
-0.08244797
-0.04774395
-0.00068462
-0.03673064
0.00266644
0.00565756
0.06334659
-0.05468066
0.01103337
0.06934179
-0.05960785
0.00526866
-0.01135446
-0.11705744
0.01769678
-0.02214230
-0.01153665
-0.08068779
-0.10060569
0.02203179
-0.02998460
-0.00908358
0.05741516
-0.08084486
-0.07261394
-0.06067874
-0.05706338
0.03323359
0.01718274
0.03200692
0.01755882
0.04557625
0.00112192
0.00648601
-0.05488121
0.07148486
0.00386103
0.06547904
-0.08602006
0.03672761
0.02439092
-0.07296219
0.01041789
-0.02592933
