0.02374598
-0.01122041
-0.02124394
-0.00544616
-0.00537993
0.03304551
0.02895636
0.06460141
0.07145520
0.00400651
-0.01814918
-0.02796261
0.01448953
-0.04644610
-0.04237935
0.00807757
-0.01744067
0.00522286
-0.09694351
0.00742826
0.01257239
0.01604064
-0.03697628
-0.00641185
0.00085692
0.00604734
0.02119890
-0.01485201
-0.03643282
0.00121707
-0.17221847
-0.00088871
0.02519533
-0.00437301
-0.01139682
0.07382845
-0.02655854
0.02194995
-0.03451156
-0.10049921
-0.02455258
-0.00712143
0.03233167
-0.04375703
-0.00377191
0.00472828
0.01714813
-0.00711524
0.02605101
0.00651335
0.02695792
-0.06015152
-0.09496101
0.03704172
0.03162084
-0.00465159
-0.01644525
0.01500617
0.34770554
-0.01008180
0.01095625
-0.01692343
-0.01869911
0.00961040
-0.00175338
-0.00491728
-0.00301975
-0.00629138
-0.01775137
-0.03731026
0.01225055
-0.01326109
-0.05283451
0.01202162
-0.00984709
-0.02947848
-0.00006017
0.06650975
-0.00913434
-0.03692808
-0.01875856
0.01352337
0.03873439
-0.08858782
0.07674292
0.01549736
-0.01567694
0.00081295
0.02104885
-0.02396884
0.00705749
-0.03605601
-0.03294399
-0.02787302
-0.01114738
-0.00544271
0.00481954
-0.00770612
-0.06371610
0.00520494
0.03102731
0.04087127
-0.02803767
0.01508444
0.01744103
-0.00537427
-0.03597818
0.00532971
0.00755878
-0.00681738
-0.02401060
0.00688836
-0.03192387
-0.01706414
0.01309995
0.00068101
0.04904211
-0.03463352
-0.00103708
0.00877727
0.00606704
-0.00739262
-0.02178983
-0.00927940
-0.01461105
0.01205877
0.02733332
-0.00309549
0.00580210
0.08364663
-0.02828855
0.02272558
0.00593943
0.01024250
0.08137184
-0.03796285
-0.11734115
-0.03281541
-0.08266075
0.01117458
-0.09202252
0.00734347
-0.00279099
-0.01332674
0.00837721
-0.06600676
-0.00185060
-0.01435927
-0.01444063
0.00217024
-0.03134599
0.01797431
-0.02972456
-0.05190534
0.01350654
0.02576171
-0.06941025
-0.01247323
-0.04086524
0.01156936
-0.01976324
-0.00195562
0.01883319
-0.01099775
-0.02048013
-0.03010321
0.02165039
-0.01588792
-0.01361288
0.00734747
-0.00589308
0.00853344
0.01045263
0.01172074
0.03849872
0.00455621
0.02934244
-0.00698277
-0.04172435
-0.01644540
-0.00717506
-0.00230420
-0.00630223
0.01946663
-0.00580919
-0.07421008
-0.11591656
0.01699212
0.00077570
0.06568038
0.06788737
0.00826319
-0.02790995
0.01595878
0.01507833
-0.05543337
-0.01164615
-0.00920412
-0.21003805
-0.03829286
0.07767202
-0.00146704
0.06262115
-0.06844768
-0.04727462
0.01603368
-0.00706365
0.01794026
-0.01362566
0.03462337
-0.07886085
-0.00882977
0.03531876
0.00744506
-0.00138413
0.01507210
0.00024221
0.04696798
-0.00026032
0.05255646
-0.08391595
-0.71105105
0.01209243
0.01574692
-0.01209126
-0.02492530
-0.06155033
-0.02582320
-0.00502991
-0.00571282
-0.04285260
-0.00326536
0.00170652
0.02254225
0.01728892
-0.01387062
-0.02940782
0.01370035
0.00543948
-0.00662191
0.01623481
0.00874266
0.06922119
-0.08450562
0.01073426
-0.00445774
0.00570322
0.08040168
0.00542279
0.00154050
-0.01149374
0.04171168
-0.02888234
0.00302421
0.02994743
0.00088480
0.07088717
0.02919594
-0.01479496
0.06302565
0.01783110
-0.01356500
-0.05810581
-0.12720299
0.05942724
0.01484965
0.01608498
0.13139823
-0.00133471
-0.04572495
-0.01464313
-0.03289455
0.01452306
0.01989945
0.04110500
-0.02368836
0.13509482
0.03193987
-0.04447401
0.13637871
0.10369816
-0.04391943
0.00184558
0.00876722
-0.02399470
-0.03920409
-0.00668060
-0.01835446
-0.06079866
0.01376622
-0.01651996
-0.02774099
0.10487272
0.01089614
-0.09454699
-0.05760653
-0.05760739
0.09139926
-0.01209353
0.04095273
-0.06784029
0.01492331
0.87093455
-0.00295669
0.06428660
-0.03855351
-0.00161848
0.16207996
0.00851915
-0.00570203
0.03863174
-0.14012782
-0.01460657
-0.00890996
0.06766189
0.14007849
0.04735191
-0.02215431
0.00020078
0.04164831
-0.03917256
-0.01060510
0.04520854
-0.05588207
0.05810478
0.02825336
0.01084112
0.07234687
-0.06568329
0.03220569
0.02188107
0.03774611
-0.00149429
0.03639014
0.06017138
-0.00228149
-0.00117851
0.06281020
0.03345528
-0.02711951
0.02106450
0.01173334
-0.06825527
0.02234622
0.04733505
0.03461341
-0.04832598
-0.02248406
-0.00600325
-0.05529536
-0.05041984
0.06547482
-0.05338652
-0.02475464
0.00945160
0.02281452
-0.03028230
-0.02427833
0.06758410
-0.02399584
-0.06533428
-0.02455181
0.06259974
-0.05051825
-0.01932608
-0.01898989
0.03008346
-0.04134861
-0.07604007
-0.01706916
-0.01862357
0.01084983
-0.02519806
0.03131643
0.04499592
-0.00505036
-0.00766016
0.01507391
-0.01096912
0.00632888
0.02115146
-0.02040933
-0.07477576
0.02098822
0.01472971
0.01786786
0.04068783
0.04570788
0.04838604
-0.00371441
-0.06281716
-0.06657781
-0.04569552
0.05481743
0.02201627
-0.04118887
-0.04547109
-0.08191563
0.00948863
-0.01444446
-0.04157241
0.02842151
0.13191214
0.01060335
-0.01336744
0.04123562
0.00076132
-0.04082017
0.02919333
-0.03309193
-0.09713351
-0.00127495
0.04591696
-0.05517569
0.10712710
0.03286673
-0.00463029
0.00343465
-0.05468920
0.01312028
0.03245215
0.02590748
-0.15708458
-0.04025241
0.02586723
-0.02717987
-0.03364364
-0.00981245
0.01266689
-0.05059047
0.02997600
0.02036213
-0.02179872
0.04641358
-0.02481626
-0.05429153
0.01288422
0.00501241
-0.00536557
0.01320949
-0.04965155
-0.00640933
-0.00394989
-0.03913967
-0.06383095
0.00774023
0.04603133
-0.15536970
0.06086056
0.03796178
-0.00870145
0.00694938
0.07722707
-0.01163995
-0.00615612
-0.03850861
0.02663152
0.00611194
-0.03026671
-0.01191570
-0.03914695
0.00786184
-0.03393151
0.04389039
0.03712297
0.00315810
-0.07935405
0.00362481
0.01836021
-0.03995601
-0.03255919
-0.00761398
0.02799404
-0.06979629
0.03380897
-0.06026996
-0.03034849
-0.03102124
0.06775732
-0.07852601
-0.04370207
-0.07887626
0.01424539
0.00146873
-0.00285166
0.03142548
0.02732783
-0.05457358
-0.00559705
-0.00350882
0.06707824
-0.05873615
-0.02773128
0.02654199
-0.06194887
0.01100079
-0.03043723
-0.02186883
-0.03427294
0.01798433
-0.05046905
0.00193202
-0.03455068
-0.01780183
0.06555927
0.05919268
-0.04426544
-0.02851210
-0.01797890
0.01086477
-0.00839401
-0.03407808
0.01203232
-0.01524891
0.03386641
-0.04731228
0.01696362
0.00676313
-0.01621942
0.02564106
0.01970633
0.04210842
-0.01198352
-0.08304945
0.03825448
-0.12793903
0.07892518
-0.02849986
0.03609128
0.00411702
0.00621327
0.00116237
-0.07354412
-0.01071576
0.07375608
-0.03569390
0.02773644
0.01478033
-0.01120747
0.03240020
0.06651198
0.00334289
0.01940889
-0.02107066
-0.05239530
0.05066426
-0.03000137
0.02804090
0.00553576
0.00648628
0.00652282
-0.06337732
0.00941314
-0.01611129
-0.05872706
0.01877289
-0.03978725
-0.01738856
0.01070758
-0.02156291
-0.08216944
-0.00168783
0.02779020
0.06230382
-0.00010595
0.03267168
-0.00426940
0.01906886
0.01813208
0.02165079
-0.00142830
0.02125406
0.00277661
0.02069285
0.02337024
0.01739075
-0.08209469
-0.05120733
0.02953974
0.00824170
-0.04331276
0.06649267
0.05328348
-0.04043192
-0.03311753
-0.06486863
-0.00053270
0.01155415
-0.05297748
0.02319194
-0.02160181
-0.01810483
0.01678254
-0.00481622
0.01168175
0.04135757
0.05430827
-0.04977595
-0.00418448
0.00905825
-0.00412186
-0.04550653
-0.03168010
0.02894574
-0.00340314
0.02459106
-0.06239426
0.01912650
-0.05357248
-0.01669166
-0.00877191
-0.07558867
-0.03391927
-0.03663903
-0.08948082
0.02123965
0.03997072
-0.02606080
0.00802335
0.01626422
-0.05415851
0.04236931
-0.01342640
0.00705248
-0.06063372
-0.02170286
0.02810530
-0.01174241
0.02987267
0.02461413
-0.07394695
0.10155470
-0.05674332
0.02569302
-0.00605252
0.07390534
-0.00862292
0.00093076
-0.03480992
-0.00105055
-0.09098703
-0.01429910
-0.02632187
-0.02653587
-0.10027698
0.01876317
-0.03146055
0.06138761
0.07712910
0.04175662
0.01138992
0.02465941
0.00984701
-0.06378178
-0.00495120
0.05647917
-0.01306812
-0.01163955
0.02507565
0.02798302
-0.03055178
0.04792937
0.03414163
-0.07966511
0.03048165
-0.00846762
0.02621908
0.02609063
0.07214010
-0.05228340
-0.00834796
0.00373778
-0.02829036
0.01713846
0.05935061
0.02403633
-0.10450944
-0.01698742
0.00191726
-0.01340858
0.01446328
-0.02954159
0.04930677
-0.04968534
0.05167987
-0.02312083
0.03118281
0.01110285
-0.07791521
-0.03422536
0.05563106
0.06214778
0.02235734
-0.03731181
0.05215891
0.02130795
0.01330003
-0.00522943
0.00469551
0.01715116
0.07123710
-0.05108785
-0.00102151
-0.02552833
0.04632549
-0.00002815
-0.00127881
-0.00456970
-0.00302052
0.05108274
0.04094149
-0.03936043
0.06373427
-0.01308387
0.01167670
-0.00412123
0.01788649
-0.21300317
0.04970872
0.00896982
-0.00259374
-0.09712191
-0.02220598
0.00542326
-0.00540329
-0.02544197
-0.01670082
0.01896176
-0.02384186
0.01329838
-0.08513775
-0.02683172
0.00333433
0.06278981
-0.06740215
0.01013277
-0.01468896
0.05957288
-0.05752002
0.00396862
0.03276195
-0.06579331
-0.05840684
0.02540862
0.01289777
-0.00132127
0.03321380
-0.03113118
-0.08047064
0.00923309
0.00900134
0.01154494
-0.01883269
0.03340246
-0.02538060
0.01926089
0.01898781
-0.05132027
0.00298151
0.07574692
-0.00036542
0.07568573
-0.00764942
0.01684865
-0.02039921
-0.09965130
0.01551436
0.04062353
0.03574603
-0.10851191
0.02823165
0.06585987
0.03963936
0.03432415
0.10490610
0.01393458
-0.06915369
0.01782371
-0.02446147
0.06787080
-0.06968503
0.00841509
-0.00282057
-0.03879599
0.05442758
0.03168138
-0.03070979
-0.01894513
-0.07894488
-0.03588235
-0.00258500
-0.04376394
-0.00055025
0.01220964
0.06587119
-0.06158892
0.00426313
0.06688337
-0.06336030
0.00918528
-0.01844904
-0.12317833
0.02115065
-0.04275113
-0.02468489
-0.08784802
-0.07602952
0.04965507
-0.01992235
-0.01078090
0.05118267
-0.07522956
-0.08276761
-0.05844625
-0.07306673
0.04243039
0.01148308
0.06883217
0.02826196
0.03455543
0.01186420
-0.00521439
-0.05117187
0.07596871
0.02915748
0.05293172
-0.08406283
0.04377165
0.01439932
-0.07538854
0.00221687
0.00604857
