0.00561877
-0.00074912
-0.03460276
0.00816617
-0.00863506
0.04209834
0.00715133
0.02627422
-0.01876372
-0.00089783
-0.00740668
-0.02062641
0.01680945
-0.00524497
-0.01265180
0.00409074
-0.01125756
0.04288305
-0.07868540
0.00282890
-0.00445705
-0.03583327
0.04677634
0.01096471
0.00315217
-0.01324758
-0.00480135
-0.01245313
-0.00216390
0.01057622
-0.05151108
0.01445568
0.01915585
-0.00970804
-0.00719250
-0.00971499
0.02353996
0.01850390
0.00236450
0.02658332
-0.03023881
0.00583621
0.03758893
0.00142593
0.00490777
-0.00182423
0.00094626
-0.01151246
-0.00500282
-0.00287518
0.03937917
0.03090794
-0.02578364
-0.00983104
0.03312381
-0.00361809
-0.00768066
0.00872532
0.45840120
0.01962094
0.01765238
-0.01606295
-0.00658917
0.02336156
0.00847232
0.01211866
-0.01351106
0.01150638
-0.08270742
-0.02062781
-0.00227762
0.01101009
-0.01310627
0.01424506
-0.08136202
-0.00089422
0.02179586
-0.01768490
-0.01820797
-0.14224486
-0.01885883
-0.00829424
0.00993103
-0.04244905
0.00623854
-0.02313336
-0.02091968
-0.03353404
0.00945377
-0.03806717
-0.01554835
-0.03839156
0.02677669
-0.03288258
-0.01689880
0.00262154
-0.01279352
0.00007357
-0.01124405
-0.00215023
0.00387630
0.00789537
-0.01872875
0.00387642
0.01050591
0.00366560
-0.00068962
0.01853307
-0.00289660
0.00718754
-0.01403752
0.00603490
0.04328314
0.00268176
0.02410922
0.00916017
0.05191427
-0.01477808
-0.02096898
0.00718455
0.01384139
-0.00058026
0.01026908
0.00257572
0.00455058
0.00539422
-0.02816636
-0.01004613
0.02485492
0.00177236
0.04733007
0.02983890
0.01967453
0.01339130
-0.00261297
-0.02600981
0.01257091
-0.02202888
-0.02114655
0.01228208
0.07618857
0.02212143
0.01046943
-0.00082102
0.02507185
-0.11449832
-0.00645491
-0.00802971
-0.00089056
0.00780096
0.01744650
0.01834327
0.03369070
0.00203848
0.01204831
-0.03470301
0.01159623
-0.00737681
0.02531979
0.02098979
-0.01578745
0.11263393
-0.05866262
-0.00513390
-0.00402853
-0.04422167
0.01281011
-0.01710869
-0.01590205
0.00879357
-0.01322632
-0.00168631
-0.00027088
0.03176790
0.02427750
0.00527326
0.02506150
0.00054170
0.00007831
-0.00450650
0.02141997
-0.00341412
-0.00186538
-0.02060433
0.03147704
-0.14181782
0.12594315
0.02017932
-0.00006421
0.02474398
-0.06864035
-0.02405496
-0.02853448
0.01602998
-0.00901973
-0.02532334
0.01118344
-0.00437279
-0.02703856
-0.01289436
-0.02191320
-0.02028879
0.04755044
0.00238636
-0.00287585
0.00891600
-0.00561437
0.03888872
0.00155166
0.08171164
-0.00953279
0.00347155
0.00919016
-0.00212922
0.00394259
-0.02560266
-0.01272143
0.05363055
-0.00648692
0.01813255
-0.02610491
-0.75014633
0.02166938
0.03374372
0.00384206
-0.01138836
0.02011674
-0.00586797
0.01530186
0.02238617
-0.00967075
0.02641297
-0.01142889
0.01555703
-0.04807011
0.01561225
0.01465550
0.00571424
-0.00233848
-0.00464762
0.00551585
-0.01360841
0.08603459
-0.02504731
-0.02293130
-0.00989635
0.01805199
-0.02290093
0.03049150
0.07602539
0.00259111
0.00978732
-0.00332283
0.02502589
0.03105868
0.01280738
0.09965201
-0.00747227
-0.08755933
0.06160093
-0.00295354
-0.00367904
-0.06601764
-0.14260146
0.01250821
-0.05026660
0.14233205
0.11554253
0.05493244
-0.11026133
0.01079267
-0.04010684
0.04030458
0.00962833
-0.00403193
0.01655078
0.07975607
0.00125707
-0.03156921
0.05280744
0.09117112
-0.04850426
0.00569153
-0.07042043
-0.12501377
-0.04098222
0.12294248
-0.02152840
-0.04935797
0.01932411
0.09292571
-0.02896873
0.03302094
0.09103955
-0.10401742
-0.06193607
-0.13268700
0.14865351
0.02561131
-0.01849638
-0.00069641
-0.00111278
0.81597322
-0.04000314
0.01308336
-0.08631214
-0.00326245
0.22608209
0.07115561
0.05246669
-0.02493031
-0.05198321
0.06026929
-0.00957071
0.05228613
0.02994498
0.01639938
-0.11093666
-0.05902473
0.04705304
-0.03722804
0.00524466
0.03202859
-0.08659352
0.07378760
0.02988829
0.01386669
0.05421115
-0.05843112
0.01933686
0.02625767
0.04557894
-0.02243218
0.01883648
0.04962176
-0.04124068
-0.02569645
0.06664383
0.04550520
-0.01449458
0.02971336
0.00760230
-0.07906760
0.03219551
0.03462150
-0.02516024
-0.02839361
-0.00924394
-0.03272242
-0.05317032
0.01378596
0.05227545
-0.03757641
0.00685750
0.00123096
0.03516448
-0.00094742
-0.01644376
0.05005511
-0.04355088
-0.05943517
-0.03050152
0.06186084
-0.04148280
-0.00890560
0.00052346
0.00939119
-0.08777676
-0.05741237
-0.01394461
-0.01178385
0.06494975
0.03090032
0.03516157
0.02834669
-0.00578415
-0.03863668
0.03132935
-0.04291531
0.02202466
0.03093174
-0.02314486
-0.08655473
-0.02339173
0.03486866
0.00947374
0.04805173
0.03292356
0.04046488
-0.02559993
-0.05530041
-0.07381202
-0.01572641
0.06390520
0.01581846
-0.04669772
-0.05309615
-0.05809828
-0.02728792
0.03468800
-0.03404233
0.05483502
0.07000632
0.03497277
0.00162032
0.06095181
0.02137818
0.00955900
0.01391211
-0.02815388
-0.11640907
0.01630959
0.03233599
-0.04176009
0.07023083
0.06491014
-0.00275340
0.01003060
0.00857659
0.03098901
0.00458558
0.02607862
-0.12606315
-0.08461674
0.03339132
-0.04522027
-0.04301233
0.05507962
0.03279002
-0.02525872
0.05336651
0.06372061
-0.00500307
0.02254852
-0.03801489
-0.01326194
0.05697578
0.00032311
-0.00452321
0.01039218
-0.06838245
-0.02051360
-0.01514354
-0.06532396
-0.06482973
0.01198707
0.04710361
-0.13912542
0.04758856
0.07539918
0.00494879
0.03334181
0.06984760
-0.01469068
0.00054736
-0.06172410
0.02994883
0.00105878
-0.06306098
0.00404657
0.04020358
-0.00086045
-0.02983944
0.04917017
-0.00017454
0.01308333
-0.08456286
-0.00863058
0.02307894
-0.04587657
-0.03988212
-0.01915540
0.04154563
-0.08626949
-0.02654045
-0.02350150
-0.01523725
-0.02664354
0.05094071
-0.05818575
-0.05149798
-0.02067276
-0.01622476
0.00379273
0.03363052
0.02679647
0.00637371
-0.03851432
-0.03806648
-0.01752627
0.06550028
-0.03186089
-0.04341971
-0.00190756
-0.07769925
0.02163660
-0.03152168
-0.01712119
-0.00793214
-0.01982721
-0.05234838
0.00977680
-0.04680669
-0.00076181
0.09363501
0.05358961
-0.03396980
-0.09034270
-0.03204365
-0.03349588
0.01864538
-0.01540267
-0.02157592
0.00642649
-0.00722290
-0.04596486
0.03037364
-0.01503877
-0.00404825
0.04778040
0.02138994
0.00241442
-0.06705549
-0.04243469
0.01608970
-0.13558213
0.08353072
0.00026452
-0.02918728
-0.01747411
-0.00952004
-0.01945245
-0.04837637
0.04177510
0.12467454
-0.03415934
0.03680106
-0.00458250
-0.00722918
0.04458338
0.05351178
0.02226655
0.01490588
-0.01971076
-0.04791705
0.03932723
-0.00825428
-0.01715746
0.02037674
-0.00256381
0.02283208
-0.08444529
-0.04283450
-0.02542925
-0.05878806
0.08334318
0.02847853
-0.03830104
0.03098414
-0.01979193
-0.11950691
-0.05008223
0.05236420
0.07756069
-0.00091270
0.06685741
-0.00054338
-0.00437679
0.01271727
0.03847236
-0.04927113
0.01591395
-0.00587509
0.05813518
-0.00235358
0.00585602
-0.11312152
-0.00520684
0.00851396
0.02440213
-0.05366099
0.06756775
0.06677826
-0.04971245
-0.02576333
-0.05009887
0.01205930
0.02490038
-0.07130543
0.01408263
-0.01737327
-0.02516297
-0.00866063
-0.02718775
-0.05412759
0.04293453
0.06295352
-0.02433072
-0.02489937
-0.01523642
-0.01678605
0.04044402
-0.02376588
0.07655351
0.01375027
-0.01668045
-0.04446988
-0.00259769
-0.03968666
-0.00836712
0.01832871
-0.01987097
-0.05663722
-0.00346538
-0.06429088
0.06042063
0.03788795
0.02349103
-0.01530181
0.03428938
-0.04294519
0.00612463
0.01367451
0.03503058
-0.05829288
0.05087486
0.03945201
-0.05637663
0.00810836
0.05210299
-0.10064254
0.01637254
-0.04976527
0.00644600
-0.01658209
0.08595548
0.03984067
-0.03444927
-0.02151448
0.00308855
-0.10960564
-0.02016863
-0.03740742
-0.06325673
-0.10180082
0.01133713
-0.03505481
0.02933552
0.09957436
0.02484338
0.03323999
0.03185567
-0.03145468
0.01157241
0.02277134
0.04106133
0.00683714
-0.02650885
-0.01109559
-0.02031216
-0.04725120
0.03291484
0.00082306
-0.03839886
0.02078051
-0.05075115
0.06033066
-0.00446848
0.05550143
-0.01703686
0.01990568
0.01718640
-0.06562490
0.04238063
0.08490887
-0.02687282
-0.07099049
0.00081485
0.00902698
-0.03997344
0.07105694
-0.01209005
0.02863527
0.00611135
0.03673545
-0.03017328
0.00218458
0.02333777
-0.07344757
0.00847205
0.07076377
0.03940865
-0.00138028
-0.01533322
-0.01977621
0.03272174
0.01692794
0.01103872
0.00724160
0.03398229
0.08809232
-0.03976102
0.00356330
-0.06233090
-0.03596468
-0.01670777
0.02143692
0.02654065
-0.02406877
0.03226012
0.00289111
-0.01966701
0.02419742
-0.00343798
0.04044028
-0.05650714
0.05289986
-0.19175291
0.06085211
0.00960363
0.00823103
-0.05869265
-0.03328876
0.02408524
0.00982225
0.01108534
-0.01390194
0.07518246
-0.00341879
0.04229072
-0.05050652
-0.05877102
-0.02425177
0.05580322
-0.04227815
0.04642046
0.00189223
0.05123925
-0.01143111
0.01254974
0.00119807
-0.02597513
-0.00467966
0.01073428
0.01341004
0.00832045
0.03218252
-0.06768223
-0.13104650
-0.00498946
-0.02215800
0.02490386
-0.03331695
0.05956706
-0.00915939
0.00581607
0.00770178
-0.06925230
-0.02435764
0.05254888
-0.04459053
0.02917932
-0.02390480
-0.01819091
0.00917932
-0.10360841
-0.02062257
0.02877343
0.00005737
-0.05894433
0.04371679
0.02766445
0.03712561
0.01977677
0.04420048
0.00649602
-0.06210206
-0.02962420
-0.05354933
0.05581605
-0.01688171
-0.03291827
-0.09401899
-0.03795546
0.03959838
0.02035401
-0.02168835
-0.01191520
-0.05378184
-0.03926409
0.01575674
-0.05021420
0.01170748
0.00270001
0.05622838
-0.02070637
0.03186560
0.04053354
-0.02940085
0.00281386
-0.03529793
-0.12764269
-0.00205692
0.02081539
-0.00184591
-0.07522225
-0.07364347
0.02231132
0.00094152
-0.00472501
0.00856374
-0.08713987
-0.09640283
-0.03855688
-0.04763019
0.00694006
-0.00070601
0.02430103
0.03691382
0.02535490
0.01204044
-0.04150933
-0.04472845
0.03836596
0.03193868
0.00623437
-0.08298329
0.00342860
-0.02705154
-0.04711034
0.00864478
-0.01495824
