-0.03865889
-0.00266418
-0.04600143
0.01512341
-0.01909348
0.03026798
-0.00761069
-0.01918299
-0.01353410
0.00551866
0.01334368
-0.01255680
0.01962589
-0.01223782
-0.01031761
0.01441139
-0.01573589
0.04365819
0.02924392
-0.01485738
-0.00771473
-0.04812498
0.06802075
0.03279281
0.00685049
-0.03281952
-0.03302369
0.00448700
0.02228833
-0.00297285
0.05060662
0.01567634
0.01276798
-0.03110940
-0.01344732
-0.01453906
0.04321490
0.00696362
0.02908185
0.06323683
0.00582728
0.01565363
0.03658286
0.00953934
0.02190783
0.00475347
-0.05132924
-0.02267010
-0.01903103
0.01561282
0.02525258
0.05999672
0.04987420
0.01225797
0.02079918
0.02746923
0.01523007
0.01804383
0.44513887
0.06845356
-0.00816007
0.02475020
-0.01315877
0.01622605
0.01263615
0.02216734
0.01284838
0.01486872
-0.05829911
-0.00113108
-0.01991532
0.00561886
0.00199826
0.00454543
-0.07287434
-0.00011145
0.01007697
-0.04794669
-0.00922876
-0.17164598
0.00757659
-0.00443300
0.00208246
0.00868804
0.00165111
-0.02135105
-0.03958323
-0.03488266
0.01481832
-0.02521866
-0.01930895
-0.02208375
0.03174504
-0.02663821
-0.00766718
0.01122426
0.00714099
-0.03676765
0.04788745
0.03586539
-0.02122883
-0.02440045
-0.01376433
-0.00420516
-0.00347039
0.02673142
0.03824586
0.02806253
-0.00164020
-0.00584520
-0.00174526
0.00006316
0.05746507
-0.00532596
0.01078258
0.00615892
0.07936498
0.00759331
-0.01373862
0.00282727
0.03349700
0.00905763
0.02259548
0.01745722
-0.00930246
-0.00839031
-0.03994807
0.01205024
0.00490385
-0.02827252
0.06055431
-0.00068865
0.02891473
0.00917576
-0.04480350
-0.00104487
0.08290589
-0.02498750
0.00830411
0.01878247
0.05273648
0.00949601
0.00488580
0.02772642
0.02642715
-0.05548287
-0.00375497
0.00616721
-0.00454695
0.01597642
0.07437062
0.00193426
0.04309015
0.03642108
-0.00033564
-0.03494135
0.03176111
-0.03146392
0.04029720
0.00973810
-0.01307141
0.07170144
-0.05372490
-0.01902384
-0.00440033
0.01274556
0.02239663
-0.02929804
-0.00743568
0.01402136
0.00110282
-0.01409025
0.01142098
0.02927519
0.00910632
0.01821020
0.00236367
-0.00533337
0.02938278
0.00878967
0.02669578
0.00409503
0.01546600
-0.02104114
0.06194242
-0.12214483
0.23107760
0.02219900
-0.01224845
-0.01100794
-0.09234411
-0.03155168
-0.01335423
0.01829188
-0.04285333
-0.00801172
0.02061803
0.01944666
0.06803215
0.01493982
-0.05820352
-0.01029408
0.08711114
0.03172874
0.02261694
-0.01742173
0.02206876
0.01451456
-0.01509846
0.06026939
0.00060793
-0.00638059
-0.01621270
0.00551863
-0.00775127
-0.05411718
0.00662601
0.01575752
-0.01331190
0.02135408
0.01226467
-0.69129640
0.01675179
0.01654767
0.02169945
0.01402284
0.08088534
0.00535812
0.02672705
0.02253223
-0.00150273
0.04588610
-0.00948036
0.00280064
-0.06814840
0.01996939
0.03060438
-0.00740648
0.00231039
-0.00118926
-0.00912429
-0.02731548
0.03122102
0.00334851
-0.01670841
-0.02539974
0.02757444
-0.06317666
0.04075553
0.08088300
0.00019296
0.02121512
0.01606005
0.03634724
0.01600472
0.01985228
0.04581364
-0.00304414
-0.05823986
0.11223561
0.04316768
-0.05402717
0.08441167
-0.03532949
0.06365877
0.05194608
0.12648331
0.12146183
0.03571603
0.01535506
-0.07499279
0.04475696
0.06724699
0.05267806
0.06082224
-0.03201998
0.04307993
0.04587628
-0.10070371
0.17913733
0.11785363
0.00385159
0.08924090
-0.05681353
-0.03081487
-0.02423161
0.17500056
0.00227658
0.01069550
-0.06155611
0.03932941
-0.05659408
0.05150685
-0.01737835
-0.04353030
0.06259339
-0.03997206
0.08042213
-0.06398486
-0.13033149
0.04335363
-0.04263918
0.80889255
-0.10561883
0.00359425
-0.13041252
0.03260814
0.09574832
-0.01259827
0.12843333
-0.00319872
-0.10925851
0.15390262
-0.05545972
-0.03310436
0.00672375
-0.07460981
-0.03827564
-0.00179319
0.01060686
-0.02052578
0.00698444
0.02709470
-0.07011927
0.05599374
0.02399464
0.04184776
0.03990584
-0.05268961
0.00174162
0.06033284
0.06008364
-0.02172304
0.01906914
0.03489818
-0.03716735
-0.02175789
0.05015667
0.03970699
-0.00983375
-0.00344411
0.01395250
-0.08988552
0.03304549
0.01229564
-0.05830573
-0.02270359
-0.01759168
-0.01811003
-0.05062822
0.04787073
0.02173381
-0.01207451
-0.00038649
-0.01630680
0.02859499
0.01090049
-0.03162395
0.00448020
-0.05781085
-0.02965048
-0.02199246
0.04942600
-0.00251866
-0.01642544
0.00069154
0.02467873
-0.09069837
-0.09014203
0.00652123
-0.00927260
0.09854810
0.03428728
0.05272743
0.03903063
-0.00973955
-0.09123243
0.02564911
-0.06730380
0.00561986
-0.00092420
-0.01067483
-0.08225732
0.00077377
0.03124950
0.02003188
0.03591870
0.05203484
0.06163482
-0.03021982
-0.03683311
-0.09224845
-0.03923211
0.05335123
0.00960638
-0.06362015
-0.04153096
-0.05602139
-0.00178948
0.03545033
-0.03093810
0.08510131
0.05838209
0.03302940
-0.00264207
0.07613462
0.01940270
-0.01458160
0.00201400
-0.03074426
-0.10976195
0.00924429
0.01066516
-0.03487412
0.06631655
0.03157954
-0.01258869
0.00398048
0.02319869
0.01695452
-0.03777886
0.03073617
-0.11304508
-0.09263393
0.04623253
-0.06573793
-0.06143092
0.04181376
0.02812398
-0.01726261
0.05913301
0.05626440
-0.00600970
0.01005850
-0.05561023
0.00439654
0.05022729
-0.01362529
-0.01781208
0.03115598
-0.04953553
-0.02132158
-0.01804572
-0.04404546
-0.05453516
-0.00955518
0.01551672
-0.08564557
0.04246713
0.06164269
-0.00913605
0.03829357
0.06500545
-0.00910241
0.00136869
-0.06192617
0.03562518
-0.00144208
-0.06160566
-0.01514260
0.02868679
-0.01210524
-0.02109059
0.02615971
-0.00681770
-0.00497349
-0.07487502
0.03206652
0.02201236
-0.03750143
-0.02976452
-0.02561445
0.01565192
-0.08458377
-0.01552100
-0.01916545
-0.01185969
-0.04417862
0.06305096
-0.02656381
-0.05490544
-0.04853957
-0.00622642
0.00161528
0.04107476
0.02888528
0.00231935
-0.02267146
-0.03362206
0.00639472
0.04767596
0.00548311
-0.07356433
-0.01715962
-0.06359174
0.02977248
-0.00503086
-0.04360172
-0.02806273
-0.01059351
-0.06818080
0.01297085
-0.04029471
-0.02318567
0.08200911
0.04490830
-0.02319548
-0.10959783
-0.03292006
-0.05846005
0.02101961
-0.05291153
-0.02636934
-0.02026152
0.00457079
-0.03957058
0.05696782
-0.02473633
-0.02704880
0.02708604
0.03404881
0.03792854
-0.05077681
-0.03244171
0.01758709
-0.12244635
0.07368321
0.02327283
-0.05116064
-0.03528515
-0.01832941
-0.01922347
-0.02267716
0.06258140
0.12991522
-0.04992877
0.02615564
-0.00529944
-0.01270250
0.04458054
0.04110846
0.00399216
0.03424318
-0.02160761
-0.04478786
0.03807938
-0.00431935
-0.01206208
0.02855482
-0.02898596
0.01619702
-0.08821533
-0.05284714
-0.02571400
-0.03671885
0.10978963
0.02866945
-0.03736529
0.02874641
-0.00398839
-0.12604882
-0.06873079
0.05595336
0.06703205
0.00710368
0.10418623
-0.03222948
-0.03237643
0.03287793
0.05809828
-0.03594738
0.03691065
-0.00343013
0.05034032
-0.02956083
0.01984583
-0.06699987
-0.00836414
-0.00053781
0.02116806
-0.04098274
0.06510284
0.06698455
-0.05353491
-0.02996646
-0.03250070
0.02245908
0.03096581
-0.07659088
0.01443228
0.00923876
-0.03741545
-0.01085695
-0.02842555
0.01079088
0.00667293
0.05168728
-0.03097620
-0.01147118
-0.00751883
0.00108213
0.05083811
-0.01083998
0.07344999
0.00358659
-0.02284023
-0.02304696
-0.01393731
-0.05129503
-0.00537341
0.02135413
-0.01733552
-0.02522646
0.01344700
-0.02035509
0.05950397
-0.02181205
0.00634423
-0.00004391
-0.00554800
-0.03490677
0.00145440
0.01275939
0.03633175
-0.09512931
0.08742715
0.03755049
-0.04736356
-0.03772750
0.03994721
-0.10984737
0.01912958
-0.05618431
0.01951913
0.01289233
0.10599368
0.03972480
-0.06622874
0.00473406
0.00445976
-0.12427016
-0.01853617
-0.00878817
-0.06985918
-0.10537791
0.01259329
-0.01400348
0.00164354
0.06138975
0.02060580
0.03645220
0.06029119
-0.04037243
0.02623499
0.01340771
0.03202375
-0.00707965
-0.03484675
-0.00444923
-0.03174410
-0.06135933
0.01228236
0.00553318
-0.03426221
0.03200516
0.00748289
0.04334708
-0.00526461
0.05464073
-0.02728315
0.00840257
0.00324173
-0.06874180
0.02692899
0.07684914
-0.03466363
-0.06264722
0.00449524
-0.02061583
-0.03717721
0.08099097
-0.01646348
0.00352010
-0.02796520
0.03260599
-0.01801259
0.03003356
0.01346237
-0.06423958
0.01673027
0.06406045
0.03974118
-0.02561549
-0.01676311
-0.03079789
0.01202472
0.02622066
0.01958217
0.00914091
0.04625655
0.09852437
-0.01782526
0.02942869
-0.03730559
-0.06169546
-0.01474048
0.02549220
0.07085675
0.01955344
0.03118973
-0.01230103
-0.01193363
0.01882984
0.00239837
0.01830092
-0.06407401
0.08918373
-0.14862251
-0.02427628
0.01195389
0.02252737
-0.04866836
-0.04875578
0.01714670
-0.00496442
0.01238757
-0.00336518
0.09788386
-0.01723305
0.05411870
-0.03136214
-0.05341372
-0.02786541
0.06490304
-0.02863844
0.06307459
0.01420587
0.02607838
-0.00533148
0.03144824
-0.00774954
-0.01637657
-0.02018915
0.00887974
0.00042143
-0.02246992
0.03886389
-0.06085065
-0.11968394
-0.00500652
-0.01803751
0.01631084
-0.02099243
0.06256233
-0.01242472
-0.04658024
-0.00040885
-0.07563795
-0.01583550
0.04983160
-0.07840179
0.04708635
-0.00240413
-0.01272438
0.02487591
-0.10343245
-0.00640001
0.02038771
0.01695016
-0.01745817
0.02054774
0.05237082
0.04532266
0.01898991
0.01858838
0.01757958
-0.06413430
-0.01387853
-0.04205310
0.05982206
0.01823335
-0.06233741
-0.11521283
-0.04350359
0.06951176
-0.00910854
-0.02285298
-0.00931511
-0.04122826
-0.05090746
0.00945337
-0.04132957
0.00742516
0.02487926
0.04183486
-0.02085547
0.01194726
0.03342727
-0.01764250
-0.00194227
-0.03300231
-0.11578382
-0.00908279
0.07479706
-0.02738094
-0.04870434
-0.07212605
0.01434557
-0.02555440
0.01124648
0.01566560
-0.08359645
-0.08915509
-0.04839076
-0.02509826
0.00516445
0.00446919
0.03589368
0.02512532
0.02242572
0.02164128
-0.02219274
-0.00472803
-0.01742348
0.03180947
-0.04112917
-0.09048394
-0.01522890
-0.01210057
-0.01817960
0.01313952
-0.03601599
