-7.497510407119989395e-03
1.742767356336116791e-02
4.026834794785827398e-04
-1.631431840360164642e-02
1.103544048964977264e-02
3.587617352604866028e-02
1.216378156095743179e-02
4.065833613276481628e-02
2.412253059446811676e-02
-1.818793825805187225e-02
-2.014009095728397369e-02
-2.505636215209960938e-02
-5.106127355247735977e-03
3.852756635751575232e-04
2.556065469980239868e-02
-9.895435534417629242e-03
1.052445080131292343e-02
6.434954237192869186e-03
-5.703102052211761475e-02
9.462474845349788666e-03
-8.110890164971351624e-03
2.669663168489933014e-02
-1.387983746826648712e-02
-7.864591665565967560e-03
1.007840689271688461e-02
2.963083982467651367e-02
7.833811454474925995e-03
-2.017462998628616333e-02
1.482093799859285355e-02
6.709228269755840302e-03
-1.258233487606048584e-01
6.268316414207220078e-03
1.309359818696975708e-02
-4.253793042153120041e-03
2.606668137013912201e-02
1.776335574686527252e-02
-7.750408723950386047e-03
-2.288840245455503464e-03
1.404223684221506119e-02
-5.843402445316314697e-02
8.765676990151405334e-03
-1.287382212467491627e-03
2.361369878053665161e-02
-6.439889781177043915e-03
2.246323972940444946e-03
3.886017575860023499e-02
1.276006177067756653e-02
-2.306087873876094818e-02
8.818676695227622986e-03
1.834387308917939663e-03
2.376970089972019196e-02
-3.839376941323280334e-02
-5.133657902479171753e-02
5.986073985695838928e-03
1.283723488450050354e-02
-6.098715588450431824e-03
1.147368457168340683e-02
1.052897889167070389e-02
4.715959727764129639e-01
-3.754823119379580021e-04
1.448858529329299927e-02
-7.730495417490601540e-04
4.703797865658998489e-03
-2.667092531919479370e-02
1.537598203867673874e-02
3.217672929167747498e-02
-2.923233993351459503e-02
4.980716388672590256e-03
-2.456981875002384186e-02
5.623364821076393127e-03
-1.142011303454637527e-02
1.093548070639371872e-02
-3.189675509929656982e-02
5.987569224089384079e-03
-2.995213493704795837e-02
-2.092608623206615448e-02
1.533906720578670502e-02
1.800352521240711212e-02
-4.156168550252914429e-03
-6.230285391211509705e-02
-1.763007976114749908e-02
8.765508420765399933e-03
1.320352591574192047e-02
-2.068213745951652527e-02
3.049974329769611359e-02
-3.291812539100646973e-02
2.412136178463697433e-03
-7.675139699131250381e-03
-3.027020022273063660e-03
8.175437338650226593e-03
-5.370323080569505692e-03
7.849982008337974548e-03
1.507027074694633484e-02
-1.413278747349977493e-02
6.630344316363334656e-03
-9.437421336770057678e-03
-2.689806185662746429e-02
-3.123885835520923138e-04
-2.992548234760761261e-02
-8.911456097848713398e-04
7.323420606553554535e-03
1.794901303946971893e-02
1.574267446994781494e-02
-2.152453735470771790e-02
-1.414216961711645126e-02
-4.970144014805555344e-03
-4.245357587933540344e-03
2.602694183588027954e-02
-4.098982084542512894e-03
-6.542589981108903885e-03
-1.532770507037639618e-02
3.273998619988560677e-03
-6.550691556185483932e-03
-1.001435145735740662e-02
-1.239231880754232407e-02
1.022983714938163757e-02
2.653764188289642334e-02
1.470790617167949677e-02
-4.985704086720943451e-03
1.204228401184082031e-02
5.304086487740278244e-03
3.151462646201252937e-03
-2.111898176372051239e-02
-9.711464866995811462e-03
-2.568088285624980927e-02
-2.013884484767913818e-02
-1.847288385033607483e-02
7.529069669544696808e-03
3.154401108622550964e-02
7.505278289318084717e-02
-8.726783096790313721e-03
1.601958461105823517e-02
2.333746477961540222e-02
-3.572823945432901382e-03
3.389121964573860168e-02
-6.001503765583038330e-02
-3.448549285531044006e-02
2.300967648625373840e-02
-8.771661669015884399e-02
6.522196810692548752e-03
-1.126117445528507233e-02
-6.469977088272571564e-03
2.641219459474086761e-02
-1.960263587534427643e-02
2.922280319035053253e-02
-4.944806918501853943e-02
6.959487684071063995e-03
1.981091126799583435e-02
-8.488296531140804291e-03
4.125793348066508770e-04
3.607714548707008362e-03
1.560198375955224037e-03
-1.709009893238544464e-02
-2.785802260041236877e-02
-1.501829549670219421e-02
-1.676811464130878448e-02
-2.954649040475487709e-03
2.859683241695165634e-03
-1.266593579202890396e-02
1.455031707882881165e-02
2.831312594935297966e-03
5.465860944241285324e-03
1.583734760060906410e-03
-1.098214834928512573e-02
2.538708783686161041e-02
4.782353993505239487e-03
6.267021410167217255e-03
1.062287390232086182e-02
6.516873690998181701e-05
5.322366021573543549e-03
-2.644240856170654297e-02
4.652192816138267517e-03
-1.288170088082551956e-02
8.652288466691970825e-03
8.759262971580028534e-03
-2.093015238642692566e-03
-1.118557993322610855e-02
2.506215823814272881e-03
-4.559525102376937866e-02
-3.699355758726596832e-03
-1.667553372681140900e-02
-6.055074045434594154e-04
2.015584707260131836e-02
9.924218058586120605e-03
2.639886736869812012e-02
-1.216773912310600281e-01
9.513360564596951008e-04
2.538248151540756226e-02
9.837283287197351456e-04
4.577592387795448303e-02
4.301852732896804810e-02
-1.828253455460071564e-02
1.354300882667303085e-02
-6.095253396779298782e-03
3.142508864402770996e-02
-8.125839754939079285e-03
1.934859156608581543e-02
9.635951370000839233e-03
-7.434318959712982178e-02
-5.288825836032629013e-03
2.911459468305110931e-02
-6.090614944696426392e-03
6.961069256067276001e-02
-5.662313778884708881e-04
-8.095139637589454651e-03
-5.550811067223548889e-03
-5.946557503193616867e-04
1.555756572633981705e-02
7.806295761838555336e-04
1.710635796189308167e-02
-3.262995555996894836e-02
-9.961728937923908234e-03
3.176557645201683044e-02
1.032869424670934677e-02
1.843789359554648399e-03
2.493916824460029602e-02
-3.556501120328903198e-03
-1.268017455004155636e-03
1.284284982830286026e-02
1.494363136589527130e-02
-1.348312012851238251e-02
-7.945247888565063477e-01
1.566644944250583649e-02
2.050675265491008759e-02
3.888806328177452087e-03
2.399782650172710419e-02
-8.213088847696781158e-03
5.775153171271085739e-03
1.567698456346988678e-02
1.772276591509580612e-04
4.860263783484697342e-03
-1.922410167753696442e-02
6.696288008242845535e-03
-1.739398762583732605e-02
-3.037247993052005768e-02
-1.445238571614027023e-02
-1.792524196207523346e-02
3.153675422072410583e-02
-3.425259841606020927e-03
-1.500219292938709259e-02
-1.112395897507667542e-02
1.739707961678504944e-02
4.992190748453140259e-02
-3.278778493404388428e-02
-9.492635726928710938e-03
1.442496757954359055e-02
5.060009658336639404e-03
2.834606170654296875e-02
8.097262121737003326e-03
1.071889046579599380e-02
1.278472971171140671e-02
5.224972963333129883e-03
2.317580208182334900e-02
9.308350272476673126e-03
3.854130860418081284e-03
4.909997805953025818e-03
1.200904026627540588e-01
-9.813018888235092163e-02
3.553661331534385681e-02
1.303672790527343750e-02
5.491328239440917969e-02
1.664173975586891174e-02
8.962195366621017456e-02
-2.446621097624301910e-02
7.914527505636215210e-02
-4.700440913438796997e-02
1.813368499279022217e-01
-1.319123059511184692e-02
-1.250519324094057083e-02
-7.102541625499725342e-02
-5.011034384369850159e-02
6.717705726623535156e-02
1.165627837181091309e-01
1.367061138153076172e-01
4.259424656629562378e-02
3.084140270948410034e-02
-2.024526521563529968e-02
-3.480753675103187561e-02
1.035104226320981979e-02
1.216872334480285645e-01
1.087470259517431259e-02
-3.509823605418205261e-02
1.584811210632324219e-01
4.435326904058456421e-03
1.663623191416263580e-02
2.832526154816150665e-02
1.316314935684204102e-01
5.225421115756034851e-02
1.499289460480213165e-02
-2.827951684594154358e-02
1.193207874894142151e-01
-7.114818692207336426e-02
5.066518858075141907e-02
7.059638947248458862e-02
3.084343299269676208e-02
-4.371031746268272400e-02
-1.329297423362731934e-01
-1.358169913291931152e-01
-5.307915434241294861e-02
-1.061640866100788116e-02
1.606875211000442505e-01
4.386752098798751831e-02
7.649631500244140625e-01
1.410881895571947098e-02
-1.050951052457094193e-02
-9.219515323638916016e-02
1.543242633342742920e-01
1.136293634772300720e-01
7.163682021200656891e-03
2.611840143799781799e-02
-3.184337168931961060e-02
-1.881085522472858429e-02
2.297378927469253540e-01
-2.464147657155990601e-02
-4.814365133643150330e-02
-7.243930548429489136e-02
-7.057920843362808228e-02
-1.651256531476974487e-02
4.308856092393398285e-03
-1.143586486577987671e-01
-4.751453921198844910e-02
-3.519600955769419670e-03
1.488350611180067062e-02
-4.704856872558593750e-02
5.071146879345178604e-03
4.297671839594841003e-02
2.573137544095516205e-02
4.484053701162338257e-02
-3.164450451731681824e-02
7.869141176342964172e-03
8.940823609009385109e-04
3.558246418833732605e-02
1.953640580177307129e-02
4.788509383797645569e-02
3.559126332402229309e-02
5.200402345508337021e-03
-1.603882014751434326e-02
3.461233153939247131e-02
4.218211397528648376e-02
-2.801593020558357239e-02
6.623907946050167084e-03
2.359014376997947693e-02
-6.316329538822174072e-02
1.760996691882610321e-02
4.129308089613914490e-02
2.123921178281307220e-02
-4.484132677316665649e-02
-1.100735738873481750e-02
3.048431873321533203e-02
-4.362670332193374634e-02
-2.688255533576011658e-02
3.098746575415134430e-02
9.365120902657508850e-03
-1.920726645039394498e-04
-3.363269194960594177e-02
3.500523045659065247e-02
-2.461081743240356445e-02
-3.121976181864738464e-02
3.098608925938606262e-02
-2.779835462570190430e-02
-5.228714644908905029e-02
1.056640874594449997e-02
7.373119145631790161e-02
-1.301131397485733032e-02
-2.144666761159896851e-02
-2.223351970314979553e-02
2.674561738967895508e-02
-1.226501353085041046e-02
-1.246386691927909851e-01
9.469799697399139404e-03
-9.539721533656120300e-03
5.732040107250213623e-02
-1.248546503484249115e-02
3.439062461256980896e-02
6.613691896200180054e-02
-3.700079023838043213e-02
-5.281008780002593994e-02
8.002561517059803009e-03
-1.735669374465942383e-02
1.305679604411125183e-02
-2.488124370574951172e-02
-3.078058548271656036e-02
-5.347620695829391479e-02
2.818855084478855133e-02
2.184465155005455017e-02
2.312211506068706512e-02
1.469056401401758194e-02
4.695390537381172180e-02
4.648918658494949341e-02
-2.512603625655174255e-02
-3.394963219761848450e-02
-8.020588010549545288e-02
-9.704709798097610474e-02
4.790443927049636841e-02
9.714995510876178741e-03
-6.901297718286514282e-02
-2.996321953833103180e-02
-6.644453853368759155e-02
6.071928888559341431e-02
-1.920749247074127197e-02
-3.778845444321632385e-02
4.726350679993629456e-02
8.021571487188339233e-02
-1.882960833609104156e-02
-1.841011270880699158e-02
7.501710206270217896e-02
-9.209500625729560852e-03
-7.677754759788513184e-02
1.245132740586996078e-02
-4.313514381647109985e-02
-1.144941002130508423e-01
-1.804959774017333984e-02
6.145074963569641113e-03
-6.865246593952178955e-02
8.055410534143447876e-02
-1.565551757812500000e-02
-1.943130604922771454e-02
-2.304194681346416473e-02
-4.152541235089302063e-02
-2.869963832199573517e-02
7.403252529911696911e-04
-2.198939910158514977e-04
-1.542537361383438110e-01
-8.773052692413330078e-02
2.729871682822704315e-02
-5.330305919051170349e-02
-6.541771441698074341e-02
-2.702213078737258911e-02
2.100256457924842834e-02
-4.029244929552078247e-02
3.526506572961807251e-02
3.011238947510719299e-02
-3.559284657239913940e-02
3.117391280829906464e-02
-3.394022956490516663e-02
1.013442780822515488e-02
4.381177481263875961e-03
-3.351804986596107483e-02
-9.866195730865001678e-03
4.502052813768386841e-02
-2.158303745090961456e-02
-3.303168341517448425e-02
5.764878820627927780e-03
-3.251678869128227234e-02
-9.057904034852981567e-02
3.157693147659301758e-02
1.175681967288255692e-02
-1.457530111074447632e-01
5.147379264235496521e-02
3.210715577006340027e-02
-6.133855134248733521e-02
7.303751073777675629e-03
9.964077919721603394e-02
-1.403896603733301163e-03
5.426792893558740616e-03
-5.900519713759422302e-02
1.849860325455665588e-02
-1.416526734828948975e-03
-2.668309956789016724e-02
-2.551191486418247223e-02
-4.466068744659423828e-02
1.393918879330158234e-02
-3.175419196486473083e-02
3.410375863313674927e-02
1.025434490293264389e-02
-3.334855660796165466e-02
-7.920215278863906860e-02
1.481093000620603561e-02
7.262969855219125748e-03
-3.263952583074569702e-02
-2.846631594002246857e-02
-3.252647072076797485e-02
1.149247307330369949e-02
-5.120053887367248535e-02
7.296370714902877808e-02
-2.622476220130920410e-02
-3.719784319400787354e-02
-4.890766367316246033e-02
6.440386176109313965e-02
-7.706239074468612671e-02
-4.336077719926834106e-02
-9.112130105495452881e-02
-8.095026016235351562e-03
9.204909205436706543e-03
-1.741580665111541748e-02
-5.857232026755809784e-03
-3.448537550866603851e-03
-2.726358734071254730e-02
-3.513279929757118225e-02
1.117337122559547424e-02
3.949777781963348389e-02
-5.319898203015327454e-02
-5.113606154918670654e-02
2.968216501176357269e-02
-2.903975546360015869e-02
8.261292241513729095e-04
-2.137682214379310608e-02
-2.260713838040828705e-02
-1.415365561842918396e-02
2.487298473715782166e-02
-2.714406140148639679e-02
6.993466988205909729e-03
-2.491878531873226166e-02
-2.979755587875843048e-02
5.517543852329254150e-02
5.740350857377052307e-02
-4.268961027264595032e-02
-6.953091174364089966e-02
-2.045138739049434662e-02
-2.028587460517883301e-02
-4.628348629921674728e-03
-3.063105233013629913e-02
2.331080846488475800e-02
-4.560457170009613037e-02
1.076847966760396957e-02
-2.882408164441585541e-02
3.422155603766441345e-02
3.809044882655143738e-02
-2.726091817021369934e-02
4.385213926434516907e-02
4.252073168754577637e-02
5.234978720545768738e-02
-2.832934260368347168e-02
-7.914952188730239868e-02
5.359616875648498535e-02
-1.126559451222419739e-01
5.926758423447608948e-02
1.156019605696201324e-02
4.041855782270431519e-02
7.727272342890501022e-03
7.991724647581577301e-03
4.055405408143997192e-02
-5.782151594758033752e-02
3.236205875873565674e-02
7.508709281682968140e-02
-4.302648082375526428e-02
1.721142418682575226e-02
-6.082931999117136002e-03
-3.098989650607109070e-02
3.631151840090751648e-02
5.793966352939605713e-02
-5.719413608312606812e-02
1.082794507965445518e-03
-1.515332114649936557e-04
-6.739856302738189697e-02
8.869928121566772461e-02
-3.725146874785423279e-02
3.018486127257347107e-02
3.332697600126266479e-02
-1.895357668399810791e-02
3.814594587311148643e-03
-3.366317227482795715e-02
1.700312481261789799e-03
5.708884913474321365e-03
-4.906002059578895569e-02
2.230625972151756287e-02
-4.368490725755691528e-02
-2.304528653621673584e-02
1.799416728317737579e-02
-8.236984722316265106e-03
-1.035504192113876343e-01
-1.242467854171991348e-02
2.006896398961544037e-02
5.619646608829498291e-02
-3.114452585577964783e-02
7.535895332694053650e-03
-3.006414324045181274e-02
-1.534431893378496170e-02
4.013058543205261230e-02
2.353112213313579559e-02
1.487683784216642380e-02
5.595091730356216431e-02
-8.757714182138442993e-03
1.224721502512693405e-02
2.894795034080743790e-03
5.012941733002662659e-02
-3.151396289467811584e-02
-3.449273481965065002e-02
1.221170183271169662e-02
1.181637961417436600e-02
1.161411171779036522e-03
6.386432796716690063e-02
2.276277542114257812e-02
-3.737116977572441101e-02
-1.000507967546582222e-03
-5.029964074492454529e-02
2.463171817362308502e-02
1.458912994712591171e-02
-2.664356119930744171e-02
1.488387398421764374e-02
3.241075901314616203e-04
-2.997475676238536835e-02
9.678659029304981232e-03
8.110032416880130768e-03
5.011303722858428955e-02
4.233644343912601471e-03
3.904387727379798889e-02
-1.428794953972101212e-02
2.074296958744525909e-02
-8.341575972735881805e-03
-9.786357171833515167e-03
-1.895561930723488331e-03
1.903174445033073425e-02
6.151881068944931030e-02
-2.642538025975227356e-02
1.747700572013854980e-02
-4.652405902743339539e-02
3.193506598472595215e-02
-4.315264895558357239e-02
-2.288362570106983185e-02
-1.468254532665014267e-02
-7.090272754430770874e-02
7.366618141531944275e-03
-5.678804591298103333e-02
-1.005815342068672180e-01
2.066052518784999847e-02
3.268118575215339661e-02
-2.661201171576976776e-02
2.366970665752887726e-02
-1.928152702748775482e-02
-5.968068912625312805e-02
2.635101228952407837e-02
-2.339209057390689850e-02
2.382301725447177887e-03
-5.189066380262374878e-02
-6.345328874886035919e-03
-1.247171312570571899e-02
-6.986290216445922852e-03
2.247688174247741699e-02
4.167319461703300476e-02
-8.017524331808090210e-02
6.107748299837112427e-02
-5.707812309265136719e-02
5.676478520035743713e-02
8.101223036646842957e-03
8.323042094707489014e-02
-2.795308083295822144e-02
-9.665939025580883026e-03
3.416956961154937744e-02
3.875280730426311493e-03
-1.235645413398742676e-01
-3.932917863130569458e-02
-2.303161472082138062e-02
-3.747644647955894470e-02
-1.091545820236206055e-01
9.380334056913852692e-03
-1.940325833857059479e-02
3.873055055737495422e-02
2.019239589571952820e-02
3.751742094755172729e-02
-2.025693887844681740e-03
3.729178011417388916e-02
9.387684985995292664e-03
-6.642543524503707886e-02
-1.069600787013769150e-02
3.485333919525146484e-02
-1.534493360668420792e-02
-4.400055482983589172e-02
2.960493043065071106e-02
-2.479088492691516876e-02
-5.170733481645584106e-02
5.492455512285232544e-02
4.258263483643531799e-02
-6.567846983671188354e-02
3.275950253009796143e-02
2.260727807879447937e-02
3.042309172451496124e-02
4.482689499855041504e-02
6.945931166410446167e-02
-6.517788767814636230e-02
-1.491656154394149780e-02
-3.162043541669845581e-02
-5.219824984669685364e-02
1.042932365089654922e-02
2.808986417949199677e-02
2.796607837080955505e-02
-7.050373405218124390e-02
-8.973857387900352478e-03
-3.126112744212150574e-02
-4.257182125002145767e-03
1.780450902879238129e-02
-3.750116750597953796e-02
3.299904242157936096e-02
-8.035789430141448975e-02
8.237323164939880371e-02
-1.942797005176544189e-02
3.453510627150535583e-02
3.487518802285194397e-02
-7.513082772493362427e-02
-4.106471780687570572e-03
4.387831315398216248e-02
5.090312287211418152e-02
9.482059627771377563e-03
-4.833679646253585815e-02
5.304880440235137939e-02
2.033588476479053497e-02
1.311952620744705200e-02
-2.501834556460380554e-02
-7.669751066714525223e-03
3.639966249465942383e-02
6.383518129587173462e-02
-4.241130501031875610e-02
4.727809876203536987e-02
1.763546280562877655e-02
7.417140528559684753e-03
1.973516680300235748e-02
-9.570970200002193451e-03
-2.015344426035881042e-02
-3.081562928855419159e-02
4.343222454190254211e-02
-3.016799129545688629e-02
2.631183248013257980e-03
5.152382329106330872e-02
-3.275825083255767822e-02
-8.189476095139980316e-03
1.595563441514968872e-02
5.235199257731437683e-02
-2.024798691272735596e-01
2.587590552866458893e-02
3.602274134755134583e-02
-1.048421207815408707e-02
-1.282922923564910889e-01
-2.346793375909328461e-02
-2.458476275205612183e-02
-4.842153191566467285e-02
7.402144372463226318e-03
-9.496131911873817444e-03
2.055284008383750916e-02
-4.201237112283706665e-02
3.331764787435531616e-02
-5.097432062029838562e-02
-1.862687058746814728e-02
-3.101253882050514221e-02
3.420252352952957153e-02
-6.108235567808151245e-02
4.949329048395156860e-02
-2.004534564912319183e-02
2.945094369351863861e-02
-5.944015458226203918e-02
1.780912652611732483e-02
2.557744085788726807e-02
-3.806110844016075134e-02
-7.368217408657073975e-02
-4.771452397108078003e-03
-8.682652260176837444e-04
2.115554176270961761e-03
1.213639043271541595e-02
2.248387318104505539e-03
-1.008705645799636841e-01
3.744114656001329422e-03
2.029794454574584961e-02
1.006048731505870819e-02
-2.821703627705574036e-02
6.367769092321395874e-02
-1.848057284951210022e-02
-4.939562082290649414e-02
3.288400545716285706e-02
-5.674216523766517639e-02
-2.527824603021144867e-02
3.189893066883087158e-02
-3.872146457433700562e-02
5.214054882526397705e-02
-3.071069344878196716e-02
1.955274026840925217e-03
2.217553555965423584e-02
-1.172563135623931885e-01
3.843210637569427490e-03
3.620497509837150574e-02
1.931321248412132263e-02
-8.353979140520095825e-02
-1.618272508494555950e-03
8.501311391592025757e-02
8.946988731622695923e-02
2.995149604976177216e-02
8.385731279850006104e-02
5.438907444477081299e-02
-6.116065382957458496e-02
4.238811321556568146e-03
5.105298943817615509e-03
8.056858181953430176e-02
-3.579691424965858459e-02
-4.134265705943107605e-03
-1.216383185237646103e-02
-3.683106601238250732e-02
8.811787515878677368e-02
9.697934612631797791e-03
-1.213908847421407700e-02
-2.713445015251636505e-02
-7.349390536546707153e-02
-1.124053914099931717e-02
-1.135697122663259506e-02
-1.420776080340147018e-02
-2.941303513944149017e-02
4.167197644710540771e-02
6.184750422835350037e-02
-7.930315285921096802e-02
-5.499290302395820618e-03
6.126806885004043579e-02
-6.940814107656478882e-02
5.819490551948547363e-02
-2.733656018972396851e-02
-1.584735810756683350e-01
3.624120354652404785e-02
-2.833846770226955414e-02
-4.100982844829559326e-02
-5.939061939716339111e-02
-6.930214911699295044e-02
3.205522522330284119e-02
-2.231335081160068512e-02
-2.922266907989978790e-02
4.953145235776901245e-02
-4.917617514729499817e-02
-7.514439523220062256e-02
-4.621001705527305603e-02
-5.891705304384231567e-02
2.285679802298545837e-02
2.140341512858867645e-02
5.913062393665313721e-02
1.925661042332649231e-02
3.995220642536878586e-03
1.762965321540832520e-02
-6.490147672593593597e-03
-2.811853028833866119e-02
6.911115348339080811e-02
1.729030907154083252e-02
3.539866581559181213e-02
-7.449860870838165283e-02
4.376054182648658752e-02
1.472010277211666107e-02
-4.661148041486740112e-02
-6.634680088609457016e-03
-1.302839443087577820e-02
