-1.901361346244812012e-02
1.166296843439340591e-02
-6.730877608060836792e-02
2.846225537359714508e-02
-3.875901922583580017e-02
4.689704254269599915e-02
1.869137957692146301e-02
3.121853433549404144e-02
3.547839820384979248e-02
6.321742199361324310e-03
-3.474078699946403503e-02
-3.930246457457542419e-02
3.712990880012512207e-02
-3.157990425825119019e-02
-1.425881590694189072e-02
2.017364650964736938e-02
-2.861657366156578064e-02
5.413831397891044617e-02
-3.524837642908096313e-02
-1.516651362180709839e-03
-1.491108164191246033e-02
-6.814800202846527100e-02
5.939009040594100952e-02
1.486492902040481567e-02
1.248032879084348679e-02
-1.329279970377683640e-02
-2.993449755012989044e-02
4.251983016729354858e-03
2.230469882488250732e-02
3.117038495838642120e-02
-3.118587099015712738e-02
1.880189403891563416e-02
1.077217701822519302e-02
-8.243566378951072693e-03
-9.169267490506172180e-03
6.879203720018267632e-04
1.588259823620319366e-02
1.960792206227779388e-02
8.485899306833744049e-03
6.110324990004301071e-03
-1.801913790404796600e-02
5.551164504140615463e-03
-4.489806946367025375e-03
-2.763908822089433670e-03
1.987382583320140839e-02
2.204070240259170532e-02
-9.223332628607749939e-03
-3.138284012675285339e-02
1.342373155057430267e-02
-9.877270087599754333e-03
4.806665331125259399e-02
4.091257229447364807e-02
-3.853286057710647583e-02
2.221467904746532440e-02
3.769971430301666260e-02
3.725373744964599609e-02
-1.460291258990764618e-02
5.058546084910631180e-03
3.952934741973876953e-01
5.406510457396507263e-02
2.210458740592002869e-02
-1.136882696300745010e-02
-3.694677725434303284e-02
3.861773386597633362e-02
3.696333244442939758e-02
-1.737937703728675842e-02
-6.592431105673313141e-03
8.131571114063262939e-03
-2.325635217130184174e-02
-3.643099963665008545e-02
9.105999022722244263e-03
1.991434954106807709e-02
7.458318024873733521e-03
2.814100682735443115e-02
-9.797542542219161987e-02
-3.100572153925895691e-02
3.145822510123252869e-02
-1.878654118627309799e-03
-2.636702731251716614e-02
-9.821723401546478271e-02
-1.767921727150678635e-03
1.301356591284275055e-02
2.925821952521800995e-02
-2.654969133436679840e-02
-4.433153197169303894e-03
-2.852056734263896942e-02
-1.914173178374767303e-02
-4.204023629426956177e-02
1.128796860575675964e-02
-2.586190402507781982e-02
9.172710706479847431e-04
-6.075920164585113525e-02
6.179445981979370117e-02
-6.007391214370727539e-02
-1.152726355940103531e-02
-6.722529651597142220e-04
-1.905115321278572083e-02
1.537363859824836254e-03
1.988496258854866028e-02
1.045862771570682526e-02
-5.165247712284326553e-03
-1.703459210693836212e-02
-1.333776395767927170e-02
4.788267426192760468e-03
2.365912869572639465e-02
1.304659154266119003e-02
1.172835752367973328e-02
3.746246173977851868e-02
-1.382271759212017059e-02
-1.420415588654577732e-03
-2.241518720984458923e-02
7.072053849697113037e-03
5.474442988634109497e-02
-9.125909768044948578e-03
2.297440916299819946e-02
2.959261462092399597e-02
8.544630557298660278e-02
4.957626573741436005e-03
-3.557300567626953125e-02
5.584980826824903488e-03
2.326636575162410736e-02
-4.129264038056135178e-03
-9.187264367938041687e-03
3.803825378417968750e-02
-4.424082487821578979e-02
-8.507596328854560852e-03
-1.513881701976060867e-02
-8.346307091414928436e-03
4.006575420498847961e-02
-3.631465137004852295e-02
1.911987364292144775e-02
7.974503561854362488e-03
2.485379576683044434e-02
-1.851439662277698517e-02
1.608503516763448715e-03
-4.086035490036010742e-02
1.077177096158266068e-02
-5.006404593586921692e-02
-1.960542798042297363e-02
1.986111886799335480e-02
4.979114234447479248e-02
1.129171624779701233e-02
3.911346569657325745e-02
-1.294670440256595612e-02
5.020493268966674805e-02
-5.050827562808990479e-02
-2.364144194871187210e-03
6.945009808987379074e-03
1.511111948639154434e-02
1.628628931939601898e-02
3.811968863010406494e-02
-1.550847012549638748e-02
5.219302698969841003e-02
-1.389595586806535721e-02
1.669092848896980286e-02
-4.940303787589073181e-02
-1.815332658588886261e-02
-1.557041984051465988e-02
2.787440782412886620e-03
-3.362332936376333237e-03
-2.279973588883876801e-02
7.596240937709808350e-02
-2.072448609396815300e-03
-4.776718094944953918e-02
-7.245745044201612473e-03
-5.153490975499153137e-02
3.785040974617004395e-02
-2.382765524089336395e-02
-2.433934621512889862e-02
2.227170020341873169e-02
-1.665727607905864716e-02
1.891942461952567101e-03
6.920518353581428528e-03
6.186544895172119141e-02
3.717099502682685852e-02
3.839763253927230835e-02
3.139781206846237183e-02
-1.163554284721612930e-02
4.893251881003379822e-02
-1.622000895440578461e-02
3.964565694332122803e-02
-5.764163099229335785e-03
1.211217418313026428e-02
-1.430464256554841995e-02
4.126260802149772644e-02
-7.800266891717910767e-02
7.544372230768203735e-02
2.481661178171634674e-02
-1.450588088482618332e-02
9.014128707349300385e-03
-5.932860076427459717e-02
-3.401197120547294617e-02
-1.737622357904911041e-02
1.380328182131052017e-02
1.309002283960580826e-02
-4.164168611168861389e-02
-6.901048123836517334e-02
-1.300095673650503159e-02
-5.708072707056999207e-02
-8.256894536316394806e-03
2.970178984105587006e-02
-2.513186633586883545e-02
2.525976300239562988e-02
1.076353807002305984e-02
-4.628731869161128998e-03
-1.527816895395517349e-02
1.026165951043367386e-02
3.362593427300453186e-02
-2.229218371212482452e-02
8.299744129180908203e-02
-3.144287690520286560e-02
9.932925924658775330e-03
1.029880624264478683e-02
-1.367124449461698532e-02
-2.567461133003234863e-02
-2.315836772322654724e-02
-6.939449231140315533e-04
4.160997271537780762e-02
1.002903934568166733e-02
3.261902183294296265e-02
-3.423955664038658142e-02
-7.670672535896301270e-01
2.795041305944323540e-03
1.925406232476234436e-02
8.850011974573135376e-03
2.343092928640544415e-04
1.207631733268499374e-02
9.598066098988056183e-03
1.019134838134050369e-02
-5.522521678358316422e-03
-2.372504211962223053e-03
5.154008790850639343e-02
-4.278596490621566772e-02
1.869127526879310608e-02
-5.229758843779563904e-02
2.814348042011260986e-02
-7.521008374169468880e-04
1.188835781067609787e-02
-1.410927652614191175e-04
-6.697914563119411469e-03
2.576242201030254364e-02
-1.765596121549606323e-02
2.180536650121212006e-02
-6.336283683776855469e-02
-1.608935929834842682e-02
-2.396569401025772095e-02
3.216303512454032898e-02
-1.714073866605758667e-02
5.918627232313156128e-02
9.887160360813140869e-02
7.043136749416589737e-03
1.932015083730220795e-02
1.171140559017658234e-02
3.640069812536239624e-02
3.006979823112487793e-02
1.670217886567115784e-02
5.183000490069389343e-02
-1.590414345264434814e-01
-4.654981940984725952e-02
-1.789203844964504242e-03
3.017098829150199890e-02
-8.768345229327678680e-03
3.705953806638717651e-02
-4.840046539902687073e-02
6.089727580547332764e-02
-6.432788074016571045e-02
1.954859793186187744e-01
-4.267896711826324463e-02
8.037221431732177734e-02
-9.593752771615982056e-02
-6.051263213157653809e-02
1.877565309405326843e-02
1.303849071264266968e-01
1.208934336900711060e-01
4.182926192879676819e-02
8.139720559120178223e-02
-3.176070004701614380e-02
-7.137040048837661743e-02
-1.959497109055519104e-02
8.553785085678100586e-02
2.246092632412910461e-02
-4.489216953516006470e-02
1.254138052463531494e-01
4.717563744634389877e-03
-7.480029016733169556e-02
-6.301738321781158447e-02
2.265437245368957520e-01
2.764309383928775787e-02
-7.343950867652893066e-02
3.528428822755813599e-02
1.723621934652328491e-01
1.101656816899776459e-03
4.347019270062446594e-02
7.737948000431060791e-02
1.655713655054569244e-02
-9.251666069030761719e-02
-1.191622391343116760e-01
-8.938962966203689575e-02
-4.688205942511558533e-02
-1.923311501741409302e-03
2.217402905225753784e-01
3.868893161416053772e-02
7.078638076782226562e-01
-9.997313842177391052e-03
-7.305767852813005447e-03
-6.770838052034378052e-02
1.329416334629058838e-01
1.017576158046722412e-01
3.391855582594871521e-02
4.784482344985008240e-02
-1.040821801871061325e-02
4.229692742228507996e-02
2.762511670589447021e-01
-3.004936035722494125e-03
1.299493247643113136e-03
-1.095151975750923157e-01
-3.398614376783370972e-02
3.388456767424941063e-03
-1.017517782747745514e-02
-8.360086381435394287e-02
-4.292772337794303894e-02
-6.225109566003084183e-03
-1.253929082304239273e-02
-3.997526317834854126e-02
1.511336769908666611e-02
1.719963178038597107e-02
2.561847306787967682e-02
5.172167345881462097e-02
-4.708023369312286377e-02
1.806229539215564728e-02
2.095334418118000031e-02
2.629442885518074036e-02
1.324299536645412445e-02
4.354247450828552246e-02
3.490046784281730652e-02
-5.953862797468900681e-03
-4.525560885667800903e-03
1.512567698955535889e-02
3.303775191307067871e-02
-3.876012563705444336e-02
-1.454438664950430393e-03
1.135463174432516098e-02
-4.227563366293907166e-02
3.082424774765968323e-02
3.535848855972290039e-02
-8.459497243165969849e-03
-6.179781258106231689e-02
-7.683501578867435455e-03
2.848831936717033386e-02
-5.593058466911315918e-02
-1.389642059803009033e-02
1.036737579852342606e-02
-4.365278873592615128e-03
-7.572664413601160049e-03
-3.007905930280685425e-02
5.739725381135940552e-02
-2.303989790380001068e-02
-2.977768145501613617e-02
4.795645177364349365e-02
-1.590511202812194824e-02
-5.136140435934066772e-02
-4.017550498247146606e-03
6.805863976478576660e-02
-2.767676860094070435e-02
-2.863583713769912720e-02
-1.911752112209796906e-02
2.474878169596195221e-02
-2.165296860039234161e-02
-1.048827841877937317e-01
9.152910672128200531e-03
-3.176275407895445824e-03
6.958540529012680054e-02
-2.756667882204055786e-02
3.289770707488059998e-02
7.050455361604690552e-02
-5.710837244987487793e-02
-7.691105455160140991e-02
-8.527024649083614349e-03
-2.801696397364139557e-02
-2.637318335473537445e-03
-3.660224378108978271e-02
-4.125378653407096863e-02
-5.081514269113540649e-02
4.529938101768493652e-02
2.535389177501201630e-02
3.726527094841003418e-02
3.386582806706428528e-02
4.388965666294097900e-02
5.292164161801338196e-02
-1.675906591117382050e-02
-3.476680442690849304e-02
-7.348932325839996338e-02
-9.373583644628524780e-02
2.490125782787799835e-02
1.343909278512001038e-02
-5.276561528444290161e-02
-3.154091164469718933e-02
-7.697656005620956421e-02
5.878960713744163513e-02
-1.664528809487819672e-02
-3.946488723158836365e-02
3.520846366882324219e-02
7.008741796016693115e-02
-2.998931333422660828e-02
-2.791169798001646996e-03
7.375789433717727661e-02
-2.046424522995948792e-02
-8.102216571569442749e-02
3.579637408256530762e-02
-5.246968567371368408e-02
-1.205096393823623657e-01
-1.388041302561759949e-02
9.216925245709717274e-04
-5.036800727248191833e-02
8.393651992082595825e-02
-1.680033840239048004e-02
-1.604261808097362518e-02
-2.293749153614044189e-02
-3.002633713185787201e-02
-2.122075296938419342e-02
1.854743808507919312e-02
3.306368598714470863e-03
-1.475831270217895508e-01
-8.805110305547714233e-02
2.822436206042766571e-02
-3.047781251370906830e-02
-6.298717111349105835e-02
-5.028453469276428223e-02
3.325726464390754700e-02
-3.416896238923072815e-02
3.820618614554405212e-02
2.677687071263790131e-02
-3.431740030646324158e-02
2.827912755310535431e-02
-2.462693303823471069e-02
-4.074697382748126984e-03
3.072603838518261909e-03
-2.164662629365921021e-02
-1.651336625218391418e-02
5.011128634214401245e-02
-3.934781625866889954e-02
-1.499861758202314377e-02
-7.801671017659828067e-06
-4.512384999543428421e-03
-1.052799895405769348e-01
3.541462123394012451e-02
3.650895552709698677e-03
-1.213105693459510803e-01
5.206507444381713867e-02
2.592501603066921234e-02
-4.866184666752815247e-02
2.407915453659370542e-04
1.166077554225921631e-01
-8.519412949681282043e-03
7.989595644176006317e-03
-4.726533591747283936e-02
3.664932399988174438e-02
-3.522301791235804558e-03
-2.431929856538772583e-02
-3.512217476963996887e-02
-7.127413153648376465e-02
3.568139625713229179e-03
-2.833488583564758301e-02
2.223857864737510681e-02
3.475742414593696594e-02
-4.117354005575180054e-02
-7.899440079927444458e-02
2.253960818052291870e-02
-6.168896332383155823e-03
-3.232996910810470581e-02
9.874744864646345377e-05
-2.698338218033313751e-02
1.417594403028488159e-02
-6.527677178382873535e-02
9.064288437366485596e-02
-4.125094413757324219e-02
-2.781524695456027985e-02
-5.756102874875068665e-02
8.620928972959518433e-02
-5.510421469807624817e-02
-5.335909500718116760e-02
-8.485113084316253662e-02
-6.670683622360229492e-03
-1.077015977352857590e-02
-1.932353712618350983e-03
-4.483028315007686615e-03
5.130680277943611145e-03
-4.102781787514686584e-02
-2.822331711649894714e-02
7.671332452446222305e-03
5.436395108699798584e-02
-5.172652006149291992e-02
-3.885629773139953613e-02
2.711761370301246643e-02
-3.166406229138374329e-02
1.030357088893651962e-03
-8.123248815536499023e-03
-3.593710809946060181e-02
-1.625984325073659420e-03
3.208379447460174561e-02
-2.747969701886177063e-02
-7.116449065506458282e-03
-2.281027100980281830e-02
-2.992011234164237976e-02
4.655931517481803894e-02
4.903909564018249512e-02
-3.407659381628036499e-02
-8.751858770847320557e-02
-3.790845721960067749e-02
-1.025168225169181824e-02
-2.508395584300160408e-03
-4.162497073411941528e-02
2.532945573329925537e-02
-7.168404757976531982e-02
1.604703441262245178e-02
-2.893994376063346863e-02
1.974659599363803864e-02
2.150316350162029266e-02
-1.607106812298297882e-02
4.772084206342697144e-02
3.417012467980384827e-02
7.000891864299774170e-02
-2.038607932627201080e-02
-7.219464331865310669e-02
4.489230737090110779e-02
-9.079310297966003418e-02
5.791406705975532532e-02
-1.071916427463293076e-02
3.671252354979515076e-02
-1.005359576083719730e-03
1.919877715408802032e-02
4.862312600016593933e-02
-7.930908352136611938e-02
3.447772935032844543e-02
9.132752567529678345e-02
-4.454725235700607300e-02
1.801519282162189484e-02
-1.088568475097417831e-03
-2.168528549373149872e-02
3.758465871214866638e-02
3.165394812822341919e-02
-7.774053514003753662e-02
1.587731763720512390e-02
-9.990901453420519829e-04
-5.156544595956802368e-02
1.063149273395538330e-01
-2.018017321825027466e-02
3.192269429564476013e-02
3.987581934779882431e-03
-2.354939281940460205e-02
-6.045890040695667267e-03
-2.268295921385288239e-02
1.402020268142223358e-02
9.850369766354560852e-03
-5.859638005495071411e-02
1.641963724978268147e-03
-3.879654407501220703e-02
-1.275521609932184219e-02
2.706391364336013794e-02
-1.552022807300090790e-02
-9.917827695608139038e-02
-1.332801114767789841e-02
4.193972423672676086e-02
3.823091834783554077e-02
-1.963282935321331024e-02
2.571045607328414917e-02
-2.500587143003940582e-02
-1.195902004837989807e-02
5.513470992445945740e-02
3.428264334797859192e-02
4.021536186337471008e-02
3.346609696745872498e-02
-1.668153144419193268e-02
1.523257791996002197e-02
3.138053044676780701e-02
3.913161903619766235e-02
-3.396263718605041504e-02
-4.015136882662773132e-02
4.135311581194400787e-03
-1.139164064079523087e-02
2.994296140968799591e-03
5.797912180423736572e-02
4.093595594167709351e-02
-1.838535442948341370e-02
-1.186886243522167206e-02
-3.361489251255989075e-02
2.599846338853240013e-03
1.753636635839939117e-02
-3.281922265887260437e-02
2.084298618137836456e-02
-9.461073204874992371e-03
-4.192925617098808289e-02
1.472318172454833984e-02
2.353548817336559296e-02
7.168010622262954712e-02
1.042143907397985458e-03
3.457687050104141235e-02
-3.470444306731224060e-02
-2.625478082336485386e-04
-2.812429331243038177e-02
-9.185486473143100739e-03
-1.171308662742376328e-02
-3.209863323718309402e-03
6.396737694740295410e-02
-2.266678214073181152e-02
1.766894198954105377e-02
-4.160454496741294861e-02
1.575996726751327515e-02
-5.879383534193038940e-02
-4.128512367606163025e-02
-1.803100667893886566e-02
-7.735785096883773804e-02
-7.226900663226842880e-03
-6.559053808450698853e-02
-5.633459612727165222e-02
1.786572858691215515e-02
4.344617947936058044e-03
-4.940751194953918457e-02
4.027292504906654358e-02
-2.853853069245815277e-02
-5.439428985118865967e-02
4.252424463629722595e-02
-2.097707614302635193e-02
-2.953132381662726402e-03
-6.951069086790084839e-02
-2.105392282828688622e-03
-1.195742003619670868e-02
-1.844688691198825836e-02
2.501854859292507172e-02
3.089560940861701965e-02
-5.778250843286514282e-02
5.065918713808059692e-02
-6.426179409027099609e-02
3.881973773241043091e-02
3.874990623444318771e-03
9.263107180595397949e-02
-2.704095840454101562e-02
-7.646716199815273285e-03
3.394756093621253967e-02
-6.611475255340337753e-03
-1.041887924075126648e-01
-4.987765848636627197e-02
-1.373600307852029800e-02
-2.889435552060604095e-02
-1.040734201669692993e-01
7.953085005283355713e-03
-1.881047524511814117e-02
3.636699169874191284e-02
1.776678487658500671e-02
3.057946264743804932e-02
1.394407637417316437e-02
5.703848227858543396e-02
2.752617560327053070e-02
-9.397626668214797974e-02
1.296048401854932308e-03
3.776940703392028809e-02
-1.693676970899105072e-02
-1.549448352307081223e-02
6.317575275897979736e-02
-2.564947307109832764e-02
-4.142318293452262878e-02
3.751973435282707214e-02
4.555791243910789490e-02
-7.617831230163574219e-02
5.322449281811714172e-02
2.488837763667106628e-02
3.684944286942481995e-02
6.585330516099929810e-02
7.002853602170944214e-02
-6.677686423063278198e-02
-3.180119767785072327e-02
-1.931300945580005646e-02
-2.664264664053916931e-02
2.579811727628111839e-03
2.464796788990497589e-02
2.318216674029827118e-02
-7.348630577325820923e-02
-1.390958111733198166e-02
-2.678799442946910858e-02
-9.921494638547301292e-04
2.304923022165894508e-03
-5.714559182524681091e-02
5.144084617495536804e-02
-9.029404073953628540e-02
6.616263091564178467e-02
-2.111506089568138123e-02
5.340426042675971985e-02
2.313395589590072632e-02
-8.225807547569274902e-02
-1.673100632615387440e-03
2.787955850362777710e-02
5.527682229876518250e-02
6.331906188279390335e-03
-5.244713649153709412e-02
7.370933890342712402e-02
2.855918370187282562e-02
-1.055948995053768158e-02
-2.241696929559111595e-03
-2.620565891265869141e-02
3.058674745261669159e-02
5.387866124510765076e-02
-3.243694081902503967e-02
5.514451861381530762e-02
2.748798951506614685e-02
-8.980476297438144684e-03
4.147348925471305847e-03
4.769730847328901291e-03
1.108239404857158661e-02
-2.073645032942295074e-02
6.098284944891929626e-02
-6.036076694726943970e-03
2.827272750437259674e-03
5.453673750162124634e-02
-1.943279244005680084e-02
-4.282728768885135651e-03
2.494679763913154602e-02
4.614958912134170532e-02
-1.867970824241638184e-01
-2.750185877084732056e-02
1.591935195028781891e-02
9.157893364317715168e-04
-1.126454919576644897e-01
-7.520910818129777908e-03
-2.167541347444057465e-02
-3.460540249943733215e-02
-1.506034191697835922e-02
-8.083371445536613464e-03
2.571882121264934540e-02
-5.099073424935340881e-02
5.634110048413276672e-02
-6.237000599503517151e-02
-1.826523430645465851e-02
-1.337175350636243820e-02
4.941780120134353638e-02
-7.025440037250518799e-02
4.850137606263160706e-02
-3.132444806396961212e-03
2.057830058038234711e-02
-5.395946651697158813e-02
2.496527880430221558e-02
1.182607933878898621e-02
-3.318769857287406921e-02
-6.534367799758911133e-02
1.162538770586252213e-02
1.967032998800277710e-02
-1.575681380927562714e-02
2.319977059960365295e-02
1.707912795245647430e-02
-7.325223088264465332e-02
1.405650377273559570e-02
1.975630968809127808e-02
1.114465855062007904e-02
-1.710795052349567413e-02
3.493331000208854675e-02
-1.749967411160469055e-02
-5.141792818903923035e-02
3.352940827608108521e-02
-4.237796738743782043e-02
-9.006633423268795013e-03
4.948765411972999573e-02
-8.506149984896183014e-03
5.018562451004981995e-02
-2.821731753647327423e-02
2.123228274285793304e-02
1.176937390118837357e-02
-1.178636774420738220e-01
1.126035209745168686e-02
3.316011652350425720e-02
1.781529560685157776e-02
-6.113673746585845947e-02
3.731648670509457588e-03
7.172217965126037598e-02
7.823173701763153076e-02
5.801555514335632324e-02
6.095067784190177917e-02
2.983252890408039093e-02
-8.368040621280670166e-02
2.662673406302928925e-02
-2.501442842185497284e-02
6.717278063297271729e-02
-5.381410568952560425e-02
-9.217641782015562057e-04
-1.811955869197845459e-02
-3.768794611096382141e-02
6.265368312597274780e-02
1.067962404340505600e-02
-4.227875918149948120e-02
-2.072609215974807739e-02
-8.741301298141479492e-02
-1.884214393794536591e-02
-1.977717876434326172e-02
-1.340035535395145416e-02
-1.926458999514579773e-02
2.294883690774440765e-02
4.896127432584762573e-02
-5.520858243107795715e-02
-2.205669134855270386e-02
6.771958619356155396e-02
-6.970713287591934204e-02
4.784348234534263611e-02
-1.453083101660013199e-02
-1.506692320108413696e-01
5.226014927029609680e-02
-3.562444821000099182e-02
-4.350418597459793091e-02
-5.963584408164024353e-02
-6.495426595211029053e-02
4.552302509546279907e-02
-5.271928757429122925e-02
-2.901121415197849274e-02
6.182401254773139954e-02
-3.991520032286643982e-02
-6.713674217462539673e-02
-5.104488134384155273e-02
-4.730195179581642151e-02
5.090981721878051758e-02
2.552540227770805359e-02
5.267566442489624023e-02
8.557802997529506683e-03
-3.355697728693485260e-03
2.703114785254001617e-02
-6.933151278644800186e-03
-5.133525002747774124e-03
5.491297319531440735e-02
2.155333012342453003e-02
3.464889898896217346e-02
-9.921544790267944336e-02
6.817081570625305176e-02
8.215400739572942257e-04
-4.999829456210136414e-02
-3.995944280177354813e-03
-2.888979203999042511e-02
