9.729179553687572479e-03
1.846317388117313385e-02
-2.303901500999927521e-02
4.161070287227630615e-02
-6.973788142204284668e-03
1.505462639033794403e-02
-3.348930273205041885e-03
-9.422608651220798492e-03
-3.727140277624130249e-02
2.969369292259216309e-03
-4.074456810485571623e-04
-1.610040478408336639e-02
1.539674494415521622e-02
7.837939774617552757e-04
1.522289216518402100e-02
1.491490378975868225e-02
-2.028162032365798950e-02
2.467091940343379974e-02
-3.609713539481163025e-02
1.369735971093177795e-02
-1.483165938407182693e-02
-1.898919418454170227e-02
4.830167815089225769e-02
1.839290745556354523e-02
1.994567923247814178e-02
-2.537232451140880585e-02
-1.375590823590755463e-02
-7.991807535290718079e-03
1.301435474306344986e-02
2.757108211517333984e-02
-2.275948226451873779e-02
2.083097957074642181e-02
2.213129075244069099e-03
8.698863908648490906e-03
-2.647141693159937859e-03
-3.341049328446388245e-02
4.371469095349311829e-02
-1.398198865354061127e-02
2.008723467588424683e-02
4.313904047012329102e-02
8.445364423096179962e-03
2.187006920576095581e-02
4.019585251808166504e-02
2.056466415524482727e-02
7.078922935761511326e-04
-7.505824789404869080e-03
-2.112560160458087921e-02
-1.750750467181205750e-02
-1.433376874774694443e-02
-5.924461409449577332e-03
2.849715016782283783e-02
3.265348076820373535e-02
1.936411485075950623e-02
-8.745046332478523254e-03
1.399741414934396744e-02
1.633874513208866119e-02
-1.940386556088924408e-02
1.420093514025211334e-02
4.806502461433410645e-01
1.262346096336841583e-02
-9.466752409934997559e-03
7.478298502974212170e-04
-7.266058120876550674e-03
-1.449582725763320923e-02
1.784768700599670410e-02
4.341196268796920776e-02
-2.231905236840248108e-02
1.509474404156208038e-02
-7.296729832887649536e-02
-6.910053547471761703e-03
3.064215881749987602e-03
3.202117979526519775e-02
-3.794100368395447731e-03
1.917683705687522888e-02
-5.795380473136901855e-02
1.748180948197841644e-03
2.172242477536201477e-02
-3.588706627488136292e-02
-8.699513971805572510e-03
-1.231558471918106079e-01
1.043558493256568909e-02
-5.600178148597478867e-03
3.614360000938177109e-03
-5.952396430075168610e-03
-1.192428171634674072e-02
-4.782849177718162537e-02
-1.984833925962448120e-02
-3.703911602497100830e-02
-1.803959836252033710e-03
-1.851613819599151611e-02
-2.133303135633468628e-02
-2.005902118980884552e-02
4.293280839920043945e-02
-1.230966020375490189e-02
3.050478640943765640e-03
-1.839665463194251060e-03
-7.788962684571743011e-03
-2.062483131885528564e-02
1.463751308619976044e-02
1.628062874078750610e-02
-1.246948074549436569e-02
1.250317553058266640e-03
4.287114366888999939e-03
-9.710093028843402863e-03
1.996691804379224777e-03
1.205925177782773972e-02
3.880336880683898926e-02
1.698516868054866791e-02
-1.406249008141458035e-03
6.280019297264516354e-04
-1.622116193175315857e-03
1.530588511377573013e-02
4.786358028650283813e-02
2.569648064672946930e-02
-9.991286322474479675e-03
2.779161371290683746e-02
2.677746862173080444e-02
1.405060105025768280e-02
-5.789763759821653366e-03
1.076195482164621353e-02
2.189713716506958008e-02
1.530094072222709656e-02
-7.378986105322837830e-03
2.212879247963428497e-02
1.346659753471612930e-02
-1.171999424695968628e-02
-3.416753560304641724e-02
-7.612703368067741394e-03
5.523759406059980392e-03
1.396742835640907288e-02
5.780423060059547424e-02
1.159847434610128403e-02
8.714671246707439423e-03
-1.210421696305274963e-02
-3.272122889757156372e-02
-2.835746668279170990e-02
7.185663282871246338e-02
-1.473979093134403229e-02
-3.095172904431819916e-02
2.090882509946823120e-03
6.736138463020324707e-02
1.309381518512964249e-02
1.990756578743457794e-02
-3.485377877950668335e-03
1.609171554446220398e-02
-9.474315494298934937e-02
-5.467075388878583908e-03
6.093306932598352432e-03
-1.998958643525838852e-03
2.056462317705154419e-02
5.361325293779373169e-02
-5.184182664379477501e-04
3.674941882491111755e-02
3.361165896058082581e-02
-1.316552981734275818e-02
-4.920585453510284424e-02
9.658584371209144592e-03
-7.298702374100685120e-03
2.941180579364299774e-02
9.722881019115447998e-03
-2.254152670502662659e-02
8.615329861640930176e-02
-4.618095606565475464e-02
-2.578315511345863342e-02
-1.455264165997505188e-03
2.856222214177250862e-03
4.712438385467976332e-04
-1.062561641447246075e-03
-7.398583460599184036e-03
9.012414142489433289e-03
-1.979747414588928223e-02
-3.997436258941888809e-03
-2.349917311221361160e-03
2.986888028681278229e-02
1.045006047934293747e-02
1.975914277136325836e-02
-2.699272707104682922e-03
2.462821826338768005e-02
-2.210214361548423767e-02
1.325695216655731201e-02
6.026341021060943604e-02
1.034877169877290726e-02
2.645043097436428070e-02
-1.645570248365402222e-02
5.285416543483734131e-02
-1.382771730422973633e-01
1.337358802556991577e-01
2.204543724656105042e-02
-7.365985307842493057e-03
1.840339414775371552e-02
-5.448900163173675537e-02
-3.113702684640884399e-02
-5.032422486692667007e-03
-2.412298228591680527e-03
1.319547183811664581e-02
-8.118850179016590118e-03
3.720517829060554504e-02
-3.464431269094347954e-03
4.531565308570861816e-02
1.936083426699042320e-03
-5.105423182249069214e-02
-1.460204832255840302e-02
4.963098838925361633e-02
3.652359917759895325e-02
1.555272564291954041e-02
-5.434074439108371735e-03
2.056742273271083832e-02
1.486566010862588882e-02
-1.655301451683044434e-02
4.355447366833686829e-02
2.596121281385421753e-02
5.652687395922839642e-04
4.512761719524860382e-03
-1.384856645017862320e-02
-6.018121726810932159e-03
-1.168747432529926300e-03
-9.582215920090675354e-03
1.115880999714136124e-02
1.468622591346502304e-02
-5.714740836992859840e-04
5.331417196430265903e-04
-7.426304817199707031e-01
-1.133299898356199265e-03
1.982691138982772827e-02
1.748625189065933228e-02
3.728758078068494797e-03
5.896059423685073853e-02
2.605191245675086975e-02
1.844474300742149353e-02
1.277363579720258713e-02
5.568168591707944870e-03
1.541698351502418518e-02
1.201782654970884323e-02
-5.648696795105934143e-03
-5.901190638542175293e-02
2.355675399303436279e-02
3.678981959819793701e-02
-8.364849723875522614e-03
-1.402432564646005630e-02
-8.691915310919284821e-03
2.586703747510910034e-02
-2.405842393636703491e-02
6.004619225859642029e-02
5.736861843615770340e-03
-3.246618434786796570e-02
-2.038989961147308350e-02
2.006094530224800110e-02
-4.701547697186470032e-02
2.566234022378921509e-02
5.687867105007171631e-02
-9.378796443343162537e-03
-1.359636709094047546e-02
3.866878896951675415e-02
3.009321913123130798e-02
4.323413129895925522e-03
3.702501533553004265e-03
7.104635983705520630e-02
-5.516009777784347534e-02
3.746066987514495850e-02
4.017461463809013367e-02
-1.702505163848400116e-02
-1.547724474221467972e-02
1.238747909665107727e-01
3.537873178720474243e-02
6.599158793687820435e-02
-7.345912605524063110e-02
2.081007957458496094e-01
6.923074275255203247e-02
-4.440784454345703125e-03
-3.097743168473243713e-02
-5.804747343063354492e-02
8.520490676164627075e-02
9.436089545488357544e-02
1.145763248205184937e-01
5.269218981266021729e-02
3.270226716995239258e-02
-3.745851665735244751e-02
-1.363726332783699036e-03
-6.246478855609893799e-02
1.619136780500411987e-01
6.849450618028640747e-02
-4.104894399642944336e-02
1.355019807815551758e-01
-1.969934813678264618e-02
1.791035570204257965e-02
7.843595929443836212e-03
1.517608314752578735e-01
4.666699096560478210e-02
3.626606240868568420e-02
-3.598341718316078186e-02
7.640104740858078003e-02
-5.190495774149894714e-02
7.366198301315307617e-02
3.907244279980659485e-02
1.658445410430431366e-02
1.173056475818157196e-02
-6.815084069967269897e-02
-6.225838884711265564e-02
-5.116156116127967834e-02
-4.279717057943344116e-02
1.278128474950790405e-01
4.789524897933006287e-02
7.854362726211547852e-01
-4.361905902624130249e-02
-1.428448874503374100e-02
-7.392519712448120117e-02
1.542139351367950439e-01
5.387952551245689392e-02
-2.792653627693653107e-02
5.511638522148132324e-02
-7.102500647306442261e-02
-5.796209350228309631e-02
1.916858106851577759e-01
-6.856663525104522705e-02
-9.438797831535339355e-02
-8.955692499876022339e-02
-9.656427055597305298e-02
1.818702905438840389e-03
1.549002435058355331e-02
-1.129291206598281860e-01
-3.379899635910987854e-02
-1.310630235821008682e-03
4.697309806942939758e-03
-4.657927900552749634e-02
4.378588870167732239e-02
2.551583014428615570e-02
3.448130935430526733e-02
3.360813856124877930e-02
-2.549696341156959534e-02
-4.289959091693162918e-03
-1.889488846063613892e-02
4.597112536430358887e-02
1.455942448228597641e-02
4.682942479848861694e-02
3.566631302237510681e-02
6.039630621671676636e-03
-8.539478294551372528e-03
3.706283867359161377e-02
2.346174791455268860e-02
-4.468103870749473572e-02
-1.390241459012031555e-02
-1.642671762965619564e-03
-6.781418621540069580e-02
-8.902538684196770191e-04
5.703806504607200623e-02
5.005644261837005615e-02
-1.724583469331264496e-02
-2.191769890487194061e-02
1.034556794911623001e-02
-3.178863972425460815e-02
-1.908695697784423828e-02
3.040238283574581146e-02
-7.875104434788227081e-03
1.788737997412681580e-02
-3.765886649489402771e-02
2.969040721654891968e-02
-1.330677606165409088e-02
-3.229306638240814209e-02
5.457147583365440369e-02
-3.000470995903015137e-02
-3.722796961665153503e-02
9.100854396820068359e-03
7.180385291576385498e-02
-1.875169016420841217e-02
-1.500961091369390488e-02
-2.987492084503173828e-02
3.531115502119064331e-02
-1.139344880357384682e-03
-8.543951064348220825e-02
-1.688995747826993465e-03
-4.948456306010484695e-03
3.626807406544685364e-02
4.622062202543020248e-03
3.893535817041993141e-03
7.190188020467758179e-02
-1.550793461501598358e-02
-5.704997852444648743e-02
-1.539313327521085739e-02
-4.366971924901008606e-02
2.668677829205989838e-03
6.894114194437861443e-04
-7.663360796868801117e-03
-7.014110684394836426e-02
9.611709043383598328e-03
1.901570148766040802e-02
3.633683919906616211e-02
1.752684451639652252e-02
5.476526170969009399e-02
4.225471243262290955e-02
-3.445557504892349243e-02
2.474384848028421402e-03
-6.347718834877014160e-02
-4.769294708967208862e-02
3.825409710407257080e-02
-2.147009363397955894e-03
-5.057053267955780029e-02
-1.669516228139400482e-02
-5.465265735983848572e-02
6.418062746524810791e-02
-6.073647364974021912e-02
-3.762571141123771667e-02
4.527339246124029160e-03
7.560715079307556152e-02
-3.881332278251647949e-02
-8.160847239196300507e-03
8.296012133359909058e-02
2.971672266721725464e-02
-6.275685131549835205e-02
2.075568959116935730e-02
-4.386274889111518860e-02
-1.124715879559516907e-01
-8.724830113351345062e-03
1.586614176630973816e-02
-4.363852739334106445e-02
9.480334818363189697e-02
-3.157861158251762390e-02
-7.160091307014226913e-03
-3.677881509065628052e-02
-4.070285707712173462e-02
-4.462990537285804749e-02
-1.506579457782208920e-03
2.854547637980431318e-04
-1.443093121051788330e-01
-6.436772644519805908e-02
1.733474619686603546e-02
-7.034095376729965210e-02
-5.313545837998390198e-02
-7.198790553957223892e-03
-3.036097856238484383e-03
-3.521049395203590393e-02
1.543732453137636185e-02
4.012327641248703003e-02
-3.795433044433593750e-02
2.816140651702880859e-02
-3.782498836517333984e-02
3.208848414942622185e-03
4.309255257248878479e-02
-4.137017577886581421e-02
-1.599511690437793732e-02
4.233358055353164673e-02
-4.263503476977348328e-02
-2.292797341942787170e-02
-1.856986247003078461e-02
-3.591179102659225464e-02
-9.491504728794097900e-02
5.002482980489730835e-02
4.954886436462402344e-02
-1.590050011873245239e-01
6.392345577478408813e-02
2.908940799534320831e-02
-5.310802534222602844e-02
1.578878797590732574e-02
8.076196163892745972e-02
2.018292061984539032e-02
2.206513745477423072e-04
-7.470711320638656616e-02
2.722034044563770294e-02
-1.223631482571363449e-02
-2.959151752293109894e-02
-7.512640673667192459e-03
1.691878587007522583e-02
6.583462003618478775e-03
-1.087824627757072449e-02
3.149522468447685242e-02
2.132541686296463013e-02
-2.621989138424396515e-02
-1.113185808062553406e-01
2.286509238183498383e-02
2.557042054831981659e-02
-1.569025032222270966e-02
-4.509217664599418640e-02
-5.816723778843879700e-02
3.230221942067146301e-02
-6.123487278819084167e-02
4.376427084207534790e-02
-4.762104153633117676e-02
-1.732775010168552399e-02
-7.728356122970581055e-02
4.489160701632499695e-02
-7.823252677917480469e-02
-4.647656902670860291e-02
-5.808984115719795227e-02
-1.068801153451204300e-02
2.999049425125122070e-02
-1.261211093515157700e-02
2.122172154486179352e-02
-9.473301470279693604e-03
-2.124448493123054504e-02
-5.117424950003623962e-02
-7.795577868819236755e-03
5.314910039305686951e-02
-8.282902091741561890e-02
-4.185156896710395813e-02
5.048260837793350220e-02
-2.140774205327033997e-02
-6.017466541379690170e-03
-5.612420290708541870e-02
-2.422453835606575012e-02
9.872958064079284668e-03
1.703066006302833557e-02
2.277258969843387604e-02
-2.075807005167007446e-02
-4.841418564319610596e-02
1.900484599173069000e-02
5.994804203510284424e-02
4.830224066972732544e-02
-7.257783785462379456e-03
-4.264654964208602905e-02
-1.531610451638698578e-02
-5.792759824544191360e-03
2.233620733022689819e-03
-3.009522333741188049e-03
1.604017615318298340e-02
-2.240470424294471741e-02
-1.280980557203292847e-02
-3.633071482181549072e-02
2.158722467720508575e-02
1.478984113782644272e-02
-2.538157440721988678e-02
4.972184076905250549e-02
3.707908838987350464e-02
4.407323896884918213e-03
-4.745321720838546753e-02
-7.944932579994201660e-02
4.290060326457023621e-02
-8.082966506481170654e-02
4.490959271788597107e-02
4.058109596371650696e-03
7.446642499417066574e-03
-8.709563873708248138e-03
1.636489108204841614e-02
2.896992862224578857e-02
-7.939543575048446655e-02
4.396795108914375305e-02
7.395390421152114868e-02
-5.930471420288085938e-02
1.672801375389099121e-02
-1.080570183694362640e-02
-3.128507360816001892e-02
7.537961937487125397e-03
3.882180899381637573e-02
-4.825581982731819153e-02
-7.840715348720550537e-03
2.246842952445149422e-03
-5.985474586486816406e-02
7.353068143129348755e-02
-5.499113723635673523e-02
-1.191286090761423111e-02
3.806020691990852356e-02
-1.007899362593889236e-02
1.873740926384925842e-02
-1.544688735157251358e-02
-8.384416811168193817e-03
-1.531622651964426041e-02
-5.931360274553298950e-02
-2.936772815883159637e-02
-2.443222887814044952e-02
-8.921840228140354156e-03
1.019746065139770508e-02
-1.788828708231449127e-02
-9.696914255619049072e-02
-3.224842622876167297e-02
3.153391927480697632e-02
7.435877621173858643e-02
3.447961993515491486e-03
-3.173112124204635620e-02
-3.271927684545516968e-02
-7.253128103911876678e-03
6.082728505134582520e-02
3.187583014369010925e-02
7.815348217263817787e-04
6.066910549998283386e-02
-3.557503223419189453e-02
2.390121854841709137e-02
-8.350485004484653473e-03
3.088952973484992981e-02
-2.705951407551765442e-02
-3.813282400369644165e-02
-9.848260320723056793e-03
2.131118625402450562e-02
4.492503125220537186e-03
6.974337995052337646e-02
3.134437650442123413e-02
-1.802062802016735077e-02
-1.325139310210943222e-02
-6.818979233503341675e-02
1.779448427259922028e-02
1.323515269905328751e-02
-2.995109558105468750e-02
1.657607592642307281e-02
2.271273359656333923e-02
-4.832335561513900757e-02
-1.779190637171268463e-02
2.495119348168373108e-03
9.862339124083518982e-03
4.628825467079877853e-03
5.888798087835311890e-02
-2.074629440903663635e-02
8.417354896664619446e-03
1.907158084213733673e-02
-4.357739537954330444e-02
9.303035214543342590e-03
2.665087208151817322e-02
5.283556133508682251e-02
-5.613273754715919495e-02
-2.611424075439572334e-03
-2.946976572275161743e-02
9.333778172731399536e-03
-4.796084016561508179e-02
-4.793677851557731628e-02
-1.131835393607616425e-03
-6.406772136688232422e-02
-1.084298454225063324e-02
-5.899667739868164062e-02
-1.106745228171348572e-01
4.111453890800476074e-02
4.282557964324951172e-02
-5.964970216155052185e-02
-3.261526580899953842e-03
-3.757882863283157349e-02
-4.992022365331649780e-02
4.799047857522964478e-02
-3.190937265753746033e-02
9.683869779109954834e-03
-5.110897496342658997e-02
2.351635508239269257e-02
-1.621454395353794098e-02
-1.077851280570030212e-02
2.364943176507949829e-02
4.027849063277244568e-02
-6.010559201240539551e-02
-7.128448341973125935e-04
-5.377969518303871155e-02
2.491894364356994629e-02
1.531664468348026276e-02
5.070722848176956177e-02
-5.298926681280136108e-02
-2.179972827434539795e-02
2.512313798069953918e-02
2.018448337912559509e-02
-1.109058782458305359e-01
-5.578286945819854736e-02
-4.956051707267761230e-03
-3.156564757227897644e-02
-1.090199127793312073e-01
9.064616635441780090e-03
-4.369440674781799316e-02
4.175015166401863098e-02
1.427589915692806244e-02
3.629526868462562561e-02
4.576872661709785461e-02
-1.524611562490463257e-02
8.320662309415638447e-04
-9.824448078870773315e-02
2.103534527122974396e-03
1.277292380109429359e-03
-2.578621916472911835e-02
-3.725560754537582397e-02
8.659560233354568481e-03
-2.148267999291419983e-02
-3.266943618655204773e-02
5.642672255635261536e-02
3.315586224198341370e-02
-6.044971197843551636e-02
4.087550193071365356e-02
-1.533524505794048309e-02
2.891638129949569702e-02
2.575245313346385956e-02
5.845708772540092468e-02
-6.743367016315460205e-02
7.226773072034120560e-03
-6.412562914192676544e-03
-4.174133390188217163e-02
2.118545398116111755e-02
3.923013433814048767e-02
1.268931478261947632e-02
-5.233083292841911316e-02
-6.802336778491735458e-03
-3.614693880081176758e-02
-1.817814446985721588e-02
4.777844622731208801e-02
-2.958357706665992737e-02
7.413952145725488663e-03
-7.129618525505065918e-02
7.216678559780120850e-02
-2.387214265763759613e-02
5.491143837571144104e-02
1.072525233030319214e-02
-8.915872126817703247e-02
2.813435159623622894e-02
5.354582890868186951e-02
6.619434803724288940e-02
8.648584596812725067e-03
-6.130243465304374695e-02
5.074170231819152832e-02
3.976785764098167419e-02
7.061426527798175812e-03
1.907142251729965210e-02
-2.699344186112284660e-03
3.544434159994125366e-02
6.702556461095809937e-02
-3.322632284834980965e-03
3.224610909819602966e-02
-3.356440225616097450e-03
3.404191229492425919e-03
1.103965472429990768e-02
1.224388135597109795e-03
-2.193241566419601440e-02
-3.525032848119735718e-02
5.042229592800140381e-02
-6.116487458348274231e-02
-5.441225133836269379e-03
7.511482387781143188e-02
-3.210524842143058777e-02
1.467291382141411304e-03
2.583794854581356049e-02
2.835829928517341614e-02
-2.288344502449035645e-01
5.721754208207130432e-02
2.174965105950832367e-02
-1.677473075687885284e-02
-1.409891843795776367e-01
-2.809924259781837463e-02
-1.448776666074991226e-02
-4.116944223642349243e-02
3.220762358978390694e-03
-1.998760551214218140e-02
6.592161208391189575e-02
-3.482572361826896667e-02
5.386121198534965515e-02
-2.641474083065986633e-02
-2.245789393782615662e-02
-2.626838721334934235e-02
3.570041805505752563e-02
-2.775451354682445526e-02
6.250292528420686722e-03
-4.661743715405464172e-02
4.155296459794044495e-02
-8.966619521379470825e-02
3.211564570665359497e-02
2.877174317836761475e-02
-1.176145765930414200e-02
-4.223322495818138123e-02
5.630836822092533112e-03
-1.166294608265161514e-02
-3.078566514886915684e-04
-1.178961945697665215e-03
-1.880242861807346344e-02
-1.030517518520355225e-01
9.059527656063437462e-04
7.638327777385711670e-03
1.125785429030656815e-02
-3.105477197095751762e-03
6.432911753654479980e-02
-1.204565633088350296e-03
2.490852214395999908e-02
4.409846290946006775e-02
-8.003812283277511597e-02
-1.289710681885480881e-02
3.597963228821754456e-02
-1.641647703945636749e-02
6.209038943052291870e-02
-4.046544060111045837e-02
4.500378854572772980e-03
1.046592928469181061e-02
-1.168774217367172241e-01
1.323786564171314240e-03
1.915429718792438507e-02
2.395484410226345062e-02
-1.044696420431137085e-01
-2.795919217169284821e-02
5.948941409587860107e-02
8.121933788061141968e-02
2.931330539286136627e-02
6.381913274526596069e-02
4.222960025072097778e-02
-7.970958948135375977e-02
2.036009356379508972e-02
9.881775826215744019e-03
4.717859625816345215e-02
-4.329949617385864258e-02
4.203053191304206848e-03
3.106287494301795959e-02
2.201173221692442894e-03
4.534539952874183655e-02
-2.281022723764181137e-03
-1.009601075202226639e-02
-1.897954195737838745e-02
-6.827890872955322266e-02
-8.665080182254314423e-03
-2.545608207583427429e-02
-2.285368926823139191e-02
-3.838313743472099304e-02
3.977059200406074524e-02
5.778977274894714355e-02
-6.191252544522285461e-02
3.114337334409356117e-03
3.847945481538772583e-02
-6.340039521455764771e-02
4.980212077498435974e-02
-1.827852986752986908e-02
-1.693041622638702393e-01
5.257098749279975891e-02
-2.689854986965656281e-02
-4.222640395164489746e-02
-4.825447499752044678e-02
-7.588452100753784180e-02
1.372495666146278381e-02
-2.255819924175739288e-02
-1.090930495411157608e-02
3.938804194331169128e-02
-6.292539834976196289e-02
-8.495816588401794434e-02
-7.123900204896926880e-02
-2.011954039335250854e-02
3.479066118597984314e-02
1.942725107073783875e-02
1.974907703697681427e-02
1.127470470964908600e-02
1.233256142586469650e-02
1.463413704186677933e-02
9.363020770251750946e-03
-6.135876104235649109e-02
9.250970929861068726e-02
-2.380281453952193260e-03
5.264945328235626221e-02
-9.504027664661407471e-02
3.927781805396080017e-02
3.550883615389466286e-03
-2.812448702752590179e-02
1.026115566492080688e-02
-3.089292719960212708e-02
