-8.540600538253784180e-03
9.809801355004310608e-03
5.577792413532733917e-03
-2.305184258148074150e-03
4.270158708095550537e-03
3.411492798477411270e-03
5.665164906531572342e-03
2.860278263688087463e-02
6.150254979729652405e-03
6.216974928975105286e-03
-1.799950562417507172e-02
-2.801045216619968414e-02
1.855887658894062042e-02
-9.197629988193511963e-03
2.477985806763172150e-02
-8.684709668159484863e-03
8.550893515348434448e-03
-6.274566054344177246e-03
-8.055337518453598022e-02
2.265279181301593781e-02
-1.007096748799085617e-02
3.601276502013206482e-02
-3.345334157347679138e-02
-3.201076015830039978e-02
-3.418018342927098274e-03
4.859051480889320374e-02
2.812175452709197998e-02
-7.805648259818553925e-03
2.277742326259613037e-02
-1.038709888234734535e-03
-1.462930142879486084e-01
5.976319778710603714e-03
1.220008824020624161e-02
4.052897915244102478e-03
7.828560657799243927e-03
2.198674529790878296e-02
-5.095193628221750259e-03
-4.541578236967325211e-03
-7.769677788019180298e-03
-6.552655994892120361e-02
4.342054016888141632e-03
2.349780639633536339e-03
5.461373552680015564e-02
-9.174323640763759613e-03
-2.221812726929783821e-03
3.571329638361930847e-02
7.114689797163009644e-03
8.798313210718333721e-04
1.416053809225559235e-02
1.670455210842192173e-03
3.114883787930011749e-02
-3.421839699149131775e-02
-5.182326212525367737e-02
1.439840532839298248e-02
-9.891971945762634277e-03
-1.101028732955455780e-02
-2.987200627103447914e-03
1.694466732442378998e-02
4.464353322982788086e-01
-3.077863529324531555e-02
-9.439340792596340179e-04
-1.076935604214668274e-02
9.703665040433406830e-03
-3.528796136379241943e-02
2.206660062074661255e-02
4.100601002573966980e-02
-1.914017088711261749e-02
5.152431782335042953e-03
-3.783452883362770081e-02
1.722144335508346558e-02
1.400787965394556522e-03
1.405699551105499268e-02
-1.005082949995994568e-02
9.315346367657184601e-03
-8.910257602110505104e-04
-2.253146469593048096e-02
3.652875544503331184e-03
3.263839706778526306e-02
4.354275763034820557e-03
-6.293968856334686279e-02
-7.982794195413589478e-03
-2.136129140853881836e-02
7.387395482510328293e-03
-4.048950970172882080e-02
3.340309113264083862e-02
-3.435243293642997742e-02
-1.380269974470138550e-02
1.689334050752222538e-03
2.865254937205463648e-04
1.243415987119078636e-03
3.374821273609995842e-03
9.328945539891719818e-03
4.823630297323688865e-05
5.011907778680324554e-03
5.596284288913011551e-03
-1.960686407983303070e-02
-8.737565018236637115e-03
-2.374242059886455536e-02
-4.131177067756652832e-02
-4.458549898117780685e-03
-1.736252009868621826e-02
2.108749002218246460e-02
1.113780215382575989e-02
-7.505828514695167542e-03
-1.511998567730188370e-02
-9.678038768470287323e-03
-1.506386790424585342e-02
1.893274858593940735e-02
5.445249844342470169e-03
-1.116088964045047760e-02
-2.114939875900745392e-02
-5.719592794775962830e-03
-1.762079074978828430e-02
-1.662376150488853455e-02
-8.776579052209854126e-03
-1.688649295829236507e-03
1.483031734824180603e-02
-1.161197293549776077e-02
-1.403465867042541504e-02
1.059096399694681168e-02
1.187904737889766693e-02
-2.638255245983600616e-04
-2.040600217878818512e-02
7.969151251018047333e-03
1.668037660419940948e-02
2.453400520607829094e-03
-5.099054891616106033e-03
3.988438285887241364e-03
1.986963860690593719e-02
8.447840809822082520e-02
1.190820802003145218e-02
6.332144606858491898e-03
1.113956701010465622e-02
9.728564764373004436e-04
3.105174563825130463e-02
-3.018711879849433899e-02
-4.263941943645477295e-02
2.211644127964973450e-02
-6.035036593675613403e-02
2.151479013264179230e-03
-2.524252422153949738e-02
-3.546982537955045700e-03
2.328828722238540649e-02
-2.855072170495986938e-02
2.158441022038459778e-02
-9.589239209890365601e-02
-3.959094174206256866e-03
-5.162376910448074341e-03
-2.578058466315269470e-02
1.766033703461289406e-03
3.154271980747580528e-03
9.010205976665019989e-03
-1.270253397524356842e-02
-2.811246737837791443e-02
-9.941175580024719238e-03
-1.352824270725250244e-02
-5.603736266493797302e-03
5.792999290861189365e-04
-1.294603478163480759e-02
7.062749937176704407e-03
-7.805786095559597015e-03
4.855513572692871094e-03
-7.741243578493595123e-03
-2.303163148462772369e-02
1.806147769093513489e-02
9.188744239509105682e-03
8.181668817996978760e-03
1.675352640450000763e-02
9.477831423282623291e-03
2.807850949466228485e-02
-1.280522253364324570e-02
-2.838930813595652580e-03
-3.823013976216316223e-03
-1.870973617769777775e-03
6.412277929484844208e-03
2.185940044000744820e-03
-1.376307476311922073e-02
1.851749420166015625e-02
-5.647188797593116760e-02
5.936088971793651581e-03
5.183042492717504501e-03
-4.525888245552778244e-03
2.356421947479248047e-02
1.647310215048491955e-03
1.511820591986179352e-02
-1.135630235075950623e-01
-4.886524751782417297e-02
2.603936567902565002e-02
-4.684554412961006165e-03
5.698072537779808044e-02
6.527133285999298096e-02
-1.012338884174823761e-02
4.371684510260820389e-03
-1.697568409144878387e-02
3.920460119843482971e-02
-1.558058895170688629e-03
4.305114224553108215e-02
6.331389769911766052e-03
-8.245769888162612915e-02
-2.454521320760250092e-02
6.293190643191337585e-03
-5.006346385926008224e-03
4.472968354821205139e-02
-1.270621083676815033e-02
4.809089936316013336e-03
8.224611170589923859e-03
1.806945772841572762e-03
1.578121818602085114e-02
-3.765872679650783539e-04
1.909347483888268471e-03
-2.996867522597312927e-02
-6.811284925788640976e-03
3.252153471112251282e-02
-5.198311526328325272e-03
8.722813217900693417e-04
3.181042149662971497e-02
-7.927394472062587738e-04
5.365105345845222473e-03
5.660655442625284195e-03
-2.610308583825826645e-03
-2.775556594133377075e-02
-7.924279570579528809e-01
-7.405844517052173615e-03
4.656516015529632568e-03
1.654056832194328308e-02
2.056633494794368744e-02
-1.414124201983213425e-02
-1.572051271796226501e-02
1.184252649545669556e-02
1.788316993042826653e-03
-3.050091443583369255e-03
-3.437470272183418274e-02
2.595173195004463196e-02
4.976650699973106384e-03
-5.372308194637298584e-03
-1.133207045495510101e-02
-3.342326730489730835e-02
1.721180044114589691e-02
-1.918494119308888912e-03
8.377451449632644653e-03
1.372568495571613312e-02
2.897307649254798889e-02
6.695563346147537231e-02
-2.492007426917552948e-02
-4.683441482484340668e-03
1.274420320987701416e-02
2.578906482085585594e-03
4.964423924684524536e-02
3.229081258177757263e-02
-8.910136297345161438e-03
-7.400068920105695724e-03
1.022147201001644135e-02
1.429099123924970627e-03
1.655652187764644623e-02
2.109409309923648834e-03
6.318238563835620880e-03
5.266993306577205658e-03
-1.024409160017967224e-01
2.154332818463444710e-03
-8.892946876585483551e-03
5.949164927005767822e-02
7.382662594318389893e-02
1.146422997117042542e-01
-5.561709031462669373e-02
4.040975496172904968e-02
-9.004624560475349426e-03
1.931365877389907837e-01
-1.351977605372667313e-02
-7.296878611668944359e-04
-5.517807602882385254e-02
3.387042507529258728e-02
6.789913028478622437e-02
1.355419307947158813e-01
7.718335837125778198e-02
-7.552237249910831451e-03
1.866187900304794312e-02
-4.090116918087005615e-02
-7.575970143079757690e-02
1.741225458681583405e-02
1.455929875373840332e-01
-1.677849888801574707e-02
7.482795626856386662e-04
9.748065471649169922e-02
-2.570603974163532257e-02
-1.875905320048332214e-02
7.777129113674163818e-02
1.999856978654861450e-01
1.653721742331981659e-02
1.525103114545345306e-02
-9.277522563934326172e-02
2.107062190771102905e-01
-1.134775578975677490e-01
4.608485475182533264e-02
9.055838733911514282e-02
4.175224900245666504e-02
3.870242973789572716e-03
-2.029579132795333862e-01
-6.076873093843460083e-02
1.118082553148269653e-02
-3.314544633030891418e-02
1.675273925065994263e-01
6.117869168519973755e-03
7.037174701690673828e-01
-4.439681395888328552e-02
-4.507406800985336304e-02
-1.649565398693084717e-01
1.071572750806808472e-01
1.387922912836074829e-01
4.785624146461486816e-02
8.299637585878372192e-02
1.122695766389369965e-02
2.611032454296946526e-03
2.602446675300598145e-01
-2.985170483589172363e-02
-1.314953318797051907e-03
-6.604640185832977295e-02
-4.473914206027984619e-02
-8.367864042520523071e-02
5.374950543045997620e-02
-4.042934626340866089e-02
-3.092477284371852875e-02
-2.297924272716045380e-02
-9.971811436116695404e-03
-5.015667527914047241e-02
1.783467642962932587e-02
2.516279555857181549e-02
2.779492549598217010e-02
3.619805723428726196e-02
-1.581525057554244995e-02
-1.427184417843818665e-02
-1.228479668498039246e-02
4.572239890694618225e-02
1.601789332926273346e-02
3.989734128117561340e-02
1.674021780490875244e-02
1.197275333106517792e-02
-9.851245209574699402e-03
2.213651500642299652e-02
1.993266120553016663e-02
-4.315369203686714172e-02
-3.252892568707466125e-02
3.408800112083554268e-03
-6.629465520381927490e-02
3.198643971700221300e-04
4.839868471026420593e-02
3.633109852671623230e-02
-1.633517816662788391e-02
-1.824074611067771912e-02
3.256325796246528625e-02
-1.979576237499713898e-02
-3.241097927093505859e-02
2.852750010788440704e-02
-3.062136238440871239e-03
3.597619011998176575e-02
-4.576176404953002930e-02
3.134975954890251160e-02
-1.982238888740539551e-02
-2.799073792994022369e-02
3.606757894158363342e-02
-2.745609544217586517e-02
-3.271900489926338196e-02
-8.054269477725028992e-03
9.044977277517318726e-02
-2.425073087215423584e-02
-1.632128283381462097e-02
-2.808282338082790375e-02
3.267860040068626404e-02
1.292222831398248672e-02
-1.066286638379096985e-01
-1.151270978152751923e-02
-8.965536020696163177e-03
4.931478202342987061e-02
8.472877554595470428e-03
-9.169779717922210693e-03
6.589848548173904419e-02
-2.746853791177272797e-02
-6.746781617403030396e-02
-2.269580587744712830e-02
-3.657000139355659485e-02
1.590315834619104862e-03
-1.075576711446046829e-02
-2.298568002879619598e-02
-8.928871154785156250e-02
1.055008545517921448e-02
1.846672035753726959e-02
2.359773404896259308e-02
4.595348145812749863e-03
4.384015873074531555e-02
5.029997974634170532e-02
-4.793705046176910400e-02
6.119581405073404312e-03
-7.836154103279113770e-02
-5.307163298130035400e-02
3.059626929461956024e-02
5.455638282001018524e-03
-4.812156781554222107e-02
5.217390600591897964e-03
-5.691248551011085510e-02
7.865860313177108765e-02
-5.670169368386268616e-02
-1.453217305243015289e-02
2.124937064945697784e-02
8.480316400527954102e-02
-4.636977240443229675e-02
-2.201071195304393768e-02
7.560075819492340088e-02
3.498127311468124390e-02
-5.886758491396903992e-02
1.538431644439697266e-02
-4.856852442026138306e-02
-1.039268225431442261e-01
-3.240149095654487610e-02
1.819455996155738831e-02
-4.321450740098953247e-02
7.709211111068725586e-02
-4.523371160030364990e-02
-9.867623448371887207e-03
-3.774797171354293823e-02
-3.938497230410575867e-02
-5.669289082288742065e-02
-9.563423693180084229e-03
-2.896449342370033264e-02
-1.356089711189270020e-01
-6.922866404056549072e-02
1.184611115604639053e-02
-7.227081805467605591e-02
-7.656636089086532593e-02
-3.258708398789167404e-03
9.126049917540512979e-06
-3.216290473937988281e-02
2.918876335024833679e-02
3.439692035317420959e-02
-5.007195472717285156e-02
1.558250747621059418e-02
-3.989579528570175171e-02
1.032541319727897644e-02
4.387079551815986633e-02
-6.291583925485610962e-02
-1.720832102000713348e-02
6.487651169300079346e-02
-3.932145982980728149e-02
-2.943246252834796906e-02
-1.614393293857574463e-02
-3.045631758868694305e-02
-9.072132408618927002e-02
5.686849355697631836e-02
3.533492609858512878e-02
-1.159351989626884460e-01
4.943424835801124573e-02
3.545383736491203308e-02
-6.020952761173248291e-02
1.072332914918661118e-02
9.532605856657028198e-02
3.299223631620407104e-02
8.999039418995380402e-03
-7.128641009330749512e-02
3.492859378457069397e-02
-2.480445662513375282e-03
-1.776868291199207306e-02
-6.125186569988727570e-03
-1.340919826179742813e-02
9.348983876407146454e-03
-3.112780116498470306e-02
3.304966911673545837e-02
1.977018453180789948e-02
-2.113047614693641663e-02
-9.625546634197235107e-02
2.116768620908260345e-02
2.312357164919376373e-02
-5.742090288549661636e-03
-3.160845860838890076e-02
-6.280880421400070190e-02
2.019974216818809509e-02
-5.345646664500236511e-02
6.716305017471313477e-02
-3.607398271560668945e-02
-6.678761914372444153e-03
-7.362097501754760742e-02
3.851063549518585205e-02
-8.141899853944778442e-02
-4.078435897827148438e-02
-5.749699473381042480e-02
-1.812733523547649384e-02
1.144303195178508759e-02
-1.066819485276937485e-02
1.992842741310596466e-02
-2.670869231224060059e-02
-3.463834151625633240e-02
-3.940295800566673279e-02
4.161249380558729172e-03
5.579559877514839172e-02
-6.658507883548736572e-02
-5.004213377833366394e-02
4.334345459938049316e-02
-1.916395872831344604e-02
-4.654584918171167374e-03
-4.781506955623626709e-02
-1.477392762899398804e-02
-3.509283531457185745e-03
1.063050050288438797e-02
2.978399395942687988e-02
-9.840682148933410645e-03
-4.661721736192703247e-02
1.351870410144329071e-02
4.998183622956275940e-02
4.862263426184654236e-02
1.519308798015117645e-02
-5.020918697118759155e-02
-1.774693839251995087e-02
-6.229231948964297771e-04
1.537850406020879745e-02
3.643148578703403473e-03
5.959863308817148209e-03
-5.641519278287887573e-02
-7.721121422946453094e-03
-1.371815148741006851e-02
3.950637578964233398e-02
2.728526853024959564e-02
-4.478404670953750610e-02
5.555254593491554260e-02
5.323533341288566589e-02
2.386246249079704285e-02
-5.598686262965202332e-02
-6.760449707508087158e-02
5.003554373979568481e-02
-5.900914594531059265e-02
4.340105876326560974e-02
-3.239160636439919472e-03
-5.408660043030977249e-03
-2.617355901747941971e-03
-3.400566522032022476e-03
3.232481330633163452e-02
-7.342678308486938477e-02
5.461221933364868164e-02
8.143966645002365112e-02
-7.046546787023544312e-02
1.078866515308618546e-02
4.437655210494995117e-03
-3.146756067872047424e-02
2.204223349690437317e-02
3.760626912117004395e-02
-6.694165617227554321e-02
-7.427091477438807487e-04
-1.006526406854391098e-03
-5.561569333076477051e-02
8.696292340755462646e-02
-4.357626661658287048e-02
4.124171100556850433e-03
4.163241386413574219e-02
5.190562456846237183e-03
3.615610301494598389e-02
-2.379339747130870819e-02
-1.268673036247491837e-02
-1.308148819953203201e-02
-4.898407310247421265e-02
-1.276680175215005875e-02
-1.716536656022071838e-02
-1.562082394957542419e-02
1.298960391432046890e-02
-9.979762136936187744e-03
-1.022448688745498657e-01
-4.945761337876319885e-02
1.868361607193946838e-02
6.514835357666015625e-02
6.460422649979591370e-03
-2.150048874318599701e-02
-3.737035766243934631e-02
-2.002677135169506073e-02
5.954201146960258484e-02
2.671123482286930084e-02
-5.628154613077640533e-03
6.078378483653068542e-02
-4.188933968544006348e-02
2.214524149894714355e-02
-1.846926286816596985e-02
5.154429376125335693e-02
-1.977232657372951508e-02
-1.787559129297733307e-02
-1.706163957715034485e-02
1.817071065306663513e-02
2.697973139584064484e-02
6.792594492435455322e-02
2.566895633935928345e-02
-1.264564506709575653e-02
4.036518745124340057e-03
-6.120865419507026672e-02
1.687409542500972748e-02
1.275555603206157684e-02
-1.941917277872562408e-02
1.083590183407068253e-02
3.595222532749176025e-02
-5.927894636988639832e-02
-2.683204971253871918e-02
2.081971801817417145e-02
4.129974171519279480e-02
-1.441139914095401764e-02
5.113320052623748779e-02
-2.305626403540372849e-03
1.484338752925395966e-02
-6.129788234829902649e-03
-4.586011916399002075e-02
1.971757411956787109e-02
2.771696448326110840e-02
6.140058487653732300e-02
-4.818336665630340576e-02
1.329841907136142254e-03
-1.687838695943355560e-02
1.663851924240589142e-02
-4.405425861477851868e-02
-5.060396715998649597e-02
-1.792311109602451324e-02
-8.657367527484893799e-02
1.319341827183961868e-02
-5.707979202270507812e-02
-4.046678170561790466e-02
1.862120255827903748e-02
3.158152103424072266e-02
-3.942314162850379944e-02
-6.452496163547039032e-03
-4.278448224067687988e-02
-4.933907836675643921e-02
3.411132842302322388e-02
-2.006595022976398468e-02
4.751556552946567535e-03
-5.657189711928367615e-02
2.673617564141750336e-02
-2.940751984715461731e-02
-9.243657812476158142e-03
1.809034310281276703e-02
3.593432530760765076e-02
-7.052824646234512329e-02
2.094789035618305206e-02
-4.960447922348976135e-02
2.212175354361534119e-02
4.636733606457710266e-02
4.709994420409202576e-02
-5.959197133779525757e-02
-2.862290106713771820e-02
5.688039213418960571e-02
2.451574616134166718e-02
-9.829358011484146118e-02
-6.970117986202239990e-02
-1.298781204968690872e-02
-3.349081799387931824e-02
-1.149444431066513062e-01
-2.171667525544762611e-03
-3.041790612041950226e-02
5.253456160426139832e-02
-2.028633654117584229e-02
3.282851353287696838e-02
4.667470604181289673e-02
-1.277003344148397446e-02
4.616505000740289688e-03
-9.044875204563140869e-02
5.192434880882501602e-03
-2.469321526587009430e-02
-1.540877856314182281e-02
-4.712669551372528076e-02
3.089900594204664230e-03
-2.768819965422153473e-02
-3.666638582944869995e-02
6.618825346231460571e-02
4.240154847502708435e-02
-5.309996381402015686e-02
3.126819431781768799e-02
1.958820968866348267e-02
2.587890438735485077e-02
1.985525898635387421e-02
5.391252785921096802e-02
-7.717245817184448242e-02
7.452832069247961044e-03
-2.378647960722446442e-02
-5.444808304309844971e-02
3.701545530930161476e-03
3.089867532253265381e-02
9.312050417065620422e-03
-3.432545065879821777e-02
3.867279738187789917e-03
-3.851846978068351746e-02
-2.773955836892127991e-02
4.597474262118339539e-02
-3.762549534440040588e-02
-3.523861058056354523e-03
-1.012164503335952759e-01
6.472668796777725220e-02
-1.344616431742906570e-02
6.463984400033950806e-02
1.069739181548357010e-02
-8.591545373201370239e-02
3.016976825892925262e-02
6.229558587074279785e-02
4.865875840187072754e-02
2.761708572506904602e-02
-7.524579018354415894e-02
5.035012960433959961e-02
4.057186469435691833e-02
3.955537453293800354e-03
-6.826006807386875153e-03
9.678756818175315857e-03
3.558467328548431396e-02
5.026897415518760681e-02
3.187154186889529228e-03
5.362049490213394165e-02
6.760521326214075089e-03
6.005529779940843582e-03
8.576352149248123169e-03
1.556798000819981098e-03
3.302031010389328003e-02
-2.187428623437881470e-02
4.877895861864089966e-02
-5.025157332420349121e-02
-9.607324376702308655e-03
5.254343152046203613e-02
-4.496871680021286011e-02
-7.676138076931238174e-03
3.115903213620185852e-02
3.801554813981056213e-02
-2.146453559398651123e-01
1.803782209753990173e-02
1.943268999457359314e-02
-1.963925175368785858e-02
-1.261743158102035522e-01
-3.074558265507221222e-02
-2.647122927010059357e-02
-4.532343149185180664e-02
9.712438913993537426e-04
-2.874128334224224091e-02
4.991925880312919617e-02
-4.484285041689872742e-02
6.639216840267181396e-02
-1.368832029402256012e-02
-2.332436479628086090e-02
-2.537595108151435852e-02
2.736942656338214874e-02
-4.819587618112564087e-02
1.341846678406000137e-02
-4.150267690420150757e-02
3.729454800486564636e-02
-1.120617687702178955e-01
3.085947223007678986e-02
5.360280163586139679e-03
-1.961030811071395874e-02
-3.951355442404747009e-02
-2.265565330162644386e-03
-4.715441260486841202e-03
-1.060607004910707474e-02
-2.091986872255802155e-02
-1.376902684569358826e-02
-1.021070256829261780e-01
4.207691177725791931e-03
3.226620145142078400e-03
3.612065687775611877e-02
-4.267388489097356796e-03
8.651749789714813232e-02
8.664317429065704346e-03
-1.784792984835803509e-03
5.172743648290634155e-02
-7.905594259500503540e-02
-3.253840655088424683e-02
3.231207653880119324e-02
-4.268245026469230652e-02
5.974423512816429138e-02
-4.899292439222335815e-02
-1.614928990602493286e-02
1.278315391391515732e-02
-1.106901243329048157e-01
7.993763312697410583e-03
6.334599573165178299e-03
2.096728235483169556e-02
-1.165643557906150818e-01
-3.386242687702178955e-02
7.211884856224060059e-02
7.648248970508575439e-02
2.318921126425266266e-02
4.184246435761451721e-02
4.127621278166770935e-02
-6.089543551206588745e-02
1.523870881646871567e-02
2.938915416598320007e-02
4.536521434783935547e-02
-2.852904051542282104e-02
-5.079607944935560226e-03
4.493736848235130310e-02
-1.410246128216385841e-03
6.049066409468650818e-02
-1.725580170750617981e-02
7.305560167878866196e-03
-2.017489261925220490e-02
-7.374005019664764404e-02
-6.598262581974267960e-03
-4.263818636536598206e-02
-2.093320712447166443e-02
-3.847826272249221802e-02
4.568969458341598511e-02
5.585757270455360413e-02
-5.879601091146469116e-02
2.042829059064388275e-03
4.036902263760566711e-02
-5.486283451318740845e-02
4.779671505093574524e-02
-1.259519625455141068e-02
-1.650867015123367310e-01
4.864690825343132019e-02
-1.525202579796314240e-02
-6.463146209716796875e-02
-4.333614185452461243e-02
-8.352910727262496948e-02
2.492222003638744354e-03
-2.660414762794971466e-02
-8.469919674098491669e-03
4.698362573981285095e-02
-4.031077027320861816e-02
-8.308275043964385986e-02
-5.427848547697067261e-02
-1.695474050939083099e-02
3.652151674032211304e-02
2.931024134159088135e-02
1.298564579337835312e-02
1.259143836796283722e-02
1.462527830153703690e-02
-5.270132329314947128e-03
-4.613272903952747583e-04
-5.090518295764923096e-02
6.302178651094436646e-02
-7.184361107647418976e-03
2.756001055240631104e-02
-1.036438643932342529e-01
3.658192604780197144e-02
5.718838423490524292e-03
-3.622357174754142761e-02
1.579197309911251068e-02
-4.765575379133224487e-02
