1.910199038684368134e-02
7.948884740471839905e-03
-5.167968105524778366e-03
1.153274253010749817e-02
3.688406664878129959e-03
3.681224957108497620e-02
-1.578095927834510803e-02
1.994346966966986656e-03
-9.258599951863288879e-03
-1.180315949022769928e-02
2.231673151254653931e-02
-6.424728315323591232e-03
-2.391977980732917786e-02
3.563934587873518467e-04
-1.345244795083999634e-02
-5.305335391312837601e-03
1.777896098792552948e-02
-1.349540892988443375e-02
-9.425238240510225296e-04
3.100509941577911377e-02
5.331333726644515991e-03
3.493839502334594727e-02
-4.651315975934267044e-03
9.123619645833969116e-03
9.631182998418807983e-03
-2.055594325065612793e-02
-4.131954163312911987e-03
-8.445483632385730743e-03
-1.220688316971063614e-02
2.449626475572586060e-02
-7.656400650739669800e-02
9.222601540386676788e-03
2.450240403413772583e-02
-1.021263375878334045e-02
-4.495371133089065552e-03
1.009439211338758469e-02
5.081053357571363449e-03
-1.962068956345319748e-03
6.732078269124031067e-03
-6.522370036691427231e-03
2.631739899516105652e-02
1.887706294655799866e-02
3.164456412196159363e-02
-2.916623838245868683e-02
-5.135364364832639694e-03
8.987079374492168427e-03
-2.397673018276691437e-02
-2.244715765118598938e-02
-1.830376125872135162e-02
2.827559784054756165e-02
2.328689955174922943e-02
-1.264876872301101685e-02
-5.759932100772857666e-03
-1.154771912842988968e-02
1.485689776018261909e-03
3.826139436569064856e-04
1.223976630717515945e-02
9.480385109782218933e-03
5.127692818641662598e-01
4.035742953419685364e-02
-3.397168219089508057e-02
1.130524650216102600e-02
-1.822657883167266846e-02
-1.657532155513763428e-02
1.374355610460042953e-02
3.596728667616844177e-02
-6.673264782875776291e-03
9.725871495902538300e-03
-2.160531654953956604e-02
4.155297763645648956e-03
1.287230197340250015e-02
2.672106586396694183e-02
-4.671276733279228210e-02
2.073672600090503693e-02
-1.318163797259330750e-02
-2.166373655200004578e-03
-1.683313399553298950e-03
-1.876551285386085510e-02
9.377481415867805481e-03
-1.032112911343574524e-01
-4.956284072250127792e-03
-1.784504274837672710e-03
-1.841715769842267036e-03
1.767792925238609314e-02
1.299770362675189972e-02
-2.384870126843452454e-02
9.046789258718490601e-03
-9.248016402125358582e-03
2.313736081123352051e-02
-4.845815245062112808e-03
-1.861623674631118774e-02
-1.145701482892036438e-02
3.261296823620796204e-02
8.799965493381023407e-03
4.827138036489486694e-04
1.460020709782838821e-02
-1.246114075183868408e-02
-3.399998694658279419e-02
-4.418816752149723470e-05
1.148930657655000687e-02
1.796196587383747101e-02
-5.538702942430973053e-03
4.335961304605007172e-03
3.865315811708569527e-03
-6.953101605176925659e-03
6.451678927987813950e-03
4.099386744201183319e-03
2.884350903332233429e-02
1.026180386543273926e-02
-2.915389649569988251e-02
3.112813271582126617e-02
5.170920118689537048e-02
2.463396824896335602e-02
3.957714140415191650e-02
-2.945807203650474548e-02
1.950242184102535248e-02
2.057889290153980255e-02
9.493917226791381836e-03
3.450142964720726013e-02
9.345055557787418365e-03
4.536055959761142731e-03
2.034084126353263855e-02
3.868784056976437569e-03
-1.865413412451744080e-02
-1.507126027718186378e-03
-4.023392219096422195e-03
-1.713474839925765991e-02
-1.516169402748346329e-02
-5.031705950386822224e-04
8.257672935724258423e-02
3.120412118732929230e-02
1.337896939367055893e-02
3.121658926829695702e-03
-1.148934848606586456e-02
-1.235903427004814148e-02
-3.558140620589256287e-02
3.436313569545745850e-02
3.360456973314285278e-02
-1.155562475323677063e-01
1.787827163934707642e-02
9.032487869262695312e-03
-1.790536381304264069e-02
-2.016546437516808510e-03
3.039360977709293365e-03
-1.638231566175818443e-03
-4.406014084815979004e-02
-1.896775700151920319e-02
1.987784728407859802e-02
-1.247975882142782211e-02
-1.342570316046476364e-02
4.219795018434524536e-02
1.423371210694313049e-02
-2.017666213214397430e-02
4.675240255892276764e-03
-1.988928765058517456e-02
-3.569272905588150024e-02
1.098249759525060654e-02
7.267096545547246933e-03
-2.916446654126048088e-03
2.955682203173637390e-02
4.903543274849653244e-03
1.736314035952091217e-02
-9.888639673590660095e-03
-5.470950854942202568e-04
-7.106547709554433823e-03
4.012356698513031006e-02
-2.723854559008032084e-04
-9.329529479146003723e-03
-2.187462057918310165e-03
-1.809430657885968685e-03
-8.951599709689617157e-03
-6.851232610642910004e-03
3.047419711947441101e-02
-1.562292501330375671e-02
3.060058690607547760e-02
1.766661368310451508e-02
6.399020086973905563e-03
-1.553440839052200317e-02
-5.725385248661041260e-02
1.038095261901617050e-02
5.325526930391788483e-03
-9.009809233248233795e-03
-5.612603672489058226e-06
1.422002911567687988e-03
4.598386958241462708e-02
-1.742379367351531982e-01
1.252968609333038330e-01
-9.203307563439011574e-04
-1.371340081095695496e-02
4.040141403675079346e-02
1.377776730805635452e-02
-1.588087412528693676e-03
-3.818243509158492088e-03
5.138096748851239681e-04
-8.653122931718826294e-03
1.391737069934606552e-02
6.490480899810791016e-02
3.463525325059890747e-02
1.088499743491411209e-02
-2.106379158794879913e-02
-4.919187631458044052e-03
2.381692640483379364e-02
1.209576651453971863e-01
1.051840651780366898e-02
2.320040389895439148e-02
-4.404492303729057312e-02
1.174577139317989349e-02
-5.829471163451671600e-03
-1.707549765706062317e-02
-1.045706309378147125e-02
7.327770814299583435e-03
-1.010543899610638618e-03
2.461148053407669067e-02
1.062289578840136528e-03
2.590734884142875671e-02
2.449729107320308685e-02
-1.853294484317302704e-02
2.200124226510524750e-02
-1.037722732871770859e-02
1.004487555474042892e-02
5.962162744253873825e-03
-7.347111701965332031e-01
3.896914795041084290e-02
3.085522213950753212e-03
-1.150110037997364998e-03
9.195523336529731750e-03
3.331106156110763550e-02
1.800566166639328003e-02
2.589884027838706970e-02
1.473703421652317047e-02
-9.033255628310143948e-04
-1.617303304374217987e-02
2.155165374279022217e-02
-1.770362444221973419e-02
-6.047381460666656494e-02
-7.728060241788625717e-03
3.570801764726638794e-02
-9.537553414702415466e-03
-1.156637258827686310e-02
-1.386232580989599228e-02
2.376746706431731582e-04
-1.977422274649143219e-02
5.265542119741439819e-02
-1.738390326499938965e-02
-1.535168662667274475e-02
-2.244019322097301483e-02
1.835737191140651703e-02
1.256705872947350144e-04
-4.653810523450374603e-03
5.391539074480533600e-03
-2.797489287331700325e-03
-8.412628434598445892e-03
4.773945361375808716e-02
1.148788724094629288e-02
-1.045418437570333481e-02
-1.241670269519090652e-02
7.480355352163314819e-02
-7.198875397443771362e-02
3.876033704727888107e-03
-3.555006906390190125e-02
8.453983813524246216e-02
1.023752018809318542e-01
-1.168131595477461815e-03
-1.110301390290260315e-01
3.293638676404953003e-02
8.684563450515270233e-03
1.051027923822402954e-01
-2.174821309745311737e-02
-1.143332384526729584e-02
-9.831596165895462036e-02
5.795779451727867126e-02
1.953080482780933380e-02
8.501406759023666382e-02
5.438389256596565247e-02
-2.504647150635719299e-02
-1.820984296500682831e-02
-4.026206955313682556e-02
-8.411777764558792114e-02
7.411628216505050659e-02
4.026486724615097046e-02
-7.579870522022247314e-02
4.136586934328079224e-02
4.424944147467613220e-02
2.127453684806823730e-03
-1.939715258777141571e-02
8.599794656038284302e-02
1.076761484146118164e-01
1.499786414206027985e-02
-2.130959741771221161e-02
-7.137504220008850098e-02
1.789465695619583130e-01
-1.083861663937568665e-01
1.564063876867294312e-02
1.090245842933654785e-01
2.529642730951309204e-02
-7.446265965700149536e-02
-2.039208710193634033e-01
-6.819413602352142334e-02
-4.719982855021953583e-03
7.652380317449569702e-02
1.148956194519996643e-01
-1.426898059435188770e-03
8.073334097862243652e-01
1.165992952883243561e-02
-5.174512043595314026e-02
-1.163907796144485474e-01
5.110573396086692810e-02
1.665040105581283569e-01
5.747682601213455200e-02
2.432165108621120453e-02
5.918265134096145630e-02
1.583189144730567932e-02
1.540721952915191650e-01
5.302547663450241089e-02
3.146693110466003418e-02
-3.023391775786876678e-02
5.317305773496627808e-02
-6.201032176613807678e-02
3.987091779708862305e-02
2.704923739656805992e-03
3.274862840771675110e-02
-7.285227067768573761e-03
-2.885491214692592621e-02
-9.929970651865005493e-02
7.298764586448669434e-02
-1.424628216773271561e-02
3.093766607344150543e-02
-4.299018159508705139e-02
4.722483083605766296e-02
-2.942980267107486725e-02
-2.802471444010734558e-02
8.973769098520278931e-02
2.502329461276531219e-02
3.685551881790161133e-02
4.063991084694862366e-02
-1.385849062353372574e-02
-4.754041880369186401e-02
-2.266146941110491753e-03
5.366233363747596741e-02
-2.069681650027632713e-03
-3.243385627865791321e-02
2.492907829582691193e-02
-2.739852108061313629e-02
-6.346028298139572144e-02
1.558997202664613724e-02
7.075258344411849976e-02
4.586280137300491333e-02
1.686221174895763397e-02
2.837275713682174683e-02
-3.941692411899566650e-02
3.019466623663902283e-02
4.117068368941545486e-03
-4.806375131011009216e-02
3.968612104654312134e-02
1.011487245559692383e-01
-1.382989622652530670e-02
1.085026655346155167e-02
-5.749266594648361206e-02
2.779584191739559174e-02
-2.844845689833164215e-02
-7.273714989423751831e-02
1.105251722037792206e-02
2.287627942860126495e-02
-2.623699046671390533e-02
3.440169990062713623e-02
-2.457957156002521515e-02
3.496954683214426041e-03
-1.968863978981971741e-02
-4.422955587506294250e-02
-2.457244694232940674e-02
1.389873865991830826e-02
1.990630850195884705e-02
-4.886536393314599991e-03
-1.124444231390953064e-02
6.493685394525527954e-02
4.537794739007949829e-03
2.151407673954963684e-02
-2.357238717377185822e-02
-5.314934253692626953e-02
8.650055155158042908e-03
2.422331087291240692e-02
4.821908473968505859e-02
-1.349558979272842407e-01
2.348232455551624298e-02
2.293303608894348145e-02
6.726646423339843750e-02
4.399722814559936523e-02
-2.599366474896669388e-03
-4.543127492070198059e-02
-1.711084507405757904e-02
-3.057290427386760712e-02
-9.302777796983718872e-02
-2.474076673388481140e-02
3.353472799062728882e-02
-8.839549846015870571e-04
-2.407390624284744263e-02
5.479317530989646912e-02
-1.288896333426237106e-02
-2.323412569239735603e-03
-7.009537518024444580e-02
-1.627214718610048294e-03
-1.767775509506464005e-03
9.499905258417129517e-02
-9.209701791405677795e-03
-2.780511789023876190e-02
6.718306988477706909e-02
6.350542604923248291e-02
3.764544427394866943e-02
-6.931745260953903198e-02
-1.103540882468223572e-02
-6.437851488590240479e-02
-1.441118679940700531e-02
3.881485015153884888e-02
-1.005299016833305359e-02
2.185398712754249573e-02
-1.416503265500068665e-02
-1.501607242971658707e-02
-3.406601763344951905e-06
-2.491628564894199371e-02
-2.133308537304401398e-02
-1.596163026988506317e-02
9.149844758212566376e-03
-1.445208340883255005e-01
-1.735109649598598480e-02
-1.439651707187294960e-03
-6.860710680484771729e-02
-4.706177115440368652e-02
3.788487240672111511e-02
-4.869788885116577148e-02
-1.542769372463226318e-02
5.489023029804229736e-02
-2.986380830407142639e-02
-3.321368247270584106e-02
-5.428316071629524231e-02
-4.365251958370208740e-02
-4.804628714919090271e-02
2.657765336334705353e-02
-1.144971475005149841e-01
-6.806041300296783447e-02
-4.595295991748571396e-03
-2.249654754996299744e-02
-3.722031414508819580e-02
-2.811012417078018188e-02
-2.966171363368630409e-03
-6.008300930261611938e-02
-7.970047881826758385e-04
5.358896404504776001e-02
-1.138458177447319031e-01
1.926242746412754059e-02
1.263906713575124741e-02
-1.700373552739620209e-02
5.290435161441564560e-03
4.949538037180900574e-02
-1.106705167330801487e-03
-2.935815416276454926e-02
-4.250210523605346680e-02
-1.679670438170433044e-02
1.636034576222300529e-03
-2.129251882433891296e-02
2.870363928377628326e-02
9.195779263973236084e-02
-5.881011858582496643e-02
1.779371872544288635e-02
8.743653306737542152e-04
-1.160338171757757664e-03
8.135014213621616364e-03
7.612655870616436005e-03
3.089629113674163818e-02
2.911731787025928497e-02
1.350948028266429901e-02
-5.081723909825086594e-03
-9.115467965602874756e-02
1.687926426529884338e-02
-3.681355714797973633e-02
-1.021367963403463364e-03
-1.707124523818492889e-02
2.178368344902992249e-02
-8.339225500822067261e-02
-6.657200306653976440e-02
1.873336359858512878e-02
1.167295128107070923e-02
4.071514587849378586e-03
1.670139096677303314e-02
1.657750457525253296e-02
-1.011141482740640640e-02
4.268117249011993408e-02
-4.358301812317222357e-04
1.280626747757196426e-02
-4.970519617199897766e-02
-4.040831327438354492e-02
4.435131326317787170e-02
-1.234913337975740433e-02
-3.954123705625534058e-02
2.435339428484439850e-02
-1.152793038636445999e-02
4.719140939414501190e-03
-3.333945199847221375e-02
-3.168761264532804489e-03
1.179593522101640701e-02
-5.010195076465606689e-02
4.670674912631511688e-03
5.408728960901498795e-03
-2.345397882163524628e-02
4.098884016275405884e-02
2.657204493880271912e-02
1.448032073676586151e-02
-1.978655345737934113e-02
-3.751038014888763428e-02
-4.188263788819313049e-02
4.799797385931015015e-02
3.210205584764480591e-02
3.805736079812049866e-02
-6.120546907186508179e-02
2.419040352106094360e-02
-2.332549169659614563e-02
-8.918960392475128174e-02
1.706357114017009735e-02
-2.835537120699882507e-02
-4.321517050266265869e-02
-2.846076153218746185e-02
6.270974874496459961e-02
3.291142731904983521e-02
-9.233666956424713135e-02
-5.792848393321037292e-02
4.316810145974159241e-02
-6.885392218828201294e-02
7.492139935493469238e-03
5.003337189555168152e-02
1.311165839433670044e-02
-2.501227147877216339e-02
-2.584093809127807617e-02
-2.870449796319007874e-02
-9.482934325933456421e-02
1.733364723622798920e-02
6.349162012338638306e-02
-5.464674904942512512e-02
2.621465735137462616e-02
-1.538964454084634781e-02
-4.822582378983497620e-02
2.406161744147539139e-03
3.247673856094479561e-03
-1.685871928930282593e-02
-1.199726760387420654e-02
-3.904326260089874268e-02
-4.269583150744438171e-02
4.952989891171455383e-02
-7.390315830707550049e-02
-6.757323443889617920e-02
1.962815597653388977e-02
2.871758677065372467e-02
5.775843746960163116e-03
2.775417268276214600e-02
-8.407566696405410767e-02
-2.135365083813667297e-02
-6.068378686904907227e-03
2.764532528817653656e-02
7.734733074903488159e-02
-3.148410469293594360e-02
-3.123709373176097870e-02
-1.686925441026687622e-02
-6.324464082717895508e-02
-6.313753873109817505e-02
7.753784954547882080e-02
2.899225614964962006e-02
4.976659640669822693e-02
-1.022697146981954575e-02
-1.962815783917903900e-02
-2.268768660724163055e-02
-6.702892947942018509e-03
3.405296057462692261e-02
-6.302398443222045898e-02
4.213097319006919861e-02
4.150738939642906189e-02
5.400035530328750610e-02
-5.561021715402603149e-02
4.912298917770385742e-02
-4.636790603399276733e-03
-2.174450643360614777e-02
-2.625889843329787254e-03
4.389789886772632599e-03
-1.336097158491611481e-02
8.827963471412658691e-02
3.445994108915328979e-02
-3.783386200666427612e-02
-1.832605712115764618e-02
-1.920953206717967987e-02
-3.920316696166992188e-03
7.755967322736978531e-03
-4.439681395888328552e-02
1.487119589000940323e-02
3.414041548967361450e-02
-4.501063749194145203e-02
-4.463937506079673767e-02
1.707982644438743591e-02
2.174487709999084473e-02
-3.274584189057350159e-02
5.366951972246170044e-02
-3.290531039237976074e-02
-4.668541625142097473e-02
3.132312372326850891e-02
-1.059793215245008469e-02
1.138717830181121826e-01
-6.406028568744659424e-02
2.886528521776199341e-02
-3.816413879394531250e-02
2.043490856885910034e-02
-8.507587015628814697e-03
-1.741412840783596039e-02
-2.059525065124034882e-02
1.759635470807552338e-02
2.779688686132431030e-02
-3.510664403438568115e-02
-1.747455075383186340e-02
8.424143493175506592e-02
-9.896390885114669800e-02
5.701673682779073715e-03
1.883358508348464966e-02
-3.143153712153434753e-02
-2.430125512182712555e-02
-3.747246414422988892e-02
-4.232905060052871704e-02
5.724937841296195984e-02
-3.213895484805107117e-02
9.277370572090148926e-02
-5.942968651652336121e-02
2.982261963188648224e-02
3.455088939517736435e-03
-2.174595557153224945e-02
-5.729541927576065063e-02
1.669933646917343140e-02
-6.063391640782356262e-02
-7.010331749916076660e-02
-4.174178466200828552e-02
1.622604578733444214e-02
5.163453985005617142e-03
3.826255723834037781e-02
-4.168126732110977173e-02
-4.993947595357894897e-02
2.923840656876564026e-02
1.491140201687812805e-02
-9.775552898645401001e-02
-2.454171888530254364e-02
4.163495823740959167e-02
-2.632425166666507721e-02
-7.903016358613967896e-02
-4.871166497468948364e-02
-1.646947674453258514e-02
1.585837267339229584e-02
1.268229633569717407e-02
1.161339320242404938e-02
3.251389041543006897e-02
-4.235194623470306396e-02
2.585621364414691925e-02
-1.690615527331829071e-02
2.355679869651794434e-02
-5.570691823959350586e-02
-3.551222756505012512e-02
-3.353886678814888000e-02
-1.109076011925935745e-02
-2.241623774170875549e-02
-3.750167787075042725e-02
3.423538431525230408e-02
2.045877091586589813e-02
-5.118080973625183105e-02
-3.858673572540283203e-02
1.369850151240825653e-02
3.092560544610023499e-02
-1.447781920433044434e-02
3.888108208775520325e-02
-7.991394400596618652e-02
3.284586966037750244e-02
-2.328414097428321838e-02
-4.157701134681701660e-02
2.139759995043277740e-02
2.818662673234939575e-02
5.223408807069063187e-04
-4.045022651553153992e-02
3.978306427597999573e-02
-4.195453226566314697e-02
-9.462448209524154663e-02
4.235212132334709167e-02
-1.435515098273754120e-02
1.015217625536024570e-03
-3.857931867241859436e-02
3.432020172476768494e-02
6.910891272127628326e-03
4.802728071808815002e-02
5.297050811350345612e-03
-4.453448578715324402e-02
4.173429682850837708e-02
8.364144712686538696e-02
-2.178157120943069458e-02
-4.235306009650230408e-02
-2.236050926148891449e-02
2.544377744197845459e-02
4.130302369594573975e-02
-2.286564558744430542e-02
4.394796490669250488e-02
-1.339574251323938370e-02
5.496519617736339569e-03
8.496834337711334229e-02
3.817312419414520264e-02
2.201715949922800064e-03
-4.577619209885597229e-02
-2.863717824220657349e-02
1.864212751388549805e-02
3.041891194880008698e-02
-1.563396304845809937e-02
3.601870685815811157e-02
4.461365938186645508e-02
-5.502654984593391418e-02
-3.104513883590698242e-02
5.779808387160301208e-02
-3.705988405272364616e-03
-3.820392489433288574e-02
-2.573695965111255646e-02
4.044961929321289062e-02
-1.758031696081161499e-01
4.904963448643684387e-02
4.039694741368293762e-02
-3.206906141713261604e-03
-5.125887691974639893e-02
-6.400723475962877274e-03
8.833389729261398315e-03
-3.273759037256240845e-02
-4.161219112575054169e-03
-3.488355781883001328e-03
3.177466616034507751e-02
-1.775449700653553009e-02
-5.004468373954296112e-03
7.227894850075244904e-03
-3.585701063275337219e-02
-6.899788975715637207e-02
-1.570462621748447418e-02
2.666209824383258820e-02
6.413303781300783157e-04
-2.125372178852558136e-02
3.137360885739326477e-02
-1.224570423364639282e-01
2.742147259414196014e-02
1.583276316523551941e-02
1.476888358592987061e-02
5.332205072045326233e-02
-4.755867272615432739e-02
4.314438998699188232e-02
-8.892724290490150452e-03
-1.020235195755958557e-02
-7.873154431581497192e-02
-9.375597536563873291e-02
-4.631001036614179611e-03
-1.046259421855211258e-02
2.395104803144931793e-02
6.540079601109027863e-03
1.057826131582260132e-01
6.165702268481254578e-02
7.219160348176956177e-02
1.942472346127033234e-02
-1.083146110177040100e-01
-8.350533433258533478e-03
5.183241143822669983e-02
-6.790610402822494507e-02
7.735191285610198975e-02
-3.880703821778297424e-02
1.655977830523625016e-04
-3.899858519434928894e-02
-1.576303988695144653e-01
-3.598985448479652405e-02
7.371081039309501648e-03
1.795860193669795990e-02
-1.307285726070404053e-01
-2.091171965003013611e-02
3.510894952341914177e-03
6.675326079130172729e-02
-1.187926530838012695e-02
3.037340752780437469e-02
1.629895530641078949e-02
2.884905971586704254e-02
-1.422336883842945099e-02
-2.156268991529941559e-02
2.522084396332502365e-03
2.899380773305892944e-02
-9.527031332254409790e-02
4.034249112010002136e-02
7.051903009414672852e-02
7.403758913278579712e-02
-1.270384248346090317e-02
4.826818034052848816e-02
5.045226775109767914e-03
2.390410378575325012e-02
-5.518100783228874207e-02
-2.166112326085567474e-02
-3.405429655686020851e-03
-1.128552388399839401e-02
4.165223985910415649e-02
3.319065272808074951e-02
-1.733252406120300293e-02
8.817116729915142059e-03
1.238565146923065186e-02
-1.993357948958873749e-02
-4.125285893678665161e-02
4.913825541734695435e-03
-1.278007179498672485e-01
3.072601929306983948e-02
2.296050824224948883e-02
-8.821985125541687012e-02
-7.037595845758914948e-03
-1.326679904013872147e-02
3.140695765614509583e-02
5.059822276234626770e-02
4.148713126778602600e-02
-1.469421572983264923e-02
-3.784248977899551392e-02
-1.017168089747428894e-01
-7.072605192661285400e-02
6.079662963747978210e-02
8.883509784936904907e-02
2.168700285255908966e-02
-3.811351954936981201e-02
2.504475228488445282e-02
2.126243337988853455e-02
4.456593096256256104e-02
2.222704235464334488e-03
-8.374460041522979736e-03
3.941636160016059875e-02
-3.604155499488115311e-03
-4.056725651025772095e-03
-4.551676288247108459e-02
-7.256808225065469742e-03
-3.612092463299632072e-03
1.895175501704216003e-02
5.949264392256736755e-02
-4.985082894563674927e-03
