0.03840876
0.00038024
-0.03376544
0.01688904
0.00756831
0.03719903
-0.00152034
0.00507288
0.05257314
0.02489826
-0.01680587
0.01374193
-0.00766901
-0.02844774
-0.02430137
-0.01001086
-0.00305135
-0.03446085
-0.02907349
0.03766363
0.00545674
0.01719551
0.00188081
-0.02817101
-0.00236580
0.00182596
-0.00589858
0.01451486
-0.02374426
0.01828421
-0.13228843
-0.02551369
0.00847157
0.00556392
-0.02999595
0.03637888
-0.02358462
0.00337827
-0.04135822
-0.06651077
0.00226044
-0.01048442
0.01167896
-0.06065996
-0.00955723
-0.00093832
-0.01243812
-0.01812012
0.00266912
0.02884809
0.01366478
-0.00076381
-0.09284341
0.00051443
-0.01211383
0.00254222
-0.01473116
0.00411958
0.39929184
0.05148864
-0.02941677
-0.04692437
-0.03307066
0.01721807
0.02381136
-0.02187512
0.01853475
-0.01009925
0.02741662
-0.02680294
0.03643071
0.01574161
-0.06334339
0.01800049
0.01989423
-0.04344356
-0.00638891
0.01457228
0.03553275
-0.06864035
0.02173269
-0.00276448
0.02944688
-0.04402222
-0.00166157
-0.02354402
-0.01189536
0.01626028
0.02552241
0.02848312
-0.01353799
-0.07872968
0.08541457
0.00752595
0.00467795
0.00537889
0.00611594
-0.04481417
-0.03145048
0.00874852
0.01986889
-0.00300840
-0.00501201
0.02129276
0.01805142
-0.02244197
-0.02718905
0.01952893
0.01390194
-0.05603560
0.01195185
0.01981192
-0.03491083
0.02866261
-0.00586874
-0.01229894
0.03927841
-0.02788188
0.03257274
0.02931343
0.00133470
0.00975070
-0.01849696
0.00158716
-0.02634422
0.00127529
0.06822024
-0.04686786
-0.02026386
0.06885916
-0.03701798
0.01053497
-0.00809655
-0.03901538
0.01337018
-0.03248790
-0.07365897
-0.00692516
-0.15214175
0.01301982
-0.03410256
-0.01738683
-0.00528958
-0.00356176
-0.01906041
-0.06962194
-0.01277997
-0.00195292
-0.01407163
-0.00777294
0.01786688
0.05084971
-0.02214913
-0.03707498
0.00404325
0.00032284
-0.06325282
-0.00131458
-0.02118565
0.00579802
0.00743404
0.03138948
0.04247161
0.00810528
-0.01869199
-0.01253944
0.06874025
0.00935557
-0.00544804
-0.00391360
0.00494592
0.01137197
0.02473084
-0.02296560
0.03114835
0.02118868
0.01632934
-0.01200636
-0.03529207
-0.01383810
0.01183148
0.01899050
-0.02234222
-0.00597911
0.02326166
-0.14501247
0.02895329
0.01763061
-0.00989636
0.04370609
0.05004591
0.01206829
-0.03493081
-0.00330773
0.02283677
-0.03801633
-0.03769767
0.02112046
-0.11845294
-0.03515618
0.09998769
0.03916681
0.09095635
-0.04295777
-0.02040325
-0.05041465
0.00848370
-0.01269152
-0.03726527
0.03617651
-0.02413511
0.00845599
0.02926412
-0.03312792
-0.02064685
0.02380784
-0.03222624
0.02420901
0.00180252
-0.00596062
-0.03654627
-0.73220265
-0.01911496
-0.01346427
-0.00433709
-0.03184371
-0.04397428
0.00254943
-0.00971874
-0.03756849
-0.00967877
0.02230990
-0.00034105
0.01378784
-0.04265851
-0.01699397
-0.00833464
0.00697915
-0.00177854
0.01816356
0.02308379
0.01345403
0.02445671
-0.10644463
0.00659494
-0.01003693
0.01267002
0.05342611
-0.01169416
-0.01882629
-0.04484986
0.02485859
0.03030172
-0.00084418
-0.00135827
0.01913391
0.08056805
-0.01224026
-0.07188637
0.06042496
0.00185846
-0.07285498
0.00346668
-0.04992400
-0.00346379
0.01389520
0.09283816
0.07849183
-0.03003116
0.02175800
-0.07705777
0.01826668
-0.05511111
0.04099727
-0.03347090
-0.00014691
-0.02053400
-0.02270306
-0.11077031
0.11874719
0.02691301
-0.01241074
-0.07573786
-0.05561151
-0.04596443
-0.05621070
0.14545304
0.03746847
-0.09604824
-0.02184665
0.00187234
0.07449964
0.07882237
0.02229466
-0.05220414
-0.00265427
-0.02051203
0.07698558
0.03352999
-0.05833925
0.03732528
0.05580737
0.87734920
-0.11785204
0.07739654
-0.01742389
0.01402627
-0.01031375
-0.01117144
0.07083846
0.01249391
-0.17648339
0.00506220
-0.00164434
-0.01953064
0.03155974
-0.06449249
0.01076558
0.05961019
0.08612470
0.07430529
0.00725789
-0.01313188
0.01250187
0.05277076
-0.05828942
0.03650555
-0.03901833
-0.01720002
-0.02707000
0.09736922
0.07917278
-0.03054971
-0.04641421
0.04758430
-0.03874207
-0.04060055
-0.00242172
0.01292783
-0.01024351
-0.01077825
0.02409919
0.00384094
0.06039154
-0.01382286
-0.00791380
-0.00850339
0.05186335
-0.02255055
-0.01269816
-0.02513618
0.02255221
-0.04034861
-0.05407129
0.06961060
0.06153292
0.01697860
-0.05206080
-0.01662295
-0.02009856
-0.01175586
-0.10387286
0.00208467
0.00324360
0.03435413
0.03736074
0.03073983
-0.08699565
-0.01668488
-0.02140433
-0.02180595
0.13120173
0.00613052
0.06021429
0.00114550
0.00381847
-0.08853164
0.02304139
-0.04273072
0.00020753
-0.00153712
0.03652378
-0.05989215
0.06529411
0.02915358
-0.00575365
0.08444035
-0.03336261
0.06468982
0.05461977
-0.03299840
-0.03820223
0.02295087
0.00146162
0.03074838
-0.02553650
0.02569644
-0.01811218
-0.05894990
0.02990529
-0.04013713
-0.00953078
0.02266053
0.03329519
-0.05467754
0.01975334
0.00385286
-0.00102936
-0.03326248
0.01409694
-0.00284625
0.01662752
-0.00949978
-0.05019360
-0.01726812
-0.00592372
-0.02031249
0.05902756
-0.03856115
0.02853421
-0.00577230
0.04734578
-0.03511530
-0.04338904
0.07823917
0.02067755
-0.02657574
0.05093230
0.05143149
-0.10913062
0.02417886
0.03241183
0.01144411
-0.01685546
0.03817105
0.00480085
0.02620408
-0.00130812
0.02374696
0.05142222
-0.00133008
-0.01156189
-0.01075558
0.00666158
0.07482602
-0.04920388
-0.03782540
-0.17005022
0.01633417
0.00153852
-0.00382528
0.03450409
-0.00487691
0.00024303
-0.00926046
-0.01564786
-0.02407892
-0.00403577
-0.00345844
-0.00577445
0.08342753
0.00143982
-0.02340463
-0.01956501
0.00695113
-0.00958599
-0.00753037
0.02924821
-0.00757213
0.03066465
-0.03027348
0.01716829
-0.01422255
0.03308697
-0.04317209
-0.04909653
0.01858635
-0.02753573
0.02236311
0.02442775
-0.01299210
0.01569771
0.01564191
0.01340843
0.04978047
0.05805144
0.04079941
0.02795235
0.03070206
-0.03607391
0.00481082
0.06887434
0.01436502
0.00429291
-0.04090904
0.01608997
0.04564775
-0.08179157
-0.03879496
-0.03333878
-0.02184859
0.04952916
-0.00880471
-0.01388352
0.01140027
0.00939329
-0.04496964
-0.06843086
-0.02648043
-0.00782344
-0.01588334
-0.01780948
-0.03381331
0.03142927
0.03528213
-0.07026610
-0.01822208
-0.02479548
-0.02321518
-0.06262151
0.03988634
0.05177097
-0.10455733
0.03620099
-0.04672173
-0.02068149
0.05677025
0.05057341
-0.03176700
-0.01754908
0.00344173
0.03179909
0.03457002
0.06121448
-0.05728939
0.00138839
0.03017050
0.00883573
0.03903289
0.02000446
-0.03415130
-0.00695953
0.02113658
-0.09019811
0.00704284
0.02704021
0.02708353
0.01477001
-0.02257613
0.05611644
0.00673983
-0.10388122
-0.01686781
-0.01319077
-0.01526070
0.04857642
0.05236104
-0.01579945
0.00072835
-0.02164123
-0.03991960
-0.06757915
0.02573231
-0.04951683
0.00200505
-0.02110404
-0.00600315
-0.03597255
0.02107524
0.06509502
-0.03128871
-0.04386976
0.00238156
0.05247286
-0.01510412
-0.01537256
-0.07538288
0.01445863
0.01331375
-0.02831114
-0.07157564
0.04676723
0.02087019
-0.00632306
-0.02012664
-0.00276983
-0.04450951
0.00736363
0.00256420
-0.03429677
-0.00997523
0.03660493
-0.01449411
0.02709149
-0.14780144
-0.00826934
-0.00869169
-0.05401722
-0.00742128
-0.01681378
0.00498783
0.08746542
-0.01006376
0.09126466
0.01987424
-0.01493177
-0.05540812
-0.07910065
-0.02565165
-0.00713789
0.00746994
-0.03183499
-0.05251063
0.08430237
-0.16506085
-0.00926450
0.05578239
0.03191860
0.08635384
-0.00428028
0.01514981
-0.03499890
-0.00140057
0.03591187
0.01265238
0.07415427
0.07200487
-0.01491887
-0.07573139
0.00531155
-0.00840128
-0.05292545
-0.03269866
-0.02639438
-0.03234151
0.07477999
0.01014963
-0.07773753
0.11449586
-0.03390578
-0.00916893
0.02090297
-0.08113318
-0.05276537
-0.04599699
0.01813677
0.04748654
0.02097211
-0.05442172
0.01821015
-0.00965337
0.08256346
-0.02325453
0.04657200
0.02602072
0.00332658
-0.02850881
0.02768143
-0.01173337
0.00530107
-0.07315744
0.02295057
-0.07849310
-0.04055539
0.00807984
0.05283814
0.00692468
0.00645676
0.03398662
-0.01068093
-0.00081251
0.03683935
0.00961164
0.01904384
0.03711434
-0.02514029
-0.02103279
0.02014942
-0.00973902
-0.02621566
-0.01608104
-0.08450208
-0.03569887
0.05676760
-0.08406273
0.08246569
0.00863001
0.02801349
0.02214443
-0.07873162
0.04266540
-0.00876615
-0.08872888
0.01065689
0.00134907
0.01128018
0.00276621
-0.03543061
0.02962597
-0.01820164
0.03204080
-0.01214500
0.00542973
-0.00852934
-0.08907744
-0.01626823
0.02809018
0.05565927
-0.03136481
0.02288466
0.10471499
-0.05395873
0.02077009
-0.01426090
0.03798117
-0.04163100
0.06312986
-0.00838039
0.03921258
0.00302457
0.05737455
0.04541265
-0.00706168
0.00306293
0.05765223
0.01335981
-0.02268795
0.03673398
0.03915530
-0.02237617
-0.01620921
-0.03170620
-0.02171282
0.07383591
-0.00524091
0.07846154
0.03491741
-0.00540891
-0.01903682
0.05840006
-0.07798241
-0.07813092
0.03126834
0.05670271
0.05656476
-0.05563072
0.06021326
0.00815489
-0.04435006
-0.00174712
-0.00454298
0.04013715
-0.05274877
-0.06999686
-0.01831029
0.00101022
-0.04477976
0.06696194
0.04263037
-0.01369447
-0.04396683
0.01387461
0.01010957
0.00220558
-0.01396347
0.03368663
0.02353715
0.00803743
0.03489424
-0.10269998
0.06595928
-0.01124022
-0.00831513
-0.02920943
-0.09821782
-0.05114315
0.01819374
-0.09562928
-0.03753692
-0.02523518
0.10426043
-0.09551280
-0.02875238
-0.03395521
0.08963586
-0.03379887
-0.02291111
-0.00329193
-0.00658374
-0.08912738
0.06485616
-0.04408466
0.03556616
0.00515820
0.04085183
0.04011672
-0.01494315
-0.02570125
-0.02608608
-0.08156067
-0.00957343
-0.01869703
-0.05135333
0.12930270
-0.03843678
0.00410054
-0.04613082
0.04562705
0.01526089
-0.01988223
0.00305384
-0.01969267
-0.07921515
-0.01639124
-0.04080379
0.01140084
-0.01615331
0.08612984
0.03768539
0.00583177
0.00656732
-0.03439533
0.10128867
0.11388117
0.08259120
-0.06012170
-0.02781031
-0.01715862
0.01474393
-0.05251811
-0.00764769
0.07298194
