0.04492471
0.00167809
-0.02236813
0.02165126
0.02253424
0.02402974
-0.00561972
-0.00401601
0.00924772
0.00386565
0.00017512
0.00596322
-0.01776538
-0.01563759
-0.00440596
-0.00482046
-0.00105387
-0.03532606
-0.08135327
0.02586435
0.01246166
0.01876982
-0.00469026
-0.03373900
0.00446119
0.01041459
0.00179951
-0.01005897
-0.01457894
0.01229289
-0.14459254
-0.01749989
0.00650576
0.01928885
-0.01548222
0.01772004
0.00500281
-0.02588217
-0.03609345
-0.03204055
0.01227376
-0.00270977
0.03664248
-0.03447135
-0.02267585
0.00018544
0.00490776
-0.00561643
-0.00766910
0.02358197
0.01023052
0.00707401
-0.07406614
-0.02909467
-0.00127369
-0.02316974
-0.00732907
-0.00259989
0.45259795
0.01779657
-0.02260195
-0.03608882
-0.01321850
0.00460702
0.01304874
0.00253695
-0.00129189
0.01479859
-0.01461776
-0.01813820
0.02338663
0.02750433
-0.06040690
0.01020678
0.01710258
-0.02762119
-0.00664591
0.00444204
0.02954645
-0.10233754
0.02328539
-0.01295113
0.01914399
-0.04653792
-0.01891460
-0.02706441
-0.02498377
-0.00420329
0.00569962
0.01127607
-0.02438051
-0.06091869
0.07557113
0.02044606
-0.00541430
0.01474018
-0.00940993
-0.03931201
-0.04537768
0.01091767
0.03120767
0.01248631
-0.01809232
0.00965565
0.00342325
-0.02545055
-0.01878641
0.00930433
0.01150730
-0.03809762
0.03486392
0.00800812
-0.03254393
0.03675825
-0.01556393
-0.01585076
0.01020378
-0.01326605
0.02099763
0.03916845
0.00919731
0.02537988
-0.01508105
-0.00597430
0.00561879
0.00123059
0.05452901
-0.03740603
-0.03026196
0.07067204
-0.00418624
0.01505565
0.00309822
-0.01319038
0.00794127
-0.03385769
-0.04963963
0.01356235
-0.11870053
-0.00045374
0.02157902
0.00543799
-0.00984357
0.00610674
-0.00973063
-0.14276262
-0.01774796
-0.00280436
-0.02097870
-0.00289895
0.01604468
0.05138971
-0.02509030
-0.02456616
-0.00289753
0.00203675
-0.02981846
0.00186003
0.00434938
0.01344614
0.01178944
0.07502119
0.00261789
0.00390808
-0.01335746
-0.01810172
0.04200493
0.01823382
-0.00059029
-0.00730710
-0.01100072
0.00082531
0.00959727
-0.03457535
0.01327287
0.00991026
-0.00447774
0.01863896
-0.05189751
0.00790816
0.01673742
0.03442825
-0.00468556
-0.01462484
0.02457356
-0.19606574
0.07021514
0.02336780
-0.00153239
0.05445669
0.03083652
-0.00032800
-0.03333876
-0.00249224
0.03142618
-0.01419527
0.00922026
0.00704606
-0.07114564
-0.04014811
0.04568738
0.01772447
0.08375662
-0.02443775
-0.00129663
-0.02939347
0.00068171
-0.01195090
-0.02027119
0.04083794
0.01499799
-0.00107058
0.03052929
-0.02736051
-0.01021101
0.03939576
-0.03457813
0.02097716
0.00331406
-0.02222089
-0.03053334
-0.72324461
-0.00700696
-0.00291401
-0.00692594
-0.02540582
-0.02090410
0.00980294
-0.00775875
-0.00836653
-0.01736843
0.00856437
0.01054105
0.00361656
-0.04839290
-0.00269489
0.00258192
-0.00461160
-0.01507168
0.01886198
0.02102089
0.02011522
0.06972870
-0.06167026
-0.00487904
-0.01913751
0.01147543
0.03017985
-0.00408622
-0.00947577
-0.04798833
0.01580315
0.03234480
-0.00133639
-0.00111072
0.02424704
0.01554735
-0.08536054
-0.06114006
0.03202143
-0.01507138
-0.13176541
-0.01257961
-0.08434471
0.01211847
0.01565821
0.10972404
-0.00704518
-0.00679502
-0.00202738
-0.06525593
0.02538158
-0.04530312
0.07842685
-0.02929017
0.06917083
-0.01235669
-0.08240344
-0.06295842
0.09312802
0.06440826
-0.03004000
-0.04862144
-0.00952653
-0.03503362
-0.14366336
0.16170228
0.05683974
-0.14946373
0.04309781
0.04134703
0.14492472
0.08581014
0.00201531
-0.03071124
-0.08450598
0.00064046
0.03482989
0.03642873
-0.02754400
0.14643195
0.11131447
0.82790911
-0.08625697
0.08152906
0.01624193
0.03430683
0.01956192
-0.06126761
0.06638747
0.03700031
-0.13502964
0.03492060
-0.02254393
0.08366632
0.04975080
-0.01482647
-0.00729696
0.07927740
0.08291657
0.05401769
-0.00234229
-0.03127393
0.01958494
0.04752199
-0.03031651
0.00324656
-0.00813373
-0.03868799
-0.02646213
0.06352019
0.03953540
-0.01918345
-0.02501818
0.02787792
-0.01497494
-0.04443967
0.00603108
0.02039284
-0.01136106
-0.01051095
-0.01813682
-0.01251493
0.05789654
0.01534622
-0.01367828
-0.01621429
0.01617283
-0.03493857
-0.00300672
-0.03104871
-0.03247755
-0.07242120
-0.06916047
0.03528342
0.05273396
-0.03523895
-0.01029290
-0.01189574
0.01861240
-0.02996794
-0.04127263
-0.02035624
-0.01468590
-0.01755568
0.03676534
0.02488623
-0.03638296
0.04535241
-0.01364292
-0.01159199
0.15229228
0.02462333
0.02541540
-0.00167935
0.02785692
-0.04387641
-0.00308521
-0.00344276
-0.02143002
-0.01352849
0.02534020
-0.02562629
0.02829429
-0.00890526
-0.01790130
0.08616977
-0.03786204
0.02967427
0.03962867
-0.06382409
-0.01998193
0.00022386
0.00632581
0.02233592
0.02512684
0.09838432
0.06401491
-0.05870453
-0.00269692
-0.03421361
-0.00661325
-0.01803482
0.00817138
-0.04035870
-0.05896920
0.01077795
-0.02287951
-0.00131462
-0.02567660
-0.01317010
0.01629757
0.02684061
-0.02769233
-0.03461836
0.04276703
0.00182127
0.01763551
-0.07089106
0.00294651
0.01176056
-0.00417297
-0.06009234
-0.02138877
0.03131923
0.01126664
0.01740980
0.03861976
0.05218300
-0.09228463
0.00525627
0.03761265
-0.00085293
-0.01063129
0.06687565
0.03065452
0.05841728
0.01800488
0.03884789
0.00562260
-0.00195675
-0.03149963
0.04299570
0.04077364
0.05116866
-0.03355044
-0.01682659
-0.27823311
-0.01755890
-0.02315743
0.05284816
0.01156902
-0.01239373
0.02772523
0.00631181
0.00278158
0.00743322
-0.02568563
0.04937579
0.04291571
0.09283955
-0.00013169
-0.01522481
0.00250956
0.03641796
0.00497032
0.01349273
-0.01172365
0.00142688
0.05448478
-0.03282557
0.01890692
-0.01096371
0.02331083
0.01220714
-0.05733431
0.04378007
-0.02012748
0.02777000
-0.03618460
-0.00123764
0.05037984
-0.00164703
-0.05530578
0.07042026
0.01589433
0.00168215
0.03190066
-0.00886070
-0.00674309
0.00758233
0.00608749
0.02462616
0.01166661
-0.01891242
0.00142596
0.00861085
-0.06526519
0.02873638
-0.05014084
0.01883985
0.01404830
-0.03202437
0.03011656
-0.02454313
-0.07668655
-0.00382311
-0.03083006
0.02937334
-0.01118524
0.02621153
0.00265324
-0.00113694
0.03707302
-0.00320500
-0.03053570
-0.00933019
-0.01352552
-0.03128365
-0.03189411
0.05297960
0.03716208
-0.06435215
0.01591348
-0.02259981
-0.06832860
0.07880060
0.00295303
-0.00353777
-0.00083096
-0.03336532
0.00417551
0.01499358
0.02332372
-0.01561199
-0.01510502
0.01555545
0.08644004
0.04049176
0.03986624
-0.03705833
0.01304810
0.01176913
-0.03556850
0.04642706
0.03064420
0.00860627
0.01671926
-0.00782616
0.06844009
0.04822370
-0.06134412
-0.01155208
-0.04189613
-0.04809946
0.03523673
0.00498732
-0.01371356
-0.00143273
-0.04096555
-0.09861992
-0.06527294
-0.00884758
-0.07285867
-0.02223233
-0.05099020
0.04710416
-0.02598831
0.03254354
0.01833831
-0.00043599
-0.04726766
-0.00379790
0.00254019
0.00396701
-0.02829833
-0.02957807
0.00300861
-0.01252882
-0.03476430
-0.05090715
0.03565937
0.01881699
0.02134690
0.01154397
0.00280742
-0.03637459
0.01810847
-0.00416537
-0.01507510
0.01098304
0.01261285
-0.06922010
0.03388055
-0.08776553
-0.00760760
0.01735765
-0.00359232
0.01230029
-0.04290976
-0.04703466
0.07894692
0.00268692
0.08604515
0.04441041
-0.00716086
-0.02525905
-0.05320087
0.02092150
0.02203786
-0.02228164
-0.02872036
-0.02074184
0.03503904
-0.30861872
-0.03576362
0.04306183
0.00455666
0.03868684
0.01582869
0.03668357
-0.02030033
0.08632517
0.03307539
0.02642184
0.12132187
0.05274540
-0.01210021
-0.03625818
0.01688637
-0.02938304
-0.07129858
-0.01229987
-0.09517405
-0.02150356
0.05539265
-0.00934318
-0.03303848
0.06979491
-0.03175345
-0.02857554
-0.02811467
-0.09710015
-0.07025010
-0.03601686
0.02795820
0.02724338
0.05067870
-0.01370365
-0.02363916
-0.01981133
0.04933832
0.02735857
0.04619658
0.04516986
-0.00083514
0.02924842
0.00584790
0.01425436
0.08758754
0.02959095
0.04171591
-0.04065717
-0.04747356
-0.01330555
0.07360544
-0.03134970
-0.01903820
0.00570380
-0.02751110
0.01212018
0.02120262
-0.00041361
-0.02035061
0.06515819
-0.04981726
0.01974631
0.02505209
-0.01650311
-0.04444740
0.01531684
-0.04826232
-0.01710007
0.02459483
-0.07184563
0.06078185
-0.00781041
0.02405363
0.02369492
-0.02498553
0.02062981
-0.01642093
-0.10081928
-0.00689546
0.05353802
-0.00378179
-0.02795348
-0.00650062
0.03714779
0.02308445
0.00625423
0.01393952
0.04845646
-0.01497318
-0.07923678
-0.00581500
0.00830333
-0.06663235
-0.09040969
0.02275131
0.03266920
-0.04719200
0.02612332
-0.01332186
0.03131956
-0.01226339
0.08233482
0.00875838
0.07311655
0.00134069
0.01208117
0.09754548
0.00165966
-0.01138342
0.08274103
0.02138245
-0.04767779
0.00425839
0.02302435
0.01625860
0.01790777
-0.02008600
0.00170965
0.01928656
-0.04010868
0.07149556
-0.00251956
0.02430400
-0.00309423
0.05682455
-0.05688985
-0.08582442
0.03108176
0.04155223
-0.00345192
0.00642505
0.03098992
-0.00219438
-0.08273418
0.00716025
-0.00938209
0.07335492
-0.01525199
-0.06648510
0.00287776
0.02976260
-0.03088115
0.03362874
0.00670728
0.03808667
-0.02092405
-0.04142177
-0.04711747
-0.01520917
-0.00792464
0.01421084
0.01605739
-0.05797549
0.00610597
-0.07001234
0.06540973
-0.07710622
-0.04644474
0.04926003
-0.06418452
-0.09655856
0.03677710
-0.04589276
-0.00076565
-0.07056373
0.05907482
-0.08404826
-0.01066649
-0.03877047
-0.03506765
-0.02706164
-0.01397724
0.02723671
-0.02660136
-0.06659380
0.00191138
-0.04882114
0.03698504
-0.00201552
0.03618182
0.03620381
0.03389752
-0.04457428
-0.03609013
-0.06122473
0.01407490
-0.06094428
-0.04192153
0.11611305
-0.02205138
-0.02034551
-0.07090495
0.00738010
-0.00070285
-0.01303931
0.00445416
-0.01422608
-0.06125818
-0.06264754
-0.03831872
0.00828887
-0.01771450
0.04577013
0.05264255
-0.00346219
0.02925340
-0.04684087
0.05009476
0.21086498
0.02140081
0.01053778
-0.02912359
-0.03318961
-0.00158455
-0.04132041
-0.01318957
0.04136306
