0.04757817
0.00107606
-0.03290051
0.02957378
0.01924260
0.02701739
-0.00072546
-0.00995444
0.02368492
0.01370457
-0.00501940
0.00654570
-0.00556416
-0.02414469
-0.01060890
-0.00123737
-0.00488113
-0.03410879
-0.05764532
0.02818802
0.01263898
0.01189746
0.00645440
-0.03334008
0.00139620
0.00518859
-0.00280251
-0.00522063
-0.01900450
0.00896126
-0.13076319
-0.02818765
0.00290428
0.01446129
-0.02372281
0.02039984
-0.00137339
-0.02079820
-0.04157446
-0.03547208
0.00883599
-0.00543616
0.01889856
-0.04221952
-0.01989950
-0.00349347
-0.00155843
-0.00812897
-0.00739587
0.02691701
0.00489014
0.01538357
-0.08086590
-0.01219256
-0.00759772
-0.01546850
-0.01509675
0.00088213
0.43913743
0.03640148
-0.02773320
-0.03934846
-0.02247992
0.01270963
0.01636958
-0.01396831
0.00781602
0.00331610
0.00499930
-0.02798418
0.02724636
0.02214151
-0.06320211
0.00987422
0.02173526
-0.03172025
-0.00634800
0.00662915
0.03226862
-0.08773962
0.02679188
-0.00858040
0.02563054
-0.04366554
-0.02670493
-0.02354547
-0.02889904
0.00413744
0.01571823
0.01208566
-0.02356160
-0.07956064
0.09452409
0.01741594
-0.00035006
0.01056552
-0.00051703
-0.04674632
-0.03381640
0.01123661
0.02848267
0.00919036
-0.01563885
0.01488138
0.00904538
-0.02622688
-0.01671712
0.00478356
0.01478516
-0.04253543
0.02393823
0.00603764
-0.03666661
0.03130660
-0.01125574
-0.01815434
0.01894871
-0.02083566
0.02523762
0.03854407
0.01255583
0.02111001
-0.01987787
0.00021017
-0.00874406
0.00233255
0.06455418
-0.04299289
-0.03548871
0.05999434
-0.02046726
0.01020308
-0.00108754
-0.02122023
0.00404356
-0.03131463
-0.05515835
-0.00326934
-0.13850981
-0.00132652
0.01483507
-0.00048308
-0.00822137
0.00144157
-0.01563885
-0.11969495
-0.01666892
-0.00308557
-0.02024871
-0.00250935
0.02063593
0.05298338
-0.02223055
-0.02575615
0.00105995
0.00372394
-0.04135945
-0.00180998
-0.00169662
0.00874556
0.00867076
0.07442308
0.02122914
0.00286182
-0.01979237
-0.02036776
0.05496323
0.01059391
-0.00008033
-0.00639189
-0.00255014
0.00210955
0.01550805
-0.03265382
0.02249308
0.01654372
-0.00088353
0.01253179
-0.03865335
0.00020825
0.02190044
0.03323022
-0.00767153
-0.01132813
0.02313811
-0.18031405
0.07128544
0.02358061
-0.00355857
0.04654394
0.02924748
0.00358405
-0.03630053
-0.00448677
0.03128923
-0.02511802
-0.01914040
0.00937577
-0.07709447
-0.03667320
0.06823263
0.02734302
0.08121902
-0.03646113
-0.00774342
-0.03750587
0.00869851
-0.01121706
-0.02162299
0.04240510
0.00707990
0.00110049
0.02790709
-0.03329228
-0.02102867
0.03305656
-0.03235100
0.01901106
0.00301271
-0.01621204
-0.03241148
-0.72743595
-0.01299825
-0.01110454
-0.00633788
-0.03246307
-0.03219333
0.00745513
-0.01226725
-0.01799260
-0.01428494
0.02022703
0.00291959
0.01119466
-0.04760933
-0.00403602
-0.00259909
-0.00299100
-0.01499448
0.02208400
0.02111701
0.01684824
0.04874226
-0.08028626
-0.00158070
-0.01861338
0.00873280
0.03273387
-0.00921661
-0.01167050
-0.05346884
0.02346264
0.03524998
-0.00364525
-0.00090838
0.02507568
-0.04772313
-0.09685498
-0.08992682
0.04249704
0.01807564
-0.09663878
-0.01974603
-0.08012085
0.02274378
0.03029814
0.08757195
0.02754740
0.05063701
-0.00848590
-0.06194710
-0.01378449
-0.03999392
0.05084996
-0.02611561
0.05282747
0.02493042
-0.07555787
-0.10976302
0.07515322
0.06030774
-0.00131098
-0.05848880
-0.06469691
-0.06273492
-0.13207895
0.21317537
0.03227378
-0.11784098
0.03662633
0.07149713
0.11961586
0.07637588
0.01459784
-0.02899772
-0.04972967
0.03159396
0.05718018
-0.00659422
-0.04148035
0.13163896
0.04841972
0.82611841
-0.11868364
0.10625299
-0.00837935
0.03646880
0.03043306
-0.01665203
0.10233594
0.05120087
-0.11494203
0.07842079
-0.01849977
0.06920344
0.04473799
-0.03432525
0.00734525
0.06994428
0.09367363
0.04520169
-0.01969661
-0.00442081
0.04072953
0.04764682
-0.04060545
-0.00915714
-0.01631419
-0.02420148
-0.02740044
0.07946242
0.02920862
-0.03986963
-0.01117697
0.04505806
-0.00056642
-0.02240927
0.01858202
0.02152574
-0.00779630
-0.00113361
-0.01878124
0.00932521
0.06132861
-0.02407948
0.02729410
-0.02226833
0.03613330
-0.03761541
-0.01095864
-0.04383070
-0.01376749
-0.09409118
-0.07935404
0.05420447
0.01456249
-0.02809532
-0.01571722
-0.04535419
0.04023077
-0.04482755
-0.08187044
-0.01671674
-0.00254441
0.00284160
0.01677414
0.01781627
-0.05943374
0.02958272
0.00266004
-0.04007469
0.10559791
0.04271615
0.02597381
-0.02908953
0.04686812
-0.04192705
0.00738913
-0.00356060
-0.03754648
-0.01678046
0.04594920
-0.05002216
0.01030285
-0.02815692
-0.02060122
0.06930654
-0.02718897
0.03747333
0.04267366
-0.07178978
-0.02854257
0.01755052
0.00165375
0.02017904
0.02166787
0.06131094
0.05166541
-0.07544106
0.02216873
-0.01368513
0.01923345
0.04041803
0.03288350
-0.05107347
-0.05320115
0.04281324
0.01339734
0.00050018
0.01217156
0.02663187
0.00450544
0.04187768
-0.00871621
-0.04165674
0.04519682
-0.00415137
0.03967200
-0.06498227
0.00413678
-0.00757002
0.01047871
-0.06293328
0.00563202
0.03648527
0.02236367
0.03037469
0.06226099
0.02257320
-0.08987006
-0.02398016
0.02303793
0.00994207
0.01511535
0.05483274
0.00188048
0.06458026
0.01784386
0.01687504
-0.00146501
-0.00750812
-0.00169495
0.01320080
0.04245536
0.09296750
-0.04440366
-0.01599721
-0.26920763
-0.01458352
-0.02953369
0.06694130
0.02018241
-0.05334919
0.03354484
0.00314359
0.01104369
0.01025763
0.00510468
0.02996236
0.02535261
0.06281611
-0.00139003
0.00560268
-0.00028386
0.03287469
0.01709195
0.00726166
-0.00354799
0.01874547
0.05698391
-0.02994801
0.00220463
-0.01054760
0.01406178
-0.01833083
-0.05338367
0.07182816
-0.01499477
0.03146125
-0.02816909
-0.01462078
0.01981984
0.01135911
-0.02125492
0.06397434
0.04423405
-0.00015434
0.00750670
0.03181086
-0.02856496
-0.00818390
0.04337247
0.00610484
-0.00889219
-0.01547354
0.03341182
0.05203799
-0.06359304
-0.00869643
-0.05007096
-0.00987625
0.00563376
-0.04186838
0.01948434
-0.01735901
-0.04425716
0.00136877
0.01472311
0.01421322
-0.02046067
0.00958448
-0.02568385
0.00378790
0.03342662
0.03277822
-0.02942208
-0.01453735
-0.01910338
-0.03214537
-0.07714096
0.06398847
0.05601555
-0.07813502
0.00113424
-0.02035350
-0.04042430
0.06042218
0.00313178
0.04612240
-0.01232181
-0.02857623
-0.01747349
0.05482080
0.01200225
-0.04306573
-0.01568924
0.00196064
0.07620660
0.06679824
0.04876697
-0.00335422
0.04214984
0.04323048
-0.08275698
0.03820799
-0.01817349
0.01154988
0.03739139
-0.03260146
0.09008928
0.03751533
-0.09568652
-0.00569111
-0.05240083
-0.01590191
0.05548494
0.00226175
0.00095338
-0.01298150
-0.02991294
-0.04996451
-0.04609819
0.00224664
-0.05425794
-0.01211113
-0.01068577
0.02031777
-0.01660705
0.00951827
-0.00633329
-0.02909673
-0.04785915
0.01389302
-0.00061754
0.01354703
-0.02815677
-0.01311320
0.00545150
0.00898288
-0.02568836
-0.04677594
0.01426901
0.01173298
-0.00566891
-0.01775503
-0.01934399
-0.04514580
-0.01472930
-0.00907254
0.00790225
-0.00872158
0.00391715
-0.06131471
0.03098638
-0.04121001
0.01470740
0.00760777
-0.02267174
0.00385859
-0.04064650
-0.00288271
0.06675450
-0.01577069
0.06571136
0.04412121
0.00143572
-0.03145711
-0.05709554
0.01896234
0.02489715
-0.00490390
-0.01951303
-0.04002056
0.06643787
-0.28741109
-0.02354236
-0.00964717
0.00977576
0.04712988
0.04851513
0.02759593
-0.00741597
0.05186277
0.04173421
0.01866339
0.08377641
0.08352628
-0.00787435
-0.07011054
-0.02148001
0.00118821
-0.02211305
0.00809946
-0.08216916
0.02537259
0.03722417
-0.00790601
-0.02539184
0.03598687
-0.02631921
0.00112442
0.01230885
-0.09070087
-0.02259897
-0.01538528
0.01563391
0.02216506
0.06377232
-0.02912233
0.01522169
0.01615665
0.05016534
0.00413197
0.06180628
0.01695415
-0.02028909
0.03128953
0.03079503
-0.00633704
0.07796525
-0.01118755
0.03028107
-0.03619602
-0.01591414
-0.01399761
0.09856360
-0.05738486
-0.04688492
0.00263566
0.00390656
0.02750896
0.03296113
-0.00259350
-0.02119815
0.05434191
-0.05984350
-0.00999497
0.03672042
-0.02487218
-0.03314777
-0.02193389
-0.02458942
-0.06132781
0.03183903
-0.08945144
0.06882370
-0.01572528
0.00244780
0.02206487
-0.04663698
0.03811257
-0.01764212
-0.11920450
0.00665778
0.01464656
-0.00293321
-0.00095780
-0.03734234
0.04095551
-0.00466779
0.02537149
0.02584652
-0.01063527
-0.01491364
-0.04290563
0.00320043
0.01648986
-0.07295120
-0.01299158
0.02718119
0.10727024
-0.10595454
0.00951330
0.00356673
0.04317550
-0.04095106
0.06596233
0.03158000
0.03466281
-0.02322350
0.03092572
0.11080392
-0.00200092
-0.00603124
0.08549527
0.01526912
-0.04579283
0.03795901
0.02677433
0.00190164
0.01629979
0.00259765
0.01661629
0.03386099
-0.02124837
0.04389644
0.02256376
0.03434405
-0.02547844
0.06270243
-0.06016523
-0.09972480
0.01399329
0.05854696
0.00952600
-0.04042960
0.03650288
-0.00715484
-0.04353365
-0.00841507
-0.01397122
0.06535012
-0.02887428
-0.05633271
-0.01963648
0.01137449
-0.04096651
0.03781483
0.01870716
0.02740519
-0.05177921
0.02065848
-0.00238316
-0.00527647
-0.00419522
0.03756289
0.03214358
-0.05162030
0.03323242
-0.08447093
0.04409962
-0.05751747
-0.04791845
0.01868299
-0.05481364
-0.09186147
0.01480785
-0.05311907
0.03395255
-0.06465263
0.04278148
-0.11612733
0.01938469
-0.02049230
0.02457947
-0.00574081
-0.03055608
0.01652369
-0.03798152
-0.07744920
0.03253404
-0.08460984
0.03026178
-0.03043705
0.03506314
0.05140560
0.01619810
-0.03107088
-0.01336190
-0.07576495
0.01655038
-0.00724270
-0.06024155
0.12478809
-0.02720235
-0.00569792
-0.02276222
0.02273401
-0.01061604
0.01548821
0.01987252
-0.02827639
-0.05249319
-0.06440942
-0.04140323
0.00548794
-0.00727611
0.04089298
0.04677741
0.03042310
-0.00562300
-0.06050150
0.06050511
0.22335120
0.00229150
0.01237144
-0.01711462
-0.04706952
0.02724724
-0.05275862
-0.02444972
0.04274420
