0.04672910
0.00082004
-0.02454666
0.02021229
0.01751489
0.03267781
-0.00377720
0.00351080
0.02032670
-0.00058553
0.00333218
0.00217270
-0.02210289
-0.01950548
-0.01128694
-0.00449953
-0.00039605
-0.03268958
-0.05322403
0.02931251
0.01062356
0.02633698
-0.01359868
-0.02993930
0.00796149
0.00829898
-0.00115678
-0.01411686
-0.02066800
0.01399771
-0.14051615
-0.01261558
0.01355965
0.01128710
-0.01276655
0.03045981
0.00179653
-0.02014514
-0.03437894
-0.04761539
0.01499254
-0.00418523
0.02680346
-0.04163971
-0.01663549
0.00122034
-0.00263560
-0.01278393
-0.00985011
0.02778023
0.01332057
-0.00727907
-0.07091832
-0.02561587
0.00457498
-0.01739421
-0.00560997
-0.00313402
0.45543417
0.03258261
-0.02168926
-0.03048081
-0.01647170
0.00328590
0.01562014
0.00735670
-0.00057575
0.01249569
-0.00503035
-0.01887051
0.02083547
0.02703309
-0.06636313
0.01359686
0.01493780
-0.02959718
-0.00680076
0.01299553
0.02800454
-0.09243485
0.01857818
-0.00679765
0.02396691
-0.03874518
0.00366980
-0.02512656
-0.01899182
-0.00228902
0.01334130
0.01167044
-0.02434517
-0.05643024
0.06532500
0.01653555
-0.00683159
0.01566547
-0.01397742
-0.03643135
-0.04361365
0.01488841
0.03577659
0.01114458
-0.02036367
0.01178056
0.00768236
-0.02276462
-0.02136552
0.01618823
0.01339031
-0.04200723
0.03770886
0.01746755
-0.02904627
0.03542633
-0.01512620
-0.00906286
0.02414265
-0.00974594
0.02741216
0.03805009
0.01072235
0.02397976
-0.01524084
-0.01052717
-0.00848295
0.00208751
0.04680829
-0.04000968
-0.02309367
0.08248691
-0.00931730
0.01366448
0.00476534
-0.01800398
0.01634036
-0.03723484
-0.05552614
0.01688508
-0.13061643
0.00444293
-0.00889104
0.00181286
-0.01278655
0.00623362
-0.01210268
-0.10406777
-0.02277224
0.00330143
-0.01595766
-0.00397233
0.02252959
0.04722210
-0.02877779
-0.02865480
-0.00392444
-0.00272073
-0.03082280
0.00548120
-0.00820587
0.01100506
0.01266947
0.04732836
0.01263274
0.00172409
-0.01475730
-0.00632208
0.04155384
0.01026074
-0.00185938
-0.00339190
-0.00875864
-0.00006326
0.01607024
-0.02920980
0.02487666
0.01716211
-0.00009777
0.00677986
-0.05498334
0.00407739
0.01211215
0.03036566
-0.00802601
-0.00870047
0.02665614
-0.18532172
0.06536027
0.01523249
-0.00883458
0.05735417
0.04631010
0.00042443
-0.03559630
-0.00111505
0.02649739
-0.01585494
0.00662474
0.01537383
-0.08353443
-0.04107010
0.05494056
0.02243957
0.10778398
-0.03104186
-0.00026821
-0.03731458
0.00023396
-0.00980273
-0.02602378
0.02643724
0.00125511
-0.00360075
0.03445426
-0.02014574
-0.00463797
0.03787164
-0.03519483
0.03033946
-0.00301920
-0.01096102
-0.03419583
-0.72894055
0.00260572
-0.00327494
-0.00759486
-0.02655135
-0.01939007
0.00977364
0.00050642
-0.00803334
-0.01878838
0.00660878
0.00546897
0.00454268
-0.05189958
-0.00829633
0.00258514
-0.00121175
-0.01201931
0.01534308
0.01350927
0.01478584
0.05294609
-0.06656453
-0.00362248
-0.02174547
0.01526103
0.03896859
-0.00682806
-0.01187634
-0.04264240
0.01619249
0.03255323
-0.00040845
-0.00164305
0.01943315
0.02899625
-0.08040030
-0.05015589
0.01490526
-0.00550410
-0.18590583
0.03011192
-0.07136630
0.01723466
0.02323719
0.08697850
-0.05304723
0.00586365
0.02697155
-0.13063008
0.00168338
-0.03267167
0.07249469
0.01473384
0.04339061
-0.02523164
-0.06084571
-0.11104633
0.08143158
0.07608025
-0.04801227
-0.01126781
-0.05134907
-0.06659146
-0.15399592
0.21789227
0.07355797
-0.14387201
0.06578597
0.04461056
0.13053550
0.06555615
-0.04012970
0.02710855
-0.03270734
0.00161222
-0.01062657
-0.00628653
-0.08444475
0.16809948
0.07588177
0.80011749
-0.10489737
0.07748526
0.01724552
-0.00030808
0.00832168
-0.02646450
0.10859647
-0.00310279
-0.07050090
0.10944943
-0.01339847
0.02853891
-0.01640777
-0.08021674
0.04083451
0.04765179
0.07057744
0.03112293
0.00656341
-0.03713674
-0.00633700
0.05044622
-0.05935226
0.01815677
-0.03994610
-0.00053687
-0.04453734
0.05244146
0.05689854
-0.02740691
-0.04904601
0.05458495
-0.03019541
-0.03451028
0.00004298
0.02075780
-0.03723982
0.01131942
-0.00645443
0.03427537
0.06396138
0.02123406
-0.00367675
0.00794584
0.06960099
-0.01685815
-0.04594232
-0.02163243
-0.00908175
-0.06139594
-0.03491819
0.05394200
0.05367623
0.00860355
-0.04012939
-0.01850107
-0.01373982
-0.03688856
-0.09416726
0.01105896
-0.01147080
0.04746195
0.01887192
0.00946986
-0.05311776
0.03112479
-0.00181537
-0.01062505
0.12197275
0.02969357
-0.00682652
0.00067018
0.01017408
-0.09220566
-0.00564618
-0.04328971
0.00714435
-0.01132974
0.01795338
-0.06641296
0.00359707
0.01254592
-0.01600817
0.09179583
-0.05841419
0.05575725
0.01019941
-0.02875001
-0.03544486
-0.01177230
-0.01334211
0.00062289
0.01031603
0.04178380
0.02183759
-0.04541872
-0.01633540
-0.04642224
-0.02161017
0.02594144
0.00555285
-0.05315977
0.04196884
0.01603144
-0.00320778
-0.03796306
-0.00915518
-0.05416695
0.05829379
0.00778816
-0.06465539
-0.01581212
0.01385117
-0.01463545
0.02428007
-0.03004239
-0.00472351
0.02745615
0.02671046
-0.05765256
-0.03982162
0.04726391
0.00497133
-0.01585947
0.03899240
0.04951322
-0.08903043
-0.00129334
0.03710154
0.02616112
0.00875312
0.04933635
-0.01190491
0.05063290
-0.00498594
0.00606316
0.01111093
-0.02479338
0.00348272
-0.02663915
0.01057732
0.01672162
0.01591493
0.00259038
-0.23642200
0.03262737
0.02298506
0.00465416
0.00677606
0.02241285
0.00714679
-0.02453977
-0.05915380
0.00574967
-0.02292577
-0.00292157
-0.01281618
0.06257936
0.00214339
-0.00405569
-0.02783850
0.00182049
0.00351206
-0.00032859
-0.00614372
0.04404759
0.04897865
-0.01312522
-0.00891357
-0.00566299
-0.00898821
-0.03340011
-0.03794046
0.02063971
-0.04423925
0.02727305
0.00517034
-0.00542240
0.05538201
0.02552675
0.00695269
0.05422927
0.03097991
-0.00596998
0.03523381
-0.00449968
-0.06342927
0.00774912
0.04170612
0.04911011
-0.00741369
-0.04767764
0.03224901
0.03132225
-0.07828749
0.03899116
-0.04539749
0.05655216
-0.00078754
-0.05168585
0.02339872
0.01382211
-0.01866405
-0.01214817
-0.04487555
-0.00684278
0.00471900
0.00363182
0.02634483
0.00923722
0.00593187
-0.00379128
-0.06284761
-0.05377999
-0.01846711
-0.01203290
-0.03794692
0.04037294
0.00388597
-0.16704850
-0.00279854
-0.00824444
0.00765468
0.08127959
0.00126589
0.01066696
-0.00346391
-0.00033711
0.04307991
0.00605781
0.06862113
-0.00358213
-0.00030870
0.03058449
0.02062295
0.04360198
0.03175883
-0.03914051
-0.01463102
0.01199945
-0.08455849
0.01449936
0.05596901
-0.00963545
0.01159429
-0.03764007
0.06475178
0.01450346
-0.07122101
-0.03383024
-0.02834883
-0.02962550
0.00382247
0.01764173
0.00322243
-0.00658216
-0.02902992
-0.07317448
-0.03448566
0.04844458
-0.01986989
-0.01139648
-0.06431372
0.00974372
-0.04632197
0.01163896
0.05574081
-0.02345954
-0.05760480
-0.02552301
0.05165378
-0.00255091
-0.00250447
-0.07564282
0.01864646
-0.00977939
-0.03568208
-0.04591541
0.03758963
0.02416809
0.00463525
-0.04027782
0.01079518
-0.04509424
-0.00230709
-0.02417769
-0.02453272
-0.01261503
-0.00184874
-0.07488406
0.03660065
-0.15128151
-0.00614711
-0.00344675
-0.04900038
-0.04226834
-0.02848986
-0.03638705
0.14050469
-0.01099590
0.09825382
0.01511837
-0.02438790
-0.04816564
-0.06738520
-0.00607901
-0.03532917
0.00964033
-0.03066417
-0.07118861
0.02794877
-0.22335359
0.00816500
0.06304454
0.01355333
0.06154488
0.00088994
0.02982555
-0.00049493
-0.00128364
0.04194128
0.03835146
0.08241308
0.06291482
-0.02123586
-0.03673689
0.00766804
0.02629237
-0.11015572
-0.02623195
-0.07770152
-0.02596275
0.02146278
-0.03045871
-0.04184522
0.09942443
-0.03433495
-0.00871745
-0.01763768
-0.07614744
-0.02301545
-0.04703791
0.00835445
0.01374749
0.05047737
-0.05813234
0.02694697
0.02517262
0.03138487
-0.02578346
-0.00151540
0.04266236
-0.00302526
0.03196246
0.03757526
0.02002669
-0.00446546
-0.07646298
0.04295161
-0.06003195
-0.02771540
0.01348404
0.00688539
-0.00288672
0.00462148
0.01579018
0.00757613
0.02695768
0.05896557
0.00420923
0.00862235
0.01712940
-0.06751994
0.00776650
0.04095707
-0.01521823
-0.03106899
-0.00764458
-0.06510063
-0.03579565
0.04696748
-0.06811982
0.07164146
-0.01794006
0.03306604
0.01974382
-0.03212629
0.05077284
-0.04034696
-0.08365878
-0.03602495
0.02390419
0.03363378
0.00003691
-0.04406036
-0.01641515
-0.00923103
0.02730598
-0.00821186
0.02529358
-0.01416188
-0.07534303
-0.00820157
0.04197239
-0.00393422
-0.05267681
0.04816184
0.10193668
-0.04502992
0.02736727
0.00178908
0.03731386
-0.00608847
0.07017164
-0.06232351
0.08270846
0.00919006
0.00443498
0.06181414
0.02555405
-0.02177148
0.07019059
0.02241331
-0.02118958
0.04392395
0.03348310
0.01876889
-0.00850794
-0.00786452
-0.01533957
0.02348546
0.01034321
0.09627087
0.01595926
0.00647680
-0.07002047
0.06594535
-0.05645464
-0.05502747
0.06252906
0.04599671
0.06759159
-0.02472773
0.04726007
0.01539981
-0.05692988
-0.01425044
-0.01319219
0.06160906
-0.04324162
-0.07586230
-0.00413939
0.00345037
-0.01200196
0.04977866
0.03991126
-0.02448743
-0.00113296
-0.01635372
-0.00865045
-0.00299782
0.01712476
0.00216925
0.02995187
-0.03145253
0.00579093
-0.13945837
0.05371285
-0.04654936
-0.00173600
-0.03547873
-0.10162070
-0.05537834
0.00165727
-0.07057913
-0.03539920
-0.07039832
0.04561695
-0.11803075
0.02230618
-0.01532305
0.05596111
-0.00276759
-0.01006571
0.02410973
-0.03478654
-0.05712975
0.02118609
-0.01848358
0.03911258
-0.03060844
0.05414036
0.05901732
-0.00270392
-0.03402496
-0.02842261
-0.04772828
0.03441837
-0.06761592
-0.01377667
0.08376180
-0.03214742
-0.00376143
-0.03285671
0.03411973
0.02092841
-0.01380880
-0.00324729
-0.02077972
-0.13019781
-0.02613963
-0.02223990
0.01308424
-0.01340800
0.04578994
0.01538073
0.00614167
0.02047746
-0.04759987
0.05880108
0.19053370
0.03955800
0.01487123
-0.02676753
-0.01956965
-0.01695657
-0.06753232
-0.01991420
0.03345798
