0.04240077
0.00616856
-0.00137115
0.01134500
0.02794397
0.01484535
-0.01023761
-0.00536254
-0.03476468
-0.01472609
0.01676737
0.00759147
-0.02913100
0.00216665
0.00130431
-0.00651769
0.00411034
-0.03433755
-0.12412334
0.02372595
0.01965960
0.02716393
-0.01297212
-0.02333815
0.01127122
0.00240317
0.01626968
-0.01965059
-0.01555214
0.01666829
-0.14457190
-0.00387031
0.00699073
0.02597156
-0.00345989
0.00066701
0.01790318
-0.03436525
-0.02275002
0.00421288
0.01325205
0.00461340
0.06695868
-0.01509480
-0.02900210
-0.00202952
0.01600209
0.00557203
-0.01466281
0.01442694
0.00739500
0.00224809
-0.04460011
-0.04566702
0.00248011
-0.03545428
0.00714184
-0.00773280
0.48167926
-0.02024002
-0.02449846
-0.01588471
0.00270675
-0.01067041
-0.00003357
0.02801035
-0.01650854
0.02893290
-0.06231950
-0.00358502
0.01489542
0.02944235
-0.05307830
0.01103678
0.01076519
-0.00684918
-0.01194335
-0.01296357
0.01972097
-0.13304932
0.01467071
-0.02216516
0.00427933
-0.03726238
-0.02180240
-0.01647232
-0.01879724
-0.01822243
-0.00147751
-0.00450495
-0.02799662
-0.02974303
0.04128871
0.02837671
-0.01523540
0.02382246
-0.01451442
-0.02965014
-0.05094438
0.00521360
0.03597571
0.02046088
-0.01867227
0.00031987
-0.01078068
-0.02064615
-0.01494536
0.00354363
0.00778661
-0.01998098
0.04506903
0.01087392
-0.01266926
0.04553851
-0.02046978
-0.00504240
-0.01902935
-0.00186616
0.01455493
0.02906678
0.00145196
0.02693743
-0.00515460
-0.01955895
0.04693709
0.00059753
0.02819595
-0.02265274
-0.02777962
0.08031535
0.03785976
0.01620620
0.00140399
0.00633940
0.00178652
-0.02727719
-0.01038042
0.03134288
-0.08482490
-0.00257644
0.06349076
0.01437312
-0.01683696
0.00775261
-0.00918223
-0.19037038
-0.01799494
-0.00478797
-0.02317331
-0.00852274
0.00664571
0.03791241
-0.02865217
-0.00757218
-0.00427866
-0.00154431
0.00102198
0.00928290
0.02417707
0.03246860
0.01022710
0.09634104
-0.04395544
0.00706231
-0.00869530
-0.01321704
0.00133633
0.02099736
0.00051556
-0.01013072
-0.02248896
-0.00481544
0.00230113
-0.04344701
0.00033862
0.00453966
-0.00565559
0.02897418
-0.07613867
0.02534715
0.00978872
0.02625954
0.00455598
-0.01224477
0.02300186
-0.22956333
0.10176484
0.01542166
0.00540052
0.06004766
0.00900551
0.00105343
-0.01943502
-0.00232441
0.02193836
0.01092339
0.07745657
-0.00094320
-0.01939625
-0.03654782
-0.01321871
0.00475686
0.07499444
-0.00237013
0.00936577
-0.01112306
0.00071397
-0.01395685
-0.00260910
0.03232756
0.04315184
-0.00469588
0.02716283
-0.01142920
0.00991000
0.04479224
-0.03425872
0.02331510
0.00179802
-0.02574914
-0.01340175
-0.66909808
0.01255454
0.00956458
-0.00991917
-0.01620016
0.00525049
0.01089128
-0.00369275
0.01802188
-0.02100119
-0.01789340
0.03380117
-0.01114283
-0.04466396
0.00396020
0.02181728
-0.01823563
-0.02492697
0.00740205
0.00911742
0.01383190
0.12291170
-0.01147511
-0.01265814
-0.01949126
0.01216279
0.00724552
-0.00237151
-0.00355585
-0.02711732
-0.00185926
0.02839320
-0.00146198
-0.00196033
0.01068663
0.07435180
-0.09274457
-0.09336410
0.04249785
-0.01826156
-0.09209712
-0.05811669
-0.09586268
-0.01057764
-0.05873415
0.10315881
0.04297170
0.03043129
-0.08435916
-0.00063875
-0.03575096
-0.00014709
0.04022465
-0.00419494
0.10113410
0.05522160
-0.04349264
-0.01666821
0.03015809
0.05717288
-0.06467123
-0.04711871
-0.04177928
-0.02469302
-0.17802534
0.12789255
0.00536681
-0.08605065
0.03578882
-0.00487525
0.08818909
0.08378975
0.07220230
-0.10497529
-0.12046931
0.02799595
0.06803618
0.01442491
0.00667848
0.06469689
0.06519672
0.84936589
-0.09421747
0.06693916
-0.00981295
0.03871983
0.07737638
0.00054472
0.01393263
0.03245793
-0.07383910
0.02692829
-0.05821621
0.09443287
0.04012130
0.01194443
-0.09279936
0.01357938
0.09746134
0.00130222
-0.01178623
0.01046559
-0.01609830
0.05700612
-0.04335941
-0.00456966
-0.02027658
0.01114954
-0.01851167
0.01485820
0.07416322
-0.03870790
-0.05624573
0.04460041
-0.01233064
-0.04815510
-0.00058875
0.04313142
-0.03330410
-0.02376870
0.00503508
-0.01630065
0.00994671
0.04740950
0.01129990
0.02171801
0.02188764
-0.00513323
-0.05303240
-0.00442650
0.04282704
-0.03511414
-0.03330705
0.04804239
0.07704641
0.00506486
-0.04269132
0.00876740
0.00079323
-0.04273484
-0.03710399
0.01587994
-0.00322005
0.01358098
0.02533332
0.00161543
-0.07421375
0.00926807
-0.01201376
-0.01054746
0.09972781
0.02389999
0.00515969
0.01952050
0.02112874
0.00889922
0.00364076
-0.03160054
0.00509659
0.02022724
0.03419145
-0.06673595
-0.00438032
0.05891496
-0.05636542
0.06352308
-0.06727269
0.00841932
0.03612127
-0.03926647
0.01487553
0.02334454
-0.00175305
0.01080855
0.02242718
0.05524710
0.04722947
-0.07059277
0.00208302
-0.01570723
-0.03169067
0.00726841
-0.02687641
-0.07141159
0.04015343
0.04812566
-0.00999422
0.00612149
0.04307273
-0.06357261
0.01648959
0.04703877
-0.04437838
-0.01299108
0.03553104
-0.02427535
-0.01335539
-0.00915905
0.02256539
-0.02588167
0.00546792
-0.02063985
-0.00070988
-0.01877660
0.01089009
0.02590142
0.07548772
0.06862780
-0.08437794
-0.00636223
0.02500194
0.00347553
-0.01136949
0.03414526
0.00080829
0.03441378
-0.01613300
-0.02394434
-0.00897863
-0.00945358
0.01716228
0.01569587
-0.03994242
0.02061586
-0.01298857
0.02073426
-0.24109319
-0.01258115
-0.01554527
0.02022808
0.03886524
0.01513007
-0.01860829
0.03034039
0.00064933
0.00294301
0.00135017
-0.02216991
0.02471282
0.06764457
0.02021797
-0.01022628
0.01371528
0.01537349
0.05506486
0.01050216
0.00507762
0.01817522
0.07087552
-0.04978541
-0.05152304
0.04908204
0.01296204
-0.07244119
-0.03395143
0.02279749
-0.02994382
0.00262451
-0.03243416
0.01307983
0.03390191
-0.01585678
0.00780195
0.04854422
0.04053522
0.00033937
0.06121391
0.03111512
-0.09585097
0.02589408
0.04918311
0.00411851
-0.00651557
-0.04427710
-0.03025296
0.01453728
-0.04537802
-0.01307783
-0.06502027
-0.04328746
0.02473831
-0.03497847
0.02330755
-0.03221328
-0.05437425
-0.00803156
-0.01386648
0.03515482
-0.02031880
-0.00542196
0.01455878
-0.01979167
0.10439950
-0.00940208
-0.07274839
-0.05664008
0.03042965
-0.02722855
-0.05757523
0.00759998
0.02825206
-0.12043037
0.00743098
0.04549814
-0.05019032
0.08023921
-0.03225252
0.05698121
-0.02063183
-0.01897442
-0.01716464
0.04000201
0.03009035
0.01236675
0.00427209
0.00690515
0.01665289
0.02641005
0.01940186
-0.03034169
0.02162581
-0.00396736
-0.05254396
0.04275302
0.04595112
-0.00283553
-0.04748161
-0.00309238
0.05950695
0.03983477
-0.09727369
-0.01714521
-0.02077421
-0.00592502
0.02164225
0.02087887
0.01290391
-0.06561851
-0.00393249
-0.08459989
-0.03174551
0.05220475
0.02873465
0.01418334
-0.00918685
0.01386606
-0.00591723
-0.02668673
0.00825694
-0.06046783
-0.08523262
0.00520803
0.01923349
0.02052062
-0.00996960
-0.00296229
0.04363957
-0.01617084
-0.01297597
-0.07206026
0.01956013
-0.00700649
-0.04492841
-0.01085801
-0.03772479
-0.00851861
0.00456956
-0.04019472
-0.02165792
-0.02987755
0.04502400
-0.02781368
0.04530686
-0.08260217
0.00507054
0.03485427
-0.01331883
-0.00128415
0.00093229
-0.01978993
0.10004698
-0.01110751
0.06695731
0.02942840
-0.01321073
-0.00682630
-0.01985071
-0.01908298
-0.00629764
0.05481855
-0.01839011
-0.03287352
0.06542571
-0.29149750
0.05396705
0.07076517
0.03498972
0.02377034
0.02486434
0.01481050
-0.03707473
0.04151446
0.03396343
0.00997872
0.07097854
0.08985856
-0.01168286
-0.00481075
-0.03218863
-0.01651268
-0.04286643
-0.00265927
-0.07606182
-0.03071070
0.03133328
0.03020171
0.00849221
0.09864495
-0.02554543
-0.06254162
-0.01312726
-0.06173648
-0.06024100
-0.04111019
-0.01498708
-0.00807305
0.03686775
-0.01983586
-0.00190403
0.00194013
-0.00204310
-0.00915726
0.02427600
0.05381484
-0.04084529
0.04727733
0.05121626
0.03522294
0.05003614
-0.04762894
0.05892453
-0.03029795
-0.04076625
-0.03611718
0.04700755
0.00806232
-0.05568169
0.02624189
0.00860295
0.03109762
0.05449617
-0.01175026
-0.02460610
0.01090935
-0.05011661
-0.00606345
-0.00410899
-0.06191912
-0.04555349
0.02428859
-0.00745370
-0.03828431
0.05264766
-0.08196507
0.05633904
-0.04205966
0.04920840
0.03651276
-0.00759499
0.03571554
-0.02385799
-0.01834328
0.02599842
-0.00487573
0.03599945
0.02083036
-0.02187844
0.02211975
-0.00656228
0.02812761
0.07126390
0.01560231
-0.05919473
-0.06090223
0.02956847
0.02821418
-0.03689414
-0.07277922
0.04359830
0.08712627
-0.09635088
0.02183625
0.00810448
0.00190166
0.01644851
0.02573101
-0.00997597
0.13765094
0.01706071
0.00991585
0.07147676
0.02874869
-0.03266393
0.04523759
0.02751592
-0.05976101
0.07250427
0.03073657
-0.04340009
0.00738235
-0.01627332
0.01024630
-0.00689750
-0.01393027
0.01600496
-0.00591566
0.05883744
0.03702234
0.02385850
-0.04052299
-0.08479966
0.04078911
0.06710114
0.00959910
-0.04015969
0.07581422
-0.02548281
-0.04072312
0.00343695
-0.05294325
0.09755920
-0.00640229
-0.03135370
0.02723425
-0.00691614
-0.02010610
0.03336156
0.01946946
-0.01859233
-0.05237853
-0.04858058
-0.03138375
-0.01811014
-0.02113210
-0.06575961
0.00545074
-0.03023034
-0.00226983
-0.10967024
0.03888177
-0.04600919
-0.05399198
-0.02981641
-0.03714991
-0.07925878
0.01531492
-0.06937659
0.01285450
-0.07735355
0.06193649
-0.09845900
-0.07108527
0.03600609
0.01957471
-0.01335490
0.02525405
0.07603662
0.01173610
-0.04129611
0.05214295
-0.03029117
0.01572371
-0.01074007
0.06589339
0.07717949
0.06051081
-0.07631212
0.00046555
-0.06421700
0.04786242
-0.03319808
-0.05126908
0.10027490
-0.03428322
-0.01517750
-0.07608029
-0.02989018
0.01952201
-0.01778033
-0.00490144
-0.05383982
-0.08086552
-0.02300809
-0.03955848
-0.01454312
-0.01341003
0.02697643
0.03001823
0.03320173
-0.01696355
-0.04058087
0.02297949
0.16816552
0.02083791
0.00799776
0.02174564
-0.04362741
0.01936456
-0.05847877
0.04055184
0.04966892
