0.00172314
0.01098143
-0.05353955
-0.02258938
-0.00068482
0.03732609
-0.01085527
-0.00777439
0.00115682
-0.00265582
0.01059537
-0.00423678
0.00234535
-0.05008364
-0.03883525
-0.00806054
0.00520676
-0.00852512
0.05821872
0.01165990
0.00324544
-0.02349642
-0.00025553
0.01620907
0.00977992
-0.01935556
-0.00085029
0.04011562
-0.01170946
0.02846171
0.00886507
-0.00151233
0.01505381
-0.02192367
-0.04518573
0.01762572
-0.01148268
0.01589495
-0.00832427
0.01377117
-0.00127102
0.01951215
-0.03209275
-0.04866635
-0.00723884
0.01411948
-0.05045481
-0.01555781
-0.01484726
0.02153672
0.01583823
-0.02028509
-0.00575055
0.02309713
0.01403154
0.03138085
0.02020375
0.00581209
0.46336430
0.07709072
-0.03129508
0.02170919
-0.03343037
0.03862211
0.02167981
-0.01495264
0.03026086
0.00272851
0.00960882
-0.00109437
0.00997088
0.01384999
-0.02246529
0.02746616
-0.04289409
-0.02835068
-0.03095388
-0.02319482
-0.00166083
-0.04577197
-0.00097132
-0.00583747
0.02127456
0.02950654
0.02381826
-0.01288420
-0.00705115
-0.01580073
0.03677396
-0.00512004
-0.00024409
-0.04094852
0.02174834
-0.02684353
-0.00562344
0.01738064
0.00462713
-0.03127936
0.02916027
0.00831461
0.01020466
-0.04714365
0.00494215
0.01726726
0.01946614
0.01216197
0.00792517
0.04427136
0.00408054
-0.04337854
0.01456126
0.03867361
0.04701796
0.03219004
0.00092660
0.01179559
0.06583957
-0.00575022
0.02989506
0.01588514
0.00330975
0.01115398
0.01682860
-0.00274733
-0.00766400
-0.00935035
0.00882670
-0.02022510
0.00967216
0.00386921
0.04261652
0.00934052
0.01222403
-0.01318548
-0.02996975
-0.00645756
0.02765816
0.01465433
-0.08202275
0.04483319
0.01060074
-0.02289045
-0.00476180
0.02621614
-0.00587279
0.06196245
-0.04015069
0.01848001
0.00131725
0.00210225
0.03866006
0.02203053
0.00517569
0.00535106
-0.00068746
-0.03721962
0.02338332
-0.01052759
-0.02661240
0.02467638
0.00395709
-0.00124082
0.00391282
0.00269116
-0.04309721
0.01035743
0.00456665
0.00311882
-0.02989174
0.00567939
-0.00161170
0.01459394
0.03159180
0.00261267
0.03512875
0.01380222
0.05133691
-0.04464203
0.00068982
-0.01310370
-0.01957900
-0.01387795
-0.02006467
-0.00674790
0.04073641
-0.04713032
0.09473345
-0.00476955
-0.00842608
0.02603097
-0.02543987
0.00879788
-0.01379338
0.00521936
-0.01691394
-0.01037228
-0.00407362
0.02290594
-0.00507105
-0.02061000
0.03145695
0.02022959
0.07952181
-0.00290705
0.01686281
-0.03691787
0.00746499
-0.00725726
-0.02175669
-0.01955039
-0.01144480
0.03165929
0.01530197
-0.00711021
0.00898139
-0.01356196
-0.01907011
0.03877601
-0.01286088
0.03750085
-0.01930609
-0.78817314
0.03824246
-0.01926749
-0.02010229
-0.02156682
0.04021050
-0.01489468
-0.00098326
-0.00591294
-0.00953589
0.00686596
-0.02424795
0.01123247
-0.03788006
0.01721036
0.02532737
-0.00248469
-0.01276535
-0.01565596
-0.00154319
-0.01526545
0.00832350
-0.04079683
0.01372983
-0.02495214
0.04195118
-0.00466507
-0.00052882
0.05955537
0.00313563
0.01181330
0.01335583
0.00631528
0.01846171
-0.01332265
-0.03704704
-0.05247531
-0.08594044
0.07652553
-0.00851586
-0.17289454
0.05200508
-0.00869066
0.05365699
-0.00887457
0.06451501
-0.01788510
0.06925171
0.07270242
-0.11680143
-0.03223946
-0.09528968
0.06699952
-0.05493108
-0.00906422
-0.00859703
0.01716869
-0.19093254
0.06464895
0.09700862
-0.07201938
-0.05968450
-0.06092967
-0.08942161
-0.09631326
0.17544371
0.02922419
-0.05708887
0.11213513
0.05327044
0.20246689
-0.00407226
-0.02373029
-0.01184369
-0.00662433
-0.02647943
0.00978284
-0.06130150
-0.07877511
0.14256886
0.07965413
0.76596361
-0.12015778
0.11279149
0.00917452
0.07281333
0.01230464
0.01582866
0.09664589
-0.03063665
-0.08537876
0.10285258
0.03742088
0.01955253
0.01846352
-0.13912016
0.13444749
-0.00970357
0.06269008
-0.02186533
-0.00162599
-0.00411165
-0.03941374
0.05528556
0.01773407
0.03962011
-0.06312974
0.00737189
-0.03743520
-0.04554731
0.05395647
0.00605943
-0.00305727
-0.00149082
-0.00092618
-0.03683591
-0.00447697
0.00298137
-0.00511469
-0.05332017
-0.00041538
-0.05196892
-0.04255394
0.09092073
0.13365610
0.03525516
-0.00859561
-0.01957612
-0.11126631
0.02042290
-0.01150614
-0.00909777
0.08290965
0.08566733
-0.00240473
0.02023716
-0.03920117
0.01860118
-0.06855249
-0.04174936
0.02554165
0.01555627
0.02367485
0.03646579
-0.02024822
0.03589604
0.02632857
0.04432854
-0.03308274
-0.00638016
-0.00185577
-0.00610234
-0.03619137
0.12415731
0.02471761
-0.03462145
-0.03159040
-0.07000460
0.01548471
-0.01425235
0.05177128
-0.05838558
0.02953895
0.01129569
0.08415490
0.01240928
0.01506494
0.01652539
-0.00092107
-0.02164835
-0.01196056
0.00957863
0.02375641
-0.03310021
0.07547332
-0.01585326
0.07337617
0.04650988
-0.08427216
0.02239792
-0.06775045
-0.01917098
-0.01493223
-0.02782958
0.08921705
0.02939757
-0.00299866
-0.06395596
-0.02323380
-0.00123032
-0.01341514
0.05990446
0.04649115
0.02087103
0.00092232
-0.01936033
-0.02606928
0.03484870
-0.03923893
-0.00037360
0.00662326
-0.11412153
-0.01776643
-0.02945941
-0.01784402
-0.02350004
0.04519900
0.00786622
-0.03859495
0.01783414
-0.00121842
-0.00467333
-0.01975698
-0.01256670
-0.02766470
0.03389413
-0.09738345
-0.00520482
-0.00734429
-0.02246261
0.02714354
0.00905389
-0.03861009
-0.07828028
0.00668018
0.03027897
-0.14961053
0.03212336
0.05196351
-0.01448467
-0.01938649
0.04412257
0.00363072
0.01210977
-0.04290409
0.00206560
-0.01159657
-0.09088106
0.01949509
0.12860647
0.00298968
0.00336705
-0.05109898
0.00250084
-0.00055960
-0.00765319
0.04227113
0.05597336
0.06238097
-0.03707497
-0.07338991
-0.01015348
-0.04439928
-0.04179427
-0.03628272
0.01845034
-0.03347171
-0.05281558
0.00605317
0.00713981
0.08423930
0.05040670
0.04047906
-0.01430065
0.03704678
-0.01459764
0.03706384
-0.03444394
-0.04823522
0.03308126
0.01038003
0.02399341
-0.01806304
0.00422198
-0.01458906
0.01157660
0.00191475
0.02697621
-0.00077779
0.03104217
-0.08138446
-0.00939152
0.02848154
-0.01030061
-0.05548139
0.02652865
-0.00672693
-0.00669617
0.04324836
0.04857942
0.01951543
-0.06269634
0.04840876
-0.03418132
-0.03284408
-0.02082198
-0.06481439
-0.05375422
-0.06249262
0.03929153
-0.01519870
-0.13331275
0.04436541
-0.01759057
0.00424206
-0.06609146
0.05645004
0.07378639
-0.05095939
-0.02236881
0.00310822
-0.05469906
0.03758451
0.00030470
-0.03345545
0.02542946
-0.01296301
-0.04087370
-0.02065967
-0.04061060
-0.02939933
-0.01045834
-0.02388363
-0.02478716
0.03838996
-0.07352193
-0.09834287
0.02981443
0.04112123
0.03229263
0.02506519
-0.07680435
-0.06249341
-0.01611393
-0.05299634
0.04379524
-0.04792487
-0.07132822
-0.00058638
-0.00181833
-0.04976143
0.09851466
0.03546093
0.04081862
-0.01662568
0.00454930
-0.02785558
-0.04752436
0.06360248
-0.01351879
0.00334750
0.00571333
0.05920748
-0.05796968
0.06135267
-0.01712041
-0.02744949
-0.01925760
0.03935780
0.00018668
0.06241427
0.02853686
-0.05194200
-0.02531813
-0.08328480
-0.01238883
0.00118401
-0.01213465
0.02918389
0.02253302
-0.00481704
-0.05901474
0.03973008
-0.10029450
-0.05715704
0.02989277
-0.00994735
-0.03925702
0.04310891
-0.04147594
0.13803807
-0.05095022
-0.02321480
-0.03959204
-0.04064903
0.01158154
0.01628549
0.00133231
-0.04466769
0.02474702
-0.00214468
-0.04011659
0.01834908
-0.19037594
0.04142461
0.01863792
-0.05216194
-0.03545414
-0.07518891
0.01503588
0.02709903
-0.00607774
0.02292973
0.00734898
0.02053359
0.00231117
-0.04948122
-0.04109857
0.01113377
-0.03194245
-0.12767760
-0.05510132
-0.01150372
-0.00980570
0.00375076
-0.02865772
-0.01202685
0.04296543
0.06137500
0.01233398
-0.05345748
0.05542778
-0.00071384
-0.04960369
-0.06365246
-0.01141102
0.03357995
-0.04394884
0.00829326
0.01526103
-0.07290336
-0.02171880
-0.02101322
-0.00049567
-0.07003699
-0.02114933
0.00336271
-0.01984319
-0.01678383
-0.03142131
0.05242972
-0.03612771
-0.00609443
-0.02072940
0.01228847
0.03021998
0.00516875
0.02253193
-0.08541430
0.04907744
0.02257396
-0.02406706
0.00033660
0.01572976
-0.00771822
-0.03655748
0.03089293
-0.04370235
-0.06367712
0.05827002
-0.04150641
-0.01378096
-0.03251575
0.01959258
-0.00794778
0.04981806
0.01228106
-0.04696064
0.04611664
0.05392641
-0.04017166
-0.03639472
-0.04443457
0.02001327
0.02021723
-0.01528385
0.05912741
0.01505632
-0.01574357
0.08101735
0.05719373
-0.02272045
-0.05226550
-0.06419756
0.03672373
0.05279053
-0.11557423
0.00097482
0.00762333
-0.04207143
-0.03860204
0.07476635
0.00947524
-0.09906928
-0.00305626
0.01437386
-0.05111166
0.05577483
0.05922724
-0.06277253
-0.01633617
-0.03792407
0.01963727
0.01783294
0.03389805
0.00326751
0.05268549
0.02274416
-0.00037638
-0.01737465
-0.02250011
-0.05749537
0.02422344
0.07143104
-0.02326215
-0.02012151
0.03923228
-0.10397731
0.05125382
0.03493004
0.00517716
0.02360545
-0.01588091
0.05549073
-0.03230798
-0.00614007
-0.07183902
-0.00300965
-0.01662027
-0.00090127
0.02512453
0.03705597
0.04315472
0.09195173
0.10270289
0.01439299
-0.05182244
0.02957525
0.01759184
-0.00402764
0.01384137
-0.04307978
0.00200942
-0.01457357
-0.07459020
-0.02607237
-0.03187505
0.01117352
-0.08428503
-0.00461748
-0.06523155
0.04159118
-0.07263325
-0.04177646
-0.00414249
-0.01587826
0.02943103
-0.03776039
-0.04898148
0.01578476
-0.10041173
0.03895948
0.06267113
0.02397261
-0.01172523
0.01021129
-0.00581459
0.05583569
-0.02946582
-0.02582747
0.01826741
0.02707023
-0.00418138
0.00269498
0.00187338
0.02182098
-0.00392536
0.04057186
-0.02633289
0.00656287
-0.04089570
0.01408034
0.00537416
-0.10197994
-0.03773103
-0.02727744
-0.00245549
-0.00040471
0.02008343
0.01999357
-0.09276947
-0.06331999
-0.03317265
0.01557290
0.08845293
-0.07453828
0.00205052
-0.01480739
0.00140119
0.04025065
0.00182110
-0.03587645
0.05679664
-0.02920872
-0.02748027
-0.03882065
-0.00395829
-0.00716955
0.08337544
0.06455357
-0.02844724
