0.01195423
-0.00315051
-0.03292243
0.00980002
0.01415782
0.02954463
-0.02047354
-0.02506294
-0.02807346
0.00077960
0.01734881
-0.00094666
-0.02554021
-0.02492868
-0.02320945
-0.00910379
0.00444521
-0.01670364
-0.00455201
0.01658519
0.00789798
0.01146181
0.02176882
-0.00019243
0.00066494
-0.01299561
-0.01171461
0.00906780
-0.01727868
0.01539910
-0.05399750
0.00109062
0.02316458
-0.01413380
-0.02195238
0.01133383
0.02676790
-0.00208148
-0.00018355
0.01593339
0.01017246
0.01213268
0.01588751
-0.03285499
-0.01259996
0.00090445
-0.03783783
-0.02169780
-0.01236170
0.03128428
0.02105051
0.03104862
-0.01177002
-0.01961475
0.00217004
-0.01031487
0.01082959
0.00494919
0.48546183
0.05502828
-0.03082202
-0.00772699
-0.00837319
0.00166860
0.01188450
0.01105291
-0.00209822
0.01429756
-0.01262747
0.01260088
0.01856179
0.01489767
-0.03617745
0.01112156
-0.02629249
-0.00775965
-0.01747085
-0.04395040
0.01810241
-0.13246538
0.00789766
-0.00366501
-0.00221463
0.01964414
-0.02458437
-0.02288001
-0.01634261
-0.01901899
0.02270884
-0.00122332
-0.01761127
-0.03641285
0.07843098
0.01303552
-0.02140349
0.01549045
-0.00018364
-0.04476412
0.01648743
0.01794396
0.01068574
-0.02268801
-0.02707670
0.00982913
-0.00551598
-0.00336743
0.01155150
0.02858284
0.00868803
-0.04677727
0.03704049
0.03496886
0.01661751
0.02909361
-0.01943821
-0.00808738
0.02859600
-0.00311736
0.01876641
0.02418045
0.01165475
0.02889203
0.01700148
-0.01337438
0.00693200
0.00030375
0.00541441
-0.02208994
-0.01214386
0.03890944
0.03202884
0.01255463
0.00870694
0.00447392
-0.03854976
-0.01743734
0.03297879
0.03414442
-0.10049983
0.02886148
0.05932503
-0.00882188
-0.00972201
0.02322588
0.00200990
-0.08010484
-0.01938837
0.00424932
-0.01687653
-0.01574799
0.06258116
0.03971572
-0.01049518
0.01358258
-0.01201716
-0.03203189
0.01002177
-0.00076540
0.01359447
0.01956926
0.00611838
0.05883953
-0.00468999
0.00725705
-0.01352182
0.02367850
0.03079998
-0.00810605
0.00032759
0.00433034
-0.00581315
-0.01460008
0.02615006
-0.01115019
0.02626836
0.00898600
0.00491711
-0.00108361
-0.02527146
0.00949631
0.00484691
0.01282638
0.00255759
-0.01147443
0.05766175
-0.19430196
0.18797764
0.01507502
-0.01059082
0.03986542
-0.02610562
0.00560823
-0.02055726
0.00994461
-0.01912144
0.01541958
0.03420686
0.03691395
0.03657569
-0.03140483
0.00913845
0.02247605
0.10406623
0.00852104
0.02723204
-0.05435449
0.00973667
-0.00729073
-0.03213489
0.02118044
0.02171257
0.00049849
0.02128402
-0.00105797
-0.00148382
0.00396074
-0.02301519
0.03379180
-0.00859667
0.00239311
0.00029081
-0.71875584
0.01986996
-0.00919351
-0.00837354
-0.00224037
0.04522326
0.00451696
0.02221626
0.01746207
-0.01376877
0.01691323
0.00236409
-0.00565983
-0.07332677
0.01087304
0.03312432
-0.00436293
-0.01411286
0.00517208
0.02233810
-0.00268781
0.04301146
-0.03662040
-0.01814316
-0.02868292
0.03121168
-0.01584047
0.00432454
0.02523260
-0.03355473
0.01550800
0.05283811
0.02190155
-0.00627200
0.01968306
0.02306076
0.11352628
-0.03074277
0.15139294
-0.06298070
0.06131006
-0.04319723
0.01334928
0.02096721
0.00523134
-0.02995006
0.17654471
-0.01006168
0.07253565
-0.03636162
0.00377337
-0.00892347
0.00733682
-0.11216632
-0.02280550
0.10003206
0.16296247
-0.12992670
-0.03623599
0.02502462
-0.03326802
-0.08633040
-0.03253723
-0.05938138
0.07933411
-0.15741998
-0.05621136
0.05062369
0.02365761
0.00864709
-0.01637541
0.00992580
0.05074351
-0.11213164
0.04531666
-0.06575205
0.15718685
0.02743204
-0.04360455
-0.19115062
-0.01451647
0.79429799
-0.06224044
0.06131076
0.01547952
0.01613789
0.06150957
0.04462270
-0.03904761
-0.05841386
-0.15734136
-0.04907288
0.07570463
-0.01256231
0.14108874
-0.03565186
-0.00669565
-0.06622833
-0.01007110
0.01414291
-0.00614862
0.03514975
-0.07600541
0.06351508
0.04365195
0.00162551
-0.05559624
0.02061491
-0.02856793
-0.05300912
0.07715008
0.02366659
0.00595154
0.01388107
0.01387751
-0.04970854
-0.00524729
0.02604062
-0.00933408
-0.08607125
0.01687649
-0.10957389
-0.06884559
0.07654485
0.10751418
0.04749630
-0.03924531
-0.00730483
-0.03706677
0.05168527
0.02754604
-0.01596423
0.06926598
0.08492173
-0.01605435
-0.00793272
-0.02453179
0.03626959
-0.07200319
-0.01517246
0.00544832
-0.00951273
0.00037160
0.04077689
-0.03603841
0.00428857
-0.00233255
-0.01640050
-0.04470916
-0.03375034
-0.01307690
0.01078583
-0.03793441
0.08876435
0.01993565
0.03138784
-0.02167564
-0.05147102
0.03586713
0.02688791
0.07536214
-0.07770425
0.01970392
0.02230218
0.06592763
-0.00551347
0.01067360
-0.01383677
-0.01380918
0.00156650
-0.01916250
0.07854097
0.02389440
-0.00769056
0.00669023
0.03759912
0.02377335
-0.00701593
-0.05234905
0.03988776
-0.02744774
0.01494482
-0.00225072
-0.02167355
0.05290784
0.06548888
0.04942081
-0.04209256
0.02400015
0.00605191
-0.05244303
0.05728953
0.03006558
-0.00611882
0.01368863
-0.02705180
-0.01911731
0.02157528
-0.02376422
-0.02761990
0.02560783
-0.09505352
0.01547562
-0.00980985
-0.04867475
-0.01906822
0.07542059
-0.01880511
-0.01631097
0.03145653
-0.02230023
-0.00181229
-0.06014035
-0.02242282
-0.04919327
-0.00706162
-0.09197973
-0.02937030
-0.02806368
-0.03355083
-0.00732911
0.02188755
-0.02403816
-0.03231193
-0.04537822
0.05017828
-0.12862974
0.00934874
0.04616144
-0.00087334
0.00233894
0.01221663
-0.02168968
0.00545013
-0.01130692
-0.01229613
0.00156540
-0.04914211
0.07011596
0.16802938
-0.00643136
-0.01085648
0.00371847
0.01642767
-0.00141513
0.02507308
0.05937075
0.03406269
0.02430317
-0.05469631
-0.08640069
0.00400677
-0.03348702
-0.09890867
-0.00304287
0.02100770
-0.05557941
-0.06002278
0.00659419
-0.00567211
0.02249845
0.01691340
0.03124835
-0.02824621
0.06404896
-0.00770156
0.01814246
-0.04197266
-0.04314387
0.06669341
-0.03482703
-0.04649176
0.02613698
0.00768156
-0.01355678
-0.05269137
0.03697795
-0.00051872
-0.02501201
-0.04134867
-0.00235980
0.00129006
0.03112039
-0.00862613
-0.01593258
0.02293652
0.00214967
-0.03199894
0.01637506
0.05334933
0.01365277
-0.08285826
0.08242028
0.00319132
-0.04974074
0.02871262
-0.03669604
-0.05632686
-0.05870046
0.02911896
-0.00575171
-0.06283252
0.02072293
-0.00959184
-0.11065129
-0.03400606
0.05836492
-0.02330768
-0.01183725
-0.02844160
-0.04082499
-0.01927488
-0.00225258
0.04252025
-0.04830048
0.00284889
-0.01961561
-0.06497648
-0.01225581
0.00870359
0.01255760
-0.03214044
-0.00236881
-0.02610883
-0.01022794
-0.05970959
-0.10624222
0.06970596
0.01469841
0.00142468
0.01570928
-0.05979999
-0.06904082
0.01003717
0.00525866
0.06351784
-0.03815655
-0.06736034
-0.00662924
-0.03426218
-0.06997737
0.05846043
0.03352280
0.06463625
0.02117988
0.00907352
0.02334640
-0.02234706
0.02823032
-0.07829267
0.03916202
0.05351799
0.04481405
-0.03846988
0.04116109
-0.01000298
-0.00585235
0.01727413
0.01610622
-0.01827589
0.07733422
0.02939884
-0.06366064
0.00016289
-0.07225955
0.01145377
-0.02045627
-0.02076576
0.02905666
0.03739316
-0.01799434
-0.03835256
0.04491431
-0.06260888
-0.05005949
0.05790696
0.01271079
-0.01894617
0.05807789
-0.01797509
0.07087628
-0.08327259
-0.02892747
-0.02359822
-0.02032710
0.01198329
0.01818917
0.01202109
0.02535084
0.03752410
0.02812846
-0.00978602
0.08998618
-0.17210592
0.01660404
0.02679846
-0.01630617
-0.05834446
-0.04182312
-0.00205681
0.02212086
-0.00950551
0.02788511
-0.05495995
0.03676800
0.02727427
-0.04404799
-0.02752053
-0.00782526
-0.08922722
-0.05235405
-0.03034773
-0.01612915
0.00636936
0.02801767
0.01510608
-0.02190242
-0.02923525
0.07812405
-0.04692473
-0.00870990
0.07386816
-0.03397222
-0.06090679
-0.05564670
0.00136553
-0.00650773
0.07525415
0.00153867
0.01992351
-0.09814741
-0.01447909
0.02961122
-0.01546249
-0.08662789
-0.02182068
-0.02620583
-0.07718619
0.00313720
0.02488203
0.01224967
-0.02855992
-0.00064106
-0.04980772
0.01268645
0.03581878
-0.04034777
0.01161361
-0.07091133
0.03734574
-0.01592330
-0.05892256
0.02740680
0.08774797
-0.02672685
-0.05440193
0.01526700
-0.03774874
-0.07942270
0.09341083
0.00913887
-0.02005350
-0.02101858
0.00003312
-0.00865514
0.02949427
-0.03282221
-0.02713128
0.03208940
0.06942365
-0.01837181
-0.00353108
-0.00843112
-0.05417948
0.03352601
-0.02884716
0.06045468
0.05828229
0.01184360
0.07816324
0.06795586
-0.05143024
-0.09099021
-0.04062966
0.04331576
0.02852398
-0.08656365
0.01038660
-0.01227554
-0.09714826
-0.06398115
0.03782807
0.03137766
-0.07819310
-0.03587330
-0.01884616
-0.07208593
0.07520163
0.05124298
-0.03453964
-0.01005295
-0.04095085
0.04765068
-0.01529530
-0.01728801
-0.01883096
0.03904178
0.02532519
-0.04104346
0.00606883
-0.03909031
-0.05722853
0.03503515
0.06626715
-0.06979188
-0.03047487
0.05016736
-0.02268890
-0.00671652
0.01772933
0.00086113
0.02321212
-0.01849598
0.02747136
-0.02896041
-0.01781730
-0.11717953
-0.05411105
0.00406307
-0.00270649
0.02187839
0.01589175
0.08871670
0.09399772
0.12916654
-0.01395990
-0.09656931
-0.01201389
0.06151431
-0.06434533
0.03433655
-0.02343423
-0.00767352
-0.03622688
-0.07213859
-0.04518766
0.00343601
0.03228983
-0.04427944
-0.01539453
-0.02468078
0.03304800
-0.04720486
0.01641132
-0.03299065
0.01543674
-0.00157388
0.00121455
-0.01580967
0.03306042
-0.03948808
-0.01396707
0.09486461
-0.02092693
-0.00399536
0.05636688
-0.00814303
0.08975776
-0.04641036
-0.01480757
0.02158355
-0.00161187
0.03156335
0.01521789
0.00049096
0.04603638
-0.00488290
0.05552944
-0.06623064
0.01021118
-0.04176650
0.00274667
0.02994048
-0.06605396
-0.00520796
-0.06266877
-0.01195147
0.02012497
0.05400020
-0.00147419
-0.06896777
-0.02645859
-0.03410680
0.00401275
0.06052164
-0.04411839
-0.03016095
-0.01384794
0.03501889
0.00260062
0.00064462
-0.03600486
0.03302961
-0.01960849
-0.05989506
0.00072921
-0.01799872
0.01915447
0.08524085
0.06773621
-0.00614087
