-0.01719213
-0.00564948
-0.03028664
-0.00807689
-0.00155000
0.02426159
-0.01409760
-0.00476514
-0.01684005
-0.00660920
0.02883455
-0.01156721
0.00772269
-0.03468734
-0.02345638
0.01056658
-0.00248968
0.02516462
0.02853225
-0.01090495
-0.00253315
-0.01617114
0.02198795
0.03372377
0.00024716
-0.02494925
-0.01512948
0.00648890
0.00072617
-0.00221581
0.01315854
0.01796841
0.01607759
-0.02865199
-0.02005875
0.00388242
0.02992716
0.01130810
0.02583213
0.03280044
0.00619363
0.01555289
0.03395738
-0.00115880
0.00789405
0.01222366
-0.04573381
-0.01764324
-0.01097984
0.01344046
0.01947399
0.01078399
0.04111405
0.01339060
0.02523987
0.01769468
0.01307839
0.02132638
0.48811254
0.05126029
-0.01360049
0.02963185
0.00156516
0.00337583
-0.00343154
0.03684841
0.00870206
0.01166608
-0.05879150
0.01377213
-0.01099091
-0.00331606
-0.01174965
0.00554268
-0.05833383
0.00587179
-0.00304506
-0.02950481
-0.01084057
-0.13223092
-0.00478007
-0.00330649
0.00212364
0.00659523
0.03820621
-0.00717943
-0.02393391
-0.02768376
0.01180628
-0.02643101
-0.00091281
0.00649963
-0.00895390
-0.02287005
-0.00054659
0.00925667
0.00644721
-0.02435813
0.02680708
0.02430950
-0.00611458
-0.01473147
-0.01411336
0.00892434
0.00505739
0.03204142
0.03134120
0.02423043
-0.00530188
-0.00765499
0.00926912
0.01963492
0.04518275
0.00025042
0.00022601
0.00978923
0.06813689
-0.00092688
0.00876299
0.00619588
0.02547528
0.01086260
0.02571421
-0.00085306
0.00106933
-0.00231271
-0.03986077
0.00652873
-0.00085513
0.01211776
0.06091543
0.01417350
0.02571865
0.02100930
-0.02463019
-0.00313908
0.05687065
0.00467104
-0.01747928
0.01963540
0.01410810
0.00402079
0.00341106
0.03136325
0.01650411
-0.02342782
-0.01314110
0.01263242
-0.00103365
0.00756368
0.05541115
0.01074247
0.01604784
0.03264194
-0.00771252
-0.02690254
0.03274828
-0.02368638
0.01693680
0.01770699
-0.00913281
0.02978599
-0.05304239
-0.00621729
-0.01238033
0.03158709
-0.00262845
-0.01865745
-0.00813905
0.00891673
-0.00067670
-0.00646838
0.01840558
0.01990783
0.01634736
-0.00402574
0.01507412
-0.00855961
-0.00281983
0.00535995
-0.00618190
-0.00533495
0.00457548
-0.01393178
0.05456904
-0.10605220
0.16620210
0.01446061
-0.00493198
0.01115101
-0.05271686
-0.02377963
-0.01685606
0.02615620
-0.04370960
0.00003290
0.04984884
0.01730670
0.03410555
-0.00402918
-0.04822619
-0.01212735
0.10837489
0.02104251
0.02032492
-0.00860823
-0.00089433
0.01391436
-0.01413685
0.02265740
-0.01027917
0.00339309
-0.00908232
0.01061116
0.00913500
-0.03861150
0.00462746
0.02171083
-0.00897778
0.03522834
-0.00017585
-0.75232124
0.03552768
0.01330878
0.00205561
0.00435049
0.07580800
-0.00842239
0.02757927
0.02603605
-0.00798056
0.01268017
-0.00151989
0.00518987
-0.04557881
0.01036344
0.03304243
-0.00636715
0.00262092
-0.01759214
-0.00108926
-0.02497467
0.04211545
0.01101368
-0.00760313
-0.02871262
0.02682308
-0.03219657
0.01396293
0.06043723
-0.00368554
0.01366664
0.00666285
0.02433159
0.01721570
0.00315666
0.07071896
0.06027543
-0.05667992
0.11163652
-0.00818041
-0.03009197
-0.04615534
-0.01383274
0.01073036
-0.05502974
0.03538477
0.07604383
0.05485588
-0.01650969
-0.02127963
-0.01391840
-0.05930734
0.07119948
-0.06863499
-0.02575109
0.06003513
0.13976167
-0.14370863
-0.04251795
0.00041418
-0.06647767
-0.05431574
-0.08752955
-0.07302745
0.01581182
0.04216620
0.00625273
0.07583276
-0.02325590
-0.00397674
0.04003396
-0.05540960
0.01364490
-0.03680110
0.09339584
-0.00353289
0.09201676
-0.04363489
-0.07228290
-0.03757131
-0.03707677
0.85967326
-0.08579091
0.06086890
-0.10115315
0.07869011
0.03954533
0.01530820
0.04085311
-0.04945637
-0.10972269
0.02858450
0.03006787
-0.14273140
-0.00104944
-0.13366842
0.03021562
-0.10633057
0.00142607
0.01315940
0.01093960
0.01391478
-0.08627659
0.06555752
0.01846639
0.00029467
-0.01820820
0.01901725
-0.02744762
-0.06807458
0.06165362
-0.00608385
-0.00521991
0.01225353
-0.01779667
-0.05193544
0.03135110
0.02410480
0.01399823
-0.03721788
-0.00525277
-0.06331590
-0.08304418
0.05931257
0.09220719
0.05466783
-0.01952786
-0.03885143
-0.00422191
-0.00085361
0.05529265
-0.02761486
0.09290957
0.06656819
-0.01814364
0.02274025
-0.03046801
0.03262706
-0.06225993
-0.04663290
-0.00564594
0.00544859
-0.02539164
0.04061615
-0.02272970
-0.00541712
0.01581437
0.01419475
-0.03052402
-0.02902087
-0.01266246
0.05870571
-0.05676191
0.02365553
0.04291996
0.06348456
-0.01051915
-0.05232982
0.05757996
0.08277531
0.06000360
-0.10171664
-0.01215062
0.01144734
0.03387908
0.00944583
-0.00200579
-0.06221571
-0.02001594
-0.02276225
-0.02063405
0.07014450
0.03786360
0.00323855
0.01559848
0.01182862
0.02959123
-0.00590804
-0.03306473
0.01415935
-0.03576812
0.03761564
-0.00243019
-0.02038252
0.06116048
0.08285959
0.06942923
-0.05436468
0.01426259
-0.04642227
0.00355262
0.02599315
-0.00469570
0.00291911
0.02538511
0.00216760
-0.01191344
0.00361805
-0.00167000
0.00020822
-0.00476023
-0.06725377
0.01743650
-0.02953466
-0.07938620
-0.00435018
0.09205957
-0.03360061
0.00608638
0.02409301
0.00188918
-0.00963664
-0.02130358
-0.02270377
-0.01702858
0.04488547
-0.09909774
-0.01543219
-0.00889810
-0.02847874
-0.02470252
-0.00894522
-0.07334235
-0.03859066
-0.00791008
0.07676660
-0.07850015
0.02936166
0.06693631
0.00120214
0.01105277
-0.00634601
0.01303667
-0.00794640
-0.03993613
-0.01688460
-0.00533157
-0.03534246
0.06875647
0.15514964
-0.01336684
0.00280354
0.03797561
-0.01917518
0.01460403
-0.00994836
0.01483172
0.05314029
0.01478695
-0.06399726
-0.08069983
0.04580111
-0.03467425
-0.06400134
-0.00269519
0.00346882
-0.02915803
-0.09661053
-0.02142239
0.00839336
0.05460463
0.01423394
0.02312951
-0.00539703
0.05005551
-0.01895790
-0.02365860
-0.03419779
-0.03330629
0.03786987
-0.03308329
-0.01259238
0.03205032
-0.02490933
-0.00182500
-0.07395383
0.02854128
0.02057705
-0.03483202
0.01730256
-0.00628528
-0.02098457
0.06215021
0.03682625
-0.00145012
-0.00763391
0.01720160
-0.00643477
0.03649310
0.03686330
0.06912336
-0.06753421
0.07343306
-0.03488662
-0.04662770
-0.00004810
-0.01217540
-0.03848178
0.00630084
0.03418802
-0.07034165
-0.10922658
0.00568402
0.01459874
-0.05827218
0.02847300
0.02272288
-0.05842652
0.00082735
-0.02605385
-0.03561115
-0.05573308
0.04186736
0.04199203
-0.02545785
0.02306659
-0.02402841
-0.02309934
-0.00826038
0.01944990
0.05066991
-0.03017580
-0.02314468
-0.03597163
-0.02491495
-0.06277094
-0.09470366
0.05902147
0.05244257
0.01186236
0.01911518
-0.08975282
-0.04891888
-0.02572778
0.01933278
0.08394278
-0.03518564
-0.02137850
-0.01316567
-0.04259228
-0.05700687
0.02488648
0.04258845
0.03166690
-0.03277711
0.01455028
-0.00629422
-0.04255413
0.02350373
-0.07234015
0.02581002
0.03791202
0.06947392
-0.05293776
0.04712417
-0.07594781
0.00850707
-0.00843126
0.03747931
-0.02285386
0.06463084
0.02045660
-0.04274892
0.00407460
-0.05252054
0.02322292
-0.00273804
-0.04121304
-0.01163359
0.05521978
-0.02076699
-0.07554775
-0.01247602
-0.14922127
-0.00651422
0.07112329
0.02021089
-0.02424220
0.04741336
-0.05303855
0.10028287
-0.02858070
0.00565547
-0.02820924
-0.02188860
-0.00492429
-0.01367767
0.00306471
0.01668196
0.03913217
0.00533907
-0.00333682
0.06930191
-0.05606370
0.03284048
0.08703738
0.03322111
-0.06846125
-0.01166614
-0.00766448
0.01296221
0.00123716
0.06544046
0.00958595
0.04810904
-0.00529644
-0.01114673
0.00704810
0.01390571
-0.07756507
-0.06353234
-0.01723121
-0.03528682
-0.01037338
-0.03030548
-0.00747557
-0.03172154
-0.02911185
0.01966409
-0.02861049
-0.02172897
0.01909343
-0.03398041
-0.04406531
-0.03396058
-0.01826786
0.03239489
0.05984525
0.01159937
0.03180661
-0.09393205
-0.02945575
0.04611165
0.03211473
-0.05288185
0.00888349
-0.04210851
-0.08939863
-0.00939435
0.00172247
0.05111091
-0.01491229
0.00732842
-0.02759425
-0.07126286
0.04769337
-0.05841357
0.00146333
-0.02597564
0.07466514
0.00727005
-0.06381563
0.05463892
0.08041626
-0.02783890
-0.00186273
0.04351332
-0.01216616
-0.10684568
0.09651522
0.02039910
-0.02028126
0.02212095
0.01246720
-0.01072847
-0.00867984
-0.00152819
-0.04758428
0.03672772
0.10212548
-0.01494729
0.03465442
0.00968291
-0.03623883
0.03384823
-0.00664584
0.01756709
0.05248291
-0.00803063
0.05128550
0.01233418
-0.04682474
-0.09866174
0.00434198
-0.00577834
0.01714449
-0.01510618
-0.02137412
0.00770205
-0.06735859
-0.01518252
0.00963928
0.00030404
-0.01603482
-0.03858068
-0.00184029
-0.11015339
0.16423202
0.04705035
-0.05216943
-0.00288410
-0.02862585
0.02665915
0.01115512
0.00969225
-0.03284166
0.04042065
0.03339165
-0.03826828
0.04476427
-0.03708087
-0.04588938
-0.02366694
0.04505301
-0.05608841
-0.04898519
0.05896230
-0.07117981
0.00434077
0.02937562
0.03706565
0.06607388
-0.03042831
0.00822240
0.03231491
-0.03583285
-0.11150482
-0.08795773
-0.04472124
-0.03021023
0.03527873
-0.01111429
0.10952383
0.06475635
0.14390348
0.01304333
-0.09471724
-0.02823810
0.04052361
-0.04615266
0.01007092
-0.05238392
-0.03539385
-0.04739047
-0.07115224
-0.06816482
-0.02541248
0.00718917
-0.12170081
-0.01388213
-0.02035681
0.00704977
-0.05313385
0.00546608
0.00505100
0.01771218
-0.03618090
-0.01455188
-0.02009618
0.03045505
-0.04961146
0.02270305
0.06029133
-0.02457939
0.00210541
0.07663510
-0.00558624
0.03315708
-0.03656219
-0.02222998
-0.00211313
0.02458777
0.03457147
0.02801502
-0.00537294
0.05867518
-0.00668040
0.01815321
-0.05712454
0.00604517
-0.05078797
-0.01373607
0.02673478
-0.02517861
-0.00647519
-0.03056535
-0.02230672
0.08983229
0.02855613
-0.01090108
-0.05811286
-0.07556045
0.01132986
0.04513417
0.03619426
-0.02007826
-0.07152145
0.01486134
0.05694526
-0.02350853
-0.00135917
-0.09341960
0.03282506
-0.01205679
-0.00703411
0.00811390
-0.04547100
-0.02729550
0.03125248
0.06696394
-0.00098591
