-0.00224444
0.01470399
-0.05492581
-0.01731184
-0.00697484
0.03654699
-0.00677050
-0.00202774
0.00793658
-0.00429275
0.01077461
-0.00512170
0.00059261
-0.04180981
-0.03786875
0.00008624
-0.00861205
-0.00271210
0.03074055
-0.00061922
0.00292138
-0.05031794
0.00593354
0.01514998
0.01198289
-0.01763329
-0.01209675
0.03782282
-0.00270751
0.02269592
0.02131478
0.00449664
0.00870812
-0.01445328
-0.04176937
0.01032962
-0.00740585
0.00604546
-0.01096964
0.02544889
-0.00732167
0.01322663
-0.02300983
-0.03856747
-0.00102734
0.01139357
-0.03647787
-0.01097218
-0.01131414
0.00641155
0.01287299
-0.00911882
-0.00393503
0.01504534
0.02509461
0.03073448
0.01257945
0.00463234
0.45660532
0.06687296
-0.02784543
0.01361073
-0.03033793
0.05827637
0.02241953
-0.02080595
0.03092929
0.01467880
-0.00862643
-0.01249581
0.00335945
0.01397122
-0.00587553
0.02458956
-0.05092761
-0.03005214
-0.02147186
-0.01281787
-0.01020517
-0.06043931
0.01153781
-0.00925558
0.02447041
0.00558697
0.02136891
-0.01392837
-0.01744781
-0.02213857
0.02213028
-0.01124845
0.00281350
-0.04091471
0.01074802
-0.04185038
-0.00570391
0.02141396
0.00954914
-0.02197549
0.01419049
0.00853414
0.01537983
-0.04041776
0.00022695
0.01774156
0.02289428
0.00705952
0.00199871
0.04210807
-0.00001496
-0.03464318
0.01718418
0.02049964
0.04145877
0.02952703
0.00585588
0.01243334
0.07187736
-0.00657280
0.01692738
0.00673317
0.00455394
0.01107690
0.01749334
0.00876171
-0.01138486
-0.00588890
0.01563490
-0.01598689
0.00519334
-0.02674611
0.04361493
0.01035123
0.02230619
-0.00382592
-0.02444288
-0.00207570
0.01667747
0.00462464
-0.02954785
0.03748263
0.02004696
0.00326547
-0.00395476
0.03764472
0.00741972
0.03534072
-0.03572123
0.00785276
0.00451930
0.00552736
0.02558569
0.02385411
0.01988025
0.00170780
0.01048435
-0.03373833
0.02091139
-0.01696249
-0.01836073
0.01047640
0.00665109
0.01878796
-0.01405507
-0.00551475
-0.04089511
-0.02206421
-0.00010591
0.00458359
-0.04035434
-0.00095832
-0.01144677
0.01571977
0.02034086
0.00547663
0.01874472
0.00951895
0.04993779
-0.03197934
0.02374847
-0.00972368
-0.01005408
0.00016598
-0.02092551
-0.01939307
0.03012922
-0.02743868
0.08044478
0.00327993
-0.00467551
0.00930681
-0.04354466
-0.00090116
-0.02309667
0.01230400
-0.01240297
-0.01582830
-0.02304504
0.00792797
-0.02055264
-0.01681747
0.01423456
0.00778860
0.05371162
-0.00212730
0.01281097
-0.01306272
0.01013369
-0.00209603
-0.01825681
0.00794476
-0.00786568
0.03133766
0.00847127
-0.01105742
0.00443955
-0.02345412
-0.01978768
0.03111374
-0.00973723
0.02020977
-0.02767946
-0.80989492
0.02308415
-0.01124364
-0.01524028
-0.02578656
0.03315722
-0.01533344
-0.01670530
-0.00093901
-0.00996704
0.02146515
-0.04377021
0.02042557
-0.03095605
0.03033244
0.01674110
-0.00953653
-0.01220588
-0.00853418
0.00547286
-0.01570017
0.01140856
-0.02915160
0.01829851
-0.02662193
0.03488816
-0.00525629
0.01343550
0.07924103
0.00247445
0.01036200
-0.00921905
0.00242658
0.03180351
0.00075995
0.01624160
0.02434511
-0.05029894
0.09685192
-0.02503927
-0.18856591
0.06731891
0.02926756
0.05977156
-0.07136485
0.10955819
0.05466814
0.01841687
0.06615114
-0.15840599
-0.02100554
-0.04513324
0.06163856
-0.01620131
-0.01653466
0.03671237
0.06099892
-0.25850165
0.01099443
0.11138738
-0.07908939
-0.02603262
-0.10070925
-0.06406841
-0.06523056
0.16395368
0.00622748
0.02569927
0.12502015
0.00883334
0.16714951
0.01560615
-0.05268054
-0.02657368
0.03227014
-0.00081262
0.01525304
-0.03731180
-0.10337964
0.05426499
0.06263620
0.74427980
-0.09660941
0.10684378
0.02826632
0.03658124
0.06927052
0.03336849
0.07356769
-0.10787525
-0.05899625
0.16072042
-0.01127528
-0.04851451
-0.00254358
-0.15958206
0.13407381
-0.07203189
0.01114575
-0.00149751
-0.01987083
-0.01329200
-0.03675917
0.07568794
0.02885799
0.01193673
-0.02008196
0.01208023
-0.01314652
-0.07141362
0.01093797
0.00969477
0.00739410
-0.00002254
0.01211538
-0.03553817
-0.00979737
0.01678565
0.01698393
-0.01624227
-0.02352890
-0.04049385
0.00475845
0.06325430
0.10772147
0.03020802
-0.00619373
-0.04505259
-0.07382581
0.03690010
0.00397042
-0.05811761
0.06123154
0.07464437
0.01721362
-0.00138999
-0.00226150
0.04280832
-0.03966357
-0.03164421
0.01496422
-0.00129048
0.00910342
0.02632126
-0.00942661
0.01352758
0.01073138
0.06953884
-0.03171121
-0.01122203
0.02006855
0.02224167
-0.03590921
0.08758549
0.00118387
-0.04663327
-0.01709386
-0.02814315
-0.01443223
-0.02922830
0.04936346
-0.03457968
0.04554163
-0.00289999
0.07032420
-0.01171590
0.01612167
0.01281954
-0.01132245
-0.01323933
-0.00509236
0.07969952
0.02188294
-0.04231289
0.03216506
0.00720205
0.05070690
0.00489637
-0.08762208
0.01456311
-0.07147674
-0.06590892
0.01577516
0.02645189
0.03375874
0.04009053
0.01543242
0.00073966
-0.01625987
0.00259369
-0.00058908
0.06763782
0.07109759
0.01633110
0.04627063
0.00022278
-0.03186038
0.02053743
-0.04363152
0.01533651
-0.00794896
-0.06317268
-0.03294273
0.01657039
-0.00749608
-0.00919413
0.05812849
-0.00640553
-0.02733469
-0.00249450
0.00697098
0.01034124
0.01206279
0.01419640
-0.01316784
0.04109023
-0.05809861
0.01610867
-0.02884778
0.00460200
-0.00876717
0.01950126
-0.01960692
-0.05875971
0.01416510
0.04861114
-0.18343213
0.00195855
0.05254985
0.00882102
-0.05792354
-0.00874262
-0.01166918
0.01828835
-0.01639549
-0.00046592
-0.01826357
-0.05909347
0.06919677
0.21405292
0.01181065
-0.00903714
-0.04336234
0.04992045
0.02130082
0.00478613
0.01263373
0.03921922
0.02596603
-0.04173230
-0.04272971
0.00366517
-0.01776108
-0.06792623
-0.05446503
0.05446405
-0.03466675
-0.02748726
-0.00591095
0.01500625
0.11096076
0.02468661
0.02070322
-0.01498253
0.03262985
0.00214926
0.02606367
-0.07298210
-0.02064579
0.04498615
-0.04780037
0.01013908
0.04226815
-0.00207826
-0.01101260
-0.06110269
0.03109766
0.06986859
-0.03190617
0.04180020
-0.04887793
-0.01729090
0.06131699
0.01121563
-0.05052858
0.01184261
-0.01047394
-0.00611050
0.00497879
0.04829437
0.01930094
-0.07642148
0.05076692
-0.03435414
-0.00869950
-0.01737098
-0.06167123
0.00048885
-0.04752788
0.01258433
-0.02962923
-0.07528073
0.04333179
-0.04706371
-0.01510659
-0.06928270
0.07552475
0.02210103
-0.02240060
-0.01858757
0.00738577
-0.04226201
0.03436719
0.00830938
-0.04612999
-0.01234585
0.00404528
-0.02635963
-0.04390782
-0.04367937
-0.00103391
-0.05851281
0.02567867
-0.03253275
0.02748246
-0.02843368
-0.10604684
0.03139767
0.03616414
0.02758207
0.04469521
-0.04458233
-0.05644522
0.00156000
-0.03474769
0.05909646
-0.04119802
-0.04434628
-0.03804307
-0.04464480
-0.06827665
0.06055022
0.01708578
0.02499479
-0.03962146
0.01530396
0.01272969
-0.00121028
0.03070204
-0.03629082
0.01327036
0.00475942
0.02674718
-0.02324590
0.00350646
-0.02399282
-0.01175038
-0.01928018
0.05826262
-0.00401375
0.07319342
0.00791673
-0.02106918
0.00945993
-0.08627887
-0.01362578
0.00876932
0.00678405
0.02722236
0.03688435
-0.00620551
-0.06754930
0.04750689
-0.12072932
0.01401734
0.03516170
0.01600140
-0.04812566
0.04200777
-0.07279455
0.11359775
-0.04505162
0.03145820
-0.05307401
-0.05639472
-0.00843910
0.02824059
0.03061314
-0.02670796
-0.01851401
0.01788018
-0.04486565
0.00537374
-0.25274462
0.00490633
0.02129828
-0.03666598
-0.03246191
-0.02099111
0.02157030
0.04608291
-0.00123773
0.03972304
0.00891569
0.04166542
0.00222212
-0.05211997
-0.01806001
0.06031480
-0.02419380
-0.17266800
-0.00860628
-0.05247403
0.00908879
-0.00414755
-0.01425417
0.00971261
0.02369320
0.07285112
-0.00647392
-0.03614070
0.01377148
-0.02787728
-0.04519771
-0.03941740
-0.03582590
0.02505217
0.00795287
-0.02102581
0.01633043
-0.07246429
-0.01209078
-0.00478359
-0.01424736
-0.06359909
-0.01126324
0.00200896
-0.06798236
-0.00244903
0.03275214
0.02601403
-0.06753954
0.01673111
-0.05022725
-0.00713778
0.01920529
0.02205200
0.02971319
-0.05943467
0.05005460
0.02773771
-0.03336757
0.01621944
0.05544249
-0.01743795
-0.02312401
0.02762091
0.00322103
-0.05850424
0.04445543
-0.04298896
-0.00881596
-0.00511199
0.02994208
-0.03230016
0.03250883
-0.01380070
-0.03708931
0.03589473
0.02881611
-0.00892756
-0.06864480
-0.02762192
-0.00138304
0.00817311
-0.01826973
0.08986611
0.04171826
0.00250416
0.01904926
0.05070370
-0.01277091
-0.05498500
-0.08873983
0.02726689
0.02541418
-0.17177212
-0.06081620
-0.00998969
-0.13459125
-0.03809859
0.04212198
0.02435978
-0.04264581
-0.00578950
-0.01917686
-0.05795791
0.07627130
0.00618916
-0.03407982
-0.03781671
-0.03690153
0.03767981
0.03037628
0.00974487
-0.00128670
0.05176809
0.03338710
0.03537881
-0.00055530
-0.03954547
-0.07080195
0.03764882
0.07393527
-0.02522193
-0.02141613
0.04456679
-0.05936158
0.03636142
0.01553390
0.01947373
0.03041424
0.00101961
0.03747913
0.02505062
-0.03593110
-0.07806056
-0.05704958
0.01579916
0.00164357
0.03190544
0.00850113
0.02603932
0.08222318
0.16665636
0.01232903
-0.05862942
0.02606927
0.03728407
-0.02177025
0.00260702
-0.03321540
0.00016774
0.00066939
-0.01215108
-0.05158070
-0.03795617
-0.01885386
0.00455598
0.00699835
-0.09557544
0.05160961
-0.02455681
-0.04523684
-0.04368479
-0.00022704
0.01321756
-0.02081924
-0.05202613
0.00565121
-0.00537105
0.03579972
0.07257504
-0.07223101
-0.00319059
-0.00779250
-0.04006532
0.04406025
-0.03693461
-0.02240518
-0.02829490
0.01499550
-0.01982803
-0.00108562
0.02217885
0.02427211
0.01416532
0.01485679
0.00325023
-0.02119958
-0.09594172
0.02421730
-0.01552830
-0.03360891
-0.05067625
-0.04012420
0.01755797
-0.02947998
0.01348257
0.00046826
-0.06476391
0.00461123
-0.04731914
0.00798754
0.07438788
-0.05095347
-0.02426894
0.00219792
-0.01478630
0.02446491
-0.01274936
-0.03341947
0.11172212
-0.02789139
-0.01945468
-0.04143152
0.00467502
-0.02172907
0.09161934
0.05085199
-0.04858421
