-0.02430298
0.00277713
-0.02890343
-0.02784947
0.00183652
0.02184638
-0.02067863
-0.00937976
0.00659079
-0.00480098
0.02178775
-0.02021800
-0.00749540
-0.05302414
-0.03396549
-0.01222301
0.00667654
-0.01081743
0.00354477
0.00624079
0.00461797
0.02532909
-0.00377563
-0.00368588
0.00244662
0.00755855
0.01041426
0.02923130
-0.00202931
0.00491861
-0.08649904
-0.00254346
0.03027645
-0.03548875
-0.03044129
0.04331781
0.01160259
0.00511973
-0.00063040
-0.03460388
0.02432595
0.01333107
0.01965539
-0.03810673
0.00572157
0.02768443
-0.05528283
-0.02506173
-0.00557677
0.03618094
0.02816385
0.00710979
-0.02985073
0.02557267
0.01687471
0.01746999
0.01901109
0.01862032
0.46633866
0.04700166
-0.02330324
0.02415296
-0.01660000
-0.01172874
0.01773040
0.00458965
0.01105860
0.01050548
0.00528033
0.02617338
-0.01141535
0.00051832
-0.02695468
0.02280283
-0.01785084
-0.03291537
-0.03736868
-0.00891091
0.01128184
-0.11630006
-0.00423966
-0.00908565
0.01795941
0.00912710
0.01252362
-0.02504147
-0.01831620
-0.01226945
0.02808636
-0.00280546
0.00105460
-0.02357151
0.04532722
-0.00014914
0.00068826
0.00464290
0.00362925
-0.04450708
0.01654799
0.02584371
-0.00424033
-0.03640866
-0.00988566
0.01344448
0.00100775
0.02104728
0.00060090
0.05170166
0.00854739
-0.04058637
0.01687264
0.02849620
0.01774250
0.00324182
-0.01513695
0.00355023
0.06180916
-0.00584802
0.02686648
0.01556783
0.02675451
0.02124870
0.01605979
-0.00921775
0.00640533
0.00119170
-0.00660871
-0.01014241
0.00107434
0.06080776
0.03400027
0.01723464
0.02955395
0.00710215
-0.00739850
-0.01363063
0.00745224
0.03209687
-0.10935635
0.02869495
0.00372447
-0.01080344
-0.00205310
0.04140096
0.00332929
-0.04433808
-0.02867815
0.02015864
-0.00811870
0.00094026
0.06695941
0.02488186
-0.01993310
-0.01028824
-0.01184412
-0.02937114
0.02465195
-0.01436633
-0.00656578
0.03513546
-0.00227746
0.00205099
0.01458470
-0.00699987
-0.02066673
0.04786706
0.02827790
-0.01177951
0.00686429
0.04126066
-0.00149625
-0.00789090
0.03296028
-0.00622450
0.03367208
0.00735116
0.01410115
-0.02385742
-0.02172092
0.00339631
-0.01384024
-0.00431982
0.00644318
-0.00527406
0.05754121
-0.16944990
0.12481911
0.01484074
-0.01855745
0.04967750
0.02100158
-0.00952413
-0.02442498
0.01125420
-0.02704447
-0.00271462
0.03355385
0.03831629
-0.02083325
-0.02468485
0.03252040
0.01604030
0.11977924
0.00328467
0.02192594
-0.05941712
0.00479531
-0.01157428
-0.02388266
-0.00158050
-0.03213003
0.00680106
0.02217632
0.00329994
0.01581713
0.00830291
-0.00889067
0.02496521
-0.02063221
0.03839901
-0.00862881
-0.74714184
0.03358947
-0.01739674
0.00224177
0.00526164
0.04688323
-0.03103421
0.03693908
0.00587176
-0.01146278
-0.00226357
0.00560632
0.00906723
-0.04581726
-0.00649843
0.00765761
0.00297329
-0.00362041
-0.00197305
0.00289835
-0.00413612
0.04159927
-0.04688178
0.01093560
-0.02358899
0.03751467
0.00511004
0.01659189
0.01622782
-0.01423866
0.02407712
0.03240747
0.02384665
0.00103413
0.00140825
0.12603535
0.08992215
-0.12750842
0.13941206
0.00994260
0.05083648
-0.11310036
-0.08291193
-0.05685327
-0.00340527
-0.01828214
0.17889617
0.07022099
-0.08120906
-0.05388614
-0.05952179
-0.01642274
-0.08743516
-0.01941592
-0.01728509
0.10031936
0.13958165
-0.09324734
-0.01362218
0.01195018
-0.05838028
-0.07031585
-0.05046751
-0.12609650
-0.04916587
-0.04997395
-0.06559739
0.00179610
0.01201681
-0.06331072
0.01990003
-0.00785717
0.07809774
-0.17779344
-0.00793178
-0.08029022
0.18885204
-0.09308685
0.00140178
-0.18275864
-0.10393577
0.74072009
-0.11150753
0.03999337
-0.08761822
-0.02389506
0.08965898
0.07073053
-0.04205213
0.02187463
-0.09715530
-0.02952258
0.08657788
-0.02738492
0.10681212
0.00582824
-0.04230978
-0.15306631
0.04929399
0.00777335
0.01208465
-0.01885732
-0.07482218
0.06452890
-0.00044032
0.01038676
-0.04368922
0.03211546
-0.02570056
-0.05599255
0.06392863
0.02934757
0.02221955
0.02073708
-0.01233500
-0.03148311
-0.00434955
0.03344804
0.00498916
-0.03680716
-0.00002174
-0.04821654
-0.07377084
0.05451592
0.11669791
0.04693094
-0.01865981
-0.00719355
-0.02480438
0.02245697
0.01762665
-0.03132769
0.06867507
0.05903335
-0.02808876
0.03222453
-0.01732255
0.02161810
-0.04743848
-0.03318983
0.01652895
-0.00025621
-0.02788499
0.03635386
-0.03404490
-0.00762547
0.02936110
0.00359337
-0.01774099
0.01003771
-0.01534950
0.02727079
-0.05033983
0.05286826
0.02459003
0.01917198
-0.02553150
-0.06115539
0.03339072
0.04239509
0.04480278
-0.09512887
-0.00021744
-0.01084633
0.06650601
0.02584541
0.00200373
-0.02252500
-0.03053830
-0.00015820
-0.03545604
0.01944527
0.01773568
-0.01188500
-0.00862236
0.04229074
0.01018871
0.01160920
-0.09056056
0.01311152
-0.04248959
0.06796642
-0.01392020
-0.01404800
0.06833300
0.05852698
0.03886263
-0.06263983
-0.01322479
-0.04538854
-0.00224778
0.02949950
0.00458932
0.02351387
-0.02396622
0.00801426
-0.02854154
-0.01942004
-0.02343162
0.01011555
0.00882738
-0.12575273
-0.00537430
-0.01738620
-0.08085570
-0.01902946
0.04030878
-0.06745822
-0.00011077
0.02650647
0.00044775
-0.01217952
-0.02407579
-0.03177459
-0.02623399
0.03322095
-0.10033154
-0.02984085
-0.01028716
-0.01704863
-0.03237509
-0.01958070
-0.04916026
-0.07691187
0.03184755
0.08410095
-0.10942814
0.04599511
0.05287727
-0.00909803
0.00999575
0.02104726
0.02335167
-0.02427088
-0.06391681
-0.00576651
-0.00494806
-0.01993974
0.04689793
0.13076943
-0.03658079
0.02896497
-0.00465552
-0.00723391
0.01361558
-0.00510635
0.02482034
0.05534487
0.02480303
-0.03826223
-0.06594106
0.02216109
-0.04458673
-0.00821554
-0.02133998
0.01159865
-0.05806589
-0.05545602
0.00196388
-0.00113017
0.04662497
0.02009099
0.02328671
0.00060054
0.03021470
-0.01114707
0.00129886
-0.08074753
-0.03347195
0.03438413
-0.06463657
-0.00562025
0.04021821
0.00622674
0.00534326
-0.04989687
0.01455381
0.06921094
-0.04106194
0.06272335
-0.03118616
-0.03829526
0.05111174
0.02386584
-0.00535315
0.00131198
0.01184561
-0.01804853
0.04921785
0.03823572
0.07014292
-0.04225274
0.03757152
-0.04268930
-0.04466268
0.00440087
-0.03410729
-0.02755881
-0.00850303
0.05351958
-0.06215120
-0.12506695
-0.05017009
0.00710516
-0.03918907
0.00324308
0.05208272
-0.02704540
-0.00682089
0.00158443
-0.02735259
-0.09680943
0.04481898
0.04407358
-0.03862802
0.02897164
-0.02489960
-0.05564233
-0.01653277
-0.00100931
-0.00789570
-0.03104651
-0.02060634
-0.04410203
0.00892803
-0.07862811
-0.06791375
0.04873692
0.01961858
0.01918097
0.03075369
-0.08794364
-0.03313170
-0.02755576
-0.01218024
0.05566722
-0.02786726
-0.02514495
-0.01057495
-0.05161792
-0.04929850
0.04461509
0.04110669
0.03951207
-0.06107427
0.00968762
-0.01964175
-0.01300604
0.02853515
-0.05162765
0.06692108
-0.00136451
0.06111482
-0.04944169
0.04224187
-0.04391712
-0.00883448
-0.02241663
0.00993890
-0.00457089
0.07008067
0.02528034
-0.02057059
-0.01416240
-0.05044656
0.01818264
0.00904021
-0.02520237
-0.00396826
0.05027660
-0.03645685
-0.09000409
0.01553174
-0.10423284
-0.03592626
0.04336701
0.01525843
-0.01753315
0.05284969
-0.05692909
0.13222636
-0.03242859
0.01411419
-0.05418266
-0.01297609
0.00422361
0.00106296
0.00058558
-0.00866384
0.02789275
-0.01851184
-0.00989878
0.03177358
-0.08659031
0.02006114
0.05757333
-0.01694177
-0.04959378
-0.04940068
-0.00086189
0.04522463
-0.02251658
0.06870949
-0.00615580
0.04544967
0.00673071
-0.02068012
-0.02462733
0.02138537
-0.04983899
-0.12506273
-0.01518788
-0.03096067
0.00290924
-0.01908863
-0.06595235
-0.03020849
-0.01815631
0.03615464
-0.03955811
-0.04697168
0.03260248
-0.01570610
-0.04920599
-0.02656878
-0.03821302
0.01229441
0.01755127
0.02276932
0.04595129
-0.08396675
-0.03638988
-0.01854447
0.02023206
-0.04269799
-0.00512584
-0.05517283
-0.07077798
-0.00965445
0.01488303
0.04802013
-0.00152209
0.00685140
-0.01773592
-0.05653968
0.02810669
-0.01872036
0.00943195
-0.06448881
0.05943146
-0.00627079
-0.04924607
0.03659733
0.06062732
-0.03239689
-0.02264388
0.04446442
-0.02087750
-0.08892889
0.07915045
-0.00137442
-0.01963073
-0.01638537
0.03736498
-0.02263758
0.03504697
-0.02140597
-0.05707238
0.05209140
0.07735401
-0.00667417
-0.01701467
-0.02893543
-0.00013651
0.02696410
-0.03915930
0.03901739
0.01112995
0.00196170
0.05999122
0.02843535
-0.01501862
-0.06849053
-0.01900843
0.00454826
0.02218965
-0.05108333
-0.00044916
0.02782240
-0.10059757
-0.00718321
0.05499440
-0.01518380
-0.03502830
-0.01685320
0.01620397
-0.17776923
0.12426776
0.02536705
-0.05392862
-0.04312694
-0.03304284
0.00386177
-0.02522865
0.00199054
-0.01645873
0.04586825
0.01657768
0.01654246
0.04053628
-0.03156673
-0.06283157
-0.02062915
0.04967279
-0.01443825
-0.05742363
0.03192097
-0.15879002
0.00572452
0.01684907
0.03245994
0.05524886
-0.03650331
0.03074877
0.02805561
-0.05235790
-0.08790984
-0.10746692
-0.02157116
-0.02110096
0.01315660
0.00783829
0.08917802
0.08303066
0.14380610
0.03393236
-0.09938783
0.01302452
0.05964511
-0.01774144
0.05573329
-0.06029733
-0.00860978
-0.01319040
-0.07507656
-0.04107171
-0.04058906
-0.00025544
-0.13888618
-0.02145848
-0.01126668
0.05494336
-0.02562679
0.01846182
0.00510684
-0.00931002
0.00433226
-0.02032462
-0.03720606
-0.00640149
-0.07131013
0.10625927
0.05442352
-0.00471822
-0.01812480
0.06418681
-0.00860059
0.00781127
-0.00846590
-0.06269502
0.01266427
0.00571845
0.01514956
0.02470726
-0.01304891
0.02978873
-0.02039949
-0.00626628
-0.02501264
0.01206387
-0.11825740
0.04365756
0.00381774
-0.04101000
0.01631304
-0.00592581
-0.00637728
0.04103040
0.02750904
-0.00535213
-0.04355061
-0.08505303
-0.02438124
0.06306805
0.05958540
-0.00328224
-0.04345816
0.00068160
0.02023065
0.02645163
0.00818542
-0.08002197
0.06347384
-0.02378983
0.04052798
-0.01775145
0.00613003
-0.03614469
0.04641603
0.04483857
-0.02746038
