0.00959831
0.01413552
-0.03212222
0.02336170
0.00542649
0.02788455
-0.00551699
-0.00504625
0.02062526
-0.00617005
0.02976540
-0.00436687
-0.01307205
-0.01347280
-0.02298972
0.01106652
-0.00255494
-0.00548434
0.02769038
0.01558509
-0.00498420
-0.02723818
0.02752211
0.01678377
0.01716179
-0.03362584
-0.02961519
-0.00076806
-0.01490410
0.00552685
0.00487510
0.00075244
0.01290812
-0.01341383
-0.01269875
-0.00079753
0.00634662
-0.00793541
-0.00409309
0.03189403
0.02616107
0.01794217
0.02730950
-0.02568309
-0.00344401
0.00074146
-0.02806801
-0.02294159
-0.01602330
0.01295975
0.01036722
0.03798712
0.00949174
0.00275838
0.01151341
0.01919691
0.01127647
0.01526327
0.47837722
0.07010736
-0.03265620
0.01681894
-0.03296556
0.04033235
0.02045450
-0.00788809
0.02682235
0.00836031
-0.01646623
-0.02310047
0.01502345
0.01797986
-0.02352535
0.00485579
-0.02440821
-0.00459884
0.01133375
-0.01888366
0.00919027
-0.10583140
0.01100158
-0.01089162
0.00880309
-0.00575026
-0.00453878
-0.01148806
-0.01627881
0.00443961
0.02051931
-0.01445172
-0.01294879
-0.03980937
0.03284322
-0.01584259
0.00169222
0.02482170
-0.00153151
-0.03682205
0.00797211
0.02103035
0.01848399
-0.02296193
-0.00597143
0.00342573
0.00213475
0.01051500
0.00175998
0.02597337
0.00723608
-0.02462037
0.03180177
0.03227191
0.01764388
0.03132125
-0.01164733
0.01520121
0.05545180
0.00263838
0.02211780
0.00849560
0.00697955
0.01010013
0.00793053
-0.00873228
-0.01242143
0.00221924
0.00247191
-0.01548396
-0.01291657
-0.00296228
0.02629226
-0.00309466
0.01710114
-0.00403756
-0.02911060
-0.00985361
0.02940264
0.00012277
-0.02529737
0.01570871
0.01319574
-0.00016125
-0.00789539
0.01132022
0.00657019
-0.02897517
-0.01701671
0.01015783
-0.01078293
-0.00628119
0.04187608
0.01825501
0.01324147
0.00823111
-0.00540316
-0.01062809
0.00420237
-0.00315770
0.01314805
0.00312875
0.00710612
0.03764314
-0.01967194
-0.01354499
-0.02325984
-0.00293485
0.02701396
-0.01416880
-0.01171531
-0.01988581
-0.00254113
-0.00332971
0.02052698
-0.00758048
0.02479396
0.01715216
0.00805973
-0.00763371
0.02695587
0.00356915
0.01492781
0.01223322
-0.02112847
-0.01100160
0.03222541
-0.08482619
0.11957627
0.00979694
-0.00381688
-0.00473695
-0.03976421
-0.00694226
-0.00931065
0.01473429
-0.01938822
-0.00865055
0.00077509
0.02425552
0.00154567
-0.00564420
-0.01319968
0.01697268
0.06568721
-0.00064392
0.01974578
-0.02583117
0.01242746
-0.00689830
-0.02527392
0.02601024
0.00880622
0.00115728
0.00620669
0.00370623
0.01470249
-0.01751052
-0.00668302
0.02039248
-0.00282964
0.01956518
-0.00671549
-0.80396515
0.02503629
-0.00020530
-0.00019769
-0.00557749
0.02946313
0.01278707
0.00400446
0.01499422
-0.00968074
0.04180442
-0.01472620
-0.00390013
-0.04779099
0.00971373
0.03325400
-0.01104822
-0.01352020
-0.00106075
-0.00160272
-0.03178142
0.01301823
-0.02227234
-0.00003996
-0.03945446
0.01257346
-0.00783597
0.00707333
0.04370097
-0.01273721
0.00893278
0.01627769
0.00575320
0.00391034
0.00435620
0.16067085
-0.04344953
-0.00384849
0.12255584
0.07825521
0.02240375
0.05884176
-0.00529011
0.05714165
-0.00523168
0.16523618
0.12408147
-0.02726996
-0.01661715
-0.06249615
0.05950079
0.08431128
0.10216934
-0.00210089
-0.00954695
0.03676750
0.05072811
-0.06313908
0.17188418
0.02506272
-0.07755075
0.07509603
-0.01128197
0.03468322
0.01400238
0.07951788
0.00268146
0.00640750
-0.01249912
0.02017303
-0.02332830
0.05395380
0.09106413
-0.08518446
-0.00141504
-0.09377423
-0.01855270
-0.13369337
-0.02379425
-0.01350377
0.01975907
0.81782544
-0.06533320
0.01433461
-0.12038247
0.12629314
0.06767154
-0.02022743
-0.00953776
0.00289414
-0.15834448
0.13746358
0.00233619
-0.10352161
0.00879643
-0.06759659
-0.01743240
-0.01779680
-0.02982924
0.00256136
-0.00801195
0.01860731
-0.09662335
0.06355403
0.02621731
0.00755558
-0.05857840
0.05425761
-0.01841924
-0.06133634
0.07234588
0.02703705
0.00327536
0.00219919
0.00253979
-0.05411811
-0.01010065
0.02782743
0.03444562
-0.03756875
0.00477875
-0.06586454
-0.05779621
0.05695282
0.07604134
0.08205617
-0.00571953
-0.02336405
-0.05635319
0.07214235
0.03290660
-0.01205767
0.06720427
0.10608920
-0.04129153
0.04579492
-0.05249111
0.01937849
-0.08867203
-0.01757891
0.02497204
-0.00300171
0.02822367
0.04609518
-0.01118084
-0.01214264
-0.02428824
0.00861971
-0.02419330
-0.00361610
-0.00679812
0.01341193
-0.02196107
0.08308914
0.02597121
-0.00046008
-0.01204272
-0.07583374
0.04105956
0.01554287
0.05892016
-0.08008713
0.00744543
-0.00510049
0.07360540
-0.00453753
-0.00597616
-0.01103018
-0.01960835
-0.01530184
-0.02832595
0.06065006
0.01181572
-0.01885844
0.00380094
0.00442273
0.02346713
-0.00397531
-0.06325483
0.03659391
-0.02483450
-0.00939724
0.02254612
-0.00966876
0.08894601
0.05039942
0.05539890
-0.08005331
0.01764133
-0.01706503
0.00240926
0.02474502
0.03086838
0.00891907
0.01448793
-0.02792997
-0.01828844
0.03430772
-0.01486498
-0.01501714
0.02153807
-0.04430482
-0.01291369
-0.00129713
-0.03655585
-0.02862420
0.05740503
-0.04347641
-0.00041609
0.04655191
-0.03910133
0.02623878
-0.04039748
-0.03988358
-0.03140509
0.02387021
-0.10075869
-0.04048777
-0.03979115
-0.00518122
-0.00229608
-0.00553486
-0.04683786
-0.05018608
0.00020801
0.05893851
-0.03029931
0.00780334
0.07325681
-0.01694678
-0.02918279
-0.00553473
0.01074465
-0.01825839
-0.03231172
-0.01541871
-0.02846442
-0.04608299
0.06833919
0.19165689
-0.03111912
0.02028808
-0.03012237
-0.00024413
0.00956047
0.02557134
0.04385426
0.07560430
0.02286915
-0.04850680
-0.06752450
0.00728811
-0.03895330
-0.09745391
-0.00367934
0.00965204
-0.05585922
-0.06945536
0.03932773
0.00810376
0.06524503
0.05751303
0.05912241
-0.03311332
0.04510869
-0.02884445
0.03742365
-0.05973782
-0.05090748
0.03010776
-0.02563413
-0.02732055
0.04034968
-0.00228434
0.01203315
-0.07257526
0.02451131
0.03648289
-0.03208585
0.01191226
-0.01704088
-0.02145474
0.02614318
0.02300095
-0.00185399
-0.00703448
-0.00847947
-0.02019332
0.03827038
0.06572945
0.03404620
-0.06592372
0.07011378
-0.03037106
-0.06226364
0.00997068
-0.06511977
-0.02799162
-0.06476490
-0.00307373
-0.03421082
-0.07571258
0.00466054
-0.02185690
-0.03469270
-0.01339900
0.06532089
-0.04129641
-0.01565148
-0.00889545
-0.04432576
-0.04439398
0.02055633
0.04841787
-0.03241820
0.00710306
-0.04456280
-0.04999929
-0.02043529
-0.00996521
0.02677540
-0.03032846
0.01726763
-0.02630214
-0.00186450
-0.06814891
-0.10329544
0.03991058
0.01553661
0.00626777
0.02869999
-0.10229684
-0.05008137
0.02032077
0.03681730
0.08881199
-0.03372133
-0.02391492
-0.01991906
-0.03716647
-0.07297523
0.07096203
0.05128455
0.05824745
0.00513210
-0.02121175
-0.00647298
-0.03424664
0.03144917
-0.08494354
0.02330201
0.04943833
0.06169862
-0.06909985
0.05303678
-0.04590703
-0.00522001
0.00940105
0.02403022
-0.04206275
0.07969408
0.01966540
-0.06498666
-0.01181419
-0.06807449
0.00408851
-0.00530545
-0.03167610
0.03716686
0.02541375
-0.02000075
-0.04059314
0.02488717
-0.11890244
-0.03103323
0.04516064
0.00276962
-0.03254559
0.05839821
-0.03764639
0.11534144
-0.06670345
-0.00224365
-0.05549445
-0.02687302
-0.00941371
0.01192661
-0.00068984
0.01393164
0.04428912
0.03071932
-0.03071672
0.07814757
-0.05641687
0.02875075
0.01957335
0.00710452
-0.04610374
-0.02722062
-0.00581913
0.01577216
-0.03716097
0.07117869
-0.01627277
0.04894729
0.02494270
-0.02336062
-0.01752394
0.01353939
-0.06495659
-0.11406536
-0.00558792
-0.02727217
0.00049496
-0.00225831
0.03954434
-0.01885196
-0.01757923
0.05534912
-0.04272991
-0.02298486
0.07633010
-0.03538958
-0.05717367
-0.05511309
-0.00748737
-0.00433669
0.04965489
0.00260591
0.02379305
-0.07831158
-0.04045572
0.05711932
-0.01230152
-0.04749561
0.00604562
-0.00456704
-0.09861688
-0.03322289
0.01584170
0.02259697
-0.04006906
0.00680894
-0.04718436
-0.03491571
0.03960545
-0.01852333
0.00694332
-0.04160324
0.04772748
0.01450976
-0.04160973
0.04885082
0.05399580
-0.03725531
-0.04544819
0.04839848
-0.03672925
-0.08884393
0.10241592
-0.00134321
-0.02719330
0.00685224
0.02206663
-0.02723287
0.02940084
-0.01393130
-0.01596862
0.05004936
0.09207678
-0.01497611
-0.02803838
-0.00458377
-0.05307962
-0.00749353
-0.00954360
0.05647358
0.02473307
-0.00232348
0.05695408
0.02305445
-0.02187420
-0.06860367
-0.04206265
0.02309342
0.02869930
-0.02490412
-0.00229552
-0.00097841
-0.12544374
-0.03935696
0.03349092
0.03747272
-0.06129285
-0.04078976
-0.03198082
-0.09685182
0.10979433
0.05156386
-0.05927010
-0.02667646
-0.03427008
0.02090303
-0.00890570
0.01832428
-0.02267945
0.06024458
0.02704887
-0.03531411
-0.00015657
-0.04783307
-0.06948244
-0.00176195
0.08027621
-0.03101731
-0.04277521
0.03541555
-0.03735014
0.01571794
0.03260975
0.03734245
0.05192586
-0.01739749
0.05879619
0.00161501
-0.02266101
-0.12779507
-0.07253253
-0.02599169
-0.03718238
0.01238498
0.01796209
0.08207227
0.10256494
0.13994847
-0.02214663
-0.08298661
0.02054039
0.03871029
-0.05993703
0.02135189
-0.03942912
-0.01396720
-0.00711857
-0.05502364
-0.04823555
0.00459008
0.01767959
-0.03660700
-0.01838953
-0.02850959
0.04942571
-0.05777068
-0.02220245
-0.01404099
0.01763762
-0.01105492
-0.04453008
-0.03618660
0.02462389
-0.02942533
-0.02152733
0.06835994
-0.02668476
-0.00664279
0.05113059
-0.00541337
0.07669387
-0.03712825
-0.02234016
0.00976948
0.00666516
0.03210623
0.01795799
0.02255609
0.03861901
-0.01260833
0.02957340
-0.03337379
-0.01226156
-0.07964806
0.00675064
0.02193674
-0.05878843
-0.01405533
-0.03283121
0.00923098
0.03929148
0.05774970
-0.01276143
-0.07274947
-0.03905473
-0.01886264
0.04459342
0.07521352
-0.04041884
-0.01651032
-0.00309270
0.01598056
0.01579234
-0.00661037
-0.03874929
-0.03454986
-0.01523579
-0.04930502
0.00103979
-0.03800286
-0.01279859
0.08551316
0.06081174
-0.01689412
