-0.01645146
-0.00161986
-0.03600826
-0.02321306
-0.00437036
0.02470250
-0.02314719
-0.00690595
-0.00120847
0.00002202
0.02539252
-0.01969505
0.00147746
-0.05901437
-0.04258533
-0.00967392
0.00627888
-0.00229696
0.01460823
0.00601556
0.00214950
0.01929388
-0.00433998
0.00723265
-0.00103791
-0.00527157
0.01051642
0.03201739
-0.00657012
0.01378407
-0.06985665
0.00315004
0.03034090
-0.03406759
-0.04027677
0.04074289
0.01420475
0.01429232
-0.00037920
-0.02528094
0.01388802
0.02231644
0.01744794
-0.03966445
0.00053081
0.01930026
-0.06015827
-0.02261164
-0.00731350
0.03494547
0.03126476
-0.00504243
-0.01747919
0.02624436
0.01880804
0.02380355
0.01003079
0.02053763
0.46596912
0.05118578
-0.02543254
0.03033688
-0.02022989
-0.00736180
0.01412076
0.01148569
0.01497631
0.00849887
-0.00566475
0.02329966
-0.00137274
0.00340612
-0.02890809
0.02891518
-0.02900891
-0.02328308
-0.03771953
-0.01328941
0.00409531
-0.11185611
-0.01013153
-0.00895642
0.01527596
0.01039922
0.02922151
-0.02201836
-0.01608683
-0.01880883
0.03068943
-0.01644110
0.00695340
-0.02250976
0.02708507
-0.00444181
-0.00028099
0.00275167
0.00833705
-0.03998733
0.02269810
0.02332084
-0.00722951
-0.03382131
-0.01159756
0.02039007
0.00856896
0.02679980
0.00785088
0.04910134
0.00842889
-0.03822302
0.01679311
0.04025961
0.03424701
0.01061616
-0.01198987
0.00763713
0.06656472
-0.00904704
0.03257706
0.01291949
0.02867702
0.01912868
0.02350758
-0.00509862
0.01090623
0.00715999
-0.01302331
-0.00583879
0.00053914
0.05847348
0.04727836
0.02230250
0.01995022
0.01025105
-0.01127156
-0.01193088
0.01967483
0.02521232
-0.10291396
0.03287877
-0.00317673
-0.01367152
-0.00285934
0.04152077
0.00091539
-0.02479683
-0.03449247
0.01857859
-0.00628249
0.00322638
0.06779078
0.02164871
-0.01367971
0.00229589
-0.01419043
-0.03476982
0.02436713
-0.01638142
-0.01234095
0.03882436
-0.00983034
-0.00017823
0.00403937
-0.00232666
-0.03241750
0.05028835
0.01883933
-0.01425283
0.00107930
0.03678916
0.00318084
-0.00787547
0.04181110
0.00324450
0.03792752
0.00356680
0.02905875
-0.02836536
-0.02803970
0.00183339
-0.00951918
-0.01503238
0.00288301
-0.00665771
0.06153034
-0.15179308
0.12484074
0.00689116
-0.02046963
0.05202363
0.00938461
-0.00609499
-0.02663668
0.01260704
-0.03358853
-0.00438677
0.04118606
0.03460693
-0.01957602
-0.02760906
0.02098998
0.01157866
0.12753713
0.00443659
0.02339064
-0.05067739
0.00039547
-0.00669882
-0.02317704
-0.00744150
-0.03253274
0.01483185
0.01981662
0.00002410
0.02252132
0.00150362
-0.00509706
0.03383590
-0.02162585
0.04506714
-0.01721936
-0.74555451
0.04031102
-0.01586333
-0.00300022
0.00019121
0.05513053
-0.02899777
0.03670031
0.00889386
-0.01429932
-0.00658320
0.00887673
0.01363642
-0.04382144
0.00056993
0.01869107
-0.00213171
-0.00127909
-0.00818225
0.01742187
-0.01381822
0.04564155
-0.04095856
0.00672171
-0.02967166
0.04360488
0.00038230
0.01480715
0.02818834
-0.01320092
0.01909119
0.02767080
0.02653863
0.00536823
-0.01034300
-0.02123890
0.09154233
-0.07702837
0.12916850
-0.11965562
0.04171879
-0.05647226
0.06629229
0.05370870
-0.01770013
0.03269659
0.19986919
0.03461604
0.07611621
0.02322158
0.04332344
-0.03127203
0.00145578
-0.10124190
-0.02331271
0.06222337
0.15688483
-0.11859208
-0.04954179
0.07562393
-0.03835617
-0.08654289
-0.10412627
-0.03666217
0.08208569
-0.06718657
0.00836963
0.11774237
-0.00928560
0.05300222
0.03490363
0.01965359
0.07128572
-0.08896588
0.01836680
-0.02869392
0.17157182
0.06038958
-0.02675640
-0.10625084
0.02932960
0.79003513
-0.06669191
0.06138453
0.02918576
0.07426901
0.14273220
-0.02525275
-0.01887744
-0.03086384
-0.17933479
-0.03952445
0.04892207
0.06213488
0.11404786
-0.03653218
-0.02347152
-0.02905601
0.03285850
-0.00010946
0.01606792
-0.00916622
-0.09144632
0.06475988
0.00791633
-0.00086444
-0.04853059
0.03498389
-0.02604640
-0.06307356
0.07810673
0.02133338
0.00429221
0.00416573
-0.01151715
-0.02090893
0.00007552
0.01634247
0.00320995
-0.04236129
0.00570374
-0.05140144
-0.07917098
0.07068106
0.07513694
0.06228314
-0.01478947
-0.00550192
-0.01603394
0.03732330
0.04843996
-0.03039601
0.08595411
0.07156506
-0.02678584
0.03459669
-0.01631206
0.05789126
-0.07252963
-0.02406971
-0.00784351
0.01862857
-0.01814069
0.02560246
-0.02040922
0.00244796
0.01872277
-0.00832790
-0.02140694
-0.01290392
-0.01423201
0.05441849
-0.04680504
0.04909807
0.02193389
0.05360087
-0.03284875
-0.05755102
0.04468346
0.05304458
0.04212598
-0.08364918
0.01832329
0.01447611
0.05420336
0.01131063
0.00067878
-0.03753216
-0.02147026
-0.01311793
-0.00953308
0.06599005
0.03551398
-0.00114617
0.00032614
0.04553338
0.01030878
-0.01295561
-0.05407323
0.01157597
-0.04491743
0.05191194
-0.01870386
-0.01071065
0.06673844
0.08157354
0.06769875
-0.04116799
0.01507803
-0.04953128
-0.01578361
0.03637398
0.00632409
-0.00600236
-0.01202268
0.00337122
-0.04149624
0.00675751
-0.01855060
-0.02181533
0.01441922
-0.06695371
0.00285614
-0.01700280
-0.06899685
-0.01586495
0.07767991
-0.05141470
0.00383735
0.02164267
0.00533263
-0.00333128
-0.03889110
-0.01544413
-0.02890492
0.02629645
-0.07993768
-0.01548002
0.00119302
-0.02259890
-0.02895010
-0.01211905
-0.06817143
-0.06391826
0.00027307
0.07008557
-0.08431730
0.04419075
0.07713579
-0.01145422
0.02807355
0.00252504
0.01663943
-0.00490723
-0.03922465
-0.00764114
0.00717646
-0.03241347
0.05491156
0.15852675
-0.02128698
0.00046677
0.00409605
0.00799584
0.01161159
0.00409767
0.02976124
0.04272823
0.02134080
-0.04278761
-0.07858510
0.02457167
-0.03785946
-0.08564269
-0.00691600
0.01018695
-0.03588168
-0.07678957
0.02878378
-0.01234187
0.04535782
0.02448520
0.02406266
-0.00843687
0.04222381
-0.02085321
-0.00959824
-0.06451619
-0.03437143
0.06201374
-0.07170680
-0.02322106
0.04948415
-0.01394197
-0.00641285
-0.06459519
0.02822114
0.07276668
-0.03949396
0.02843460
-0.01732530
-0.02874038
0.04593190
0.02331271
0.00224998
0.01218263
0.01552713
-0.02360339
0.01232627
0.04356841
0.04939788
-0.07735700
0.08884990
-0.02371931
-0.04835391
0.00353970
-0.02036986
-0.02315876
-0.01532235
0.03443695
-0.08033857
-0.10970277
-0.01462010
0.00037587
-0.04770024
0.01491817
0.03137274
-0.06122965
-0.02411101
-0.01861616
-0.03187339
-0.05122277
0.02760994
0.08221784
-0.03296752
0.01885198
-0.03159637
-0.04978003
0.00000495
0.00560087
-0.00274852
-0.03601880
-0.02658673
-0.03441662
0.00127437
-0.06671376
-0.09657436
0.05178056
0.01020641
0.01065441
0.01552136
-0.07243472
-0.04244722
-0.00588704
-0.00562935
0.08248322
-0.04734815
-0.03561328
-0.01323984
-0.05964196
-0.06667362
0.03997719
0.05996257
0.05742678
-0.04089927
0.01755822
0.01744660
-0.03016354
0.02682029
-0.07453755
0.05253214
0.00807003
0.06420719
-0.04215745
0.04668177
-0.04061892
-0.00512931
-0.01448108
0.02143294
-0.02875154
0.07237981
0.03500686
-0.02390931
-0.00969071
-0.05145646
0.02102669
0.01589363
-0.02305251
0.00039585
0.05504786
-0.03370024
-0.05939935
0.03865457
-0.13649753
-0.04122007
0.06673504
0.01026050
-0.02410009
0.04662122
-0.05521715
0.10846144
-0.05223931
-0.00247263
-0.04616465
-0.02899483
-0.01899792
0.00918162
-0.00066133
0.01126824
0.03787860
0.00374742
-0.00490667
0.07177307
-0.06884061
0.02356888
0.09080869
0.00542756
-0.05563544
-0.03356105
-0.00472023
0.02930416
-0.01306076
0.05092680
-0.01646427
0.04691241
0.01684473
-0.02346949
-0.00228059
0.00499516
-0.05402256
-0.10077439
-0.02653901
-0.03527765
-0.02083963
-0.01737001
-0.04740519
-0.03056425
-0.03096317
0.03478998
-0.04459299
-0.03689197
0.04120323
-0.03112637
-0.04542547
-0.05535366
-0.02501529
0.00637974
0.04666094
0.03525686
0.04209705
-0.08328679
-0.03385983
0.00804699
0.00799103
-0.05900789
0.02033004
-0.05341035
-0.07681411
0.00567039
0.01703733
0.04410783
-0.01959720
0.01807517
-0.02981122
-0.04676161
0.01867924
-0.03345947
-0.00022442
-0.04795490
0.06662498
-0.01009526
-0.07174461
0.04346336
0.05498316
-0.04524286
-0.02987166
0.05489425
-0.00874811
-0.07879981
0.08352239
0.01072798
-0.04156622
0.03008881
0.01352136
-0.01803110
0.02674046
-0.03348321
-0.05211222
0.04918665
0.08732649
-0.00306795
0.01696421
-0.01366539
-0.03173249
0.03619115
-0.02981167
0.02927061
0.02980353
-0.00955972
0.06496560
0.01696191
-0.02247304
-0.09563102
-0.01456741
0.00958175
0.02520175
-0.03639545
-0.03506680
0.02191320
-0.09549377
-0.02588015
0.03336680
-0.02321928
-0.03947372
-0.01234852
-0.00297640
-0.15255517
0.16260475
0.03231495
-0.05845126
-0.03502693
-0.05321874
0.01756985
-0.01696921
-0.01764018
-0.02857159
0.03634112
0.03386604
-0.01706601
0.04220104
-0.04746106
-0.03981019
0.00376008
0.05400451
-0.04671434
-0.05029425
0.02867915
-0.10730496
-0.00108425
0.00676644
0.02026944
0.04665238
-0.02682822
0.02114879
0.02138415
-0.03382384
-0.10814374
-0.09450528
-0.02404389
-0.03304613
0.03221013
0.00575384
0.07085086
0.09114175
0.14565048
0.03660972
-0.08566381
-0.00309782
0.02883247
-0.05146322
0.03330539
-0.05268080
-0.02315192
-0.03468904
-0.05867127
-0.04718795
-0.03214317
-0.00400332
-0.11054343
-0.01050222
-0.00992339
0.04657681
-0.03551111
0.02163168
-0.01406968
-0.00616180
-0.00993574
-0.01933618
-0.03712850
0.02016086
-0.04793929
0.05907382
0.06660550
-0.02269353
-0.01592959
0.07816464
-0.00680524
0.05731599
-0.02243334
-0.05868469
0.00487890
-0.00325044
0.01101540
0.02980360
-0.00682289
0.05745630
-0.01780438
0.02609560
-0.04179878
0.01737333
-0.08968077
0.01288549
0.00782475
-0.04869331
0.00608171
-0.03133651
-0.01348235
0.05488267
0.04092965
-0.00540617
-0.03850158
-0.08587848
-0.00566052
0.05029299
0.04684405
-0.02325037
-0.05289520
-0.01219390
0.05090706
-0.00226878
0.00034007
-0.06510980
0.02306973
-0.01514229
-0.00158557
-0.02254453
0.00096378
0.00286296
0.04759272
0.05985605
-0.02983311
