-0.02457777
0.00653097
-0.01617809
-0.00720724
-0.00677354
0.03022365
-0.01092085
0.00150452
0.00388571
-0.00713008
0.01080011
-0.03671261
-0.01575204
-0.01952034
-0.01651863
-0.00787746
-0.00929200
0.01072449
-0.06339260
-0.00441920
0.00410554
0.02324338
0.02369433
-0.00708295
0.00772041
0.00896847
0.00265717
0.00499997
0.00697069
-0.00520198
-0.13003993
0.00889646
0.03546509
-0.03097615
-0.00935297
0.03785153
0.03379465
-0.00003324
0.00122122
-0.03848009
0.01784188
0.00782481
0.05757648
-0.01480938
0.02272039
0.01143762
-0.03680721
-0.03365349
-0.00676872
0.02799638
0.03157824
0.04730981
-0.04204635
0.00873054
0.03518097
0.00345818
0.00409416
0.02044903
0.45363742
0.02312474
0.00142398
-0.00195113
-0.01149255
-0.02510442
0.01481539
0.01445155
-0.01400487
0.02543038
-0.02753248
0.01300559
-0.02771574
0.00005452
-0.02603506
0.01962969
-0.02789531
-0.02806109
-0.01243685
-0.00074952
0.00378713
-0.18034154
-0.00392748
-0.00314909
0.01110848
-0.02633394
-0.00675044
-0.03932404
-0.02354175
-0.02047389
0.01253826
-0.01440052
-0.01676039
-0.03235741
0.06561151
-0.00100539
-0.00800986
-0.00331125
-0.00499771
-0.02990483
0.00344267
0.02931015
-0.00169063
-0.01285496
-0.01909839
-0.00189085
-0.01233012
0.01341913
-0.00472040
0.04685248
0.00876078
-0.02206213
0.00225924
0.00858729
0.01235449
-0.00839540
-0.00842291
0.00575235
0.05325088
0.00101409
0.00046127
0.01084578
0.02984941
0.02260195
0.01198790
-0.00624108
0.00432044
-0.00273315
-0.02537188
-0.00958056
0.00370595
0.06897250
0.02753284
0.02299482
0.03877904
0.01167206
0.00886707
-0.02972179
-0.00010979
0.01471761
-0.08965649
0.01448679
0.03112873
0.01894374
0.00098150
0.03091788
0.01717257
-0.13994010
-0.01000372
0.00310034
-0.00624261
0.01421157
0.06621603
0.02055224
-0.00846359
-0.01729243
-0.00755402
-0.03050041
0.01402492
-0.01587235
0.02213836
0.02886790
-0.01398989
0.05468832
0.00382496
-0.01610063
-0.00374406
0.02657366
0.04084969
-0.02598131
0.01190139
0.04678132
-0.01593819
-0.01274199
0.01453400
0.00560325
0.01658378
0.00835312
-0.00773626
-0.00355072
-0.01828868
0.01365822
0.01753072
0.01791171
0.02750525
-0.01042794
0.05652916
-0.24447070
0.15878376
0.02650957
-0.02136857
0.05105567
0.01141892
-0.02654436
-0.02874938
0.01676167
-0.02357312
-0.01540282
0.03094651
0.02869873
-0.03298555
-0.01395187
0.01593296
0.00461259
0.11261590
0.00692470
0.01032401
-0.05522140
0.01303125
0.00011775
-0.02148319
0.05533335
-0.03390593
-0.01610342
0.02587390
0.00900112
0.00807723
0.01343287
-0.00915099
0.01756821
-0.02268296
0.02130808
-0.01105609
-0.69472474
0.01978391
0.00857763
0.02141727
0.01369019
0.03629287
-0.01984331
0.04670706
0.01479224
-0.01895863
0.01418382
0.00868867
0.00333364
-0.06082061
-0.00726432
0.00265827
0.00435142
-0.00479235
0.00378762
0.00831306
-0.00247591
0.06830467
-0.04520239
-0.00614065
-0.01251805
0.02396618
-0.01380303
0.03011648
0.01418006
-0.01242070
0.02373791
0.03410154
0.03649810
0.00679827
0.01923150
0.19615655
-0.02794386
-0.10389772
0.06855410
0.05315311
0.02830264
-0.00353742
-0.10643261
0.01981199
-0.08285572
0.11111285
0.11763189
0.00363145
-0.10878789
-0.06030234
-0.10401424
0.03039469
0.03493848
0.00891065
0.00350521
0.10001460
-0.00242940
-0.05468920
0.17443098
-0.01346317
-0.05737342
-0.03024154
0.00941019
-0.04264941
-0.06643526
0.09711684
-0.07773852
-0.07314513
0.00247664
-0.05159770
0.01054046
0.07764371
0.13041157
-0.15361436
-0.12672849
-0.11164122
0.05146215
-0.02947627
0.06233544
-0.05395665
0.01622859
0.80340922
-0.03058053
0.05296886
-0.07243971
0.06212500
0.06370182
0.15009350
-0.05457639
0.02373825
-0.09103290
0.03146880
0.00201778
0.00427288
0.04645529
-0.00593130
-0.02063198
-0.06658966
0.00560038
0.01065273
-0.01098641
-0.00038031
-0.06928327
0.05173314
-0.00398852
-0.02668415
-0.01890804
0.03104929
-0.03824764
-0.06506520
0.04353015
0.02223285
0.04334717
0.01291447
0.01814360
-0.06861182
0.00709282
0.05043606
-0.00124179
-0.06182870
0.00585884
-0.06277883
-0.06601224
0.03431578
0.12775098
0.02598728
-0.03303681
-0.00356154
-0.03882274
-0.00117548
0.02698237
-0.05913894
0.05977019
0.05795794
-0.00161153
-0.00903789
-0.04174821
0.02637011
-0.01633763
-0.04480161
0.01476161
0.00079364
-0.02950254
0.04092116
-0.02753318
-0.01180618
0.02814319
-0.02132491
-0.02832631
-0.01799037
-0.04622284
0.02632199
-0.03052306
0.04481543
0.02166832
0.08963966
-0.00015281
-0.03326441
0.01133188
0.06079843
0.05981886
-0.09063198
-0.00918651
0.02010259
0.04059061
0.03311024
-0.02709553
-0.04727801
-0.01325532
-0.02392019
-0.03424248
0.06582018
0.02429516
0.01627071
0.00277438
0.07693789
0.02387781
-0.05113909
-0.08181852
0.03398690
-0.02715440
0.09978745
-0.01940576
-0.03739349
0.02468722
0.07868840
0.04396529
-0.01746321
0.00559673
-0.02568414
-0.01878963
0.07396390
0.00237563
0.00980063
0.00212055
0.02477715
-0.00752985
-0.05267898
-0.00578489
-0.02641628
-0.00391284
-0.09845697
0.01681725
-0.05184026
-0.02898911
-0.02343526
0.05180662
-0.07571360
-0.03979202
0.02690384
-0.01812159
-0.02052670
-0.03886473
-0.01040548
-0.02127657
0.02390685
-0.08163182
-0.03249760
-0.02128803
-0.03248435
-0.02574665
0.03183096
-0.02024093
0.00107251
0.00751917
0.07030815
-0.10428555
-0.02154079
0.01790345
0.02613700
0.01842084
-0.01057034
0.00762799
0.00687842
-0.00646100
0.00410869
0.00483018
0.00012347
0.09857704
0.16246536
-0.02840837
0.00555084
0.04355727
0.02329754
0.01739175
0.00993017
0.03961974
0.03278595
0.03844563
-0.04211952
-0.08770744
0.04816282
-0.01490239
-0.02181973
-0.00917895
0.03292393
-0.04142647
-0.08422543
-0.02490073
0.01803697
0.02826162
-0.00337301
0.00652331
-0.01924528
0.05399007
-0.00860560
0.02438067
-0.05645681
-0.06503062
0.05400304
-0.05289764
-0.05244772
0.04732046
0.01388004
-0.02614351
-0.06775854
0.01040567
-0.00519843
-0.07601795
0.00877177
0.01364420
-0.01670620
0.04019348
-0.02032476
-0.03065180
0.02026224
0.02611833
-0.02580799
0.03244393
0.03385191
0.07521215
-0.04862898
0.08923184
-0.00519632
-0.06726006
0.01627620
0.00398090
-0.06651929
-0.03026180
0.03850618
-0.01857246
-0.06007340
-0.04368846
0.00770669
-0.05476496
-0.00998386
0.05014706
-0.02504984
0.02957711
-0.02376330
-0.07432055
-0.04763580
-0.00571083
0.00694179
-0.05287920
0.02367973
0.01884653
-0.04794499
-0.00313373
0.01445789
0.02409876
-0.03539966
-0.03288037
-0.00451002
-0.02436214
-0.07766760
-0.08567356
0.06028938
0.04899655
0.02447922
0.00399710
-0.04745824
-0.02423885
-0.02060361
-0.01774377
0.04355770
-0.01240624
-0.04834446
0.00536602
-0.03997802
-0.04393664
0.06594031
0.01628484
0.03902156
-0.04537364
0.02447353
0.02935128
-0.05283974
-0.00418916
-0.07291231
0.04247722
0.04561915
0.01910873
-0.02855203
0.02745466
-0.01148261
0.00891201
-0.02226742
0.01246445
0.00203770
0.04812571
0.00596808
-0.03044348
-0.01668884
-0.07947968
0.02912397
-0.01649679
-0.03864439
0.05134868
0.00820642
-0.03607921
-0.05933471
0.02982059
-0.03246323
-0.04173889
0.06560919
0.04497872
-0.00257863
0.02293857
-0.02477010
0.05822927
-0.06176002
-0.00867665
-0.03098508
-0.01105288
0.00163863
0.02257768
0.01768197
0.02110945
0.05081495
-0.00315332
-0.00392868
0.07832592
-0.10367882
0.01467703
0.02472948
-0.01636893
-0.07502159
-0.01406921
-0.01382326
0.03027107
0.00994749
0.07583749
-0.03628788
0.00573896
0.02508006
-0.01878382
-0.04437898
-0.00307466
-0.05077107
-0.04788384
0.00818080
-0.02567718
0.03382417
-0.00461173
-0.05483411
-0.00125033
-0.01573435
0.02536425
-0.06306665
-0.02960508
0.03221000
-0.01964643
-0.03755909
-0.05040138
-0.00493945
0.02932471
-0.00746207
0.01390440
0.03900350
-0.10133655
0.00441385
-0.01489049
0.02076266
-0.07290316
0.00477624
-0.04446316
-0.07353958
0.04491923
0.04728963
0.04702297
0.00038568
-0.00007832
-0.07265481
0.00027202
0.01989951
-0.05463695
0.01023615
-0.06420431
0.03927192
-0.00672069
-0.06062112
0.01723470
0.07531833
-0.02250621
-0.03145956
0.01546782
-0.04927847
-0.12379202
0.05050313
0.02886464
-0.00700064
-0.02138929
0.02214738
0.02091015
0.02312579
-0.01702100
-0.05177207
0.01638091
0.07316826
-0.01086951
-0.00393108
-0.02123502
-0.01032608
0.02911977
-0.01815254
0.02795307
0.05753057
0.03595096
0.03827917
0.05796796
-0.07109883
-0.09287883
0.00680303
0.03725312
0.00644499
-0.03542940
0.01441477
-0.01857128
-0.08451403
-0.06318590
0.05150754
-0.01433421
-0.04730398
-0.00885441
-0.00996097
-0.13103244
0.10446040
0.02677102
-0.03422835
-0.03354199
-0.03772060
0.00859663
-0.01504261
0.03288440
-0.04018037
0.00048377
0.03686495
-0.04241581
0.02390342
-0.02524105
-0.04005649
-0.00655081
0.03858878
-0.07613578
-0.06100084
0.06511003
-0.12342674
0.00591218
0.00863979
-0.01310144
0.03632218
-0.02947240
0.01741898
-0.00834957
-0.05602418
-0.11538913
-0.08786041
0.00664235
-0.04192691
0.02049087
0.02970882
0.11511363
0.09859262
0.15313031
-0.00974872
-0.12443887
-0.02709643
0.06316251
-0.06903572
0.07829408
-0.07178952
-0.03139581
-0.05712694
-0.09588788
-0.06531337
-0.01902127
0.00417126
-0.12668219
-0.01709792
-0.03951289
0.02144981
-0.02453344
0.05814590
-0.01653066
0.02179893
-0.02101626
0.03660255
-0.02505223
0.00087632
-0.05238004
0.10429421
0.08778640
-0.00344979
-0.01591847
0.06564301
0.02039385
0.02721571
-0.01970312
-0.03564937
0.00994909
0.00441786
0.02351157
0.02787291
0.00625250
0.03333208
-0.03850176
0.01948732
-0.05611742
0.00788704
-0.08193215
0.02397786
0.02090181
-0.06775701
-0.01392956
-0.03159415
-0.00717520
0.03872321
0.02054958
0.01747560
-0.04806347
-0.02362525
-0.04997102
0.00605092
0.04367413
-0.00452252
-0.03761257
-0.00647990
0.01904253
-0.01279261
-0.03872672
-0.07142083
0.05836743
-0.01589924
0.01771016
0.02269645
-0.03307257
-0.01976562
0.03930599
0.05022395
0.02669191
