-0.01255846
-0.01113599
-0.05051838
-0.05461161
0.00297792
0.03286434
-0.01571151
-0.02102621
-0.00535677
0.01011819
-0.00537578
-0.00127580
0.01215857
-0.07281417
-0.03943595
-0.02753485
0.01266235
-0.02473046
0.06598249
0.01943528
0.00486296
0.02979783
-0.03711830
-0.01726183
-0.01093339
0.03018418
0.01468458
0.04703897
-0.00551476
0.00943330
-0.05410377
-0.01634573
0.00913143
-0.03068136
-0.03648813
0.05809239
-0.01165008
0.02275317
-0.00048615
-0.05599173
-0.00779575
-0.00957647
-0.05946623
-0.06610288
-0.01080687
0.03259625
-0.07028522
-0.01107893
0.01743848
0.02713502
0.01185607
-0.05421579
-0.04223740
0.03773706
-0.02146151
0.00933827
0.01482834
0.00577778
0.43650499
0.06941780
-0.03261990
0.01729752
0.00279823
-0.00827463
0.01611021
0.00208334
0.02127578
-0.00628682
0.04199688
0.04177213
0.00326737
-0.01181803
-0.03092068
0.02537152
-0.01239015
-0.04681540
-0.06504977
-0.01256897
0.01898694
-0.02158497
-0.00778134
-0.00122310
0.02133145
0.04478535
0.03819219
-0.00669141
-0.00965049
-0.00601132
0.03958202
0.02962906
0.02429347
-0.01882325
0.04221825
-0.00111663
-0.00695766
-0.00902183
0.02404777
-0.04284346
0.02896656
0.00624423
-0.01606281
-0.04423301
-0.00304908
0.02390683
0.01394142
-0.01108490
0.00804995
0.03989774
0.00994639
-0.06354918
-0.00496462
0.01828714
0.00692903
-0.00743534
-0.00653116
-0.01308952
0.06461275
-0.02176407
0.02122182
0.01513615
0.01323369
0.00375818
0.00885664
0.00240621
-0.00531001
-0.00107887
0.02406086
-0.00772038
0.01279001
0.05902561
0.01241197
-0.00871208
0.00355945
-0.00517405
-0.01707448
-0.00182303
-0.02583952
0.04234188
-0.15463616
0.03872907
-0.02147271
-0.03060109
-0.00771497
0.02718455
-0.02456769
0.06638588
-0.04555852
0.01300332
-0.00752050
-0.01543662
0.05392076
0.02321906
-0.02439247
-0.01193246
-0.00112271
-0.03598547
0.02259626
-0.00739798
-0.05368314
0.02308729
0.01264687
-0.04071050
0.03543223
0.00902373
-0.01714807
0.05190254
0.01888614
0.00572300
-0.01301470
0.04355812
0.00860795
0.00035751
0.02852009
-0.00226201
0.03709445
0.01117850
0.04088648
-0.03408444
-0.04350580
-0.00794165
-0.04327216
-0.02575953
0.00194142
0.01729289
0.05267364
-0.08931757
0.07166173
0.00126871
-0.01053591
0.06355638
0.04984981
0.03091767
-0.00922268
-0.01405140
-0.00722551
0.00427458
0.01259183
0.03778340
-0.02474833
-0.03567393
0.08179296
0.02673953
0.12296132
-0.01898644
0.01386902
-0.05389253
0.00243810
-0.00529736
-0.01385643
-0.05587680
-0.04179987
0.02272576
0.02562731
0.00231596
-0.01212119
-0.00904029
-0.00489246
0.02795046
-0.02048165
0.03387531
-0.01491435
-0.73780620
0.01343872
-0.05514548
-0.01574241
-0.01500593
0.02686795
-0.04755621
0.01576220
-0.01621049
-0.00516542
-0.03127195
-0.00776206
0.02108738
-0.03758288
0.00131197
-0.02276422
0.01365290
-0.00205561
-0.00519884
0.00061375
0.02800734
0.00493461
-0.06515856
0.02100521
0.00951270
0.05436287
0.03185388
0.00393541
0.01370698
-0.00802234
0.02121226
0.02742806
0.01098712
-0.00130193
-0.00666775
-0.01031100
0.06590457
-0.08322922
0.12580664
-0.11691378
0.03466860
-0.04205950
-0.02465695
-0.02569169
-0.05157550
0.05555727
0.18974806
0.08483123
-0.01513486
-0.03779578
-0.04075114
-0.03227641
-0.09929828
-0.04839576
-0.00420423
0.10941970
0.12241966
-0.15866812
-0.09523930
0.08690142
-0.07428177
-0.03836602
-0.08551412
-0.13531104
0.00114082
-0.05474083
-0.03620115
0.06057946
0.09619374
0.05948159
0.10905757
0.02751872
0.05780367
-0.10412335
-0.02200044
-0.12198967
0.15925281
0.01680902
-0.04075012
-0.07990198
-0.04001094
0.77493936
-0.08773904
0.10196336
-0.02108686
0.08216315
0.13594629
0.05165399
-0.01982207
-0.04957088
-0.08251970
-0.01163024
0.04007977
0.08211067
0.11672532
-0.02860224
0.00481244
-0.09058268
-0.04413781
-0.00892886
0.00797610
0.00402116
-0.05234427
0.04828575
0.00329997
-0.03058519
-0.01668640
0.02168330
-0.02211562
-0.07763028
0.02566946
0.01029698
0.04137661
-0.00001209
0.01167120
-0.06344116
0.02406387
0.03861526
0.00448230
-0.03472392
0.00666805
-0.06520817
-0.04518617
0.06300862
0.15929489
0.01277483
-0.03483903
-0.02554871
-0.03816435
0.00383287
0.00560249
-0.04644549
0.05967065
0.03356271
-0.01290353
0.00215385
-0.01924237
0.00755105
-0.01818723
-0.04491731
0.04502620
-0.00149299
-0.02570822
0.04088848
-0.04258527
-0.00540271
0.06773145
0.01495620
-0.02493315
-0.00332483
-0.05261851
0.03541633
-0.04699691
0.03924654
0.04666479
0.06361063
0.00325169
-0.01846703
0.02915643
0.06932269
0.04237456
-0.07096189
-0.01250361
-0.00700114
0.04244848
0.02230337
0.00000016
-0.00930478
-0.02971203
-0.01192708
-0.03314911
0.04228983
0.01981745
-0.00217353
-0.00427957
0.04873762
0.04475479
-0.02088219
-0.09464366
0.04123953
-0.03903646
0.07233296
-0.01814649
-0.03807963
0.02362722
0.05376532
0.02286705
-0.02980186
-0.00905301
-0.02383156
-0.00776536
0.04942221
0.01423001
0.02011549
0.02391974
0.01666500
-0.01274118
-0.05216128
-0.01355401
0.01962021
-0.00695309
-0.11060204
0.01850761
-0.04164222
-0.06311129
-0.00922556
0.04294916
-0.07035993
-0.02721657
0.01386117
-0.00308297
-0.01719866
0.00510488
-0.00852227
0.00192410
0.03503566
-0.05172101
-0.01049566
-0.02899981
-0.03487759
-0.02741954
0.02647216
-0.02108756
0.00076323
0.03508110
0.08743441
-0.13103870
0.00249596
0.03314533
0.02499065
0.00756014
-0.01488007
0.00577035
0.00063550
-0.03742865
0.00641525
-0.00680992
-0.01951804
0.08872657
0.16381012
-0.02576777
0.01855068
0.03617349
0.00448172
0.01269308
-0.00920261
0.01570424
0.05866298
0.03925795
-0.06524956
-0.06403480
0.02432443
-0.03112887
0.00034334
-0.00454965
0.01073548
-0.04141756
-0.06335827
-0.05659176
0.02360303
0.05063090
0.00987662
0.01876515
-0.01749653
0.03692203
-0.01513254
0.02984575
-0.07322406
-0.04389651
0.02420575
-0.05940259
-0.02661379
0.02605497
0.03272001
-0.01706089
-0.04498519
0.02363612
0.02164428
-0.03924642
0.03131502
-0.01285974
-0.01822397
0.03406721
0.00584351
-0.02831902
0.01711364
0.06533877
-0.00947482
0.04299710
0.02851866
0.06953190
-0.01393275
0.08322444
-0.01773345
-0.02698898
0.01284503
-0.00938598
-0.03702397
-0.02735798
0.03443013
-0.05163820
-0.08646461
-0.05582722
0.01388215
-0.02202233
-0.01471611
0.07248556
0.00492780
0.03599283
-0.02216883
-0.03807691
-0.05233363
0.01944154
-0.03084428
-0.03318494
0.01047596
0.02482003
-0.05015495
-0.00414579
0.02142830
0.03229710
-0.04556336
-0.02725097
-0.02745096
-0.04023390
-0.08719175
-0.07036240
0.07094047
0.02338148
0.02095605
0.01866441
-0.04764486
-0.00707136
-0.03490440
-0.04371294
-0.00232825
-0.01468952
-0.03538439
-0.02183489
-0.04823992
-0.01728976
0.04860459
0.02233708
0.01472655
-0.07596246
0.02982286
0.02082196
-0.02897689
-0.00858991
-0.04369360
0.05805163
0.03061075
0.00738822
-0.02536185
0.02136035
-0.02000443
0.00459133
-0.02520584
0.01743928
0.02040248
0.03970989
0.00358261
-0.03337627
-0.00545773
-0.09116490
0.02663788
-0.01032668
-0.00927070
0.02281343
0.02569053
-0.01709390
-0.07028574
0.01625126
-0.10070723
-0.02431427
0.04775873
0.07116140
0.01153946
0.04085407
-0.04509109
0.08417392
-0.02195104
-0.00413025
-0.03147163
-0.04140070
0.01685120
0.01724013
0.03262695
-0.00454830
0.02261402
0.00507729
0.00460954
0.00602214
-0.14784917
0.02648260
0.05152456
-0.02918944
-0.06278255
-0.00270594
-0.01178753
0.01115178
-0.00960044
0.07153812
-0.00163374
0.01462331
0.01967466
-0.01364299
-0.03080574
0.01193769
-0.02744004
-0.09876692
0.01559100
-0.01699530
0.01724309
-0.04422940
-0.08032320
-0.00238432
-0.00597129
0.03179303
-0.03077029
-0.03214794
0.02316222
-0.01776117
-0.01755329
-0.02559359
-0.01655996
0.02408194
-0.02861260
0.01960291
0.03392454
-0.12844302
-0.02052221
-0.04767526
0.00538551
-0.03564262
-0.00803828
-0.05578307
-0.07531321
0.03893364
0.02899571
0.04392580
0.01108347
0.02398491
-0.05093765
-0.05151781
0.02103228
-0.04697229
-0.00412359
-0.06715490
0.04908744
-0.00509837
-0.04417321
0.01956158
0.05111108
-0.02496215
-0.02957472
0.01668242
-0.03763139
-0.09757693
0.04643682
0.02578937
-0.01232948
-0.02170420
0.04399242
-0.01356291
0.01412270
0.00135408
-0.05853295
0.01741838
0.06091941
-0.00738085
-0.02651817
-0.01842987
-0.00585360
0.03702718
-0.01326357
0.02115703
0.04948453
0.04909315
0.02651901
0.03554969
-0.08178120
-0.08537899
0.01103048
0.02102027
-0.00182960
-0.09425794
-0.01094540
-0.01762313
-0.10119853
-0.04032936
0.05319996
-0.02175939
-0.04828892
-0.00679981
0.00250848
-0.14555432
0.16336294
0.03532264
-0.04074802
-0.05853262
-0.03963657
-0.00163145
-0.00319225
0.06726213
-0.02202573
0.01192660
0.03800699
-0.01583713
0.02846774
-0.00641013
-0.05344053
-0.02260424
0.05943640
-0.05768230
-0.07145958
0.05985555
-0.14801052
-0.00288616
0.03450872
-0.00264987
0.02275087
-0.02097472
0.00852425
0.02193007
-0.07226647
-0.09364484
-0.08265176
-0.00994404
-0.02233489
-0.01177848
0.01886066
0.09439227
0.07036103
0.17305644
0.01339876
-0.11508729
-0.01952074
0.05601021
-0.01171929
0.06503685
-0.07253638
-0.02121838
-0.02055454
-0.06601820
-0.05358711
-0.03597495
0.00201919
-0.13932976
-0.02035070
-0.05929297
0.04540436
-0.03859488
0.06391659
0.00498957
-0.00130384
-0.01516722
0.03683599
-0.01681824
-0.02241103
-0.05176000
0.12865347
0.05763644
-0.00642146
-0.02065278
0.06932516
0.00419146
0.01409527
0.00711132
-0.03262223
0.01279335
0.00785582
0.00872365
0.01822643
-0.01724453
0.03037202
-0.02618330
0.00806843
-0.01316583
0.00259008
-0.09423085
0.03425646
0.00007831
-0.02898267
-0.02416830
-0.02236530
-0.01459369
0.02519295
0.01004201
0.03513262
-0.06101058
-0.02045892
-0.05202695
-0.01510435
0.03783521
0.00236771
-0.00791264
-0.01966919
0.00209363
-0.00364860
-0.03466622
-0.09272029
0.09247994
-0.00162256
0.08365571
0.01584800
-0.02970173
-0.05071536
0.05444440
0.02806625
0.01443657
