-0.01915831
-0.00897809
-0.02162369
0.00039371
-0.00035755
0.02413332
-0.01701770
-0.01814033
-0.00935543
-0.00548015
0.02818910
-0.01532931
-0.01926347
-0.01533057
-0.02703103
-0.00057363
-0.00734418
0.00714028
-0.02334064
-0.00533379
0.00729036
0.01508482
0.03087932
0.00212186
0.00270682
-0.01016693
-0.00657915
-0.00200194
-0.00569660
-0.01064850
-0.07628571
0.00311351
0.04191782
-0.03350475
-0.00988200
0.03415800
0.04049511
0.00482393
0.00014839
-0.00550496
0.01089369
0.01138185
0.05371304
-0.01974931
0.01304469
0.00109750
-0.04521944
-0.02452865
-0.01188252
0.03152473
0.02857895
0.05762436
-0.01359524
-0.01590247
0.03129717
-0.00256653
0.02357260
0.01251213
0.46787718
0.04316681
-0.00834449
0.01413741
-0.00745188
-0.00771526
0.00597036
0.01212104
0.00367553
0.01806508
-0.03057228
0.01475104
-0.01185274
-0.00199037
-0.03273416
0.00489041
-0.02113308
-0.00445195
-0.01853236
-0.02509366
0.01135688
-0.17488566
-0.00661042
-0.00845999
0.00109334
-0.01106354
-0.00664041
-0.01260911
-0.02238167
-0.02073696
0.02109041
-0.02950043
-0.01788558
-0.03207928
0.05797540
0.00831296
-0.01817067
0.01503727
-0.00448397
-0.02878529
0.01223840
0.03389553
-0.00012563
-0.01604518
-0.03914348
0.00570537
-0.00632544
0.01350238
-0.00474638
0.03432729
0.01704451
-0.02489057
0.02571049
0.01485869
0.01775825
-0.00100875
-0.00376629
-0.00091086
0.05124170
-0.00256277
0.00553190
0.00615712
0.02481982
0.02566483
0.03303361
-0.02006510
0.01378252
0.00146714
-0.02541668
-0.00826984
-0.00362888
0.05039474
0.03519069
0.01733074
0.03413546
0.02568848
-0.01562158
-0.00179158
0.01722759
0.02025194
-0.07405421
0.02145608
0.03339881
0.02195694
-0.02183440
0.03048787
0.01292220
-0.12014743
-0.01341072
0.00219804
-0.00523114
-0.00130633
0.07403105
0.02323086
-0.00835529
0.00045091
-0.00309292
-0.01796985
0.02726909
-0.01587456
0.02977607
0.03279693
-0.00624291
0.06099550
-0.01631662
0.00439154
-0.01082032
0.03250447
0.04495455
-0.03054710
0.01359302
0.02890280
-0.00282528
-0.02390331
0.02157249
-0.00358322
0.02701818
0.00610044
-0.00252454
-0.00226162
-0.01241944
0.00967264
0.00882391
0.01296605
0.00676691
-0.01374714
0.05770263
-0.21456054
0.18729635
0.02468653
-0.01499496
0.03685061
-0.01474440
-0.01191828
-0.02817928
0.02560801
-0.05012961
-0.00173994
0.04473377
0.03514610
0.00445644
-0.00864817
-0.00389891
0.00336078
0.11204455
0.00529827
0.02113073
-0.05775713
0.00716836
-0.00321889
-0.02215077
0.04532577
-0.01303276
-0.01632745
0.01496001
0.02023732
0.01918033
-0.01150490
-0.01303347
0.04034057
-0.02479772
0.01829840
-0.00383576
-0.70486033
0.03126102
0.00425846
0.01537891
0.00627073
0.05320187
-0.01832148
0.04442339
0.02857619
-0.02807611
0.02476813
0.01755893
-0.00074577
-0.06215408
-0.00533286
0.02125966
-0.00266187
-0.00417576
0.00383793
0.00527177
-0.01414386
0.05593402
-0.03321321
-0.00522855
-0.02244193
0.02646581
-0.02318693
0.01958442
0.01906262
-0.01624954
0.02478997
0.03109527
0.02706008
0.00354356
0.02258045
0.17374752
0.07288671
-0.10495436
0.15573037
0.02793984
0.03921928
-0.10689975
-0.08142880
-0.07896309
0.01251066
0.07266940
0.26104948
0.01504557
-0.07237708
-0.04156198
0.00884812
0.01200699
-0.07074355
-0.04918155
-0.00895148
0.08969866
0.11723635
-0.12282620
-0.01331700
0.04379703
-0.07689657
-0.05061676
-0.10974068
-0.10087068
-0.03683942
-0.01072006
-0.02754590
-0.01140116
0.02457079
-0.03227644
0.04182103
0.02234037
0.11359276
-0.19426651
-0.00731841
-0.10852273
0.19419520
-0.10356079
-0.01417989
-0.18176611
-0.07364985
0.68623817
-0.12991054
0.05302264
-0.11310837
-0.00324722
0.12950866
0.02373929
-0.05567080
0.00637811
-0.15469621
-0.04597261
0.07116713
-0.04421618
0.10177200
0.00433060
-0.06695597
-0.12278058
0.04163777
0.01811933
0.01005460
0.00427814
-0.04349200
0.04817317
-0.00129484
-0.02562468
-0.03360624
0.00490106
-0.00769937
-0.03258095
0.04811949
0.00391804
-0.02540610
-0.04183999
-0.04086414
-0.00166002
0.01738466
-0.03429521
-0.01597088
-0.07280502
0.00046386
-0.07391341
-0.02717365
0.09354775
0.00739500
0.01575127
-0.02727694
-0.02358803
-0.00797794
0.02960695
0.01646107
-0.08163647
0.09202747
0.04143839
0.01839746
0.01752927
0.00902663
0.04618527
-0.04065320
-0.02001802
-0.06458016
0.03594806
-0.03983710
-0.00786656
-0.01335163
0.02131713
0.02713993
0.02264896
0.00209292
-0.03517728
0.04895565
0.09720609
-0.03632444
0.03491025
0.02041495
0.02773340
-0.01928686
-0.04261117
0.01602197
0.04361840
0.03933899
-0.01502049
-0.00952776
0.03998234
-0.00358417
0.06977395
-0.02409730
-0.03655505
0.00619875
-0.03368407
0.02719012
0.05343598
0.02564812
0.00665694
0.06907383
0.08211429
0.08237170
-0.07232661
-0.03058681
0.01269799
-0.01755484
0.00006113
-0.02244792
-0.03147544
0.02320187
0.07943374
0.04632699
0.00632491
-0.00269149
-0.03858477
0.00016753
0.05411018
0.01610321
-0.01533921
0.01468415
0.06393785
-0.03462397
-0.01718307
0.01059752
-0.01397827
0.01356687
-0.01011746
-0.03245712
-0.03792207
-0.05744283
0.00462286
0.08356196
0.03136468
-0.01491651
-0.01017763
0.07792553
-0.02421750
0.00191982
0.02994056
-0.00613430
0.04917504
-0.03720766
0.04472847
0.03042382
-0.02900996
-0.02652516
-0.02223679
-0.03620781
-0.03505462
0.03405986
0.01029987
-0.12931056
0.04720877
0.06122117
0.06651516
0.05547386
0.02063095
0.02671425
0.01299360
-0.01646373
0.01483875
0.02462553
0.00237012
0.06330008
0.12992381
0.00721344
-0.00686377
0.01242952
0.00751201
0.02420286
-0.01906508
0.01430876
0.01982720
0.04862972
-0.03550907
-0.05406504
0.00632272
-0.04273311
-0.07843352
-0.02908190
0.02815579
0.02842388
-0.06685799
-0.02230323
-0.01043802
0.05200831
0.00853672
-0.02185999
0.04417222
0.02464324
-0.02297480
0.00066467
-0.03886842
-0.02871917
0.05818158
-0.07946487
0.00534824
0.03459734
-0.01605685
-0.01976599
-0.06308744
-0.02732392
0.07048577
-0.08241850
0.05694092
-0.02946532
-0.05704211
0.04323789
-0.00358085
-0.06312005
0.02027025
-0.00503933
-0.00388000
-0.04461956
0.01871552
0.04902580
-0.08071128
0.08230311
-0.02433725
-0.03827709
0.00570385
0.00907708
-0.03970963
0.00317817
0.03409313
-0.09369648
-0.12624319
0.04322830
0.00103181
-0.03745399
0.04228265
-0.04045367
-0.11330839
-0.02009071
-0.01461043
-0.04744358
0.00866839
0.02040742
0.09950916
-0.04746914
0.03416874
0.05435489
-0.02196470
0.02320539
-0.00286857
-0.01197756
-0.01620835
-0.03349525
0.02808506
0.02122297
-0.03006273
-0.07388251
0.04953237
0.02269067
0.02736467
-0.04540776
-0.03638409
-0.05818906
-0.05260956
-0.00742142
0.05019743
-0.06216751
-0.04182370
0.01322271
-0.08395173
-0.08395702
-0.01045350
0.04501517
0.02536175
-0.06407029
0.03998100
0.01518068
-0.04434161
0.00507687
-0.05984589
-0.00710030
-0.03207992
0.06424333
0.00225669
0.04417823
-0.03629918
0.00261870
-0.03765827
0.02640510
-0.02748141
0.05465827
0.04238240
0.00500626
-0.05552164
-0.05278231
0.01223653
0.00782209
-0.00580051
-0.00806198
0.06638302
0.00037104
-0.06877708
0.04430964
-0.11515208
-0.02521764
0.04364464
0.05100495
-0.00922282
-0.00535967
-0.10208113
0.08655015
-0.01992365
-0.00868622
0.00549996
-0.04997523
-0.03384434
-0.02490965
-0.01721270
0.01601257
0.04081523
0.01429482
0.00420335
0.02589251
-0.09002157
0.03840065
0.09604444
-0.01830694
-0.07148744
0.00159782
0.02225908
0.00669717
0.02939092
-0.00055099
0.03046143
0.12024247
0.04781112
-0.03227890
0.04721637
0.00302332
-0.08379598
-0.05787341
-0.03199305
-0.10633424
-0.01980849
0.00981999
-0.03512116
0.00797883
-0.01922346
-0.00727541
-0.03405778
-0.06719700
-0.02691734
-0.04340052
-0.05733652
-0.04954090
-0.01109264
0.02628350
0.03386468
0.05450602
0.05225698
-0.04155246
-0.02601940
0.01900003
0.04234651
-0.03995927
0.05796809
-0.04882993
-0.04721807
0.05637877
0.09330615
0.05413578
-0.01464721
0.03608365
-0.00780795
-0.02036475
0.02017267
-0.05128815
0.01609315
-0.02193432
0.07097121
0.03058152
-0.07705354
0.01569398
0.09035123
-0.06842628
0.03836016
0.04108984
-0.00288902
-0.04520529
0.10056379
0.00508589
-0.05994550
0.02271741
-0.03601404
0.02323257
0.00569603
-0.03447044
-0.04530245
0.02454511
0.05045028
0.00799911
0.06308034
-0.00089262
-0.00935060
0.05897469
-0.04827875
-0.00608159
0.02374806
0.01023845
0.03555008
0.02930930
0.00200500
-0.08747780
-0.05039343
-0.00352042
0.01389036
-0.00676629
-0.08629604
0.02505018
-0.05707299
-0.07273764
0.04282096
-0.04963206
-0.02139697
0.00033489
0.02636468
-0.05426310
0.13134465
-0.00599670
-0.03490185
0.05731845
-0.04580014
0.01651334
0.03149126
0.00417065
-0.06366567
0.04619570
0.04493879
0.02215530
0.06307329
-0.02764550
0.01557581
0.01362821
-0.01449845
-0.02907441
-0.05348669
0.02904557
-0.03798895
0.04453281
-0.01804529
-0.05539464
0.01430325
0.00243520
-0.02169153
0.02930864
-0.04329189
-0.07872274
-0.10890897
-0.01080878
-0.04479400
0.08286457
0.00894594
0.04605284
0.08577536
0.06368692
0.04579350
-0.05484263
0.00647831
0.02591152
-0.01787725
-0.05620942
-0.10949121
-0.06078174
-0.02386608
-0.05065620
-0.01029106
-0.08024937
-0.01185423
-0.06795536
0.03993356
-0.03630976
-0.04213619
0.03724641
-0.01328944
-0.06198547
-0.02177349
-0.01636598
-0.02941891
-0.08474105
0.00338451
-0.05561065
0.00812868
0.04077543
-0.12183598
-0.03849903
0.06391191
0.00060078
0.01982013
-0.02846185
-0.07803578
-0.02676777
-0.00066213
-0.01734736
0.01284498
0.01849209
0.06531482
-0.05165625
0.03466563
-0.07340627
0.02949781
-0.03843099
-0.00107589
0.04739335
-0.02524337
-0.00465655
-0.06126190
-0.02198495
0.02073941
0.00002378
-0.00637851
0.00046913
-0.06655633
0.00875383
0.00838633
-0.00700129
-0.04275153
-0.03483313
0.00199164
0.05943535
-0.02098881
-0.02292700
-0.05865650
0.05967524
0.00062207
-0.01278108
-0.00065477
-0.00274265
0.00702043
0.02325687
0.02288812
0.00340986
