-0.02273164
-0.00676669
-0.02500589
0.00741509
-0.00616022
0.02856841
-0.01301110
-0.00631438
-0.02047063
-0.00363765
0.02738820
-0.01376530
-0.00241800
-0.01263200
-0.01449706
0.01094280
-0.00868030
0.03041724
-0.00885990
-0.01352464
-0.00021836
-0.01343884
0.04048862
0.02475461
0.00445646
-0.02366761
-0.01841025
0.00182636
0.00285209
-0.00536650
-0.01857474
0.02120811
0.02763999
-0.03000147
-0.01327864
0.00786136
0.04474668
0.00534114
0.02125679
0.02814821
0.00747433
0.01495603
0.05286758
0.00250740
0.01558325
-0.00307367
-0.04401446
-0.02254293
-0.02103915
0.01796688
0.02516477
0.04216914
0.02619680
-0.00648926
0.03126694
0.00758914
0.01654268
0.01955589
0.47632772
0.04047799
-0.00791636
0.01705104
-0.00147711
-0.00377266
-0.00206497
0.03581326
0.00077406
0.01953800
-0.06761961
0.00826036
-0.01731377
0.00295371
-0.01322474
0.00532942
-0.05426461
0.00653394
0.00263175
-0.03061599
-0.00951799
-0.17263040
-0.00256169
-0.00506886
-0.00624411
-0.00692346
0.01803648
-0.01637364
-0.02838664
-0.03272869
0.00927998
-0.03077658
-0.02046808
-0.00969225
0.01966021
-0.01325931
-0.01130302
0.01332674
-0.00042211
-0.02732256
0.01856831
0.03120341
-0.00750147
-0.00987905
-0.02117385
0.00017424
-0.00538014
0.02581440
0.02089622
0.02818544
0.00309793
-0.00412838
0.01128954
0.01189181
0.04495009
0.00808952
0.00053052
0.00681539
0.06446604
0.00147547
-0.00337442
0.00257403
0.02617596
0.02015166
0.02640854
-0.00291885
0.00558007
-0.00547687
-0.04616388
0.00158327
-0.00351625
0.02178163
0.06079389
0.01535786
0.03139648
0.01919212
-0.02142309
-0.00584360
0.05453558
0.00051232
-0.02169486
0.01620986
0.03775081
0.01654658
-0.00503328
0.02993835
0.01785059
-0.08496017
-0.01000220
0.00217271
-0.00694252
0.01488520
0.06384261
0.01136023
0.01927534
0.02548516
-0.00774158
-0.02970591
0.03498349
-0.02653511
0.03282265
0.02234884
-0.01171335
0.06412981
-0.05042670
-0.00587907
-0.00800642
0.02147159
0.01390582
-0.02454277
-0.00412929
0.01848663
-0.00234754
-0.01350152
0.01350755
0.01641128
0.00946093
0.00096541
0.00359175
0.00170606
-0.00148004
0.01266874
0.01930607
0.00832473
0.01365541
-0.01639844
0.05923856
-0.16557164
0.19637656
0.02208579
-0.00657212
0.01963866
-0.05149744
-0.02719612
-0.02177601
0.02750794
-0.04830676
-0.00748283
0.04959240
0.01999061
0.03275739
0.00049597
-0.04979317
-0.01110744
0.10375459
0.02306800
0.02346777
-0.02249168
0.00503347
0.01368653
-0.01860844
0.04941864
-0.00631882
-0.00602158
-0.00075798
0.01433156
0.01189568
-0.03332845
-0.00382421
0.02333644
-0.01876207
0.02248245
-0.00278568
-0.71609616
0.02811120
0.01953180
0.01381778
0.00681771
0.07513654
-0.00495595
0.03663611
0.03484950
-0.01743601
0.02323692
0.00525727
0.00133783
-0.06022609
0.00908565
0.03500557
-0.00737629
0.00072990
-0.00688640
-0.00224061
-0.02419702
0.05659638
0.00469704
-0.01311364
-0.02489685
0.02667523
-0.04216713
0.02362557
0.05751516
-0.00475077
0.01384477
0.01558540
0.03322800
0.01594690
0.01468357
0.15627010
0.04320018
-0.12360220
0.18210435
0.00361721
0.01208225
-0.02316188
-0.03643689
-0.04959461
-0.01190296
0.08785589
0.16939737
0.02235214
-0.03352538
-0.06810446
0.00968618
-0.00772933
0.00585888
-0.07746704
-0.03589113
0.02083053
0.10675168
-0.11646007
0.02425052
0.03351770
-0.03707253
-0.03677068
-0.09663878
-0.09880614
-0.02369570
0.04707153
-0.01630406
-0.00350226
0.01159096
0.01803489
0.04687791
-0.03482581
0.08568896
-0.14866690
0.01847127
-0.14066049
0.16142350
-0.10281923
-0.09380733
-0.07691880
-0.07353119
0.78183943
-0.14508900
0.03184453
-0.12057478
0.04750269
0.04737790
0.04009321
0.00973580
-0.03963069
-0.12188234
0.00709807
0.06073055
-0.08284435
0.03392121
-0.08364874
-0.02439166
-0.13452955
-0.01915715
-0.00709183
-0.00045669
0.01837116
-0.06520166
0.03670102
0.00234046
-0.02338465
-0.01136628
0.01175653
-0.03002157
-0.06607978
0.03282115
0.00348148
0.02678086
-0.01237603
-0.01200612
-0.04756171
0.03479621
0.00567037
-0.00475168
-0.04459524
0.00994060
-0.06641463
-0.07630908
0.06570553
0.10733875
0.01215360
-0.02517126
-0.01257885
-0.01855920
0.00870433
0.04138869
-0.05616762
0.09531565
0.06366437
-0.00980572
0.00271383
-0.00854538
0.03088172
-0.02533625
-0.06418804
0.00686955
0.01878365
-0.05527958
0.02369551
-0.03167555
0.00750860
0.05418083
0.00551602
-0.01227624
-0.02890323
-0.04881459
0.07064662
-0.05236211
0.00901613
0.03820181
0.13253905
-0.00012557
-0.00354920
0.03671623
0.10412148
0.05803555
-0.06848404
-0.01807358
0.02366167
0.01140420
0.03683859
-0.01804384
-0.08876652
-0.01968231
-0.04612378
-0.00883593
0.05381751
0.02539651
0.01792042
0.03510441
0.04628142
0.04568999
-0.04732088
-0.03909551
0.03582802
-0.02568811
0.09288403
-0.02589960
-0.05000760
0.02573717
0.10865403
0.07148044
-0.02480999
0.01857641
-0.04447805
-0.02171077
0.05433780
0.00606206
-0.02024969
0.03547270
0.03595651
-0.02046088
-0.01275863
0.01570271
-0.01268782
-0.00782634
-0.05155286
0.02617591
-0.05334510
-0.06798865
0.01561238
0.11319321
-0.04230975
-0.02266375
-0.02001990
0.04170271
-0.04517165
0.00956315
-0.00664917
0.01611166
0.02944180
-0.07149576
-0.01369608
0.00030212
-0.02299323
-0.02480443
0.00146918
-0.06077376
-0.03033751
-0.00294368
0.05858894
-0.06006923
0.01356167
0.04307662
0.03271230
0.04530782
-0.00804888
0.01387507
0.01079763
-0.01002220
-0.01552932
0.02055744
-0.03072265
0.08813851
0.12727842
-0.00070658
0.00817086
0.04689176
-0.01797157
0.01488983
-0.01149179
-0.00102359
0.03141987
0.03177460
-0.06615004
-0.09976385
0.03341908
-0.03763415
-0.04183573
0.00591961
0.02599378
0.01209578
-0.11993597
-0.05579827
0.02436878
0.03649772
0.01055534
-0.00684075
0.00613215
0.04944073
-0.01885113
0.01526200
-0.02874866
-0.03978661
0.03948982
-0.05159505
-0.02816427
0.02246169
0.00204511
-0.02415378
-0.04209568
0.01324830
0.02726135
-0.05861272
-0.00038405
0.00788027
-0.02380967
0.04567112
0.00189759
-0.01822371
0.02360692
0.05658320
0.00346610
0.00725395
0.02009273
0.07215662
-0.06657623
0.11384530
0.00254586
-0.02277463
0.00908992
0.02525842
-0.05814732
0.00312916
0.03266622
-0.06515671
-0.11301575
-0.01020107
0.05587779
-0.02127434
0.02478723
0.00449383
-0.03914713
0.02801659
-0.01490565
-0.05595720
-0.02273635
0.01022973
0.03328931
-0.04889259
0.02389391
0.01505381
-0.02881352
0.01733902
0.04645763
0.03995541
-0.01948701
-0.05921292
0.00793685
-0.02443040
-0.08189432
-0.08447737
0.06051269
0.03130769
0.00611113
-0.02574211
-0.04656865
-0.01948737
-0.05168739
-0.00954834
0.04789562
-0.02596469
-0.05901538
-0.00863456
-0.04192168
-0.04459164
0.02214854
0.03975534
0.01686264
-0.03350246
0.04900460
0.02057965
-0.06107010
-0.02251584
-0.06245172
0.02260488
0.02438581
0.04476234
-0.01271551
0.06548345
-0.02590215
0.00557107
-0.02200313
0.02341425
-0.00808674
0.02471311
0.01415706
-0.03471812
-0.01351602
-0.07089476
0.04353340
-0.02854410
-0.03115725
0.01190493
0.05759983
0.00053696
-0.05085555
0.01321003
-0.10386412
-0.02288065
0.06857724
0.06281080
0.00013051
0.02959797
-0.03530165
0.08234526
-0.01874421
-0.02720441
0.00029431
-0.03692972
0.00193134
-0.00407009
0.00834011
0.03720048
0.05109130
-0.00755030
0.03465080
0.04671269
-0.04590990
0.02337999
0.07536971
0.00446007
-0.09073910
0.01051099
-0.02861052
0.01352353
0.01415694
0.04359315
-0.00849552
0.03117241
0.01716742
-0.00560052
0.01060835
-0.02066003
-0.06146254
-0.03300615
-0.00174527
-0.02973778
-0.00207920
-0.04058307
-0.05163911
0.00114729
-0.02042399
-0.01094410
-0.02711542
-0.01650077
-0.00174846
-0.01136923
-0.01084335
-0.04359107
-0.00305588
0.02708845
0.01066855
0.02984263
0.03929061
-0.10043475
-0.01976858
0.00997333
0.04147046
-0.05873612
0.04549920
-0.06000305
-0.06658597
0.04611162
0.03994205
0.05558274
0.02683939
0.02760404
-0.05538228
-0.03077562
0.01987142
-0.08406799
0.00585051
-0.02842285
0.05722863
-0.00085661
-0.08701873
0.02400809
0.05768344
-0.04248522
0.01602463
0.01782269
-0.02372009
-0.08583403
0.06414547
0.02514986
-0.03868367
0.00467832
0.00086916
0.00374709
-0.02792665
-0.00136347
-0.05510335
0.00819390
0.07510153
-0.00609186
0.06044858
0.00104438
-0.02955580
0.04901183
-0.02055110
-0.00114684
0.05821598
0.01249345
0.03955868
0.04793131
-0.06288857
-0.09507990
0.04051809
0.01136305
-0.01144621
-0.02692755
-0.00587230
-0.00102830
-0.04737715
-0.05644487
0.03837297
-0.03527354
-0.03556771
-0.00726392
0.00114940
-0.09640507
0.18015958
0.03870780
-0.05947306
0.00559174
-0.03309548
0.00856811
0.00360462
0.02671937
-0.05194183
0.01610600
0.03009995
-0.04086485
0.04554469
-0.00198515
-0.01507680
-0.02047023
0.02479994
-0.08593565
-0.06540338
0.07615621
-0.10499252
0.00030262
0.01577026
-0.03282721
0.01805159
-0.02336076
-0.01294755
0.01315804
-0.05503551
-0.08890133
-0.08100304
-0.01414736
-0.03319535
0.05337370
0.00841645
0.12564278
0.06154835
0.13684416
0.02396430
-0.11235523
-0.03822388
0.03463838
-0.03841344
0.03874899
-0.07489367
-0.04948047
-0.06195297
-0.09048267
-0.05405673
-0.03971006
-0.00528539
-0.12675196
0.00513851
-0.04214373
-0.00439660
-0.02321758
0.07157113
-0.00318335
0.01335199
-0.04002166
0.03079840
-0.02109299
0.00962487
-0.07761742
0.07139663
0.06989776
-0.02286172
-0.00766618
0.08982357
0.01629492
0.03142376
-0.00216275
-0.02683191
-0.01559276
0.01113367
0.00293163
0.01571516
-0.00387848
0.07548783
-0.03013968
0.02884429
-0.06663802
0.02903225
-0.02891520
-0.00648881
0.01300785
-0.01850945
-0.01808080
-0.02161355
-0.02768983
0.07864169
-0.00316610
0.02733438
-0.04692284
-0.04349799
0.00298597
0.00037393
0.01115854
-0.00080209
-0.05885358
0.00632748
0.04851069
-0.03141799
-0.02657033
-0.12138340
0.01447592
-0.00466532
0.02854120
0.03617901
-0.03094165
-0.00614440
0.02603935
0.04683545
0.02681747
