0.01385779
-0.02632594
-0.06761453
0.06606504
-0.01999786
0.02750694
0.01650014
-0.01962855
0.03278290
0.02832560
-0.01265906
-0.01856256
0.01748949
-0.02436888
-0.03459185
0.02633757
-0.01989708
0.03293275
-0.04746442
0.00779490
0.01399107
-0.04587677
0.11405640
-0.00462667
-0.01993288
-0.02139397
-0.05442734
-0.00618111
-0.01170010
-0.00808067
-0.02778343
-0.01894277
0.02272788
-0.02355952
-0.02065311
0.00398111
0.02177006
0.01583544
-0.00406927
0.02586872
-0.00769509
-0.01169892
-0.01536193
-0.02178394
0.00445709
-0.01077323
-0.01926897
-0.03009091
0.01028892
0.02274919
0.01992075
0.15321964
-0.06639419
0.00555855
0.00586213
-0.00423985
-0.03087608
0.00008347
0.32712683
0.08176613
-0.00122985
-0.02882039
-0.03748573
0.04649503
0.02404005
-0.07880410
0.00767441
-0.01266085
0.03231998
-0.04611102
0.03232422
0.00115586
-0.00302326
-0.00216159
-0.03872161
0.00131740
0.02445218
-0.02986445
-0.00091318
-0.12595159
0.01099882
0.01107703
0.00666100
-0.01691763
-0.12699337
-0.00565418
-0.02240938
-0.01556675
0.02353933
-0.01585186
-0.00042468
-0.12111559
0.18428649
-0.01038120
-0.02523533
-0.00590521
0.00150753
-0.02286190
0.03688950
0.00936779
-0.00276222
-0.02057415
-0.03696522
0.03198336
0.01691530
-0.00500586
0.00532054
-0.00869776
0.01930329
-0.01922905
0.00115437
0.00699506
-0.00148680
-0.01108866
0.00435169
-0.01650895
0.04798743
-0.01537407
-0.00626077
0.00303115
0.02765639
0.01947274
-0.00729983
0.01905420
-0.02883205
0.01288276
0.02179611
-0.03431335
-0.01554991
-0.06744529
-0.02784000
0.00384166
0.00438224
-0.00537842
-0.04114335
-0.01323937
0.00276098
-0.05043501
-0.06242516
-0.00057609
0.14133736
0.01517060
0.01664225
-0.00759274
0.02013145
-0.16053590
0.00617215
-0.00694601
-0.00135748
-0.01948943
0.07022005
0.01336698
0.02593754
-0.00079189
0.00824427
-0.02840570
-0.03008065
-0.01184675
0.03785672
-0.01086679
-0.00585768
0.16554846
0.03319690
-0.01883455
-0.00389932
-0.05208249
0.10421948
-0.06029662
0.00034297
0.00834811
0.01677721
-0.03589002
0.03788331
0.02322299
0.05269011
0.03622347
0.00105918
0.00190884
0.09021874
-0.00380654
0.06434528
0.01474447
0.00382370
-0.01607184
0.03414498
-0.14984807
0.14928253
0.02329586
-0.01596506
-0.01589840
-0.07466841
-0.00401790
-0.03867487
0.00978530
-0.01184170
-0.02750424
-0.10665812
0.01626119
0.00933556
-0.01285681
0.05804959
0.01790333
-0.04740133
-0.02002370
0.00446109
-0.05652629
0.02192575
0.02308884
-0.02350876
0.11744075
-0.00059835
0.00360232
-0.00418272
-0.02008610
-0.03507956
-0.02397559
-0.00919272
0.03463019
-0.01159524
0.00679201
-0.01341883
-0.64769405
-0.01429984
-0.01623395
0.00078322
-0.01221306
-0.01506009
0.00939504
0.01462454
0.00494810
-0.00319107
0.09184463
-0.03504927
0.02601812
-0.07109862
0.02595957
0.00160408
0.00433208
-0.01556463
0.02561017
0.03728744
-0.01215439
0.00246509
-0.09698734
-0.03115918
-0.02011451
0.01395491
-0.02066229
0.02227507
0.04200845
-0.05008093
0.04093592
0.04985492
0.01710730
-0.01023688
0.04377964
0.15715495
0.04264309
-0.15118097
0.20692421
0.00657154
0.03691767
-0.05200151
-0.06138875
-0.04069849
0.01504720
0.04314853
0.18983300
0.09618658
-0.03205646
-0.06280822
-0.03911081
-0.01919197
-0.03995015
-0.09069142
-0.05166400
0.03294184
0.16888174
-0.13222364
0.04520595
0.04018371
-0.05097421
-0.04854328
-0.05565930
-0.12797043
-0.03485962
0.00982097
-0.06520723
-0.01758922
0.01164820
-0.02291338
0.05880212
-0.06767309
0.09645255
-0.17115979
0.03417087
-0.12658715
0.19313540
-0.17468867
-0.05376950
-0.12987356
-0.10846522
0.68733209
-0.16494203
0.01745103
-0.12515695
0.03227853
0.02014969
0.05393311
-0.00125434
-0.00481005
-0.09725636
-0.02982334
0.11407432
-0.08819815
0.04968844
-0.06116164
0.01567800
-0.17028870
0.00915741
-0.03415141
-0.01448242
0.04487537
-0.07220510
0.06951619
0.04256377
-0.00789190
-0.02555877
-0.03287955
-0.02905242
-0.03026255
0.02740064
0.03415594
0.00713863
-0.02029059
-0.00321617
-0.05225067
-0.00811441
0.00317640
-0.01272141
-0.11201420
-0.00852408
-0.08951198
-0.04626850
0.08665116
0.10313891
0.00640696
-0.06190221
-0.00571213
-0.09541429
0.08490478
0.00205146
0.00953592
0.11411548
0.04701924
0.06772649
-0.02678980
0.00046513
0.04484047
-0.02614891
-0.03592333
-0.00210977
0.02564408
0.00208879
-0.00288950
-0.01571553
0.00266933
0.01880171
0.02336673
-0.07057316
-0.04794784
-0.02434779
-0.01530357
-0.03242551
0.09403987
-0.02302424
0.07098715
-0.02184589
-0.04405693
-0.01234279
0.01984062
0.03828387
-0.04528334
0.03730502
0.06382209
0.05763252
0.00428123
-0.01988357
-0.03145285
-0.01753438
0.00071606
0.00004127
0.08892602
-0.02551178
-0.01069711
0.06603146
0.01710751
0.05799250
0.01533814
-0.02570137
0.03612619
-0.03606810
0.00813896
-0.01783060
-0.00176413
0.07426230
0.02518246
0.01388212
0.01775048
-0.02836910
-0.00583930
-0.03864464
0.07131275
0.02616070
-0.02240480
0.03144754
-0.03379836
-0.01211648
0.06378680
-0.03470445
-0.00970052
0.00476360
-0.04837631
0.00848221
-0.00257257
0.00046059
-0.02179078
0.07137094
-0.02353953
-0.01118262
0.01552038
-0.00785369
-0.04422769
-0.05890519
0.01065451
-0.05604592
-0.05431774
-0.06295156
-0.02233348
-0.03181703
-0.03217555
0.04737672
0.04015132
0.00723452
-0.06181478
-0.05168704
0.01538572
-0.13056673
-0.01602143
0.04998031
0.01566622
-0.02462005
0.05566236
-0.02372362
0.00727097
0.06568049
0.01613361
-0.01557040
-0.09482396
0.09028190
0.10398419
0.05362580
-0.05109714
0.01241891
0.05514200
0.03086733
0.02086536
0.04478515
-0.00562243
0.04161895
-0.05754636
-0.08817723
-0.01636104
-0.05357299
-0.02774956
-0.03659720
0.02239364
-0.02741724
-0.07952001
-0.02105286
0.00527087
0.03832861
-0.00453068
-0.00542097
-0.01500966
0.06628694
-0.03317970
0.03929955
-0.01224198
-0.07026399
0.08272788
-0.00330861
-0.05455342
0.01864275
0.01506634
-0.02609583
-0.00423033
0.04402172
0.00515951
0.01582358
-0.06702951
-0.03368066
0.02481261
0.01295188
-0.02951243
-0.05685864
0.03915302
-0.01409313
-0.00475172
0.00781466
0.04095766
-0.01818862
-0.09215418
0.06900238
0.01322011
-0.04188375
0.03065115
-0.02663837
-0.07501889
-0.04839020
0.00677972
0.07648379
-0.03515757
0.06530783
0.00642271
-0.03909777
-0.05264097
0.02796245
0.02957134
0.00394516
-0.03401170
-0.00259679
-0.03851156
-0.01634542
0.03401804
-0.05848594
-0.01227054
0.03014717
-0.07507025
0.00306388
-0.00393562
0.00654301
-0.00167734
-0.03512419
0.02483062
0.02065934
-0.01119268
-0.09933656
0.04869162
-0.01142010
-0.01094600
0.00763466
0.00375564
-0.07638962
-0.01518564
-0.02237554
0.05317494
-0.02220986
-0.06287231
-0.01558854
-0.02312341
-0.07445727
0.09373096
0.02258652
0.00917552
0.09951025
0.03247048
0.06018591
-0.05907948
0.03751495
-0.00723226
-0.01893788
0.04016256
0.02284341
-0.00212943
0.04795700
-0.01684297
0.03098192
0.02140659
0.02526837
0.01746382
0.04555075
0.05185342
-0.05342223
0.00015881
-0.07914309
0.02179272
-0.03643705
-0.01349413
0.06216649
0.00439754
-0.00344791
0.00340365
0.08356497
-0.04727823
-0.03304035
0.07144819
0.03305556
-0.01079954
0.00349103
0.04240830
0.04365522
-0.04709346
-0.04581969
0.00670665
-0.06234249
0.03410291
0.02700892
0.02256003
0.00468168
0.03809065
0.00221718
0.00260827
0.03912623
-0.22060689
0.02291876
-0.04674601
-0.03175690
-0.06783358
-0.03692441
-0.00783581
0.00718456
0.01252673
0.01271558
-0.10755035
0.00676385
0.02275076
-0.03498514
-0.02028672
-0.04222121
-0.05533802
-0.02033522
-0.03107571
-0.03850299
0.00262848
0.02306636
0.02395050
0.03695089
0.02090457
0.06456385
0.01690654
-0.02695101
0.05971246
-0.01668299
-0.03986021
-0.01642850
-0.02310923
-0.01802527
0.00398311
-0.03709016
0.00244775
-0.06326076
0.00866497
0.03419847
-0.01001505
-0.07672434
-0.00114810
0.02125836
-0.02431125
0.01383959
0.02106175
-0.00490843
0.00866109
0.00587749
-0.02263513
0.04570711
0.06233541
-0.02025144
0.01203676
-0.05231168
-0.03251078
0.00462657
-0.04268008
0.02450051
0.03460384
-0.03349296
-0.04428205
-0.01619274
-0.01329589
-0.09563620
0.06665483
-0.01330119
0.02626121
-0.07002093
0.01332955
-0.00359298
-0.00648527
-0.03298873
-0.03662492
0.01700381
0.02453089
-0.02840465
0.03277227
-0.01371332
-0.03725551
0.02943529
-0.05504810
0.03931872
0.05382081
0.01912504
0.04846321
0.07680991
-0.05301960
-0.08201238
-0.01971006
0.04721136
0.01556242
-0.15629832
0.04538321
-0.03727595
-0.04485010
-0.07983574
0.04780302
0.07192548
-0.08783722
-0.00706744
0.00520808
0.04563747
0.00410516
0.09421265
-0.03915866
0.01614057
-0.01966353
0.04644236
0.01397177
-0.03393883
-0.05242086
0.02569363
0.02098904
-0.04360837
-0.00851646
0.00074574
-0.02323141
0.02583645
0.05171869
-0.12437235
-0.02410531
0.02845193
0.02521143
-0.02113974
0.01372500
-0.01033632
0.01209254
0.01576590
0.02981962
-0.04704006
-0.01815187
-0.08425519
0.01585400
0.01331294
0.00172833
0.05319369
0.05909255
0.09009997
0.09570916
0.13103282
-0.04547391
-0.07996835
-0.00905253
0.03208343
-0.01985868
0.02932619
-0.05523317
0.00729570
-0.08916654
-0.07641623
-0.05666540
-0.00687967
0.03606834
0.02455484
0.01778816
-0.05068876
0.00707953
-0.01889424
0.01049329
-0.04637908
-0.03087291
0.00052447
-0.01716101
-0.03937019
0.01512620
-0.05899448
-0.04919112
0.06404553
-0.02719475
-0.00972804
0.03148222
0.00861236
0.07771770
-0.01643385
-0.02886574
0.04508770
0.00238999
0.02699966
0.01123921
0.03973034
0.03134831
-0.01592364
0.04496161
-0.05701718
0.03660542
0.03484087
-0.00751919
0.01913222
-0.03195489
-0.01488561
-0.05592138
-0.02060303
-0.01422996
0.02066040
0.02690714
-0.08366480
0.03139650
0.01382984
-0.04116993
0.03884993
-0.02295482
-0.00867884
-0.01407296
0.01588742
-0.02895685
-0.00170572
-0.02306907
0.03615989
-0.00555983
-0.08957794
0.01531464
-0.00878217
-0.00438100
0.09044123
0.06464327
0.00668527
