-3.521149978041648865e-02
-1.348369289189577103e-02
-2.440274879336357117e-02
-6.961172819137573242e-02
-2.323690056800842285e-02
-1.185529381036758423e-01
-3.691694140434265137e-02
-6.555798649787902832e-02
-3.103890269994735718e-02
-9.797028265893459320e-03
4.601335618644952774e-03
-2.767048031091690063e-02
-3.083075582981109619e-02
-8.035589009523391724e-03
-1.516219926998019218e-03
-1.564253866672515869e-02
-1.413221354596316814e-03
1.014766632579267025e-03
-6.930310279130935669e-02
3.485998511314392090e-02
-2.482466958463191986e-02
4.093416035175323486e-02
-2.880552085116505623e-03
-2.985297702252864838e-02
1.057040295563638210e-03
4.397122561931610107e-02
7.021978497505187988e-02
1.661689206957817078e-02
4.750211909413337708e-02
-1.348364446312189102e-02
-2.531210333108901978e-02
-1.633652485907077789e-02
1.787684299051761627e-02
1.879290118813514709e-02
2.514935471117496490e-02
2.663871459662914276e-02
4.868160560727119446e-02
-4.062225110828876495e-03
-9.521307423710823059e-03
-1.385431364178657532e-02
6.380464881658554077e-02
1.570012792944908142e-02
8.504787459969520569e-03
1.055894698947668076e-02
-1.041906047612428665e-02
4.596256837248802185e-02
-6.235515698790550232e-02
-9.001360274851322174e-03
6.137398630380630493e-02
1.949831284582614899e-02
4.844960570335388184e-02
1.358840465545654297e-01
-1.814278960227966309e-02
3.555204346776008606e-02
1.449375506490468979e-02
1.227513048797845840e-02
2.800389192998409271e-02
3.261076053604483604e-03
-2.124058641493320465e-02
-1.076082512736320496e-01
3.374220803380012512e-02
1.333528012037277222e-02
2.868268173187971115e-03
-5.473405495285987854e-02
1.229927502572536469e-02
-7.022331655025482178e-02
1.077010203152894974e-02
2.286170981824398041e-02
6.091867387294769287e-02
6.324563175439834595e-02
-4.831057786941528320e-02
7.093470543622970581e-03
1.017106324434280396e-01
3.823867067694664001e-02
3.146347403526306152e-02
-7.142561674118041992e-02
-6.541409343481063843e-02
-2.374178357422351837e-02
4.513251408934593201e-02
1.041020080447196960e-01
-2.961332537233829498e-02
-3.882718086242675781e-02
1.086260098963975906e-02
3.563122591003775597e-03
-1.175978705286979675e-01
-1.388770993798971176e-02
1.583785191178321838e-02
-2.123974077403545380e-02
-2.605625800788402557e-02
3.019113466143608093e-02
3.974631056189537048e-02
-3.035951964557170868e-02
3.801403567194938660e-02
3.807907178997993469e-02
1.490634214133024216e-02
-2.437103353440761566e-02
-1.232111547142267227e-02
-2.109485678374767303e-03
4.558451473712921143e-02
4.893818497657775879e-02
-4.044817388057708740e-02
-1.039991006255149841e-01
-3.293256089091300964e-02
-2.439874410629272461e-02
-9.565218351781368256e-03
2.163531631231307983e-02
-1.002964191138744354e-02
5.099415779113769531e-02
8.743171580135822296e-03
-1.225951407104730606e-02
2.450490137562155724e-03
-1.117558684200048447e-02
-8.274678140878677368e-03
-5.608641728758811951e-02
-4.088913276791572571e-02
2.980930358171463013e-02
-3.891302645206451416e-02
3.002750314772129059e-02
-4.428640753030776978e-02
-4.820783215109258890e-04
3.580833226442337036e-02
-6.216361653059720993e-03
3.045916371047496796e-02
-1.375510543584823608e-02
1.328293830156326294e-01
-7.074052933603525162e-03
2.698290161788463593e-03
1.445230096578598022e-02
3.193596005439758301e-02
-7.270413637161254883e-02
1.435811631381511688e-02
-3.160852938890457153e-03
3.057802654802799225e-02
1.700622960925102234e-02
-2.013267390429973602e-02
3.934617340564727783e-02
3.717195242643356323e-03
3.488801419734954834e-02
1.359219700098037720e-01
-3.721278160810470581e-02
6.097450479865074158e-02
5.155563727021217346e-02
-1.407432369887828827e-02
8.902875706553459167e-03
-6.131849251687526703e-03
-9.219751507043838501e-02
-1.699069328606128693e-02
9.931433014571666718e-03
1.507276389747858047e-02
2.647927589714527130e-02
5.698676779866218567e-02
-2.798279374837875366e-02
-1.512115262448787689e-02
-2.331960201263427734e-02
-2.369214408099651337e-02
2.151663042604923248e-02
2.347449958324432373e-02
2.074872463708743453e-04
1.918707601726055145e-02
2.199005521833896637e-02
-1.429974939674139023e-02
-2.657290361821651459e-02
5.950809642672538757e-02
-5.303393676877021790e-02
1.473017968237400055e-02
5.397563427686691284e-02
6.748532503843307495e-02
-2.289059013128280640e-02
3.407313302159309387e-02
9.002573788166046143e-02
-2.398886904120445251e-02
-1.670064404606819153e-02
4.157809074968099594e-03
2.097080834209918976e-02
-4.080961924046278000e-03
2.084328979253768921e-02
-3.549491986632347107e-02
3.368986025452613831e-02
1.247554123401641846e-01
3.433420509099960327e-02
-8.647061884403228760e-03
-1.159443240612745285e-02
4.114107787609100342e-02
-6.545666605234146118e-03
-3.292210167273879051e-03
1.622509807348251343e-01
-3.727224171161651611e-01
5.061908811330795288e-02
-3.233600407838821411e-02
2.934824861586093903e-02
3.409060463309288025e-02
-2.849229611456394196e-02
3.486888250336050987e-03
1.873350236564874649e-03
-9.402283467352390289e-03
1.032566069625318050e-03
-6.876016501337289810e-03
-3.621966345235705376e-03
2.791160903871059418e-02
-1.279484014958143234e-02
5.919678509235382080e-02
-2.937057055532932281e-02
-3.564556539058685303e-01
3.855766728520393372e-02
6.692530121654272079e-03
-9.397093951702117920e-02
-9.258269332349300385e-03
-3.843604400753974915e-02
-1.758830249309539795e-02
-1.606545969843864441e-02
-2.429188042879104614e-02
-2.526535838842391968e-02
1.219707448035478592e-02
2.945218235254287720e-03
2.603688836097717285e-02
3.098928183317184448e-02
3.945931792259216309e-03
-2.566284313797950745e-02
-1.999895321205258369e-03
2.104371972382068634e-02
1.124868821352720261e-02
-5.403337478637695312e-01
-7.290580309927463531e-03
-2.212864719331264496e-02
5.407071113586425781e-02
3.902547061443328857e-02
4.318438842892646790e-02
-5.260841175913810730e-02
7.070594280958175659e-02
-3.091757744550704956e-02
-2.705883793532848358e-02
-4.204929340630769730e-03
3.437887504696846008e-02
-3.536202758550643921e-02
8.395457267761230469e-02
-1.899303682148456573e-02
-2.640498429536819458e-02
1.005673781037330627e-02
1.396855898201465607e-02
-1.373708341270685196e-02
-2.958311885595321655e-02
3.426093608140945435e-02
-2.283399924635887146e-02
-4.642534255981445312e-02
7.479598745703697205e-03
1.886590942740440369e-02
5.779233202338218689e-02
-2.381725050508975983e-02
5.399965494871139526e-02
-3.179446235299110413e-02
1.618139632046222687e-02
-3.171088173985481262e-03
3.351053223013877869e-02
5.003094300627708435e-02
-4.446458443999290466e-02
3.989567980170249939e-03
-5.610297247767448425e-02
1.794172450900077820e-02
-1.060207560658454895e-01
3.970872238278388977e-02
6.431813538074493408e-02
7.809581607580184937e-02
-8.712605386972427368e-02
-4.235098883509635925e-02
-1.913932710886001587e-02
8.697669208049774170e-02
-2.159222960472106934e-02
1.131610870361328125e-01
8.840724825859069824e-02
-1.110690534114837646e-01
4.643563181161880493e-02
3.043890744447708130e-02
-4.453867208212614059e-03
-7.517985254526138306e-02
3.656559810042381287e-02
-1.751982979476451874e-02
-1.426171511411666870e-02
-3.605548664927482605e-02
3.433656692504882812e-02
-3.032861277461051941e-02
3.368776664137840271e-02
1.405692547559738159e-01
8.761173486709594727e-02
-7.174055278301239014e-02
-3.728227317333221436e-02
4.061720892786979675e-02
5.252409353852272034e-02
-2.236883528530597687e-02
4.975360631942749023e-02
-6.248342990875244141e-02
9.105313569307327271e-02
-5.641990900039672852e-02
-4.160168766975402832e-02
5.756403133273124695e-02
-7.225538790225982666e-02
-2.633202448487281799e-02
-8.359674364328384399e-02
1.099829301238059998e-01
-1.295622289180755615e-01
6.571729481220245361e-02
-1.936455816030502319e-02
-1.550180315971374512e-01
8.386216163635253906e-01
-5.156482011079788208e-02
-6.848960369825363159e-02
-6.503859162330627441e-02
-5.073707178235054016e-02
1.398813575506210327e-01
-4.166998714208602905e-02
4.795395582914352417e-02
8.760152012109756470e-02
-6.704200990498065948e-03
9.668794460594654083e-03
6.400596350431442261e-02
2.176165767014026642e-02
1.919417828321456909e-02
1.227100193500518799e-01
-2.844877727329730988e-02
-5.080964416265487671e-02
5.541470274329185486e-02
2.173368073999881744e-02
4.595262557268142700e-02
1.896540261805057526e-02
3.326659277081489563e-02
1.701496914029121399e-02
-3.560484852641820908e-03
-3.562398953363299370e-03
-1.544930040836334229e-03
-1.818669959902763367e-02
2.363654226064682007e-02
4.446102306246757507e-02
3.102765418589115143e-02
7.094915956258773804e-03
-1.395315863192081451e-02
8.083258755505084991e-03
-3.504574671387672424e-02
6.607653200626373291e-02
1.413497142493724823e-02
2.105632098391652107e-03
8.923150599002838135e-03
-8.266459219157695770e-03
-3.176360204815864563e-02
-6.592193152755498886e-03
6.454630754888057709e-03
-1.769716665148735046e-02
5.924095958471298218e-02
2.988719381392002106e-02
8.507240563631057739e-04
-3.299274668097496033e-02
1.251339018344879150e-01
-2.475110441446304321e-02
1.313880644738674164e-02
4.457143694162368774e-02
-1.388244051486253738e-02
-6.369666010141372681e-02
4.270031582564115524e-03
4.530708119273185730e-02
1.739461161196231842e-02
-2.165797166526317596e-02
-3.601433709263801575e-02
9.625316411256790161e-02
-6.278011202812194824e-02
-1.607879810035228729e-02
3.013450279831886292e-02
8.968750946223735809e-03
1.575889182277023792e-03
2.681861259043216705e-02
7.590251043438911438e-03
-4.675317928194999695e-02
-1.225700834766030312e-03
-1.851259544491767883e-02
-7.084370590746402740e-03
-9.637260809540748596e-03
3.721869736909866333e-02
-5.436298996210098267e-02
3.133291751146316528e-02
-5.703081563115119934e-02
8.407113142311573029e-03
-3.492907807230949402e-02
5.479392781853675842e-02
2.488433569669723511e-02
-2.072409912943840027e-02
-2.317493222653865814e-02
1.799825206398963928e-02
-4.050970077514648438e-02
-4.747701808810234070e-02
-4.094989225268363953e-02
4.529240727424621582e-02
6.506595015525817871e-02
3.100417926907539368e-02
6.612806767225265503e-02
2.629732480272650719e-03
5.972282588481903076e-02
-4.400381818413734436e-02
4.307853057980537415e-02
-1.154597327113151550e-01
5.009501054883003235e-02
-8.756995946168899536e-02
2.475315891206264496e-02
-1.927464082837104797e-02
-6.261681020259857178e-02
-3.231886774301528931e-02
5.397000908851623535e-02
1.475961040705442429e-02
2.653898671269416809e-03
2.869467437267303467e-02
-4.945533350110054016e-02
-3.303031250834465027e-02
2.388337627053260803e-02
3.010139428079128265e-02
2.722846344113349915e-02
1.354103907942771912e-02
-8.534847944974899292e-02
-8.213645219802856445e-02
2.488597482442855835e-02
-6.138855591416358948e-02
-8.673797710798680782e-04
3.644581139087677002e-02
-5.283272266387939453e-02
-2.279191650450229645e-02
1.301299873739480972e-02
3.149980679154396057e-02
1.843662932515144348e-02
4.796502366662025452e-02
6.575115770101547241e-02
-4.823967814445495605e-02
-3.112104604952037334e-04
-6.431015580892562866e-02
-9.177516400814056396e-02
5.348058044910430908e-02
2.519043162465095520e-02
1.718926988542079926e-02
3.485040366649627686e-02
-1.957874931395053864e-02
9.993121027946472168e-03
-3.247604891657829285e-02
-5.876440089195966721e-03
2.220021933317184448e-02
5.238226428627967834e-02
1.710707694292068481e-02
-1.889790780842304230e-02
-1.493384875357151031e-02
-1.433312892913818359e-02
-4.834008216857910156e-02
8.531093597412109375e-02
2.403200976550579071e-02
6.579255685210227966e-03
1.011073142290115356e-01
5.101428925991058350e-02
3.303275257349014282e-02
-4.385851323604583740e-02
4.270453751087188721e-02
-7.413528859615325928e-02
2.456493116915225983e-02
-1.001171953976154327e-02
-4.220374673604965210e-02
2.187508903443813324e-02
1.601087301969528198e-02
6.514205038547515869e-02
-2.569014020264148712e-02
6.782282888889312744e-02
2.071118354797363281e-02
1.466403156518936157e-02
2.619478106498718262e-02
1.159533392637968063e-02
-1.068370323628187180e-02
-6.989528983831405640e-02
4.328823834657669067e-02
1.482030283659696579e-02
-4.899521917104721069e-02
-1.645621843636035919e-03
1.177442595362663269e-01
-2.722375094890594482e-02
4.340166598558425903e-02
2.530283108353614807e-02
-5.917374044656753540e-02
-5.441221594810485840e-02
-5.259008333086967468e-02
5.037774518132209778e-02
3.320035338401794434e-02
-6.809055805206298828e-02
-5.957414954900741577e-02
-1.079551316797733307e-02
6.146454811096191406e-02
-5.171008780598640442e-02
1.555522345006465912e-02
3.987272828817367554e-02
-3.862657351419329643e-03
1.148125715553760529e-02
3.973355144262313843e-02
-2.477143704891204834e-02
-3.407727554440498352e-02
-1.766396872699260712e-02
5.965879186987876892e-02
-1.095032785087823868e-02
-9.394557215273380280e-03
-4.823175072669982910e-02
-2.090094983577728271e-02
-2.600177563726902008e-02
4.669521003961563110e-02
3.095253556966781616e-02
2.314654365181922913e-02
1.067386101931333542e-02
-3.448874503374099731e-02
2.290100976824760437e-02
7.333955913782119751e-02
-1.097048446536064148e-02
6.556092202663421631e-02
-1.605421863496303558e-02
5.760758742690086365e-02
-4.336972907185554504e-02
-1.760692149400711060e-02
4.659202322363853455e-02
-1.148959342390298843e-02
1.956973038613796234e-02
-8.975624106824398041e-03
6.870111450552940369e-03
9.693855419754981995e-03
2.140479162335395813e-02
1.280815340578556061e-02
-2.713737264275550842e-02
-2.503207325935363770e-02
4.817608371376991272e-02
-5.753380805253982544e-02
-4.714301228523254395e-02
3.934304788708686829e-02
7.314216345548629761e-02
4.827541857957839966e-02
-1.652526259422302246e-01
1.241170428693294525e-02
4.158683121204376221e-02
4.926603659987449646e-02
-3.999160975217819214e-02
6.799210608005523682e-02
-1.105130761861801147e-01
4.644716158509254456e-02
-3.307428210973739624e-02
-6.651557236909866333e-02
1.201970037072896957e-02
-1.077218633145093918e-02
-1.837664842605590820e-02
1.507186610251665115e-02
4.009532742202281952e-03
8.435961790382862091e-03
-3.936357051134109497e-02
-8.771994709968566895e-02
5.784719437360763550e-02
2.393372729420661926e-02
9.686979465186595917e-03
-3.225369006395339966e-02
-4.040779545903205872e-02
-1.279838755726814270e-02
1.450656633824110031e-02
6.588531192392110825e-03
8.520498871803283691e-02
-3.746242960914969444e-03
-1.648365892469882965e-02
-7.476979866623878479e-03
6.789238750934600830e-02
1.188330817967653275e-02
-1.976068690419197083e-02
1.608476601541042328e-02
-8.930764347314834595e-02
1.969852671027183533e-02
-6.052141077816486359e-03
-6.685119122266769409e-02
-3.596434742212295532e-02
1.904658414423465729e-02
7.114508002996444702e-02
1.966217719018459320e-02
2.468748949468135834e-02
6.284776329994201660e-02
-4.468994960188865662e-02
3.887084871530532837e-02
-2.717026509344577789e-02
-7.036422193050384521e-02
-8.503492921590805054e-02
-2.349146828055381775e-02
1.862933114171028137e-02
2.204898558557033539e-02
-5.213138181716203690e-03
-1.101610017940402031e-03
-3.502657264471054077e-02
2.509861066937446594e-02
-2.370465546846389771e-02
3.884725272655487061e-02
-3.653259715065360069e-03
2.539664134383201599e-02
5.551285669207572937e-02
-9.557026624679565430e-02
5.053884815424680710e-03
1.829924993216991425e-02
4.958178475499153137e-02
-7.448163814842700958e-03
-1.365869194269180298e-01
4.179834201931953430e-02
-1.248241402208805084e-02
-5.237678065896034241e-02
2.152848429977893829e-02
2.562748640775680542e-02
4.447658360004425049e-02
-7.493517547845840454e-02
4.608903825283050537e-02
1.646868325769901276e-02
-4.128744825720787048e-02
-2.141878940165042877e-02
-1.693157479166984558e-02
-4.397663846611976624e-02
-2.243513241410255432e-02
-4.635864868760108948e-02
-5.130185931921005249e-02
-2.853263914585113525e-02
1.884209550917148590e-02
3.094511292874813080e-02
1.251196414232254028e-01
-1.407342124730348587e-02
5.289557948708534241e-02
-9.362736018374562263e-04
6.719287484884262085e-02
1.603009551763534546e-02
2.528952062129974365e-02
-5.758063122630119324e-02
-6.152506917715072632e-02
3.325710445642471313e-02
-1.547091524116694927e-03
4.965167120099067688e-02
3.476882725954055786e-02
1.692239940166473389e-02
-4.307670891284942627e-02
9.239022620022296906e-03
3.186640515923500061e-02
8.254576474428176880e-03
1.738851331174373627e-02
1.987191103398799896e-02
-1.241313002537935972e-04
-4.844436049461364746e-02
-1.656687818467617035e-02
-5.823133140802383423e-02
-6.348842289298772812e-04
-4.711877088993787766e-03
9.503886103630065918e-03
4.724423587322235107e-02
-3.155053779482841492e-02
1.546168234199285507e-02
1.858871243894100189e-02
7.635397464036941528e-02
-1.367085613310337067e-02
-2.376853488385677338e-02
-3.979789838194847107e-02
4.370349645614624023e-02
5.077096819877624512e-02
-1.224144361913204193e-02
-9.303143620491027832e-02
-1.789531484246253967e-02
-4.405693151056766510e-03
5.094167962670326233e-02
-1.054301783442497253e-01
-6.174873560667037964e-03
-9.521614760160446167e-02
-1.375940442085266113e-02
6.398424506187438965e-03
-3.272928297519683838e-02
-2.450785785913467407e-02
-2.310265786945819855e-03
6.557288020849227905e-02
-1.450721770524978638e-01
1.979281753301620483e-02
-1.270728651434183121e-03
-4.210662469267845154e-02
3.608353808522224426e-02
-4.151559993624687195e-02
-2.022158168256282806e-02
6.919167935848236084e-02
6.420966237783432007e-02
9.912095032632350922e-03
5.759724229574203491e-02
-2.933438494801521301e-02
2.066195569932460785e-02
1.281639561057090759e-02
-8.255654945969581604e-03
1.757164113223552704e-02
2.166548557579517365e-02
8.957308717072010040e-03
5.391824245452880859e-02
1.061291154474020004e-02
3.506023809313774109e-02
2.156891860067844391e-02
-5.549317970871925354e-02
-3.876254335045814514e-02
-6.778354942798614502e-02
2.090553753077983856e-03
9.649740904569625854e-02
-3.986818715929985046e-03
3.077953867614269257e-02
2.299066400155425072e-03
-3.157252073287963867e-02
5.405285954475402832e-02
-2.684620022773742676e-02
3.550333902239799500e-02
-9.063123725354671478e-03
-2.011159248650074005e-02
-8.921685069799423218e-02
-5.604297295212745667e-02
8.393837139010429382e-03
7.186133414506912231e-02
-6.123921647667884827e-02
1.584287500008940697e-03
1.269957721233367920e-01
1.637045666575431824e-02
-2.079738536849617958e-03
-3.269073367118835449e-02
2.268243208527565002e-02
-5.530042201280593872e-02
-3.254758194088935852e-02
1.004582419991493225e-01
-9.416285902261734009e-04
-1.088600046932697296e-02
-8.344134688377380371e-02
1.026472300291061401e-01
-6.601937860250473022e-02
3.094927780330181122e-02
-1.283817440271377563e-01
-5.337319523096084595e-02
2.492445928510278463e-04
-3.452407568693161011e-02
-3.477741777896881104e-02
-6.972263567149639130e-03
2.531353849917650223e-03
5.421753600239753723e-02
-8.061397820711135864e-03
4.494206607341766357e-02
-1.324589457362890244e-02
8.902000263333320618e-03
5.800353363156318665e-03
3.214998170733451843e-02
-3.364246804267168045e-03
-3.825696557760238647e-02
-6.946330517530441284e-02
5.837402772158384323e-03
-4.338782280683517456e-02
-1.750168018043041229e-02
6.050034612417221069e-02
-2.956819720566272736e-03
3.266899660229682922e-02
-1.807521842420101166e-02
2.355064731091260910e-03
6.443553604185581207e-03
8.293217979371547699e-03
-7.499185856431722641e-03
-5.687497183680534363e-02
-4.435131326317787170e-03
-7.937618345022201538e-02
-2.620522119104862213e-02
-3.049393557012081146e-02
-5.002744495868682861e-02
8.967062830924987793e-02
4.300255677662789822e-04
2.141430415213108063e-02
3.105718083679676056e-02
-1.516330428421497345e-02
2.776021882891654968e-02
9.140127152204513550e-02
5.495857074856758118e-02
4.083717614412307739e-02
-8.648341521620750427e-03
1.158195436000823975e-01
7.200887892395257950e-03
5.322285741567611694e-02
4.268806800246238708e-02
-7.386319339275360107e-02
-1.386694028042256832e-03
6.838063895702362061e-02
1.237823814153671265e-02
-2.445360645651817322e-02
-9.234655648469924927e-03
2.905127778649330139e-02
-2.651548758149147034e-02
-2.766931429505348206e-02
-2.265655435621738434e-02
1.725173182785511017e-02
4.131099954247474670e-02
1.053652241826057434e-01
3.605779260396957397e-02
-6.458779424428939819e-02
1.832202263176441193e-02
-5.554145202040672302e-02
1.700606010854244232e-02
2.431300235912203789e-03
-5.701553076505661011e-02
-2.781799994409084320e-03
-4.094779025763273239e-03
4.436705633997917175e-02
-3.885788843035697937e-02
5.070699006319046021e-02
4.491324722766876221e-02
-1.987803354859352112e-02
-3.415223211050033569e-02
-1.851992309093475342e-02
-4.443593695759773254e-02
3.622774779796600342e-02
6.855261512100696564e-03
-1.403100043535232544e-02
7.238250225782394409e-03
4.295838624238967896e-02
5.362689495086669922e-02
7.416898012161254883e-02
2.865962684154510498e-03
-9.980606846511363983e-03
6.450015120208263397e-03
1.167080458253622055e-02
-3.461783379316329956e-02
8.635247498750686646e-02
1.585658639669418335e-02
3.055078722536563873e-02
2.141818590462207794e-02
-6.216568499803543091e-02
2.982376143336296082e-02
3.869564505293965340e-03
-2.158878743648529053e-02
3.431922942399978638e-02
-5.855494737625122070e-02
4.625488445162773132e-02
1.714873872697353363e-02
-5.320016294717788696e-02
4.258769750595092773e-02
5.977338552474975586e-02
-3.205155022442340851e-03
-1.269472669810056686e-02
-3.246108070015907288e-02
-2.126038819551467896e-02
-4.892599210143089294e-02
-2.999315038323402405e-02
