-2.149728126823902130e-02
-1.326164975762367249e-02
-2.890890836715698242e-02
-4.270587861537933350e-02
-2.413329482078552246e-02
-1.113611459732055664e-01
-3.471578285098075867e-02
-7.828389108180999756e-02
-3.122745081782341003e-02
2.808617660775780678e-03
7.895437302067875862e-04
-2.442182600498199463e-02
-1.932324655354022980e-02
7.845968939363956451e-03
-2.005393384024500847e-03
-1.124363485723733902e-02
-4.031695425510406494e-03
4.071043804287910461e-03
-9.903538972139358521e-03
3.569900617003440857e-02
-2.651025541126728058e-02
2.870992571115493774e-02
4.135004244744777679e-03
-2.911711856722831726e-02
-1.380071160383522511e-03
3.217753767967224121e-02
5.626971647143363953e-02
5.788345821201801300e-03
4.460111632943153381e-02
-1.328234560787677765e-02
2.674365229904651642e-02
-2.430982515215873718e-02
1.723531633615493774e-02
2.223011106252670288e-02
2.213239111006259918e-02
1.343824155628681183e-02
4.867745563387870789e-02
-4.374161828309297562e-03
-1.541541889309883118e-02
2.654938260093331337e-03
5.644925311207771301e-02
2.317599020898342133e-02
-2.290447428822517395e-02
4.641687497496604919e-03
-1.614100113511085510e-02
2.828598022460937500e-02
-6.183289363980293274e-02
-1.576321519678458571e-04
5.449811741709709167e-02
1.941341347992420197e-02
4.864672943949699402e-02
1.302054971456527710e-01
-1.854651723988354206e-03
2.617641910910606384e-02
8.168532513082027435e-03
1.064581237733364105e-02
1.672748290002346039e-02
8.981381542980670929e-03
2.918101148679852486e-03
-7.742550224065780640e-02
2.983913011848926544e-02
8.231689222157001495e-03
-7.414532825350761414e-03
-4.576720297336578369e-02
1.550741400569677353e-02
-7.113954424858093262e-02
1.936304382979869843e-02
1.662497222423553467e-02
7.681139558553695679e-02
4.440122470259666443e-02
-4.047263041138648987e-02
1.425360050052404404e-02
9.486028552055358887e-02
3.337082639336585999e-02
3.566446900367736816e-02
-6.183265894651412964e-02
-5.499744415283203125e-02
-2.614402025938034058e-02
4.524847120046615601e-02
1.507181078195571899e-01
-3.433820232748985291e-02
-3.691132366657257080e-02
7.827545516192913055e-03
1.815326511859893799e-02
-1.165100634098052979e-01
-1.223028264939785004e-02
1.213846635073423386e-02
-1.296945381909608841e-02
-1.591606624424457550e-02
2.456617727875709534e-02
2.942890860140323639e-02
-4.257023707032203674e-02
4.554860293865203857e-02
3.901921957731246948e-02
1.848750934004783630e-02
-2.779362723231315613e-02
-8.792899549007415771e-03
-3.884992096573114395e-03
5.444689840078353882e-02
4.767241328954696655e-02
-4.391439259052276611e-02
-9.321937710046768188e-02
-2.856830880045890808e-02
-2.188877575099468231e-02
-9.722233749926090240e-03
1.644930802285671234e-02
1.656490785535424948e-04
4.260548949241638184e-02
1.750019751489162445e-02
-8.440731093287467957e-03
-3.064176067709922791e-03
-7.211141288280487061e-03
-3.682839917019009590e-03
-4.218051582574844360e-02
-3.868978098034858704e-02
2.654030360281467438e-02
-4.280630126595497131e-02
2.179708518087863922e-02
-4.384582117199897766e-02
6.337912636809051037e-04
3.797475621104240417e-02
-6.735340226441621780e-03
2.546129934489727020e-02
-8.266412653028964996e-03
1.068945080041885376e-01
-2.816184656694531441e-03
3.335549961775541306e-03
9.956678375601768494e-03
2.829530835151672363e-02
-8.970931917428970337e-02
-9.305969579145312309e-04
-3.960643894970417023e-03
2.597485110163688660e-02
1.097546610981225967e-02
-3.536464646458625793e-02
4.336579889059066772e-02
1.329214591532945633e-02
1.875321753323078156e-02
1.175769418478012085e-01
-3.930911421775817871e-02
4.893507808446884155e-02
5.226714909076690674e-02
-1.990722306072711945e-02
2.591675845906138420e-03
-1.504662167280912399e-02
-3.187329322099685669e-02
-2.378817088901996613e-02
7.885865867137908936e-03
1.049430202692747116e-02
2.903745695948600769e-02
5.597205087542533875e-02
-2.693638205528259277e-02
-6.721599958837032318e-03
-1.735987514257431030e-02
-2.190831489861011505e-02
2.127165533602237701e-02
2.396844513714313507e-02
-3.149816766381263733e-03
6.670092232525348663e-03
1.277986355125904083e-02
-1.070505101233720779e-02
-2.975641191005706787e-02
6.946085393428802490e-02
-4.738219082355499268e-02
6.574634928256273270e-03
4.918872565031051636e-02
6.623885780572891235e-02
-2.359065972268581390e-02
2.998531050980091095e-02
7.354016602039337158e-02
-1.907721906900405884e-02
-1.426517963409423828e-02
2.703574951738119125e-03
2.231624908745288849e-02
1.402284600771963596e-03
2.185423485934734344e-02
-3.488029539585113525e-02
3.722320124506950378e-02
1.258682012557983398e-01
2.983349561691284180e-02
1.635579951107501984e-02
-1.457843929529190063e-02
3.011722676455974579e-02
-5.835474468767642975e-03
-9.532274678349494934e-03
2.095365971326828003e-01
-3.701732456684112549e-01
5.155873671174049377e-02
-2.697789296507835388e-02
1.344001758843660355e-02
2.870092540979385376e-02
-2.221673913300037384e-02
8.563090814277529716e-04
-3.375271800905466080e-03
-4.998661577701568604e-03
-2.005465939873829484e-04
-3.073102422058582306e-02
-8.217931725084781647e-03
5.278527364134788513e-02
-1.102413795888423920e-02
5.798061192035675049e-02
-2.880790457129478455e-02
-3.540570437908172607e-01
3.087613359093666077e-02
1.447945460677146912e-02
-8.955261856317520142e-02
-1.350676454603672028e-02
-3.370464593172073364e-02
-1.042427867650985718e-02
-3.820715099573135376e-02
-1.016863249242305756e-02
-2.417663112282752991e-02
1.631858013570308685e-02
-4.720134194940328598e-03
2.696390822529792786e-02
2.176434546709060669e-02
6.877486128360033035e-03
-2.582079730927944183e-02
-3.973426297307014465e-03
1.174932625144720078e-02
8.314333856105804443e-03
-5.730602741241455078e-01
-1.048410683870315552e-02
-3.246945142745971680e-02
5.128486827015876770e-02
2.940420806407928467e-02
3.644808381795883179e-02
-3.908181935548782349e-02
6.107765063643455505e-02
-2.647403813898563385e-02
-2.417679689824581146e-02
4.779610782861709595e-03
2.734678238630294800e-02
-2.909162454307079315e-02
7.692761719226837158e-02
-1.276207156479358673e-02
-2.389155514538288116e-02
4.024892579764127731e-03
1.287613157182931900e-02
-1.243093516677618027e-02
-2.713150717318058014e-02
2.610126510262489319e-02
-6.333681941032409668e-02
-4.437979683279991150e-02
5.571004934608936310e-03
2.100240997970104218e-02
4.740399867296218872e-02
-3.030545078217983246e-02
5.084711685776710510e-02
-2.734270133078098297e-02
1.116866525262594223e-02
-7.970781065523624420e-03
3.452575951814651489e-02
4.036818817257881165e-02
-3.849473223090171814e-02
-4.746391437947750092e-03
1.039655208587646484e-01
-3.140871971845626831e-02
2.491146698594093323e-02
1.701263897120952606e-02
7.575020194053649902e-02
6.367155164480209351e-02
4.245226457715034485e-02
-4.666450619697570801e-02
-2.007918956223875284e-04
-5.485254153609275818e-02
1.416483372449874878e-01
6.761232856661081314e-03
-7.374087721109390259e-02
-1.101040989160537720e-01
-1.379868830554187298e-03
4.795255511999130249e-02
6.728186458349227905e-02
6.792335212230682373e-02
1.108185201883316040e-02
-3.520024183671921492e-04
3.893803339451551437e-03
-4.726124554872512817e-02
3.427502512931823730e-02
2.629365958273410797e-02
-4.355445876717567444e-02
7.553989067673683167e-03
1.095902621746063232e-01
-3.965933993458747864e-02
3.602956980466842651e-02
8.992057293653488159e-02
6.425838172435760498e-02
2.370256185531616211e-02
6.089103966951370239e-02
-3.719918057322502136e-02
1.034682244062423706e-01
-7.425884157419204712e-02
1.227834634482860565e-02
1.062981039285659790e-01
-2.407807298004627228e-02
-4.727440327405929565e-02
-1.701425462961196899e-01
-8.093333989381790161e-02
-2.206601016223430634e-02
1.238175854086875916e-02
6.001974642276763916e-02
-9.490197524428367615e-03
8.553493618965148926e-01
2.700506336987018585e-02
-2.709305100142955780e-02
-1.148039177060127258e-01
8.379843831062316895e-02
1.483552306890487671e-01
4.646320268511772156e-02
-5.022732540965080261e-03
-2.266530692577362061e-02
-2.878423780202865601e-02
1.403082162141799927e-01
-1.865966804325580597e-02
-4.319853708148002625e-02
-3.011189214885234833e-02
-3.152357041835784912e-02
-6.391542404890060425e-02
-2.548448555171489716e-02
-6.917406618595123291e-02
-6.705488078296184540e-03
4.859286546707153320e-02
2.727230452001094818e-02
3.710860013961791992e-02
1.041061710566282272e-02
2.055205870419740677e-03
1.862944453023374081e-03
1.267352048307657242e-02
-2.114558778703212738e-02
3.203079849481582642e-02
3.254029154777526855e-02
4.258811846375465393e-02
1.063652057200670242e-02
-2.140042744576931000e-02
1.320924260653555393e-03
-4.989336431026458740e-02
9.058149904012680054e-02
-1.588723994791507721e-02
-9.851485490798950195e-03
2.423424087464809418e-02
-1.370010059326887131e-02
-4.154193773865699768e-02
-5.646978970617055893e-03
-4.621723201125860214e-04
1.095446571707725525e-02
5.541867017745971680e-02
2.190252952277660370e-02
2.790188882499933243e-03
-3.508296608924865723e-02
1.053591594099998474e-01
-3.890906274318695068e-02
3.183810412883758545e-02
5.938355252146720886e-02
-2.901573665440082550e-03
-6.066962331533432007e-02
8.752232417464256287e-03
5.737310275435447693e-02
4.055257420986890793e-03
3.334920154884457588e-03
-2.319748885929584503e-02
9.149810671806335449e-02
-4.531639069318771362e-02
-6.823785137385129929e-03
5.898995324969291687e-02
-4.595762584358453751e-03
1.981348358094692230e-02
3.555110841989517212e-02
-4.152413457632064819e-04
-5.095530673861503601e-02
3.090742276981472969e-03
-2.781146951019763947e-02
-2.181663550436496735e-02
-2.366337925195693970e-02
3.872372955083847046e-02
-2.789544500410556793e-02
1.931083202362060547e-02
7.933077402412891388e-03
-1.092116348445415497e-02
-1.175728626549243927e-02
3.410262241959571838e-02
1.971057988703250885e-02
-3.802286460995674133e-02
-9.012444876134395599e-03
3.448110446333885193e-02
-3.353887423872947693e-02
-4.715086892247200012e-02
-7.136270403861999512e-02
5.136953666806221008e-02
3.706276789307594299e-02
4.849255084991455078e-02
6.449621170759201050e-02
3.362375125288963318e-02
7.199946045875549316e-02
-1.424763072282075882e-02
4.558731988072395325e-02
-8.501874655485153198e-02
4.498095810413360596e-02
-6.952849775552749634e-02
2.271189168095588684e-02
-1.676424033939838409e-02
-5.040920898318290710e-02
-5.168221518397331238e-02
3.676838055253028870e-02
2.480491437017917633e-02
6.208101753145456314e-03
2.192341350018978119e-02
-6.036847084760665894e-02
-3.745612874627113342e-02
4.439208656549453735e-02
4.601700976490974426e-02
5.393861979246139526e-02
4.839675966650247574e-03
-6.924099475145339966e-02
-5.152884498238563538e-02
2.471015974879264832e-02
-4.895643144845962524e-02
-2.393143018707633018e-03
2.141889743506908417e-02
-5.412609502673149109e-02
-8.445594459772109985e-03
-1.139380689710378647e-02
5.422293022274971008e-02
5.867464095354080200e-02
5.468298494815826416e-02
5.137103050947189331e-02
-3.647270426154136658e-02
2.426207438111305237e-02
-5.561037361621856689e-02
-7.789858430624008179e-02
4.419711232185363770e-02
1.605276018381118774e-02
1.228600926697254181e-02
4.818871989846229553e-02
2.949139336124062538e-03
3.225789172574877739e-03
-2.594654262065887451e-02
-2.231768146157264709e-02
2.953356690704822540e-02
4.892988130450248718e-02
2.009808085858821869e-02
1.996503025293350220e-02
2.448407467454671860e-03
-8.404441759921610355e-04
-5.913217365741729736e-02
7.824189960956573486e-02
2.044988982379436493e-02
-1.554361917078495026e-02
1.115009933710098267e-01
7.508749514818191528e-02
2.145282551646232605e-02
-3.352652117609977722e-02
2.430913038551807404e-02
-6.726672500371932983e-02
3.987283853348344564e-04
-3.569997614249587059e-03
-3.112726612016558647e-03
-5.303799640387296677e-03
4.210574552416801453e-03
5.194815993309020996e-02
-3.740100562572479248e-02
4.303678497672080994e-02
2.469658479094505310e-02
1.044348720461130142e-02
-2.372054383158683777e-02
1.710144057869911194e-02
-8.092632517218589783e-03
-4.487251117825508118e-02
5.484518408775329590e-02
1.969167217612266541e-02
-4.012998938560485840e-02
1.324316835962235928e-03
1.208741217851638794e-01
-3.261755034327507019e-02
5.207937583327293396e-02
2.234394289553165436e-02
-6.237457692623138428e-02
-5.796327441930770874e-02
-2.667722478508949280e-02
4.628283903002738953e-02
6.730728596448898315e-02
-6.469842791557312012e-02
-6.546744704246520996e-02
-3.821569494903087616e-03
7.717962563037872314e-02
-5.979070439934730530e-02
-4.245858581271022558e-04
5.286930501461029053e-02
-2.403786033391952515e-02
4.157079011201858521e-02
5.331905186176300049e-02
-2.688083983957767487e-02
-3.609019517898559570e-02
-8.120256476104259491e-03
6.402945518493652344e-02
-1.406906265765428543e-02
-1.655576936900615692e-02
-4.914609715342521667e-02
-1.529780402779579163e-02
-4.813015460968017578e-02
6.465214490890502930e-02
-6.447406485676765442e-03
4.595821257680654526e-03
3.123242408037185669e-02
-7.324052602052688599e-02
-8.002740330994129181e-03
5.641190335154533386e-02
-9.273145347833633423e-03
8.818999677896499634e-02
7.589646149426698685e-03
3.786831349134445190e-02
-4.902260750532150269e-02
-3.822110593318939209e-02
1.656347140669822693e-02
2.012308500707149506e-02
1.438948325812816620e-02
-1.543831313028931618e-03
-3.576182760298252106e-03
2.159962989389896393e-02
2.397026866674423218e-02
-1.075515802949666977e-02
-3.170762956142425537e-02
-2.941834367811679840e-02
4.655251279473304749e-02
-4.452338442206382751e-02
-5.303199589252471924e-02
3.584960475564002991e-02
6.540040671825408936e-02
2.017513848841190338e-02
-1.641350835561752319e-01
-1.851729862391948700e-02
2.592454478144645691e-02
4.890772327780723572e-02
-4.872962087392807007e-02
6.141385808587074280e-02
-1.068057119846343994e-01
4.484213516116142273e-02
-3.485560417175292969e-02
-5.230319127440452576e-02
9.031577967107295990e-03
-2.447821758687496185e-02
-1.307369489222764969e-02
1.874965243041515350e-02
-6.488910876214504242e-03
2.632026560604572296e-02
-3.534588962793350220e-02
-7.526624947786331177e-02
7.780471444129943848e-02
1.639146730303764343e-02
-1.293035130947828293e-02
-3.845360875129699707e-02
-4.187694936990737915e-02
-1.282609067857265472e-02
1.520397979766130447e-02
2.184554748237133026e-02
1.027763560414314270e-01
1.045957300812005997e-02
-7.154243066906929016e-03
-7.525438442826271057e-03
5.768418684601783752e-02
1.208481658250093460e-02
1.039502094499766827e-03
1.273308321833610535e-02
-1.019581034779548645e-01
4.185042902827262878e-02
-3.473828779533505440e-03
-5.113399773836135864e-02
-5.284776166081428528e-02
3.660007938742637634e-02
5.842319503426551819e-02
3.158858045935630798e-02
3.321914747357368469e-02
4.473805055022239685e-02
-2.660607546567916870e-02
1.534695737063884735e-02
-1.313065830618143082e-02
-4.549996554851531982e-02
-6.628853082656860352e-02
-3.257610648870468140e-02
3.011884167790412903e-02
3.462332114577293396e-02
-2.021511271595954895e-02
1.147894095629453659e-02
-4.029273986816406250e-02
-2.687860978767275810e-03
-3.006890043616294861e-02
2.203607000410556793e-02
-1.318196300417184830e-02
4.318366944789886475e-02
5.919677764177322388e-02
-9.466464817523956299e-02
-1.184143684804439545e-02
1.730135455727577209e-02
7.962591946125030518e-02
-3.692716360092163086e-03
-1.353533416986465454e-01
2.835487574338912964e-02
3.093838924542069435e-03
-6.259153783321380615e-02
2.567799948155879974e-02
3.917586803436279297e-02
5.032324418425559998e-02
-1.010725125670433044e-01
3.711093962192535400e-02
-2.000936307013034821e-02
-4.490089789032936096e-02
-1.964028365910053253e-02
-1.249450724571943283e-02
3.484620014205574989e-03
-2.119076810777187347e-02
-3.332361206412315369e-02
-4.992669448256492615e-02
-1.704580336809158325e-02
2.360124140977859497e-02
1.763970591127872467e-02
1.071246862411499023e-01
-9.430081583559513092e-03
6.363395601511001587e-02
-3.752556396648287773e-03
5.118663236498832703e-02
1.402856968343257904e-02
3.112561069428920746e-02
-6.309642642736434937e-02
-6.015704944729804993e-02
1.554545946419239044e-03
1.613747701048851013e-02
4.590322449803352356e-02
2.028706297278404236e-02
1.097464375197887421e-02
-1.389366295188665390e-02
-7.006480824202299118e-03
2.437322959303855896e-02
5.147450417280197144e-02
-9.942907840013504028e-03
4.821488261222839355e-02
-3.086345084011554718e-02
-4.241112247109413147e-02
1.751952245831489563e-02
-3.636819869279861450e-02
7.650027051568031311e-03
1.272633019834756851e-02
3.503405675292015076e-02
4.560662060976028442e-02
-1.252940669655799866e-02
1.694262586534023285e-02
2.056510746479034424e-02
4.161570593714714050e-02
-1.293265074491500854e-02
-2.134336903691291809e-02
-3.948015719652175903e-02
3.506099805235862732e-02
4.693412408232688904e-02
7.059136405587196350e-03
-8.477955311536788940e-02
2.511827973648905754e-03
-5.614771507680416107e-03
4.382189735770225525e-02
-1.123760491609573364e-01
1.068735588341951370e-02
-7.741127908229827881e-02
3.042750433087348938e-02
-1.220156066119670868e-02
-3.271604329347610474e-02
-9.449846111238002777e-03
1.922065019607543945e-02
3.097309730947017670e-02
-1.278891116380691528e-01
4.491585772484540939e-03
1.691054925322532654e-02
-1.798843033611774445e-02
2.899125777184963226e-02
-3.856305405497550964e-02
-2.482329681515693665e-02
5.625408142805099487e-02
5.351605266332626343e-02
-1.318689156323671341e-02
8.742365241050720215e-02
-5.683942884206771851e-02
1.089242286980152130e-03
6.609313655644655228e-03
1.582718570716679096e-03
2.618532069027423859e-02
2.248936891555786133e-02
1.548009738326072693e-02
7.993908226490020752e-02
2.333529852330684662e-02
2.091839537024497986e-02
4.001176729798316956e-02
-4.738410562276840210e-02
-4.007076844573020935e-02
-5.290078371763229370e-02
-1.475835498422384262e-02
9.228868037462234497e-02
3.104163147509098053e-02
3.722103685140609741e-02
9.532394818961620331e-03
-6.527116894721984863e-02
8.053816854953765869e-02
-1.950488239526748657e-02
3.225607052445411682e-02
-4.476201534271240234e-02
1.630983431823551655e-03
-7.492636144161224365e-02
-5.357039347290992737e-02
1.333535276353359222e-02
8.367253094911575317e-02
-6.359395384788513184e-02
8.065670728683471680e-03
1.158285662531852722e-01
-1.136821880936622620e-02
1.276596076786518097e-02
-8.650524541735649109e-03
2.504976838827133179e-02
-4.495356604456901550e-02
-3.568118065595626831e-02
7.585632801055908203e-02
1.004075445234775543e-02
-2.172489278018474579e-02
-3.485825657844543457e-02
1.367332339286804199e-01
-8.845958858728408813e-02
3.631209209561347961e-02
-1.183502674102783203e-01
-6.500973552465438843e-02
-2.828691340982913971e-02
-2.100639790296554565e-02
-3.682833909988403320e-02
2.280285814777016640e-03
1.234264578670263290e-03
4.443319141864776611e-02
-2.876712754368782043e-02
3.782099112868309021e-02
-3.105123899877071381e-02
3.756282106041908264e-02
7.421358488500118256e-03
8.320196531713008881e-03
-4.020842537283897400e-02
-1.759831234812736511e-02
-4.169654101133346558e-02
7.143039256334304810e-02
-2.978274971246719360e-02
1.676202518865466118e-03
6.713590025901794434e-02
-2.842577360570430756e-02
5.352041497826576233e-02
-1.344721112400293350e-02
1.238953415304422379e-02
2.186665870249271393e-02
1.276825740933418274e-02
2.208946086466312408e-02
-5.033517256379127502e-02
-6.822853814810514450e-03
-8.150665462017059326e-02
-3.539397940039634705e-02
-3.227739781141281128e-02
-2.802520990371704102e-02
8.715129643678665161e-02
3.280224977061152458e-03
4.049758240580558777e-02
7.632388919591903687e-02
-4.886326938867568970e-02
2.029139548540115356e-02
6.290255486965179443e-02
7.542946934700012207e-02
5.367232486605644226e-02
-3.512821719050407410e-02
1.284480392932891846e-01
3.743344219401478767e-03
4.605025798082351685e-02
1.962820068001747131e-02
-7.610782235860824585e-02
1.627371460199356079e-02
7.069811969995498657e-02
-6.832425482571125031e-03
-4.044286534190177917e-02
1.988617330789566040e-02
3.732123598456382751e-02
-4.026881232857704163e-02
7.509846705943346024e-03
-3.832966834306716919e-02
2.135352045297622681e-02
3.017494082450866699e-02
1.204488202929496765e-01
-4.858145024627447128e-03
-6.663224846124649048e-02
9.159116074442863464e-03
-4.117868468165397644e-02
5.428214091807603836e-03
1.048515923321247101e-02
-3.589983284473419189e-02
1.190017443150281906e-02
-5.720239132642745972e-03
5.197006464004516602e-02
-3.323341161012649536e-02
5.477063357830047607e-02
2.739809453487396240e-02
-3.181347623467445374e-02
-3.555107489228248596e-02
9.915014728903770447e-03
-2.545576170086860657e-02
3.269048035144805908e-02
3.027724102139472961e-03
4.022768139839172363e-02
1.081231702119112015e-02
3.012896329164505005e-02
5.583185330033302307e-02
5.708994343876838684e-02
-6.270966492593288422e-03
-2.596033737063407898e-02
-1.270519942045211792e-02
1.349865645170211792e-02
-5.420626606792211533e-03
6.721045076847076416e-02
9.870857931673526764e-03
6.617693603038787842e-02
1.742503978312015533e-02
-5.915337428450584412e-02
2.032946050167083740e-02
-2.940126869361847639e-04
-3.275774419307708740e-02
2.062384411692619324e-02
-7.679449021816253662e-02
6.213399767875671387e-02
2.592657320201396942e-02
-9.571119397878646851e-02
1.135481521487236023e-02
4.762579128146171570e-02
-4.230336286127567291e-03
4.113403556402772665e-04
-1.975144958123564720e-03
3.558003299986012280e-05
-3.148899972438812256e-02
-4.393219947814941406e-02
