-3.363107889890670776e-02
-2.128333039581775665e-02
-1.674217358231544495e-02
-7.419005036354064941e-02
-2.378519624471664429e-02
-1.214005351066589355e-01
-2.895752526819705963e-02
-4.914006590843200684e-02
-3.764642402529716492e-02
1.206842498504556715e-04
-7.485517766326665878e-03
-1.450516376644372940e-02
-1.881511695683002472e-02
-8.550758473575115204e-03
-1.049721799790859222e-02
-1.395718660205602646e-02
-5.497955251485109329e-03
1.035190187394618988e-02
-1.152865737676620483e-01
1.701121404767036438e-02
-1.823283359408378601e-02
2.438987605273723602e-02
-3.967208787798881531e-03
-2.119883149862289429e-02
7.730228826403617859e-04
3.409096971154212952e-02
7.268214225769042969e-02
2.434480749070644379e-02
3.286383673548698425e-02
2.837589709088206291e-03
-2.123983018100261688e-02
-1.792074739933013916e-02
1.077389437705278397e-02
1.275582518428564072e-02
1.620543561875820160e-02
1.094259880483150482e-02
3.359645977616310120e-02
2.034504199400544167e-03
-9.315169416368007660e-03
5.954347085207700729e-03
4.675734415650367737e-02
1.521107088774442673e-02
-2.492658131814096123e-05
9.097288362681865692e-03
-1.023322623223066330e-02
3.560562431812286377e-02
-3.850847110152244568e-02
2.034713979810476303e-03
5.422088503837585449e-02
6.664453539997339249e-03
4.836414754390716553e-02
1.165478304028511047e-01
-2.869077213108539581e-02
3.231587633490562439e-02
1.177048496901988983e-02
1.409619301557540894e-02
2.112493664026260376e-02
-1.168402610346674919e-03
-4.400245100259780884e-02
-1.360970288515090942e-01
3.209196776151657104e-02
1.229309290647506714e-02
-7.728244643658399582e-03
-3.561912849545478821e-02
1.197349652647972107e-02
-8.521945774555206299e-02
1.516935043036937714e-02
1.033182255923748016e-02
4.722379893064498901e-02
4.628717154264450073e-02
-3.849041834473609924e-02
1.091583352535963058e-02
1.099443584680557251e-01
3.427918627858161926e-02
2.079421654343605042e-02
-5.854927375912666321e-02
-5.896171182394027710e-02
-2.529343962669372559e-02
3.102293051779270172e-02
1.435012966394424438e-01
-2.414473704993724823e-02
-3.950386121869087219e-02
1.272724848240613937e-02
1.093912287615239620e-03
-1.322747021913528442e-01
-7.612371351569890976e-03
2.023891732096672058e-02
-3.019826672971248627e-02
-2.091984078288078308e-02
2.931055799126625061e-02
3.818773105740547180e-02
-3.275531530380249023e-02
1.925458572804927826e-02
2.242117188870906830e-02
1.691418513655662537e-02
-1.821430400013923645e-02
-4.245722666382789612e-03
9.747837320901453495e-04
3.111516870558261871e-02
3.677820414304733276e-02
-3.474752604961395264e-02
-9.875719994306564331e-02
-2.341675385832786560e-02
-1.740443147718906403e-02
2.775016240775585175e-03
2.674537897109985352e-02
-1.972674392163753510e-02
3.956774249672889709e-02
3.687067655846476555e-03
-3.297360613942146301e-03
-4.831173282582312822e-04
-3.946979530155658722e-03
8.969615213572978973e-03
-3.517359867691993713e-02
-3.244336694478988647e-02
2.597627229988574982e-02
-5.861185491085052490e-02
1.579114980995655060e-02
-3.605259954929351807e-02
-1.036902982741594315e-02
2.751699835062026978e-02
-1.023304462432861328e-02
2.135869674384593964e-02
-2.674579387530684471e-03
1.488223969936370850e-01
-8.842771057970821857e-04
1.455354690551757812e-02
2.531482838094234467e-02
3.337205946445465088e-02
-9.662806242704391479e-02
2.991032600402832031e-02
5.211727228015661240e-03
1.750346645712852478e-02
9.241984225809574127e-03
-1.827440969645977020e-02
3.943972662091255188e-02
1.186793949455022812e-02
1.777217164635658264e-02
1.413772702217102051e-01
-2.658845670521259308e-02
1.018235087394714355e-01
4.060849547386169434e-02
-8.715785108506679535e-03
2.008883841335773468e-02
-8.137253113090991974e-03
-9.385111182928085327e-02
-1.947585307061672211e-02
1.097787357866764069e-02
2.253472618758678436e-02
2.392707206308841705e-02
2.157062478363513947e-02
-1.914641819894313812e-02
-9.920160286128520966e-03
-2.083091624081134796e-02
-1.874125376343727112e-02
1.597901992499828339e-02
1.989558897912502289e-02
-6.438967306166887283e-03
1.917350292205810547e-02
3.629494085907936096e-02
-1.027538068592548370e-02
-5.609337240457534790e-03
3.838980197906494141e-02
-3.958887234330177307e-02
7.437035441398620605e-03
1.510364655405282974e-02
3.668541461229324341e-02
-1.190552115440368652e-02
1.950625702738761902e-02
7.911727577447891235e-02
-8.238866925239562988e-03
-2.638072939589619637e-03
8.378097554668784142e-04
3.063950315117835999e-02
4.106544889509677887e-03
1.472162362188100815e-02
-1.604259945452213287e-02
2.098225429654121399e-02
1.222895905375480652e-01
1.855815388262271881e-02
-6.169050000607967377e-03
-2.247238345444202423e-02
2.283029630780220032e-02
-6.370271556079387665e-03
-2.660024911165237427e-02
1.991834938526153564e-01
-4.181064963340759277e-01
3.220570087432861328e-02
-1.701589487493038177e-02
2.273795008659362793e-02
1.113747153431177139e-02
-2.086105011403560638e-02
-3.940834198147058487e-03
-2.085973741486668587e-03
-7.330218795686960220e-03
-6.395986303687095642e-03
-2.896267920732498169e-03
-8.875206112861633301e-03
2.788549847900867462e-02
-1.200975384563207626e-02
4.400401934981346130e-02
-2.363298088312149048e-02
-4.096304476261138916e-01
4.250093176960945129e-02
-5.261191632598638535e-03
-6.240058317780494690e-02
-1.431636977940797806e-02
-2.835177257657051086e-02
-3.376260865479707718e-03
-2.189665473997592926e-02
-1.687581837177276611e-02
-8.265097625553607941e-03
3.246399341151118279e-03
-3.575074020773172379e-03
2.437536977231502533e-02
3.841994330286979675e-02
1.166120450943708420e-02
-1.741650141775608063e-02
-4.315287806093692780e-03
1.967514306306838989e-02
9.940323419868946075e-03
-4.850423634052276611e-01
-1.353989262133836746e-02
-1.765174418687820435e-02
3.879941627383232117e-02
2.847116254270076752e-02
2.628561668097972870e-02
-5.125351622700691223e-02
5.445708706974983215e-02
-2.887782081961631775e-02
-1.338585186749696732e-02
-1.544343214482069016e-02
2.977634035050868988e-02
-1.475406903773546219e-02
1.036384105682373047e-01
-7.732025813311338425e-03
-1.695611514151096344e-02
6.774486973881721497e-03
2.718633785843849182e-02
-1.449270080775022507e-02
-2.661607228219509125e-02
2.089317142963409424e-02
1.017826236784458160e-02
-3.291352838277816772e-02
1.143634505569934845e-02
1.729171909391880035e-02
5.131680890917778015e-02
-2.796413190662860870e-02
5.282710865139961243e-02
-1.806286163628101349e-02
2.239979058504104614e-02
-8.694902062416076660e-03
1.657955721020698547e-02
3.985100984573364258e-02
-3.837078064680099487e-02
-8.707991801202297211e-03
2.316044643521308899e-02
6.642038933932781219e-03
-5.626620352268218994e-02
1.125698685646057129e-01
5.630184710025787354e-02
-1.070858389139175415e-01
-2.246841043233871460e-02
-6.092732399702072144e-02
-1.070189476013183594e-02
5.764328688383102417e-02
-6.364691257476806641e-02
-1.544413063675165176e-02
-2.787486277520656586e-02
5.893516540527343750e-02
-1.119822496548295021e-03
3.283835574984550476e-02
1.197643484920263290e-02
1.098441928625106812e-01
-4.816909879446029663e-02
1.904080063104629517e-02
1.109723076224327087e-01
6.485757231712341309e-02
-9.474122524261474609e-02
-6.223810091614723206e-02
-3.389424411579966545e-03
-2.811914682388305664e-02
-3.609470650553703308e-02
-4.847582802176475525e-02
-3.179184347391128540e-02
-9.086874872446060181e-02
-1.881028898060321808e-02
2.041913941502571106e-02
-2.682458795607089996e-02
3.455430269241333008e-02
1.461622118949890137e-02
7.928761839866638184e-02
-2.862703986465930939e-02
-6.206479668617248535e-02
-1.936995796859264374e-02
-1.050628721714019775e-03
-5.563806276768445969e-03
6.821997463703155518e-02
-2.473233733326196671e-03
-4.190633818507194519e-02
-2.583855763077735901e-02
-3.493201732635498047e-02
9.124572873115539551e-01
-2.989220991730690002e-02
2.339750342071056366e-02
4.846333060413599014e-03
-1.974836923182010651e-02
3.772364929318428040e-02
-1.332313520833849907e-03
-2.454631589353084564e-02
-2.562846802175045013e-02
-8.179000020027160645e-02
-7.707180920988321304e-03
6.446190178394317627e-02
1.991992257535457611e-02
1.338106393814086914e-01
-3.075770847499370575e-02
-4.181529395282268524e-03
-5.868773162364959717e-02
1.965343952178955078e-02
9.760187938809394836e-03
1.780883967876434326e-02
2.763302065432071686e-02
3.581288084387779236e-02
1.846199110150337219e-02
-1.361270807683467865e-02
1.561384554952383041e-02
-4.449438129086047411e-04
-7.413252722471952438e-03
3.112595714628696442e-02
3.244152665138244629e-02
2.645792253315448761e-02
5.502402316778898239e-03
-2.080848999321460724e-02
9.987715631723403931e-03
-3.251517936587333679e-02
7.282291352748870850e-02
-1.908834278583526611e-02
-1.535521075129508972e-02
1.368639152497053146e-02
-3.098764084279537201e-02
-3.983606025576591492e-02
-1.365379150956869125e-02
-7.171548437327146530e-03
9.320501703768968582e-04
7.685372233390808105e-02
3.786803781986236572e-02
-1.042512245476245880e-02
-1.464022882282733917e-02
9.544564783573150635e-02
-1.328261941671371460e-02
3.743805922567844391e-03
7.158388197422027588e-02
-2.608115412294864655e-02
-3.831265494227409363e-02
1.757184602320194244e-02
4.560260102152824402e-02
1.984462887048721313e-02
-1.186519395560026169e-02
4.035210586152970791e-04
9.369707852602005005e-02
-3.762372955679893494e-02
2.044405322521924973e-03
5.221720784902572632e-02
7.832079194486141205e-03
8.590263314545154572e-03
3.430521860718727112e-02
-1.051030401140451431e-02
-2.797917649149894714e-02
-1.667062006890773773e-02
-1.549604255706071854e-02
-2.224069461226463318e-02
-4.649739712476730347e-02
3.172314167022705078e-02
-2.291590534150600433e-02
3.584168106317520142e-02
-2.945324406027793884e-03
1.230100169777870178e-02
-1.850888878107070923e-02
2.274936437606811523e-02
4.402381833642721176e-03
-1.974765025079250336e-02
-1.620077155530452728e-02
2.502335049211978912e-02
-3.413571044802665710e-02
-5.672537907958030701e-02
-6.928689032793045044e-02
3.483736515045166016e-02
3.635378554463386536e-02
5.116208270192146301e-02
9.030498564243316650e-02
3.186019137501716614e-02
7.848131656646728516e-02
-4.399390891194343567e-02
3.026010841131210327e-02
-9.523786604404449463e-02
6.119679287075996399e-02
-6.068276986479759216e-02
3.928328678011894226e-02
-4.739008098840713501e-02
-4.434994980692863464e-02
-6.914096325635910034e-02
6.483127363026142120e-03
2.752162702381610870e-02
-1.670881733298301697e-02
1.721251755952835083e-02
-6.793356686830520630e-02
-4.384262114763259888e-02
3.794439136981964111e-02
4.580765590071678162e-02
8.120262622833251953e-02
-1.735775358974933624e-02
-5.758754163980484009e-02
-5.056493729352951050e-02
4.285404831171035767e-02
-6.726755201816558838e-02
3.957255743443965912e-03
3.693490847945213318e-02
-4.048588126897811890e-02
-3.186958655714988708e-02
-8.536113426089286804e-03
3.768816962838172913e-02
6.833799183368682861e-02
5.634367093443870544e-02
5.781180039048194885e-02
-1.972985826432704926e-02
2.732352539896965027e-02
-6.741244345903396606e-02
-9.531644731760025024e-02
4.149539396166801453e-02
1.148600783199071884e-02
8.290987461805343628e-03
3.066335618495941162e-02
-1.371617894619703293e-02
-1.129211205989122391e-02
-4.093795642256736755e-02
-3.011516854166984558e-02
-9.327078587375581264e-04
3.057507984340190887e-02
2.538589388132095337e-02
1.535284798592329025e-02
9.949319995939731598e-03
2.130087232217192650e-03
-4.508654400706291199e-02
9.146103262901306152e-02
2.304884605109691620e-02
7.014269795035943389e-05
1.518745720386505127e-01
5.194943398237228394e-02
-2.136963792145252228e-02
-2.936413884162902832e-02
3.011042252182960510e-02
-6.989006698131561279e-02
-5.753846839070320129e-03
-2.053226577118039131e-03
-2.037124242633581161e-03
-9.237767197191715240e-03
1.375789195299148560e-02
4.427652433514595032e-02
-1.640159264206886292e-02
6.525377929210662842e-02
5.853029340505599976e-02
1.409276202321052551e-02
-2.288796193897724152e-02
2.557304501533508301e-02
1.404850184917449951e-02
-5.168598890304565430e-02
5.271248519420623779e-02
1.093091908842325211e-02
-1.182524580508470535e-02
7.077787071466445923e-03
9.516949206590652466e-02
-4.322476312518119812e-02
6.657538563013076782e-02
3.561706095933914185e-02
-8.090643584728240967e-02
-4.657405614852905273e-02
-5.288390070199966431e-02
2.571026235818862915e-02
4.038115590810775757e-02
-4.433976858854293823e-02
-4.418128356337547302e-02
-8.886809460818767548e-03
8.923628181219100952e-02
-6.708844751119613647e-02
9.566191583871841431e-03
6.420537084341049194e-02
7.412158884108066559e-03
3.328845649957656860e-02
2.939115278422832489e-02
-2.076009102165699005e-02
-2.073103748261928558e-02
-1.237844303250312805e-02
4.841173812747001648e-02
1.580347679555416107e-02
-3.993084281682968140e-02
-3.939770162105560303e-02
4.712852183729410172e-03
-4.419635981321334839e-02
6.255281716585159302e-02
6.701843813061714172e-03
1.254397630691528320e-02
4.360943660140037537e-02
-3.912347927689552307e-02
-1.430129352957010269e-02
4.758574441075325012e-02
1.875952072441577911e-02
1.013218313455581665e-01
6.304157897830009460e-03
6.603334844112396240e-02
-4.180070012807846069e-02
-2.596539258956909180e-02
2.668254449963569641e-02
2.600556425750255585e-02
1.716068573296070099e-02
-5.912064108997583389e-03
6.315459031611680984e-03
2.785008633509278297e-03
6.506974808871746063e-03
-2.731346525251865387e-02
-4.847429692745208740e-02
5.195916164666414261e-03
4.626522958278656006e-02
-4.098652303218841553e-02
-3.588672727346420288e-02
7.113381475210189819e-02
3.842039406299591064e-02
3.471191972494125366e-02
-1.444502174854278564e-01
-1.020035613328218460e-02
4.291063174605369568e-02
5.877190455794334412e-02
-5.280185490846633911e-02
4.308557882905006409e-02
-1.454996168613433838e-01
3.956959396600723267e-02
-4.675683379173278809e-02
-5.847745761275291443e-02
-5.948051111772656441e-04
-4.749979078769683838e-02
-2.586086280643939972e-02
1.752241328358650208e-02
-8.125762455165386200e-03
4.706174507737159729e-02
-2.918817661702632904e-02
-6.404618918895721436e-02
6.413461267948150635e-02
2.250972576439380646e-02
-5.770711228251457214e-03
-3.232425451278686523e-02
-2.905002608895301819e-02
-8.882859721779823303e-03
3.031607903540134430e-02
1.545351091772317886e-02
9.775067865848541260e-02
3.096480621024966240e-03
-2.033374644815921783e-02
1.122786011546850204e-02
3.455096483230590820e-02
3.177875652909278870e-02
-1.082726405002176762e-03
2.258952893316745758e-02
-7.544257491827011108e-02
1.512620318681001663e-02
-3.083270508795976639e-03
-5.242297798395156860e-02
-3.839654102921485901e-02
3.035424835979938507e-02
6.629614531993865967e-02
3.806535154581069946e-02
3.824159875512123108e-02
4.203203693032264709e-02
-4.493038728833198547e-02
7.896882481873035431e-03
-2.236527018249034882e-02
-5.313134193420410156e-02
-2.847601659595966339e-02
-2.291298098862171173e-02
5.386036820709705353e-03
5.009496212005615234e-02
-1.685022376477718353e-02
-1.306107360869646072e-02
-5.543147772550582886e-02
1.103455945849418640e-02
-2.203891426324844360e-02
-8.588209748268127441e-03
-1.104312250390648842e-03
2.163615263998508453e-02
7.766890525817871094e-02
-7.771671563386917114e-02
-1.113414298743009567e-02
4.821540787816047668e-02
9.670380502939224243e-02
1.248824130743741989e-02
-1.155328601598739624e-01
2.266026288270950317e-02
-1.430980488657951355e-02
-4.579905793070793152e-02
2.406876906752586365e-02
4.568452760577201843e-02
7.388130575418472290e-02
-9.608368575572967529e-02
5.750573426485061646e-02
-6.156119517982006073e-03
-5.108777806162834167e-02
-8.893915452063083649e-03
8.695788681507110596e-03
-1.851483434438705444e-02
-1.713171787559986115e-02
-4.957164824008941650e-02
-4.225073382258415222e-02
-4.344626143574714661e-02
1.902833767235279083e-02
3.121479414403438568e-02
1.149849444627761841e-01
-4.493916407227516174e-03
4.048582538962364197e-02
-6.404839456081390381e-03
4.062463343143463135e-02
-1.506888400763273239e-02
2.364746481180191040e-02
-6.291279941797256470e-02
-5.011099576950073242e-02
1.334595493972301483e-02
-6.711576133966445923e-03
4.904644191265106201e-02
4.307037964463233948e-02
1.046109944581985474e-02
-3.498218953609466553e-02
-5.897328956052660942e-04
3.558195382356643677e-02
1.169901993125677109e-02
2.187212184071540833e-02
2.648843452334403992e-02
-2.218862250447273254e-02
-5.356128513813018799e-02
2.898754179477691650e-02
-2.827185578644275665e-02
4.492663592100143433e-02
1.459749881178140640e-02
3.587670624256134033e-02
4.997649788856506348e-02
-1.990521699190139771e-02
9.726942516863346100e-03
2.616352215409278870e-02
5.399174243211746216e-02
-1.743741333484649658e-02
-2.864621020853519440e-02
-7.191172242164611816e-02
2.816151455044746399e-02
5.811369419097900391e-02
-2.869859896600246429e-02
-8.346711099147796631e-02
1.552045578137040138e-03
-1.231285929679870605e-02
3.052282147109508514e-02
-1.364545971155166626e-01
2.087313123047351837e-02
-9.284175187349319458e-02
1.212683785706758499e-02
-3.711653174832463264e-03
-3.159109503030776978e-02
-7.745955605059862137e-03
-3.121474990621209145e-03
4.343714565038681030e-02
-1.048123314976692200e-01
1.446432992815971375e-02
1.600670255720615387e-02
-3.133641555905342102e-02
1.384722813963890076e-02
-6.185754761099815369e-02
-1.748555898666381836e-02
6.837997585535049438e-02
4.830126091837882996e-02
-3.394688293337821960e-02
1.019310280680656433e-01
-4.025574028491973877e-02
-1.219383254647254944e-02
-1.261437498033046722e-02
9.672817774116992950e-03
2.227732539176940918e-02
2.275479584932327271e-02
3.313331981189548969e-04
5.192417651414871216e-02
2.226421236991882324e-02
3.719463944435119629e-02
4.102300480008125305e-02
-3.997596353292465210e-02
-3.060758113861083984e-02
-6.489620357751846313e-02
-3.056732937693595886e-02
7.582818716764450073e-02
1.473395247012376785e-02
3.714618459343910217e-02
1.697335764765739441e-02
-4.493434354662895203e-02
4.270753636956214905e-02
7.616454269737005234e-03
4.273736849427223206e-02
-3.180152922868728638e-02
-9.037625044584274292e-03
-3.856189548969268799e-02
-6.079170107841491699e-02
9.847502224147319794e-03
7.796686142683029175e-02
-3.662545233964920044e-02
-2.268336247652769089e-03
1.266416609287261963e-01
8.357445709407329559e-03
1.350334729067981243e-03
-4.427282139658927917e-02
1.597264315932989120e-03
-2.377651631832122803e-02
-1.881600730121135712e-02
6.439037621021270752e-02
1.119420584291219711e-02
-3.092098049819469452e-02
-1.766821183264255524e-02
1.361086517572402954e-01
-8.157208561897277832e-02
3.476417809724807739e-02
-1.402785032987594604e-01
-4.442404955625534058e-02
-2.016679942607879639e-02
-3.854292631149291992e-02
-3.267546370625495911e-02
4.978299140930175781e-03
1.954727433621883392e-02
3.681016713380813599e-02
-2.683915197849273682e-02
3.276414796710014343e-02
9.813691489398479462e-03
1.798926107585430145e-02
2.371003385633230209e-03
2.984226308763027191e-02
-3.757352381944656372e-02
-1.545596867799758911e-02
-5.615332350134849548e-02
8.510998636484146118e-02
-4.012539610266685486e-02
-2.115043438971042633e-02
5.369416996836662292e-02
-1.800720393657684326e-02
5.470918491482734680e-02
-8.746487088501453400e-03
-1.457345113158226013e-02
2.401279658079147339e-02
5.011530127376317978e-03
3.560020402073860168e-02
-4.441796615719795227e-02
2.786958590149879456e-03
-6.163966283202171326e-02
-1.020985841751098633e-02
-1.902931369841098785e-02
-3.907131031155586243e-02
1.116333082318305969e-01
-1.657597720623016357e-02
4.520336166024208069e-02
7.598847895860671997e-02
-4.225835949182510376e-02
3.167472779750823975e-02
6.963887810707092285e-02
5.801532790064811707e-02
7.012386620044708252e-02
-2.733191661536693573e-02
1.088973134756088257e-01
3.745931386947631836e-02
6.620583683252334595e-02
4.403701424598693848e-02
-5.667260289192199707e-02
1.072121225297451019e-02
4.774203896522521973e-02
3.706705989316105843e-03
-4.796328395605087280e-02
3.671273356303572655e-03
1.970603875815868378e-02
-3.338425606489181519e-02
-1.335098757408559322e-03
-1.785407960414886475e-02
1.071277819573879242e-02
4.000223055481910706e-02
1.119109094142913818e-01
-7.045544683933258057e-03
-3.872806578874588013e-02
4.859910346567630768e-03
-6.624134629964828491e-02
7.479338441044092178e-03
3.551394212990999222e-03
-2.631784789264202118e-02
2.571813575923442841e-02
7.591965608298778534e-03
3.475214540958404541e-02
-4.398302733898162842e-02
5.709910392761230469e-02
2.823942713439464569e-02
-8.676177822053432465e-03
-4.131763055920600891e-02
-2.347027510404586792e-02
-3.360447287559509277e-02
3.756555542349815369e-02
-1.093767699785530567e-03
1.738831587135791779e-02
1.415761932730674744e-02
4.438598081469535828e-02
4.226576536893844604e-02
7.925585657358169556e-02
-7.263878826051950455e-03
-1.192201208323240280e-02
-4.381139762699604034e-03
-6.508682854473590851e-03
-2.316229045391082764e-02
6.832460314035415649e-02
5.822120606899261475e-02
3.878444433212280273e-02
1.999172940850257874e-02
-5.615838617086410522e-02
2.872179076075553894e-02
-1.272668247111141682e-03
-6.294724531471729279e-03
4.623038228601217270e-03
-3.637923672795295715e-02
6.314613670110702515e-02
1.320183090865612030e-02
-1.249029189348220825e-01
1.560615189373493195e-02
5.554953962564468384e-02
1.265054009854793549e-02
-3.313348628580570221e-03
-2.724434481933712959e-03
1.011958532035350800e-02
-2.126750908792018890e-02
-2.461828105151653290e-02
