-3.582490980625152588e-02
-2.557530999183654785e-02
-1.559102628380060196e-02
-5.229802429676055908e-02
-3.181536495685577393e-02
-1.290761232376098633e-01
-2.734288200736045837e-02
-5.436112359166145325e-02
-2.841460891067981720e-02
1.207394991070032120e-02
-7.287540007382631302e-03
-2.287724800407886505e-02
-7.756913080811500549e-03
-1.893448992632329464e-03
1.048071403056383133e-02
-4.940172657370567322e-03
-5.923767574131488800e-03
1.531703304499387741e-02
-5.386551097035408020e-02
2.363715134561061859e-02
-3.123559616506099701e-02
2.995960414409637451e-02
-1.718168891966342926e-02
-3.345241397619247437e-02
-8.879275410436093807e-04
5.318145453929901123e-02
6.014864891767501831e-02
1.584920287132263184e-02
5.058192461729049683e-02
-2.547049522399902344e-02
-3.347221063449978828e-03
-1.006938423961400986e-02
9.436257183551788330e-03
6.870601791888475418e-03
3.013092651963233948e-02
2.505369670689105988e-02
4.220065474510192871e-02
-3.488406538963317871e-03
-6.909341551363468170e-03
-2.195105887949466705e-02
5.590517446398735046e-02
6.100756116211414337e-03
1.746876165270805359e-02
1.164653059095144272e-02
-1.265299855731427670e-03
4.481835290789604187e-02
-6.316533684730529785e-02
4.198472015559673309e-03
5.796413868665695190e-02
5.486564710736274719e-03
4.717253893613815308e-02
1.130720078945159912e-01
-2.533265855163335800e-03
4.048735648393630981e-02
-3.059053560718894005e-03
1.252159476280212402e-02
1.861195079982280731e-02
3.937744069844484329e-03
-6.021909415721893311e-02
-1.205485612154006958e-01
3.093398548662662506e-02
1.356545742601156235e-02
8.775007911026477814e-03
-4.591212794184684753e-02
1.814030669629573822e-02
-5.439212545752525330e-02
2.223193086683750153e-02
8.910311385989189148e-03
4.616996273398399353e-02
5.676344782114028931e-02
-4.628000035881996155e-02
1.516556646674871445e-02
1.225614175200462341e-01
2.718453481793403625e-02
3.205692395567893982e-02
-6.182507425546646118e-02
-4.726019501686096191e-02
-5.708807613700628281e-03
4.168410226702690125e-02
1.272619217634201050e-01
-1.624539680778980255e-02
-4.759701713919639587e-02
8.944480679929256439e-03
-7.496468257158994675e-03
-8.655881881713867188e-02
-1.403157040476799011e-02
8.911305107176303864e-03
-2.159490063786506653e-02
-1.931267231702804565e-02
3.756323084235191345e-02
3.682440519332885742e-02
-9.952232241630554199e-03
3.081716597080230713e-03
2.694395557045936584e-02
2.084750495851039886e-02
-2.837879396975040436e-02
-1.888564671389758587e-03
-1.685860194265842438e-02
3.314214572310447693e-02
4.867749661207199097e-02
-5.404335260391235352e-02
-9.533148258924484253e-02
-2.215173467993736267e-02
-2.543563209474086761e-02
3.269332693889737129e-03
1.538893301039934158e-02
-1.582003198564052582e-02
3.930159285664558411e-02
1.449730433523654938e-02
-1.402715500444173813e-02
-8.850439451634883881e-03
-2.123082801699638367e-02
-4.599032923579216003e-03
-5.275197699666023254e-02
-3.164992853999137878e-02
2.097929082810878754e-02
-2.790217101573944092e-02
1.590813137590885162e-02
-4.627863317728042603e-02
-7.407362107187509537e-03
4.092177748680114746e-02
-1.436541974544525146e-02
1.895231939852237701e-02
6.318633910268545151e-03
1.273210793733596802e-01
2.764602249953895807e-04
4.550844460027292371e-05
3.093178011476993561e-02
3.103401698172092438e-02
-8.317597210407257080e-02
2.374718151986598969e-02
-2.272977679967880249e-02
2.450927905738353729e-02
-1.903924276120960712e-03
-1.662634871900081635e-02
5.411858111619949341e-02
-8.789849234744906425e-04
1.999415829777717590e-02
1.762453764677047729e-01
-3.390956670045852661e-02
2.630570530891418457e-02
4.534681141376495361e-02
-1.387206744402647018e-02
-7.211779593490064144e-04
-5.359924398362636566e-03
-6.253600865602493286e-02
-2.896647155284881592e-02
8.824907243251800537e-03
1.572778820991516113e-02
3.225481882691383362e-02
3.908136114478111267e-02
-2.020423486828804016e-02
2.248698845505714417e-03
-2.145597338676452637e-02
-2.126431092619895935e-02
1.075408607721328735e-02
2.570016309618949890e-02
-7.365832105278968811e-03
1.121936738491058350e-02
1.997058978304266930e-03
-6.398098077625036240e-03
-5.298433080315589905e-02
3.941553086042404175e-02
-5.647249519824981689e-02
2.319767512381076813e-02
4.309863224625587463e-02
5.180191621184349060e-02
-1.121649704873561859e-02
1.994972117245197296e-02
9.306724369525909424e-02
6.033479701727628708e-03
-4.299061372876167297e-03
-3.455698024481534958e-04
3.686810657382011414e-02
4.264701565261930227e-04
2.859047055244445801e-02
-3.685880824923515320e-02
2.903764694929122925e-02
1.293342262506484985e-01
2.073757164180278778e-02
7.164591923356056213e-03
-1.807008311152458191e-02
3.380484133958816528e-02
-8.332869037985801697e-03
-2.999867685139179230e-02
2.210077345371246338e-01
-4.223950505256652832e-01
3.837718442082405090e-02
-2.331879176199436188e-02
1.371795311570167542e-02
4.668102785944938660e-02
-2.719037234783172607e-02
-4.997507669031620026e-03
-1.153822336345911026e-02
-2.305331639945507050e-03
-5.622457712888717651e-03
-8.621263317763805389e-03
-9.018717100843787193e-04
1.575455628335475922e-02
-1.208498049527406693e-02
2.463188953697681427e-02
-2.010699361562728882e-02
-3.748867213726043701e-01
2.678160928189754486e-02
1.094651594758033752e-02
-5.934183672070503235e-02
-1.043983362615108490e-02
-1.606953889131546021e-02
-1.421506516635417938e-02
-3.530900552868843079e-02
-3.373084962368011475e-02
-2.407508343458175659e-02
4.749896004796028137e-03
8.684232598170638084e-04
1.514738053083419800e-02
1.653508283197879791e-02
2.276700176298618317e-02
-2.885070443153381348e-02
-1.357822585850954056e-02
7.036263123154640198e-03
2.177631482481956482e-03
-4.996184706687927246e-01
-3.216198459267616272e-02
-2.184404991567134857e-02
5.792381241917610168e-02
3.642819821834564209e-02
3.577977791428565979e-02
-5.173814669251441956e-02
6.191115826368331909e-02
-2.986824885010719299e-02
-1.499613560736179352e-02
-1.359833870083093643e-02
2.053611166775226593e-02
-8.024238049983978271e-03
1.035437732934951782e-01
-1.565219089388847351e-02
-3.760351240634918213e-02
1.400905847549438477e-02
3.165539354085922241e-02
-2.333895768970251083e-03
-3.297236934304237366e-02
3.138792142271995544e-02
-4.001284390687942505e-02
-2.298294939100742340e-02
1.298443786799907684e-02
2.793041244149208069e-02
4.363755881786346436e-02
-1.277771405875682831e-02
6.392148137092590332e-02
-2.441267296671867371e-02
1.572012528777122498e-02
-5.506372079253196716e-03
-1.234004274010658264e-03
4.501858726143836975e-02
-4.405586794018745422e-02
3.087746212258934975e-03
1.145060211420059204e-01
9.091818332672119141e-02
4.801132250577211380e-03
2.927857264876365662e-02
5.371341481804847717e-02
-3.302406892180442810e-02
-4.744853451848030090e-02
-7.065271586179733276e-02
-1.641057431697845459e-02
4.167818650603294373e-02
1.205798890441656113e-02
7.417196035385131836e-02
-6.618654727935791016e-02
-4.462399706244468689e-02
3.414501622319221497e-02
4.043121263384819031e-02
-1.459996961057186127e-02
4.766300693154335022e-02
-1.436878810636699200e-03
-4.809158295392990112e-02
5.195066705346107483e-02
4.979757219552993774e-02
-2.371722273528575897e-02
-5.141509696841239929e-02
-2.689853310585021973e-02
2.510136691853404045e-03
1.751147396862506866e-02
-2.096551842987537384e-02
1.913159154355525970e-02
4.715675860643386841e-02
-4.123777151107788086e-02
4.583099111914634705e-02
3.313423320651054382e-02
-3.127336502075195312e-02
-4.157229326665401459e-03
-6.406984757632017136e-03
-3.495837375521659851e-02
2.183702960610389709e-02
-1.637638546526432037e-02
-5.607189610600471497e-02
-1.148585677146911621e-01
2.825561538338661194e-02
-2.106981724500656128e-02
1.043776795268058777e-01
-5.576687678694725037e-02
-3.622565045952796936e-02
9.198852181434631348e-01
3.042528405785560608e-02
-4.254885390400886536e-02
-6.334032118320465088e-02
1.198291219770908356e-02
1.019328683614730835e-01
-1.618855074048042297e-02
-3.412925824522972107e-02
9.077494964003562927e-03
-8.496776968240737915e-02
-7.209068536758422852e-02
5.449501425027847290e-02
-3.420230001211166382e-02
8.226295560598373413e-02
4.332129284739494324e-02
-1.534433569759130478e-02
-3.021401725709438324e-02
-1.789690740406513214e-02
1.575019210577011108e-02
-5.007802508771419525e-03
3.767897188663482666e-02
6.977922469377517700e-02
2.768748067319393158e-02
-1.781756989657878876e-02
1.187413278967142105e-02
4.017873480916023254e-02
-3.441183269023895264e-02
1.122748106718063354e-02
5.818207561969757080e-02
1.504114270210266113e-02
-1.871981658041477203e-02
4.479428287595510483e-03
2.703940309584140778e-02
-1.556918676942586899e-02
3.516965359449386597e-02
3.539304889272898436e-04
1.854578405618667603e-02
-1.180127635598182678e-02
-2.541194111108779907e-02
-2.931524068117141724e-02
-3.795788437128067017e-02
2.465169690549373627e-02
-3.523175418376922607e-02
6.163375079631805420e-02
-2.108030719682574272e-03
-2.607948519289493561e-02
-3.664002195000648499e-02
8.296573162078857422e-02
-2.212760969996452332e-02
-8.081774227321147919e-03
5.191357061266899109e-02
-5.928795412182807922e-02
-4.912114515900611877e-02
3.437013551592826843e-02
2.866024710237979889e-02
3.567747771739959717e-02
-6.204283237457275391e-02
-4.882627632468938828e-03
8.111234754323959351e-02
-5.413680523633956909e-02
-2.792663127183914185e-02
3.419539704918861389e-02
2.928962744772434235e-02
-8.743079379200935364e-03
2.422107756137847900e-02
6.558116525411605835e-03
-4.042486846446990967e-02
-1.429302059113979340e-02
-3.155378997325897217e-02
3.118409309536218643e-03
-2.063481509685516357e-02
4.276141151785850525e-02
-1.735059730708599091e-02
4.084551334381103516e-02
-5.055800825357437134e-02
3.022497519850730896e-02
-1.459114067256450653e-02
2.389045804738998413e-02
-3.059368953108787537e-02
-8.305608644150197506e-04
-2.532679401338100433e-02
2.203245088458061218e-02
-3.863962739706039429e-02
-3.202602639794349670e-02
-3.797728940844535828e-02
4.679686576128005981e-02
6.187392771244049072e-02
5.926470458507537842e-02
8.105818182229995728e-02
-1.415499113500118256e-02
4.827470332384109497e-02
-1.360988058149814606e-02
4.303017631173133850e-02
-1.118371859192848206e-01
7.465942949056625366e-02
-7.406957447528839111e-02
2.699699811637401581e-02
-3.749340027570724487e-02
-2.282302081584930420e-02
-5.060567334294319153e-02
4.691386222839355469e-02
3.074082173407077789e-02
-2.910043671727180481e-02
-2.936360612511634827e-02
-5.267895385622978210e-02
-7.920027524232864380e-02
4.219349101185798645e-02
4.369366914033889771e-02
8.730655908584594727e-02
-1.660656183958053589e-02
-3.968865796923637390e-02
-3.103493899106979370e-02
4.839832335710525513e-02
-4.685200005769729614e-02
2.065076492726802826e-02
3.931750729680061340e-02
-5.809995904564857483e-02
-3.230846300721168518e-02
-2.209438756108283997e-02
2.931532822549343109e-02
8.758621290326118469e-03
5.141128599643707275e-02
7.651889324188232422e-02
-1.917484961450099945e-02
2.908672578632831573e-02
-4.817124083638191223e-02
-8.998724818229675293e-02
1.142355613410472870e-02
-1.325020845979452133e-02
5.106871947646141052e-02
4.492759332060813904e-02
1.166448928415775299e-02
-1.708944700658321381e-02
-2.113048173487186432e-02
5.525026936084032059e-03
-1.550912763923406601e-02
2.076912112534046173e-02
1.976157911121845245e-02
1.427160762250423431e-02
1.196408458054065704e-02
1.929597929120063782e-02
-2.726791240274906158e-02
1.068920791149139404e-01
-6.712020374834537506e-03
-1.831581071019172668e-02
1.592484563589096069e-01
4.253252223134040833e-02
-7.670180499553680420e-02
-8.187014609575271606e-03
3.375913575291633606e-02
-9.365363419055938721e-02
-2.045867592096328735e-02
1.354318764060735703e-02
-8.101973682641983032e-03
-4.353503696620464325e-03
3.189253853633999825e-03
5.835957825183868408e-02
-2.492317557334899902e-02
5.600896850228309631e-02
6.960570812225341797e-02
8.803617092780768871e-04
-1.048684399574995041e-02
2.363520674407482147e-02
2.747555496171116829e-03
-7.279002666473388672e-02
5.997882038354873657e-02
1.745467260479927063e-02
-5.700055044144392014e-03
-6.305788177996873856e-03
8.537322282791137695e-02
-3.025197610259056091e-02
6.871865689754486084e-02
2.699378132820129395e-02
-7.213668525218963623e-02
-3.625830635428428650e-02
-6.199280172586441040e-02
6.477566808462142944e-02
1.304392423480749130e-02
-6.383219361305236816e-02
-7.074637711048126221e-02
-2.216126536950469017e-03
5.193727090954780579e-02
-5.209791287779808044e-02
2.261664904654026031e-02
7.831826061010360718e-02
1.091135013848543167e-02
2.113112993538379669e-02
4.384509101510047913e-02
-2.939162589609622955e-02
-5.388429854065179825e-03
-3.820334374904632568e-02
1.476998906582593918e-02
-9.697469882667064667e-03
-2.790301479399204254e-02
-1.686018705368041992e-02
-2.234019339084625244e-02
-6.813921779394149780e-02
4.693879932165145874e-02
-2.146338857710361481e-02
3.764798864722251892e-02
3.234312310814857483e-02
-3.514803573489189148e-02
-5.392950493842363358e-03
2.755031734704971313e-02
3.943262994289398193e-02
6.873734295368194580e-02
1.102548930794000626e-02
4.255414381623268127e-02
-3.892330080270767212e-02
-5.529430881142616272e-02
4.863810539245605469e-02
5.313665606081485748e-03
1.866118237376213074e-02
-1.748653594404459000e-03
8.341166190803050995e-03
1.175082474946975708e-02
-3.553930670022964478e-02
-4.446341656148433685e-03
2.347183413803577423e-02
2.893221005797386169e-02
4.921642318367958069e-02
-3.299289196729660034e-02
-3.610056266188621521e-02
4.134425148367881775e-02
5.674755666404962540e-03
7.438407093286514282e-02
-1.638429462909698486e-01
1.466844789683818817e-02
4.066929966211318970e-02
5.283275619149208069e-02
-1.548816263675689697e-02
6.146173551678657532e-02
-1.446941643953323364e-01
1.403896138072013855e-02
-3.400493785738945007e-02
-3.229820728302001953e-02
1.349235232919454575e-02
-3.993581980466842651e-02
-2.698919922113418579e-02
3.677760064601898193e-02
5.347674246877431870e-03
1.426552329212427139e-02
-3.203272074460983276e-02
-8.044365048408508301e-02
4.564747959375381470e-02
3.347346559166908264e-02
7.182082161307334900e-03
-1.254708413034677505e-02
-2.562351152300834656e-02
-4.096427187323570251e-02
1.793636940419673920e-02
-2.146361954510211945e-02
7.100665569305419922e-02
6.131659261882305145e-03
-4.256016016006469727e-02
3.046019375324249268e-02
1.811376400291919708e-02
2.939778752624988556e-02
1.561342086642980576e-02
3.474958240985870361e-02
-7.571405917406082153e-02
-2.381426841020584106e-02
-2.344116382300853729e-02
-3.935559466481208801e-02
-2.249876968562602997e-02
-1.154359616339206696e-02
8.962801843881607056e-02
4.152062162756919861e-02
4.626360535621643066e-02
6.845907866954803467e-02
-5.161552131175994873e-02
-1.372058037668466568e-02
-2.827164344489574432e-02
-7.947909832000732422e-02
-7.230549585074186325e-03
-3.100850991904735565e-02
-1.112203393131494522e-02
4.647997766733169556e-02
-1.314867194741964340e-02
-7.769221439957618713e-03
-7.623829692602157593e-02
1.043175626546144485e-02
-2.252582833170890808e-02
-9.655413217842578888e-03
-9.794376092031598091e-04
7.979633286595344543e-03
4.843638837337493896e-02
-6.387881189584732056e-02
-1.783230900764465332e-02
3.313533216714859009e-02
4.093192890286445618e-02
-3.801198210567235947e-03
-4.487398639321327209e-02
3.742323070764541626e-02
-3.329159319400787354e-02
-3.944629058241844177e-02
1.761662214994430542e-02
3.707581013441085815e-02
6.937512010335922241e-02
-8.829125016927719116e-02
4.754216596484184265e-02
-1.155763398855924606e-02
-2.771009504795074463e-02
9.797267848625779152e-04
2.868031524121761322e-02
-5.593769717961549759e-03
-5.271186819300055504e-04
-4.892935603857040405e-02
-4.493509978055953979e-02
-3.746356070041656494e-02
1.317684259265661240e-02
3.611716628074645996e-02
1.880693882703781128e-01
6.125295534729957581e-03
-2.148869214579463005e-03
-4.698075354099273682e-02
4.339642450213432312e-02
5.371143575757741928e-03
3.340017795562744141e-02
-5.486676469445228577e-02
-6.210194434970617294e-03
2.100700698792934418e-02
-4.453142732381820679e-02
5.731476098299026489e-02
3.588222339749336243e-02
1.135947462171316147e-02
-1.059610471129417419e-01
1.017345301806926727e-02
-4.576963838189840317e-03
3.729594498872756958e-02
1.074473001062870026e-02
3.314992040395736694e-02
-7.524231914430856705e-03
-1.889451965689659119e-02
-2.544843405485153198e-02
-4.672905057668685913e-02
2.151656337082386017e-02
1.671115867793560028e-02
-4.803577030543237925e-04
5.785411968827247620e-02
-3.306936100125312805e-02
9.924815036356449127e-03
9.010248817503452301e-03
5.447288602590560913e-02
-7.903766236267983913e-04
-9.947882033884525299e-03
-7.591259479522705078e-02
1.880618743598461151e-02
5.487030372023582458e-02
-2.764391340315341949e-02
-7.725096493959426880e-02
-2.129299938678741455e-02
1.779630221426486969e-02
2.404406666755676270e-02
-1.313867121934890747e-01
1.160190720111131668e-02
-5.911917611956596375e-02
3.697537630796432495e-02
-1.453038025647401810e-02
-4.019130766391754150e-02
-3.660565614700317383e-02
-2.411570399999618530e-02
4.356337338685989380e-02
-5.255968496203422546e-02
-2.388293854892253876e-03
-6.044482812285423279e-03
-2.549212798476219177e-02
-2.468085614964365959e-03
-6.011838838458061218e-02
-7.620169315487146378e-03
5.165912583470344543e-02
4.666460677981376648e-02
1.833917014300823212e-02
1.003763452172279358e-01
-2.159133926033973694e-02
-3.317277133464813232e-02
-3.032550401985645294e-02
1.519107911735773087e-02
6.646965630352497101e-03
2.010772004723548889e-02
6.617146544158458710e-03
3.688098862767219543e-02
9.131407365202903748e-03
6.516437232494354248e-02
4.733808338642120361e-02
-3.161635622382164001e-02
-3.675953298807144165e-02
-7.211539894342422485e-02
-1.339588686823844910e-02
8.885132521390914917e-02
-4.266726970672607422e-02
4.211530461907386780e-02
1.564330235123634338e-02
-3.147960826754570007e-02
4.151890799403190613e-02
9.975237771868705750e-04
8.555091917514801025e-02
-2.075908519327640533e-02
6.112935487180948257e-03
-1.492622029036283493e-02
-6.467017531394958496e-02
1.791607961058616638e-02
4.152067378163337708e-02
-3.722926601767539978e-02
1.280578086152672768e-03
2.118937522172927856e-01
2.864459715783596039e-02
-2.420202456414699554e-02
-1.919258199632167816e-02
9.623941965401172638e-03
-1.554614398628473282e-02
-8.516144938766956329e-03
9.876867383718490601e-02
-3.030578373000025749e-03
2.203305624425411224e-02
-3.286850079894065857e-02
2.951572090387344360e-02
-8.051218837499618530e-02
5.593618005514144897e-02
-1.282179802656173706e-01
-2.105699293315410614e-02
1.078174635767936707e-02
-2.296148054301738739e-02
-2.080719731748104095e-02
2.634584903717041016e-02
3.158877044916152954e-02
4.264180734753608704e-02
-1.124122180044651031e-02
2.325941249728202820e-02
3.172678872942924500e-02
1.350684673525393009e-03
1.833640597760677338e-02
3.897147998213768005e-02
-2.095465362071990967e-02
1.277488935738801956e-02
-3.632365539669990540e-02
6.041196174919605255e-03
-2.630667388439178467e-02
-4.124854132533073425e-02
4.791133105754852295e-02
-4.412798210978507996e-02
4.157065600156784058e-02
-4.198897629976272583e-02
-3.174574300646781921e-02
2.080027572810649872e-02
3.363942727446556091e-02
1.611915603280067444e-02
-3.037489205598831177e-02
3.311197087168693542e-02
-5.654016137123107910e-02
-2.930120006203651428e-02
-3.859916701912879944e-02
-5.302263796329498291e-02
6.119589507579803467e-02
-2.748656272888183594e-02
1.957526803016662598e-02
6.632403284311294556e-02
1.148688513785600662e-02
1.088482979685068130e-02
1.079712435603141785e-01
5.877602472901344299e-02
5.677239596843719482e-02
-2.557075954973697662e-02
8.746120333671569824e-02
4.510734975337982178e-02
5.764590948820114136e-02
6.450606137514114380e-02
-7.520053535699844360e-02
1.778936572372913361e-02
3.266104683279991150e-02
3.858949756249785423e-03
-3.088696114718914032e-02
2.493101346772164106e-04
2.068634331226348877e-02
-2.787338942289352417e-02
5.151960067451000214e-03
1.918929629027843475e-02
3.906016051769256592e-02
5.368870496749877930e-02
6.635461747646331787e-02
5.063341185450553894e-02
-4.944197833538055420e-02
4.423042759299278259e-02
-5.606041848659515381e-02
-4.264384135603904724e-02
-1.460619037970900536e-03
-5.200779810547828674e-02
-2.897675614804029465e-03
1.867803186178207397e-02
9.882058016955852509e-03
-3.504866734147071838e-02
4.230541735887527466e-02
2.567719295620918274e-02
-2.755917049944400787e-02
-3.400016948580741882e-02
-2.504790760576725006e-02
-2.297325432300567627e-02
2.097626402974128723e-02
1.214259956032037735e-02
1.687211357057094574e-02
-1.687043718993663788e-02
6.853336840867996216e-02
3.380377963185310364e-02
7.861936092376708984e-02
-2.372464537620544434e-02
-2.272783406078815460e-02
-1.697149127721786499e-02
-2.949177473783493042e-02
-1.049656886607408524e-02
6.265825778245925903e-02
6.651055812835693359e-02
-8.231059648096561432e-03
-1.975112594664096832e-03
-5.050607398152351379e-02
4.167253151535987854e-03
2.669637324288487434e-03
9.664651937782764435e-03
1.502120308578014374e-02
-1.522703748196363449e-02
4.433462023735046387e-02
8.102559484541416168e-03
-1.411522626876831055e-01
-9.360179683426395059e-05
2.523362264037132263e-02
1.308514270931482315e-02
-2.151439711451530457e-02
1.240305230021476746e-02
-7.452249061316251755e-03
-2.006759680807590485e-02
-2.759482897818088531e-02
