-2.316901087760925293e-02
-1.271869242191314697e-02
3.926189616322517395e-03
-7.762100547552108765e-02
-7.800458930432796478e-03
-1.513071358203887939e-01
-4.133398830890655518e-02
-3.988621011376380920e-02
-5.817804113030433655e-02
-2.562092617154121399e-02
3.623141720890998840e-02
-2.289410680532455444e-02
-3.507930785417556763e-02
-3.751839324831962585e-02
1.748146140016615391e-03
-8.295291103422641754e-03
8.977307006716728210e-03
-5.718222353607416153e-03
-1.111905202269554138e-01
2.556474134325981140e-02
-3.416597470641136169e-02
2.515982091426849365e-02
-1.183179114013910294e-02
-2.556219138205051422e-02
-1.106053311377763748e-02
3.720188513398170471e-02
8.233503252267837524e-02
3.838936612010002136e-02
4.380781576037406921e-02
-2.759431302547454834e-02
-2.108885720372200012e-02
-3.457956947386264801e-03
7.649103645235300064e-03
1.428921986371278763e-02
1.357059273868799210e-02
9.146960452198982239e-03
5.460195243358612061e-02
9.314262308180332184e-03
-1.813713274896144867e-02
8.881837129592895508e-03
3.076869435608386993e-02
-4.150801803916692734e-03
2.216135337948799133e-02
2.976180054247379303e-02
5.409537814557552338e-03
5.025490373373031616e-02
-4.142098128795623779e-02
1.406627334654331207e-02
3.948487341403961182e-02
1.022272277623414993e-02
1.081257686018943787e-02
1.366738080978393555e-01
-1.826545409858226776e-02
9.201340377330780029e-03
1.946181245148181915e-02
7.507330272346735001e-03
1.183537486940622330e-02
-5.773251759819686413e-04
-8.003174513578414917e-02
-1.545562893152236938e-01
3.118610940873622894e-02
1.312373392283916473e-02
3.479810059070587158e-02
-2.761680819094181061e-02
-1.278027798980474472e-02
-7.732431590557098389e-02
-7.415738888084888458e-03
2.475359849631786346e-02
3.864450007677078247e-02
8.361970633268356323e-02
-3.277591243386268616e-02
-1.760745421051979065e-02
1.428768187761306763e-01
2.206153981387615204e-02
1.733100973069667816e-02
-4.659819230437278748e-02
-5.545815452933311462e-02
-1.616144366562366486e-02
4.230257496237754822e-02
9.382005780935287476e-02
-2.590665407478809357e-02
-4.183954000473022461e-02
1.703475834801793098e-03
-2.142834709957242012e-03
-1.243832260370254517e-01
-1.218285225331783295e-02
1.921447552740573883e-02
-1.023232471197843552e-02
-2.647169679403305054e-02
1.121157687157392502e-02
5.773934721946716309e-02
9.122435934841632843e-03
2.295639738440513611e-02
2.164592966437339783e-02
5.638722795993089676e-03
-2.484627440571784973e-02
-1.582907140254974365e-02
2.990594878792762756e-02
3.021366335451602936e-02
1.491175405681133270e-02
-2.332267165184020996e-02
-1.215279102325439453e-01
-3.364963456988334656e-02
-5.576667375862598419e-03
8.286592550575733185e-03
1.460157334804534912e-02
-3.949425742030143738e-02
4.215278103947639465e-02
-1.265474688261747360e-02
-1.697293296456336975e-02
2.337353304028511047e-02
-4.364933818578720093e-03
-1.617407193407416344e-03
-6.376970559358596802e-02
-1.342182885855436325e-02
2.195983566343784332e-02
-5.748052522540092468e-02
2.307601645588874817e-02
-1.978057622909545898e-02
-3.144032321870326996e-03
2.036553248763084412e-02
-1.626154594123363495e-02
6.577198952436447144e-02
-2.100574411451816559e-02
1.548617333173751831e-01
2.108918270096182823e-03
-9.036149829626083374e-03
-1.128205680288374424e-03
1.943096332252025604e-02
-1.092167645692825317e-01
4.245043545961380005e-02
-4.319961648434400558e-03
3.106232546269893646e-02
2.900894172489643097e-02
-6.096425466239452362e-03
6.054675206542015076e-02
3.400977933779358864e-03
6.427919119596481323e-02
2.129405140876770020e-01
-2.285229973495006561e-02
1.025621742010116577e-01
3.570178151130676270e-02
-1.190901733934879303e-02
1.262589637190103531e-02
8.957292884588241577e-03
-9.980668872594833374e-02
-1.054011192172765732e-02
1.232567708939313889e-02
1.264247857034206390e-02
1.016348414123058319e-02
1.934970356523990631e-02
-1.302734110504388809e-02
1.666522468440234661e-03
-1.699686422944068909e-02
-7.919898256659507751e-03
7.697601802647113800e-03
4.043126851320266724e-02
2.537702396512031555e-02
4.850574210286140442e-02
9.462329559028148651e-03
-2.555930428206920624e-02
-2.727963775396347046e-02
2.057108655571937561e-02
-2.198344655334949493e-02
1.366108935326337814e-02
2.324348501861095428e-02
4.397951811552047729e-02
-2.112120948731899261e-02
3.413622453808784485e-02
9.130521118640899658e-02
-2.231401391327381134e-02
6.393482442945241928e-03
3.846156178042292595e-03
1.227797660976648331e-02
-7.211015094071626663e-03
5.768697592429816723e-04
-2.506883628666400909e-02
9.452148340642452240e-03
1.535692662000656128e-01
1.702273823320865631e-02
-5.083028972148895264e-02
4.679626144934445620e-04
2.645906619727611542e-02
-3.085332922637462616e-02
-4.880998656153678894e-02
1.919336020946502686e-01
-3.851436972618103027e-01
1.531863119453191757e-02
-3.005634993314743042e-02
-4.634342622011899948e-03
5.534695461392402649e-03
-3.616233542561531067e-02
6.821833085268735886e-03
2.083282172679901123e-02
-2.856961078941822052e-02
1.936314068734645844e-02
5.130527075380086899e-03
2.050063339993357658e-03
2.134783938527107239e-02
8.059630170464515686e-03
3.132917732000350952e-02
-2.132669277489185333e-02
-3.993252515792846680e-01
3.353162109851837158e-02
1.478215772658586502e-02
-7.906360179185867310e-02
-5.328572355210781097e-03
-2.586296014487743378e-02
-2.322547882795333862e-02
-2.448146697133779526e-04
-1.396878995001316071e-02
-1.570166274905204773e-02
-1.131170988082885742e-02
1.464858185499906540e-02
1.559626590460538864e-02
3.424009680747985840e-02
4.927969537675380707e-03
-3.977028187364339828e-03
-1.687617768766358495e-04
1.924979314208030701e-02
3.069891966879367828e-02
-4.259377419948577881e-01
1.353648584336042404e-02
4.868135787546634674e-03
3.905555233359336853e-02
3.162938356399536133e-02
3.665092587471008301e-02
-7.470691949129104614e-02
5.586310476064682007e-02
-1.594200357794761658e-02
-1.789588294923305511e-02
-1.066972408443689346e-02
-2.706385916098952293e-03
-3.178540244698524475e-02
1.161749288439750671e-01
-2.406154386699199677e-02
-8.966189809143543243e-03
8.288449607789516449e-03
5.746082868427038193e-03
-8.617252111434936523e-03
-5.100391339510679245e-03
2.851941064000129700e-02
-1.796726882457733154e-02
-1.515843812376260757e-02
6.835354492068290710e-03
6.761184777133166790e-04
2.910631150007247925e-02
-3.027924709022045135e-02
1.437070872634649277e-02
-2.391756884753704071e-02
5.031825974583625793e-03
-1.399913430213928223e-02
-1.237111166119575500e-03
2.828617207705974579e-02
-1.402523461729288101e-02
1.925575360655784607e-02
-3.013987652957439423e-02
3.023204021155834198e-02
-1.389731317758560181e-01
1.609594523906707764e-01
-5.840790271759033203e-02
-8.324286341667175293e-02
-6.661070045083761215e-03
5.541130434721708298e-03
6.538233160972595215e-02
2.915279380977153778e-02
-7.836836576461791992e-02
4.900600388646125793e-02
7.849856466054916382e-02
9.649758785963058472e-02
3.325902298092842102e-02
-3.817573562264442444e-02
-1.476820744574069977e-02
2.320258691906929016e-02
-5.149735882878303528e-02
-3.331777080893516541e-02
4.907938465476036072e-02
1.566222608089447021e-01
-3.800698369741439819e-02
3.216977044939994812e-02
1.159548386931419373e-01
6.699141114950180054e-03
-2.840624190866947174e-02
-1.515504624694585800e-02
-4.217990115284919739e-02
-7.554746419191360474e-02
-3.685428574681282043e-02
-2.920318208634853363e-02
8.498245850205421448e-03
1.696734689176082611e-02
-1.858839392662048340e-02
5.833782255649566650e-02
-1.081925779581069946e-01
-1.584721542894840240e-02
-7.643084973096847534e-02
-1.808235421776771545e-02
-5.101122334599494934e-02
1.412523835897445679e-01
-5.252222716808319092e-02
-1.390230841934680939e-02
-7.731015980243682861e-02
-4.142888262867927551e-02
8.487646579742431641e-01
-7.285377383232116699e-02
-9.148520231246948242e-02
5.701389908790588379e-02
-3.606791794300079346e-02
1.320840045809745789e-02
2.785263210535049438e-02
5.898538045585155487e-03
-3.112260065972805023e-02
-1.739307679235935211e-02
-9.702248126268386841e-02
8.385527878999710083e-02
9.121063351631164551e-02
1.081350818276405334e-01
-1.890335045754909515e-02
-5.970529746264219284e-03
-1.272308230400085449e-01
5.757335945963859558e-02
2.828761376440525055e-02
3.341867029666900635e-02
1.880335621535778046e-02
3.319908678531646729e-02
1.372054126113653183e-02
-7.029572967439889908e-03
4.038164392113685608e-02
-1.172693166881799698e-02
-3.571629989892244339e-03
2.006550319492816925e-02
3.949818760156631470e-02
2.961647324264049530e-02
-2.625878900289535522e-02
-2.562732622027397156e-02
1.932454854249954224e-02
-4.091170057654380798e-02
5.602960288524627686e-02
1.090272702276706696e-02
-2.808023616671562195e-02
-2.030166052281856537e-02
-3.838163241744041443e-02
-4.866433329880237579e-03
-5.036317184567451477e-02
-9.826270863413810730e-03
-1.529222540557384491e-02
7.982434332370758057e-02
3.037547878921031952e-02
5.650478880852460861e-03
-3.574557229876518250e-02
1.112103611230850220e-01
-2.669196575880050659e-02
-1.057495735585689545e-02
7.868274301290512085e-02
-3.285931423306465149e-02
-2.639626897871494293e-02
-3.708609146997332573e-03
4.185789451003074646e-02
2.276696451008319855e-02
-2.889824286103248596e-02
-1.797342114150524139e-02
8.677739650011062622e-02
-7.313904911279678345e-02
-1.644696854054927826e-02
3.306697681546211243e-02
2.541130781173706055e-02
-1.147066522389650345e-02
4.411128535866737366e-02
1.121680438518524170e-02
-4.542168229818344116e-02
-1.641089213080704212e-03
-4.728548601269721985e-02
-1.285433117300271988e-02
8.790357969701290131e-03
2.454365417361259460e-02
-2.165386453270912170e-02
5.666345730423927307e-02
-9.843127802014350891e-03
1.160170231014490128e-02
-6.277455016970634460e-03
6.412167102098464966e-02
1.076903007924556732e-02
1.482276991009712219e-02
-2.217511832714080811e-02
1.373693067580461502e-02
-1.345980633050203323e-02
-4.639061540365219116e-02
-4.495042189955711365e-02
2.435425668954849243e-02
1.878622919321060181e-02
5.002694576978683472e-02
8.302304148674011230e-02
1.386037096381187439e-02
5.471535399556159973e-02
-6.495309062302112579e-03
2.218500152230262756e-02
-9.525243937969207764e-02
3.677844256162643433e-02
-6.868240982294082642e-02
4.796361923217773438e-02
-2.431361749768257141e-02
-4.827684909105300903e-02
-7.288361340761184692e-02
3.826893493533134460e-02
2.563803270459175110e-02
-4.350249096751213074e-02
-3.289216430857777596e-03
-5.870901420712471008e-02
-3.859621286392211914e-02
-1.456697843968868256e-02
4.774400219321250916e-02
7.323622703552246094e-02
-2.520949346944689751e-03
-7.181502133607864380e-02
-6.526973843574523926e-02
2.560976706445217133e-02
-6.007711961865425110e-02
1.368938572704792023e-02
4.797556996345520020e-02
-3.106435015797615051e-02
-1.666927337646484375e-02
-8.788904175162315369e-03
4.084153100848197937e-02
2.633266616612672806e-03
5.801467597484588623e-02
5.494240298867225647e-02
-4.850664734840393066e-02
3.732727840542793274e-02
-3.902570530772209167e-02
-5.995171144604682922e-02
2.170862071216106415e-02
-1.588559150695800781e-02
4.431411251425743103e-02
3.899867460131645203e-02
1.601735129952430725e-02
-6.668982561677694321e-03
-1.542295049875974655e-02
-1.122217718511819839e-02
-2.125369198620319366e-02
3.333326429128646851e-02
5.164961516857147217e-02
7.197346072643995285e-03
-1.292085740715265274e-02
-1.761009357869625092e-02
-4.290906339883804321e-02
1.091435104608535767e-01
5.478038452565670013e-03
-1.339784171432256699e-02
1.268466562032699585e-01
6.725818663835525513e-02
-5.779810622334480286e-02
-2.841175720095634460e-02
4.818934202194213867e-02
-8.312629163265228271e-02
-1.502039190381765366e-02
-5.726796109229326248e-03
-4.601061344146728516e-02
-3.530596941709518433e-02
2.354967035353183746e-02
3.367355465888977051e-02
-2.478191256523132324e-02
6.730940192937850952e-02
6.068626046180725098e-02
1.752399466931819916e-02
-7.763073779642581940e-03
-2.069254964590072632e-02
-1.109960209578275681e-02
-7.528465241193771362e-02
6.514064222574234009e-02
2.566377073526382446e-02
-2.264909632503986359e-02
-1.446747407317161560e-02
5.726288259029388428e-02
-3.897682577371597290e-02
6.749585270881652832e-02
-9.884394239634275436e-04
-6.128395348787307739e-02
-7.011759281158447266e-02
-4.169423505663871765e-02
-4.495405592024326324e-03
-6.181197823025286198e-04
-6.742021441459655762e-02
-7.762473076581954956e-02
3.210240043699741364e-03
8.689980953931808472e-02
-6.280796974897384644e-02
2.570044994354248047e-02
5.561956390738487244e-02
-1.670064590871334076e-02
3.770497068762779236e-02
3.859188035130500793e-02
-2.686870843172073364e-02
-1.714682392776012421e-02
-2.030482143163681030e-02
4.471131600439548492e-03
3.005235921591520309e-03
-3.703291714191436768e-02
-2.885472215712070465e-02
-6.463762372732162476e-03
-6.849845498800277710e-02
5.983321741223335266e-02
-2.969211665913462639e-03
2.315386757254600525e-02
4.335524886846542358e-02
-2.068766579031944275e-02
1.779078505933284760e-02
6.712751090526580811e-02
-6.915924139320850372e-03
8.059359341859817505e-02
5.052872002124786377e-03
8.268513530492782593e-02
-4.856387898325920105e-02
-8.417654782533645630e-03
4.098076000809669495e-02
3.814075142145156860e-02
1.808472350239753723e-02
-1.766983419656753540e-02
8.807607926428318024e-03
2.587341517210006714e-02
-1.242381986230611801e-02
-6.308495532721281052e-03
5.712626967579126358e-03
-1.625916175544261932e-02
-9.987787343561649323e-04
-1.931354030966758728e-02
-1.820723339915275574e-02
2.311376295983791351e-02
4.901448637247085571e-02
3.404155373573303223e-02
-1.744793653488159180e-01
6.203907076269388199e-03
5.833050608634948730e-02
6.288242340087890625e-02
-2.414906583726406097e-02
5.485377088189125061e-02
-1.448578536510467529e-01
1.219118852168321609e-02
-1.323054358363151550e-02
-7.165105640888214111e-02
1.406207680702209473e-02
-3.944537788629531860e-02
-8.485231548547744751e-03
1.832289807498455048e-02
3.335521323606371880e-03
3.882529912516474724e-03
-3.128377348184585571e-02
-7.530537992715835571e-02
7.608762010931968689e-03
1.799215003848075867e-02
2.393119223415851593e-02
-1.368592586368322372e-02
-4.459217563271522522e-02
-1.222139038145542145e-02
6.435339339077472687e-03
-9.640946984291076660e-03
6.316403299570083618e-02
-1.763209886848926544e-02
-2.418194897472858429e-02
8.124164305627346039e-03
3.577120974659919739e-02
2.809955552220344543e-02
1.800494268536567688e-02
2.634667418897151947e-02
-8.706411719322204590e-02
-1.201735157519578934e-02
-1.991226524114608765e-02
-5.890544131398200989e-02
-4.180083796381950378e-02
-5.506060086190700531e-03
6.104404479265213013e-02
5.296572297811508179e-02
3.581514954566955566e-02
5.497030168771743774e-02
-3.482795134186744690e-02
1.942901499569416046e-02
-1.390906795859336853e-02
-4.187956452369689941e-02
-4.513541236519813538e-02
-4.328095912933349609e-02
1.486602146178483963e-02
5.945565178990364075e-02
-2.596834860742092133e-02
8.792806416749954224e-03
-6.259839236736297607e-02
-6.058031227439641953e-03
-2.642872557044029236e-02
5.172155331820249557e-03
-8.751738816499710083e-03
1.330503635108470917e-02
7.069966942071914673e-02
-8.293598890304565430e-02
1.072655152529478073e-02
4.613780602812767029e-02
5.528122186660766602e-02
-2.411620877683162689e-02
-1.396832019090652466e-01
2.180346660315990448e-02
-3.046907484531402588e-02
-4.990328475832939148e-02
2.804397419095039368e-02
3.831427171826362610e-02
6.286314874887466431e-02
-8.052509278059005737e-02
9.255534410476684570e-02
-1.371995545923709869e-02
-2.891754545271396637e-02
-2.611549338325858116e-03
-4.176677204668521881e-03
-4.316958412528038025e-02
-1.839479431509971619e-02
-3.272893279790878296e-02
-3.344777598977088928e-02
-2.863912470638751984e-02
1.187074230983853340e-03
4.026319086551666260e-02
1.306601315736770630e-01
1.883763633668422699e-02
6.739795953035354614e-02
-2.774117328226566315e-02
4.399779066443443298e-02
-8.843109011650085449e-03
3.882694616913795471e-02
-5.750476941466331482e-02
-4.138819500803947449e-02
-5.548554006963968277e-03
-1.727420836687088013e-02
6.322867423295974731e-02
1.253022998571395874e-02
7.332183420658111572e-03
-5.475114658474922180e-02
1.343449391424655914e-02
-1.999834738671779633e-02
3.015263564884662628e-02
-1.890737912617623806e-03
5.300328135490417480e-02
-5.470461770892143250e-02
-3.834969922900199890e-02
-8.265390992164611816e-03
-5.978090316057205200e-02
8.452006615698337555e-03
-6.762878037989139557e-04
1.259629800915718079e-02
3.884435072541236877e-02
-3.771041333675384521e-02
8.493141271173954010e-03
3.285187995061278343e-03
3.915822505950927734e-02
-3.497108264127746224e-05
-1.736621744930744171e-02
-3.159870952367782593e-02
5.638861283659934998e-02
5.567765608429908752e-02
-6.974364072084426880e-02
-7.292245328426361084e-02
-1.660216785967350006e-02
-1.806275569833815098e-03
5.013695359230041504e-02
-1.377951353788375854e-01
-9.334151633083820343e-03
-6.744869798421859741e-02
9.942470118403434753e-03
-1.632943935692310333e-02
-2.927761152386665344e-02
-2.266009896993637085e-02
-1.444921549409627914e-02
5.220284685492515564e-02
-1.131648197770118713e-01
3.399949893355369568e-02
4.137671494390815496e-04
-2.453151904046535492e-02
1.097431033849716187e-02
-4.020465537905693054e-02
-7.113860920071601868e-03
5.021138861775398254e-02
8.138845115900039673e-02
2.820237167179584503e-02
1.098289340734481812e-01
-1.601413451135158539e-02
-1.133941765874624252e-02
-1.213647052645683289e-02
2.361331321299076080e-02
2.859042957425117493e-02
1.139084715396165848e-02
-7.406884338706731796e-03
5.813157930970191956e-02
-1.208184380084276199e-02
5.308084934949874878e-02
3.124943375587463379e-02
-6.126525346189737320e-03
-3.081706911325454712e-02
-7.013084739446640015e-02
2.722931094467639923e-03
8.407227694988250732e-02
6.744573358446359634e-03
3.698966652154922485e-02
1.414977759122848511e-02
-4.597382619976997375e-03
3.073943592607975006e-02
-1.911567151546478271e-02
5.603509768843650818e-02
-1.512132398784160614e-02
2.679311484098434448e-02
-5.551342293620109558e-02
-6.829728931188583374e-02
1.187143381685018539e-02
8.058075606822967529e-02
-4.460603743791580200e-02
6.220317445695400238e-03
1.563123166561126709e-01
7.296456955373287201e-03
4.399962723255157471e-03
-6.554998923093080521e-03
2.787897549569606781e-02
-5.991484504193067551e-03
-3.632790222764015198e-02
1.019304841756820679e-01
-8.144665509462356567e-03
2.187411859631538391e-02
-4.697032272815704346e-02
1.185245662927627563e-01
-6.494195014238357544e-02
3.717301040887832642e-02
-1.189947128295898438e-01
-1.597065478563308716e-02
-3.042942378669977188e-03
-2.192805521190166473e-02
-1.546773780137300491e-02
1.017811987549066544e-02
1.485584676265716553e-02
4.126863554120063782e-02
-3.315356373786926270e-02
2.923447266221046448e-02
2.748238481581211090e-02
3.092025779187679291e-02
2.178071998059749603e-02
4.143445938825607300e-02
-2.293763309717178345e-02
7.353732828050851822e-03
-5.134926363825798035e-02
3.711687400937080383e-02
-1.073545217514038086e-02
-1.634732261300086975e-02
5.287329107522964478e-02
-2.529120631515979767e-02
2.496778033673763275e-02
-2.561685442924499512e-02
-1.827148348093032837e-02
2.899339795112609863e-02
2.537070401012897491e-02
1.170092448592185974e-02
-7.419610768556594849e-02
2.964235842227935791e-02
-5.418594181537628174e-02
-4.731270298361778259e-02
-2.775024622678756714e-02
-5.940612033009529114e-02
8.037123084068298340e-02
-1.143285725265741348e-02
3.716060519218444824e-02
5.169801786541938782e-02
-2.278166264295578003e-02
4.325813427567481995e-02
7.735860347747802734e-02
4.624793678522109985e-02
4.833965376019477844e-02
-4.768208786845207214e-02
7.104835659265518188e-02
3.913410007953643799e-02
7.449269294738769531e-02
6.147823855280876160e-02
-1.012412384152412415e-01
2.414676919579505920e-02
4.682276397943496704e-02
-6.267180666327476501e-03
-4.654638841748237610e-02
6.234007887542247772e-03
2.308644913136959076e-02
-2.130653150379657745e-02
-2.969695627689361572e-02
-1.309690810739994049e-02
5.524745956063270569e-02
5.671609938144683838e-02
6.217123195528984070e-02
1.607352867722511292e-02
-4.482758790254592896e-02
3.621188551187515259e-02
-4.400407150387763977e-02
-1.944178249686956406e-03
-2.998168021440505981e-02
-3.713225200772285461e-02
-2.032853849232196808e-02
2.473169192671775818e-02
1.656992919743061066e-02
-3.731333091855049133e-02
6.617171317338943481e-02
1.987113803625106812e-02
-4.689435660839080811e-02
-3.810295090079307556e-02
-8.729947730898857117e-03
-1.140668895095586777e-02
-1.059380243532359600e-03
-1.442393567413091660e-02
2.833446115255355835e-02
-5.510052666068077087e-03
6.451357156038284302e-02
3.635687381029129028e-02
8.808446675539016724e-02
-1.462429389357566833e-02
2.029710914939641953e-03
5.926073715090751648e-02
-3.553992137312889099e-02
-2.232381142675876617e-02
6.863450258970260620e-02
2.666836790740489960e-02
5.930881947278976440e-03
5.439524538815021515e-03
-7.318928092718124390e-02
2.899727318435907364e-03
-7.877282798290252686e-03
-3.144865622743964195e-04
1.706037111580371857e-02
-7.605154998600482941e-03
4.761944338679313660e-02
-1.054363232105970383e-02
-1.224503889679908752e-01
2.065415680408477783e-02
4.556944593787193298e-02
3.820191323757171631e-02
-7.033893372863531113e-03
-7.739487336948513985e-04
-1.708768866956233978e-02
-4.485806077718734741e-02
9.281207807362079620e-03
