-3.170923143625259399e-02
-1.768548786640167236e-02
-8.083475753664970398e-03
-7.481359690427780151e-02
-1.052244845777750015e-02
-1.314172893762588501e-01
-3.411986306309700012e-02
-4.293416067957878113e-02
-3.765866160392761230e-02
-2.708682045340538025e-02
2.221458405256271362e-02
-2.404239587485790253e-02
-2.914241515100002289e-02
-2.250023186206817627e-02
-1.260867575183510780e-03
-1.105820946395397186e-02
4.385106731206178665e-03
-7.139898953028023243e-04
-1.148870661854743958e-01
2.833123877644538879e-02
-2.829402126371860504e-02
3.118977323174476624e-02
-5.336618982255458832e-03
-2.700352482497692108e-02
9.182252106256783009e-04
3.679205849766731262e-02
7.744534313678741455e-02
2.390802279114723206e-02
4.161849990487098694e-02
-9.432534687221050262e-03
-3.770614787936210632e-02
-1.373709458857774734e-02
8.237095549702644348e-03
1.791789755225181580e-02
2.165734581649303436e-02
1.625514961779117584e-02
5.200428888201713562e-02
-2.583250869065523148e-03
-1.112948916852474213e-02
-4.378791432827711105e-03
4.956775531172752380e-02
5.140376277267932892e-03
9.226056747138500214e-03
2.123853936791419983e-02
-3.715628990903496742e-03
4.654654115438461304e-02
-3.693568333983421326e-02
3.179945750162005424e-03
4.886754229664802551e-02
9.931293316185474396e-03
3.059950470924377441e-02
1.349691599607467651e-01
-3.506795316934585571e-02
1.449358556419610977e-02
1.849225722253322601e-02
9.198026731610298157e-03
2.500136755406856537e-02
-3.064549760892987251e-03
-6.153795495629310608e-02
-1.400514692068099976e-01
3.488643094897270203e-02
2.405204623937606812e-02
1.278566569089889526e-02
-3.921880945563316345e-02
-7.579447701573371887e-04
-8.317939192056655884e-02
-3.395389998331665993e-03
2.345531247556209564e-02
5.304450169205665588e-02
6.473428010940551758e-02
-3.851493075489997864e-02
-3.785606473684310913e-03
1.191208958625793457e-01
2.965409308671951294e-02
2.074608579277992249e-02
-5.880295857787132263e-02
-5.885899811983108521e-02
-2.098258398473262787e-02
4.352321103215217590e-02
1.110681965947151184e-01
-3.047757968306541443e-02
-3.202185407280921936e-02
1.037713699042797089e-02
1.573805697262287140e-03
-1.334162354469299316e-01
-1.262637786567211151e-02
1.765436120331287384e-02
-1.922429539263248444e-02
-2.974994294345378876e-02
1.731302402913570404e-02
4.521149024367332458e-02
-1.790119148790836334e-02
3.661335259675979614e-02
2.711843885481357574e-02
1.050856616348028183e-02
-1.373119000345468521e-02
-1.994933933019638062e-02
1.455611456185579300e-02
2.988500520586967468e-02
3.132319077849388123e-02
-2.519452199339866638e-02
-1.094514057040214539e-01
-3.390156105160713196e-02
-1.730762794613838196e-02
5.898859817534685135e-04
2.162033878266811371e-02
-2.959077432751655579e-02
4.470249265432357788e-02
-5.861882586032152176e-03
-5.604098550975322723e-03
1.934774406254291534e-02
-3.154306206852197647e-03
-1.497907098382711411e-03
-5.136257410049438477e-02
-2.444101311266422272e-02
3.060785681009292603e-02
-5.674353241920471191e-02
3.066288679838180542e-02
-3.157141432166099548e-02
-7.323003374040126801e-04
2.572901360690593719e-02
-1.373528037220239639e-02
3.945100307464599609e-02
-1.718597114086151123e-02
1.400453299283981323e-01
-2.021407475695014000e-03
2.131865592673420906e-03
1.051117200404405594e-02
2.462541684508323669e-02
-9.528437256813049316e-02
2.105154283344745636e-02
-4.610770265571773052e-04
2.919806167483329773e-02
2.402416430413722992e-02
-4.228425212204456329e-03
3.888506814837455750e-02
-1.459973398596048355e-03
4.688874259591102600e-02
1.699476540088653564e-01
-3.338672220706939697e-02
9.951734542846679688e-02
4.233321174979209900e-02
-1.137042976915836334e-02
1.451172679662704468e-02
4.005324153695255518e-04
-1.054312214255332947e-01
-1.369372289627790451e-02
1.865647546947002411e-02
1.753193140029907227e-02
1.570642739534378052e-02
2.891212143003940582e-02
-2.494170144200325012e-02
-1.071729138493537903e-02
-2.803961746394634247e-02
-1.388043165206909180e-02
1.819643005728721619e-02
3.226254880428314209e-02
1.504429709166288376e-02
3.412815928459167480e-02
2.550956606864929199e-02
-1.962756924331188202e-02
-1.648160256445407867e-02
4.376745223999023438e-02
-3.610994294285774231e-02
1.258502621203660965e-02
2.451293729245662689e-02
5.230876058340072632e-02
-2.111491002142429352e-02
3.946302086114883423e-02
8.843601495027542114e-02
-2.218793891370296478e-02
-6.491733714938163757e-03
6.979297613725066185e-04
1.693605445325374603e-02
-3.057384863495826721e-03
9.500150568783283234e-03
-2.505959011614322662e-02
2.379129827022552490e-02
1.425284892320632935e-01
2.774657867848873138e-02
-2.758012153208255768e-02
-1.063418667763471603e-02
3.094634972512722015e-02
-9.370149113237857819e-03
-2.871214598417282104e-02
1.775858104228973389e-01
-3.997241258621215820e-01
3.246602043509483337e-02
-2.236946858465671539e-02
1.489652600139379501e-02
1.706777140498161316e-02
-3.377316892147064209e-02
5.447409115731716156e-03
1.171044539660215378e-02
-1.761373504996299744e-02
7.608716841787099838e-03
-5.179685074836015701e-03
-4.186206497251987457e-03
1.540474127978086472e-02
-2.674672752618789673e-03
5.647376924753189087e-02
-3.229910880327224731e-02
-3.966251313686370850e-01
4.070370271801948547e-02
8.310487493872642517e-03
-8.659211546182632446e-02
-1.281123049557209015e-02
-3.311607986688613892e-02
-1.294153463095426559e-02
-3.068532561883330345e-03
-1.662804931402206421e-02
-1.886492036283016205e-02
2.331064315512776375e-03
1.271672081202268600e-02
2.414750121533870697e-02
4.277538135647773743e-02
8.179170079529285431e-03
-1.026461645960807800e-02
2.397855510935187340e-03
2.769786491990089417e-02
2.213551290333271027e-02
-4.690037667751312256e-01
1.119257789105176926e-02
-7.142124697566032410e-03
3.981015458703041077e-02
3.325618803501129150e-02
3.081920556724071503e-02
-5.971033126115798950e-02
6.456913799047470093e-02
-1.712217181921005249e-02
-2.027577161788940430e-02
-6.673285271972417831e-03
1.696752198040485382e-02
-3.600903972983360291e-02
1.012652963399887085e-01
-2.328805252909660339e-02
-1.200722809880971909e-02
8.598952554166316986e-03
1.563680544495582581e-02
-1.339910645037889481e-02
-1.860445179045200348e-02
2.483008615672588348e-02
-9.221678599715232849e-03
-3.648203238844871521e-02
5.916811991482973099e-03
2.992470748722553253e-03
4.298312216997146606e-02
-2.591479383409023285e-02
3.776837885379791260e-02
-2.457040175795555115e-02
1.640454679727554321e-02
-8.634134195744991302e-03
2.404891885817050934e-02
4.016735777258872986e-02
-3.078349679708480835e-02
6.600505206733942032e-03
3.795609995722770691e-02
3.386781737208366394e-02
8.766432292759418488e-03
6.986926496028900146e-02
-5.275053530931472778e-02
-7.237184047698974609e-02
7.771664857864379883e-02
1.581377536058425903e-02
5.348254367709159851e-02
-1.116918176412582397e-01
9.037584811449050903e-02
7.451747357845306396e-02
-1.652911677956581116e-02
2.674553776159882545e-03
-1.587237045168876648e-02
2.823265455663204193e-02
1.043559517711400986e-02
6.071579828858375549e-02
2.864208631217479706e-02
-3.408325836062431335e-02
4.667301848530769348e-02
8.636041730642318726e-02
-9.895528107881546021e-02
3.949050232768058777e-02
8.846849203109741211e-02
-4.889276996254920959e-02
5.482258647680282593e-02
-7.233119755983352661e-02
1.028034090995788574e-02
9.974421001970767975e-03
3.716997802257537842e-02
3.292702883481979370e-02
7.559948414564132690e-02
3.268920350819826126e-03
5.419651977717876434e-03
-2.379965968430042267e-02
2.041003294289112091e-02
1.284145005047321320e-02
-1.806113868951797485e-02
2.675680257380008698e-02
-3.262598812580108643e-02
1.565004885196685791e-02
2.789644990116357803e-03
-2.736576832830905914e-02
2.918690443038940430e-03
3.077210113406181335e-02
9.105650186538696289e-01
-1.992209441959857941e-02
6.600840017199516296e-03
-1.277196127921342850e-02
7.336825132369995117e-02
1.087011620402336121e-01
4.128361120820045471e-02
2.481637895107269287e-02
-1.096362471580505371e-01
-6.004062667489051819e-02
6.078177690505981445e-02
-4.099016636610031128e-02
-5.203816667199134827e-02
-2.256852108985185623e-03
-9.706237912178039551e-02
1.190574280917644501e-02
-6.454833596944808960e-02
-4.697870090603828430e-02
1.286980230361223221e-02
2.943950332701206207e-02
3.055428713560104370e-02
3.710538893938064575e-02
1.559263374656438828e-02
-1.332044694572687149e-02
1.013884041458368301e-02
-4.380635451525449753e-03
-1.040539983659982681e-02
1.061656046658754349e-02
4.111976549029350281e-02
1.987599581480026245e-02
-1.329827308654785156e-02
-2.150815166532993317e-02
6.581992842257022858e-03
-3.196533024311065674e-02
4.901919141411781311e-02
-1.762757077813148499e-03
-1.468865759670734406e-02
-1.099504530429840088e-02
-1.770529337227344513e-02
-3.478286415338516235e-02
-2.299620769917964935e-02
-7.971123792231082916e-03
-1.868377998471260071e-02
7.472608983516693115e-02
3.375662490725517273e-02
6.627144757658243179e-03
-3.203912451863288879e-02
9.721621125936508179e-02
-3.625756595283746719e-03
2.978275157511234283e-02
7.168381661176681519e-02
-2.958706393837928772e-02
-4.194051027297973633e-02
3.252666909247636795e-03
3.657016903162002563e-02
1.995820552110671997e-02
-2.207407541573047638e-02
5.621330812573432922e-03
9.037467092275619507e-02
-5.851444974541664124e-02
-2.063933759927749634e-02
3.633173555135726929e-02
4.099950194358825684e-03
4.008117131888866425e-03
3.549402579665184021e-02
-2.202103473246097565e-02
-5.914783850312232971e-02
4.621373664122074842e-04
-3.453493863344192505e-02
-1.723142527043819427e-02
-9.077305905520915985e-03
3.300466015934944153e-02
-3.664393723011016846e-02
3.122202493250370026e-02
-1.138488948345184326e-02
1.615185290575027466e-03
-1.670693792402744293e-02
2.847585827112197876e-02
3.431119024753570557e-02
-1.769406953826546669e-03
-6.784737575799226761e-03
5.993767641484737396e-03
-2.787320874631404877e-02
-6.970231235027313232e-02
-5.732029303908348083e-02
1.716121286153793335e-02
3.864523768424987793e-02
5.381490662693977356e-02
8.685676008462905884e-02
3.245985880494117737e-02
7.095003128051757812e-02
-4.778578504920005798e-02
2.620624378323554993e-02
-1.031873822212219238e-01
2.817749604582786560e-02
-8.245282620191574097e-02
3.147114440798759460e-02
-1.539476681500673294e-02
-4.521330446004867554e-02
-5.970679596066474915e-02
4.136561602354049683e-02
1.426983065903186798e-02
-2.954127825796604156e-02
3.635098785161972046e-02
-5.430581048130989075e-02
-4.242858663201332092e-02
2.064376510679721832e-02
6.640495359897613525e-02
5.354106426239013672e-02
-9.994272142648696899e-03
-7.603002339601516724e-02
-6.689841300249099731e-02
1.854001544415950775e-02
-6.622099131345748901e-02
4.771759733557701111e-03
4.157727956771850586e-02
-2.835926786065101624e-02
-1.220437325537204742e-02
-3.822729922831058502e-03
4.786091297864913940e-02
5.309452861547470093e-02
5.161149054765701294e-02
4.532624036073684692e-02
-2.230178564786911011e-02
3.777491301298141479e-02
-6.176409497857093811e-02
-8.451389521360397339e-02
2.931720018386840820e-02
-1.003192551434040070e-02
1.830394752323627472e-02
3.172189742326736450e-02
-5.849312525242567062e-03
2.520481066312640905e-04
-1.826689578592777252e-02
-3.047299757599830627e-02
-2.926395507529377937e-03
3.349342569708824158e-02
2.756369672715663910e-02
-4.901606123894453049e-03
1.512403693050146103e-02
-9.066383354365825653e-03
-6.249834224581718445e-02
1.019792705774307251e-01
3.309304267168045044e-02
5.522396531887352467e-04
1.753900796175003052e-01
4.638468474149703979e-02
-1.512235682457685471e-02
-3.624884784221649170e-02
5.267412588000297546e-02
-9.427176415920257568e-02
2.842179383151233196e-04
-3.209882648661732674e-03
-2.484930679202079773e-02
-1.254351623356342316e-02
2.174925245344638824e-02
4.246037453413009644e-02
-1.371948700398206711e-02
7.755674421787261963e-02
5.755033344030380249e-02
2.000100724399089813e-02
-2.257849322631955147e-03
-6.040540989488363266e-03
1.415544748306274414e-02
-5.847154185175895691e-02
4.251677170395851135e-02
1.714758202433586121e-02
-5.971512757241725922e-03
-4.085615742951631546e-03
7.189603149890899658e-02
-1.601641997694969177e-02
6.234128028154373169e-02
6.092363968491554260e-03
-6.586165726184844971e-02
-5.457839742302894592e-02
-3.545045852661132812e-02
2.012632228434085846e-02
8.658189326524734497e-03
-5.603173002600669861e-02
-7.369507849216461182e-02
-1.455664169043302536e-02
9.429898858070373535e-02
-5.946135893464088440e-02
2.499049529433250427e-02
4.515037313103675842e-02
8.436098694801330566e-03
4.607537016272544861e-02
7.463994901627302170e-03
-4.153022170066833496e-02
-2.243622019886970520e-02
-3.287838026881217957e-02
5.247920751571655273e-02
-1.669567893259227276e-03
-3.416017815470695496e-02
-3.713413700461387634e-02
-7.614255882799625397e-04
-5.749412998557090759e-02
4.970835521817207336e-02
-8.824883960187435150e-03
3.542273119091987610e-02
3.220262750983238220e-02
-2.538291364908218384e-02
-1.127224974334239960e-02
7.443269342184066772e-02
-3.701715031638741493e-04
8.988143503665924072e-02
1.055607199668884277e-02
5.746046081185340881e-02
-5.098810046911239624e-02
-9.231545031070709229e-03
4.071028158068656921e-02
5.020147934556007385e-02
2.699811570346355438e-02
-8.576544933021068573e-03
-9.738460183143615723e-03
2.455667592585086823e-02
5.226787179708480835e-03
-1.019019167870283127e-02
-3.702749311923980713e-02
-1.022407319396734238e-02
4.231267794966697693e-02
-4.028768092393875122e-02
-2.127329446375370026e-02
5.708287656307220459e-02
7.176505029201507568e-02
1.641069911420345306e-02
-1.537843346595764160e-01
9.547861991450190544e-04
7.016038894653320312e-02
4.584411904215812683e-02
-3.142088651657104492e-02
5.852694809436798096e-02
-1.333367228507995605e-01
2.918499335646629333e-02
-3.109596297144889832e-02
-7.615561038255691528e-02
1.123857032507658005e-02
-3.841307386755943298e-02
-7.706373929977416992e-03
1.612568460404872894e-02
1.232070662081241608e-02
1.290811412036418915e-02
-1.070219185203313828e-02
-7.922631502151489258e-02
4.595415666699409485e-02
9.494605474174022675e-03
5.803012754768133163e-03
-2.555198036134243011e-02
-4.445033147931098938e-02
-1.862580701708793640e-02
2.106372825801372528e-02
2.795310690999031067e-03
7.603476196527481079e-02
4.592187702655792236e-03
-1.430054288357496262e-02
1.062261126935482025e-02
4.093652591109275818e-02
2.792591787874698639e-02
1.174991484731435776e-02
2.403064817190170288e-02
-7.689992338418960571e-02
1.588381268084049225e-02
-1.488106325268745422e-02
-3.998181223869323730e-02
-4.659279063344001770e-02
1.582806743681430817e-02
4.633826017379760742e-02
1.806030049920082092e-02
2.983378991484642029e-02
4.000233858823776245e-02
-4.264789819717407227e-02
9.030534885823726654e-03
-1.695927046239376068e-02
-6.420160084962844849e-02
-4.621203988790512085e-02
-2.093653567135334015e-02
1.845346577465534210e-02
4.242135584354400635e-02
-3.012197837233543396e-02
-1.596275344491004944e-02
-5.968129634857177734e-02
-8.731589186936616898e-04
-2.595581673085689545e-02
-1.414570864289999008e-02
-1.100931130349636078e-02
1.461608987301588058e-02
6.846504658460617065e-02
-7.083364576101303101e-02
-7.790908683091402054e-03
5.109593644738197327e-02
8.068350702524185181e-02
-8.315230719745159149e-03
-1.178572177886962891e-01
2.327523753046989441e-02
-1.365928631275892258e-02
-5.191557854413986206e-02
3.951457142829895020e-02
2.638289891183376312e-02
8.678683638572692871e-02
-9.609499573707580566e-02
6.340888142585754395e-02
8.783527300693094730e-04
-4.121355339884757996e-02
-1.075557619333267212e-02
-7.322712801396846771e-03
-3.628045320510864258e-02
-2.568964660167694092e-02
-3.684561699628829956e-02
-2.364486828446388245e-02
-1.973944902420043945e-02
8.630007505416870117e-03
3.218878060579299927e-02
1.653697043657302856e-01
1.071892585605382919e-02
4.303765669465065002e-02
-5.567258223891258240e-03
4.622375965118408203e-02
2.761004026979207993e-03
2.685981430113315582e-02
-6.011176854372024536e-02
-5.641039460897445679e-02
6.305661052465438843e-03
-1.158100739121437073e-02
5.007265135645866394e-02
4.801064729690551758e-02
1.686181314289569855e-02
-3.272734954953193665e-02
-1.734674163162708282e-02
1.514610089361667633e-02
2.906631678342819214e-02
3.034795820713043213e-02
2.968229167163372040e-02
-1.744479686021804810e-02
-5.195622518658638000e-02
2.986721694469451904e-02
-2.860916033387184143e-02
3.009178210049867630e-03
-4.876352904830127954e-04
3.205415792763233185e-03
5.366363003849983215e-02
-4.519813507795333862e-02
1.406150311231613159e-02
2.859702333807945251e-02
5.988048762083053589e-02
-1.014293171465396881e-02
-2.839930914342403412e-02
-4.712159559130668640e-02
4.702666401863098145e-02
5.549177899956703186e-02
-3.797887638211250305e-02
-9.213345497846603394e-02
4.043737892061471939e-03
-9.995909407734870911e-03
4.000272601842880249e-02
-1.032383590936660767e-01
2.129531465470790863e-02
-8.910136669874191284e-02
-3.354463493451476097e-03
5.789116956293582916e-03
-2.700419910252094269e-02
-2.405655384063720703e-02
9.012298658490180969e-03
5.240539461374282837e-02
-1.281916797161102295e-01
1.715036481618881226e-02
-7.845309562981128693e-03
-2.172422409057617188e-02
4.561614245176315308e-02
-5.285555124282836914e-02
-7.423670496791601181e-03
5.782553181052207947e-02
6.364566832780838013e-02
-1.120823621749877930e-02
8.404014259576797485e-02
-2.625761553645133972e-02
-1.600303500890731812e-02
-1.836486160755157471e-02
2.819836605340242386e-03
2.704247832298278809e-02
2.402338385581970215e-02
-6.031699944287538528e-03
7.260417938232421875e-02
-5.888335406780242920e-03
3.317593038082122803e-02
2.237708307802677155e-02
-1.587203145027160645e-02
-2.983156219124794006e-02
-6.114896386861801147e-02
-1.321484800428152084e-02
9.552773088216781616e-02
1.152596063911914825e-02
4.212570562958717346e-02
-8.530970662832260132e-03
-3.392897546291351318e-02
4.733104258775711060e-02
-2.202370762825012207e-02
5.447490513324737549e-02
-1.602124050259590149e-02
6.605283357203006744e-03
-5.374756455421447754e-02
-6.939030438661575317e-02
-1.303581288084387779e-03
8.806648105382919312e-02
-2.099995315074920654e-02
-1.084070745855569839e-02
1.516234576702117920e-01
1.982165873050689697e-02
6.890635937452316284e-03
-1.306633558124303818e-02
7.324415259063243866e-03
-4.027600213885307312e-02
-2.520794421434402466e-02
8.976504951715469360e-02
3.294356632977724075e-03
-2.821744605898857117e-02
-3.698803484439849854e-02
1.309137791395187378e-01
-6.901939958333969116e-02
1.433215476572513580e-02
-1.234625577926635742e-01
-3.725492209196090698e-02
-2.147994004189968109e-02
-3.757322207093238831e-02
-2.287381887435913086e-02
-2.271766960620880127e-02
3.756488859653472900e-02
4.769708961248397827e-02
-4.469702020287513733e-02
4.219820722937583923e-02
2.390965120866894722e-03
2.848823368549346924e-02
1.488040294498205185e-02
2.592617273330688477e-02
-3.370441123843193054e-02
-1.700821332633495331e-02
-4.720973595976829529e-02
6.645999103784561157e-02
-2.785980142652988434e-02
-2.209391631186008453e-02
4.347708821296691895e-02
-2.077861502766609192e-02
4.357147589325904846e-02
-1.407113298773765564e-02
-2.965206466615200043e-02
3.038923256099224091e-02
1.131783612072467804e-02
1.908415742218494415e-02
-6.904583424329757690e-02
-1.446253061294555664e-02
-5.017387494444847107e-02
-2.453592978417873383e-02
-2.035916969180107117e-02
-4.691821709275245667e-02
8.879134058952331543e-02
-1.864447258412837982e-02
3.185291215777397156e-02
6.058324128389358521e-02
-3.009673394262790680e-02
1.933092251420021057e-02
8.298344165086746216e-02
5.197628587484359741e-02
5.371296033263206482e-02
-2.542079240083694458e-02
1.015163213014602661e-01
2.116890251636505127e-02
7.214813679456710815e-02
4.584794491529464722e-02
-4.502261430025100708e-02
1.219442300498485565e-02
5.901846289634704590e-02
-1.208750344812870026e-02
-3.773714601993560791e-02
-3.234941745176911354e-03
1.946755871176719666e-02
-4.450131207704544067e-02
-4.067867621779441833e-02
-1.374715846031904221e-02
1.642611250281333923e-02
2.786384895443916321e-02
8.481189608573913574e-02
-1.244285702705383301e-02
-3.590483590960502625e-02
2.786005660891532898e-02
-5.311672389507293701e-02
1.871006935834884644e-02
7.381372153759002686e-03
-3.602561354637145996e-02
1.323296874761581421e-02
2.328589744865894318e-02
2.761104144155979156e-02
-3.840349242091178894e-02
6.068845093250274658e-02
3.468314185738563538e-02
-1.743934350088238716e-03
-2.642860077321529388e-02
-2.823471464216709137e-02
-1.463682763278484344e-02
1.305185444653034210e-02
2.382907987339422107e-04
3.091682493686676025e-02
-4.083690699189901352e-03
6.059549003839492798e-02
5.634823441505432129e-02
8.402694016695022583e-02
-2.430379536235705018e-04
-1.743500679731369019e-02
3.081359900534152985e-02
-1.573118567466735840e-02
-1.735689304769039154e-02
6.162373349070549011e-02
4.844990000128746033e-02
2.322820015251636505e-02
1.311866100877523422e-02
-7.609735429286956787e-02
2.479091286659240723e-02
-8.837538189254701138e-04
-5.883496254682540894e-03
2.168050222098827362e-02
-4.489840567111968994e-02
3.976399078965187073e-02
-1.115289237350225449e-02
-1.470199823379516602e-01
2.603061124682426453e-02
5.208724364638328552e-02
3.996540978550910950e-02
-1.509138010442256927e-02
-3.620600793510675430e-03
-1.445557083934545517e-02
-3.692881017923355103e-02
-1.025766250677406788e-03
