-1.967535540461540222e-02
-1.114036422222852707e-02
-8.997010998427867889e-03
-8.824191242456436157e-02
-1.987014524638652802e-02
-1.449711173772811890e-01
-3.506992012262344360e-02
-4.434416070580482483e-02
-4.888909682631492615e-02
-2.493405714631080627e-02
2.267818525433540344e-02
-2.513781562447547913e-02
-3.121229261159896851e-02
-4.641391336917877197e-02
-2.928941883146762848e-02
-1.031562872231006622e-02
-1.347761694341897964e-02
-1.104242540895938873e-02
-1.282150745391845703e-01
3.616239503026008606e-02
-2.272644825279712677e-02
2.514136955142021179e-02
-3.194035962224006653e-02
-1.846382021903991699e-02
9.238932281732559204e-03
2.474631182849407196e-02
8.478836715221405029e-02
4.165277257561683655e-02
3.451462090015411377e-02
-8.101603947579860687e-03
-3.085392154753208160e-02
-9.972716681659221649e-03
7.218043319880962372e-03
1.787920668721199036e-02
5.863302387297153473e-03
2.239974774420261383e-02
5.180463939905166626e-02
-8.365164510905742645e-03
-2.303785271942615509e-02
8.404484950006008148e-03
5.112689733505249023e-02
-8.765477687120437622e-03
1.212411932647228241e-02
1.369449775665998459e-02
9.442197624593973160e-04
5.116914957761764526e-02
-4.865282028913497925e-02
1.504637859761714935e-02
6.484770029783248901e-02
1.486533600836992264e-02
3.071337752044200897e-02
1.154863685369491577e-01
-2.273985184729099274e-02
3.739460557699203491e-02
2.536934800446033478e-02
2.243741229176521301e-02
1.512344460934400558e-02
2.733020577579736710e-03
-6.829495728015899658e-02
-1.606452167034149170e-01
2.204878069460391998e-02
3.374880924820899963e-02
1.408156938850879669e-02
-3.292527049779891968e-02
-4.387698601931333542e-03
-8.635693788528442383e-02
2.991700777783989906e-03
2.820442058145999908e-02
4.274430498480796814e-02
6.199533492326736450e-02
-4.391787946224212646e-02
-1.438022311776876450e-02
1.207383871078491211e-01
4.642753303050994873e-02
3.047010861337184906e-02
-7.617284357547760010e-02
-7.977640628814697266e-02
-1.449044421315193176e-02
4.043338447809219360e-02
1.201730668544769287e-01
-2.568746544420719147e-02
-3.613541647791862488e-02
2.818938344717025757e-02
-6.918637081980705261e-03
-1.257669627666473389e-01
-3.161383094266057014e-03
4.297689069062471390e-03
-1.831510476768016815e-02
-6.578600965440273285e-03
3.117807395756244659e-02
5.956739559769630432e-02
-1.169339846819639206e-02
-7.165839779190719128e-04
1.925957761704921722e-02
8.227666839957237244e-03
-1.943596638739109039e-02
-2.729547442868351936e-03
-2.533251186832785606e-03
2.812393568456172943e-02
3.963392972946166992e-02
-1.417364925146102905e-02
-1.188717111945152283e-01
-3.435427322983741760e-02
-9.176184423267841339e-03
1.171869598329067230e-02
2.789446897804737091e-02
-2.942222543060779572e-02
4.406397789716720581e-02
6.221243645995855331e-03
-9.656939655542373657e-03
1.685019396245479584e-02
-7.457775063812732697e-03
-3.673391649499535561e-03
-4.838708043098449707e-02
-2.642303146421909332e-02
3.034763596951961517e-02
-6.576079875230789185e-02
2.617949806153774261e-02
-2.436513826251029968e-02
7.227629888802766800e-03
3.494350612163543701e-02
-5.174285266548395157e-03
3.904773667454719543e-02
-1.287790667265653610e-02
1.688566207885742188e-01
-4.543735645711421967e-03
2.418091893196105957e-02
8.974078111350536346e-03
1.777599751949310303e-02
-9.987754374742507935e-02
4.838048666715621948e-02
-1.479585189372301102e-02
2.842294238507747650e-02
7.940643467009067535e-03
3.971050959080457687e-03
5.832225456833839417e-02
-4.026046488434076309e-03
3.780293092131614685e-02
1.851807236671447754e-01
-3.300904482603073120e-02
9.468585252761840820e-02
5.575897917151451111e-02
-3.247114270925521851e-02
3.163591399788856506e-02
-1.933880150318145752e-02
-1.087082102894783020e-01
-2.655812539160251617e-02
1.399961020797491074e-02
1.183165609836578369e-02
2.218164689838886261e-02
1.765091158449649811e-02
-2.170966938138008118e-02
-1.325118634849786758e-02
-2.509203925728797913e-02
-6.721573416143655777e-03
2.376538328826427460e-02
9.684369899332523346e-03
7.681461516767740250e-03
3.431043401360511780e-02
2.515072375535964966e-02
-2.465551905333995819e-02
-2.592440135776996613e-02
2.688416093587875366e-02
-4.952009394764900208e-02
-4.999849479645490646e-03
2.258669957518577576e-02
2.592650055885314941e-02
-2.716961875557899475e-02
2.009825594723224640e-02
9.164192527532577515e-02
-2.701738104224205017e-02
9.884198196232318878e-03
3.452436532825231552e-03
1.316777057945728302e-02
-1.375046122120693326e-04
3.037641197443008423e-02
-4.763374105095863342e-03
1.237256266176700592e-02
1.301905214786529541e-01
3.289707750082015991e-02
-3.360782563686370850e-02
-2.895498648285865784e-03
3.170201554894447327e-02
-1.211359724402427673e-02
-3.578629344701766968e-02
1.869139373302459717e-01
-4.020798504352569580e-01
2.763269469141960144e-02
-3.156328946352005005e-02
1.591990329325199127e-02
1.339001394808292389e-02
-2.830166742205619812e-02
-7.632244843989610672e-03
1.441555283963680267e-02
-1.977953501045703888e-02
-2.400367520749568939e-03
1.610474660992622375e-02
-6.315043661743402481e-03
5.615444388240575790e-03
-1.069503743201494217e-02
4.973768070340156555e-02
-2.036053501069545746e-02
-3.863943815231323242e-01
3.460846841335296631e-02
-8.587688207626342773e-03
-6.909404695034027100e-02
-3.458231687545776367e-03
-4.506675526499748230e-02
-2.113642916083335876e-02
-1.115111541002988815e-02
-2.112712897360324860e-02
-7.909439504146575928e-03
-9.129375219345092773e-03
1.007448974996805191e-02
1.650044880807399750e-02
4.595335945487022400e-02
8.258935995399951935e-03
-9.713166393339633942e-03
-6.961966399103403091e-03
4.093303158879280090e-02
1.692846231162548065e-02
-4.182544946670532227e-01
1.777666475391015410e-04
-6.614158861339092255e-03
3.358822315931320190e-02
1.518011000007390976e-02
3.165867924690246582e-02
-7.513437420129776001e-02
5.313925445079803467e-02
-3.790267556905746460e-02
-3.151538223028182983e-02
-2.308838255703449249e-02
1.741823554039001465e-02
-2.572732791304588318e-02
1.223302185535430908e-01
-1.802122779190540314e-02
-1.395348832011222839e-02
-7.475998718291521072e-03
7.796629332005977631e-03
-1.597262546420097351e-02
-2.061984129250049591e-02
3.231017291545867920e-02
1.589575596153736115e-02
-2.352822199463844299e-02
2.004387602210044861e-02
7.404437288641929626e-03
5.121728405356407166e-02
-3.039454482495784760e-02
4.229723289608955383e-02
-2.071467600762844086e-02
1.286896783858537674e-02
-1.652518869377672672e-03
1.439521787688136101e-03
3.579179942607879639e-02
-2.182519249618053436e-02
4.871807992458343506e-03
2.280736342072486877e-02
2.430740371346473694e-02
-4.456366971135139465e-02
1.283258497714996338e-01
-4.922385141253471375e-02
-1.081161275506019592e-01
3.582310676574707031e-02
4.076477140188217163e-02
2.316424436867237091e-02
5.517220124602317810e-03
9.384751319885253906e-03
7.578264921903610229e-02
9.699343936517834663e-04
1.037808284163475037e-01
1.396551076322793961e-02
6.058195978403091431e-02
-1.913081272505223751e-03
7.698556035757064819e-02
-7.190079241991043091e-02
6.100697210058569908e-04
-3.166867885738611221e-03
1.274919062852859497e-01
-1.315506696701049805e-01
1.261426322162151337e-02
9.709063917398452759e-02
-5.011020973324775696e-02
2.802768722176551819e-03
-2.770002745091915131e-02
-6.563910283148288727e-03
-3.752698004245758057e-02
-4.774860665202140808e-02
3.378271358087658882e-03
3.289008513092994690e-03
4.000622406601905823e-02
-2.836302109062671661e-02
7.843362540006637573e-02
-4.932598397135734558e-02
-1.365138404071331024e-02
-3.408663719892501831e-02
3.957850858569145203e-02
-4.079417139291763306e-02
8.944141864776611328e-02
-2.632516622543334961e-02
-3.810616210103034973e-02
-6.047417595982551575e-02
6.596738472580909729e-03
8.953639268875122070e-01
-5.157693848013877869e-02
-3.525960445404052734e-02
6.440208107233047485e-02
6.771209184080362320e-03
1.347169186919927597e-02
-1.716025732457637787e-02
-2.440319396555423737e-02
-8.959560096263885498e-02
-6.593883037567138672e-02
-6.465204805135726929e-02
5.925520136952400208e-02
-2.146232314407825470e-02
6.121086701750755310e-02
-7.350316643714904785e-02
6.065434589982032776e-02
-8.596770465373992920e-02
-6.560110487043857574e-03
6.701730657368898392e-03
2.191915176808834076e-02
1.230277121067047119e-02
5.243264138698577881e-02
7.608996238559484482e-03
-2.930939942598342896e-02
-5.691582337021827698e-03
1.122215669602155685e-02
-1.831147633492946625e-02
8.048912510275840759e-03
3.709866851568222046e-02
1.972893066704273224e-02
-1.048094313591718674e-02
1.092686085030436516e-03
-4.193361848592758179e-03
-3.598176315426826477e-02
3.964723646640777588e-02
-1.461497601121664047e-02
-5.995114333927631378e-03
8.884391747415065765e-03
-2.196998894214630127e-02
-2.273644879460334778e-02
-2.427569357678294182e-03
-1.233448740094900131e-03
-1.324912253767251968e-02
5.821228027343750000e-02
1.685424335300922394e-02
-7.881382480263710022e-03
-3.536548838019371033e-02
9.842391312122344971e-02
-1.034360565245151520e-02
9.720514528453350067e-03
6.551072746515274048e-02
-8.372742682695388794e-03
-5.879305675625801086e-02
3.783576935529708862e-02
5.200240015983581543e-02
1.099258754402399063e-02
-3.396992385387420654e-02
-1.416386011987924576e-02
8.609663695096969604e-02
-4.477934166789054871e-02
-1.977350190281867981e-02
3.838611394166946411e-02
3.327589482069015503e-02
1.696953433565795422e-03
1.472841948270797729e-02
3.028579987585544586e-02
-4.233466088771820068e-02
4.376202356070280075e-03
-2.269957214593887329e-02
-2.401482872664928436e-02
-3.223196254111826420e-04
3.812896087765693665e-02
-4.131439328193664551e-02
1.887810602784156799e-02
-2.608966641128063202e-02
1.843870617449283600e-02
-3.026671521365642548e-02
4.759316518902778625e-02
1.152710523456335068e-02
-8.137710392475128174e-03
-6.332968361675739288e-03
3.169434145092964172e-02
-2.422021515667438507e-02
-4.251288250088691711e-02
-4.006902500987052917e-02
3.259489312767982483e-02
5.219892784953117371e-02
5.211453512310981750e-02
7.229554653167724609e-02
1.189422328025102615e-02
7.339148968458175659e-02
-3.004618175327777863e-02
5.242655426263809204e-02
-9.020266681909561157e-02
6.441586464643478394e-02
-6.630012392997741699e-02
2.516428381204605103e-02
-2.370522171258926392e-02
-3.087990544736385345e-02
-7.379699498414993286e-02
4.550844803452491760e-02
2.939647762104868889e-03
-2.043139934539794922e-02
2.366650663316249847e-02
-5.291281640529632568e-02
-4.975957050919532776e-02
3.539714962244033813e-02
6.300390511751174927e-02
5.337640270590782166e-02
8.344067260622978210e-03
-8.290766924619674683e-02
-4.600212723016738892e-02
2.280556969344615936e-02
-6.633545458316802979e-02
1.262503303587436676e-02
3.120506182312965393e-02
-5.120214447379112244e-02
-1.354673225432634354e-02
-2.545915078371763229e-03
3.772297501564025879e-02
5.218404158949851990e-02
6.015919148921966553e-02
4.957186058163642883e-02
-3.200863301753997803e-02
2.102432027459144592e-02
-6.082651391625404358e-02
-1.057284474372863770e-01
2.910109795629978180e-02
-1.299026701599359512e-02
2.549570798873901367e-02
4.250144958496093750e-02
2.826261101290583611e-03
8.400632999837398529e-03
-3.175232559442520142e-03
-1.992558501660823822e-02
6.854540668427944183e-03
4.309563338756561279e-02
3.209510818123817444e-02
3.994890954345464706e-03
9.602298960089683533e-03
2.035218989476561546e-03
-5.415989831089973450e-02
8.876448869705200195e-02
2.110799401998519897e-02
-1.771841384470462799e-02
1.586798280477523804e-01
5.853722244501113892e-02
-1.211304590106010437e-02
-1.945104822516441345e-02
3.962602093815803528e-02
-8.354783058166503906e-02
-6.388143636286258698e-03
4.273523110896348953e-03
-6.365404697135090828e-04
6.787341088056564331e-03
1.003487850539386272e-03
5.213700979948043823e-02
-2.109086327254772186e-02
5.091571807861328125e-02
4.374612495303153992e-02
1.710469275712966919e-02
-1.249147951602935791e-02
7.729964796453714371e-03
-9.711707942187786102e-03
-3.874809294939041138e-02
5.600700527429580688e-02
8.495053276419639587e-03
-1.076766662299633026e-02
-8.565453812479972839e-03
8.986795693635940552e-02
-2.136692032217979431e-02
5.215203762054443359e-02
2.741313725709915161e-02
-4.997621104121208191e-02
-5.321767926216125488e-02
-4.542284831404685974e-02
4.110686480998992920e-02
3.878689184784889221e-02
-5.273677408695220947e-02
-5.687801167368888855e-02
-6.927869981154799461e-04
6.166061758995056152e-02
-6.600988656282424927e-02
1.830581761896610260e-02
5.176474526524543762e-02
3.482024883851408958e-03
2.940860390663146973e-02
3.640973195433616638e-02
-4.273395985364913940e-02
-1.820509135723114014e-02
-2.544135041534900665e-02
4.367239028215408325e-02
9.678746573626995087e-03
-2.072575129568576813e-02
-2.224144153296947479e-02
-2.972582727670669556e-02
-4.309451580047607422e-02
6.584119051694869995e-02
-3.775969613343477249e-03
2.912116982042789459e-02
3.547972813248634338e-02
-4.453153535723686218e-02
-1.439355872571468353e-02
4.744234308600425720e-02
1.058032736182212830e-02
7.392247021198272705e-02
6.063240580260753632e-03
4.523790627717971802e-02
-5.895625054836273193e-02
-3.177883103489875793e-02
4.020154103636741638e-02
1.973373442888259888e-02
2.319578826427459717e-02
-6.752276327461004257e-03
-8.353659883141517639e-03
2.371650375425815582e-02
-1.328023988753557205e-02
-1.453874399885535240e-03
-9.373525157570838928e-03
-2.428029663860797882e-02
3.183788433670997620e-02
-2.616207674145698547e-02
-4.460037499666213989e-02
6.759203225374221802e-02
3.484264761209487915e-02
6.071446463465690613e-02
-1.925300061702728271e-01
1.912620291113853455e-02
4.864066094160079956e-02
4.398098215460777283e-02
-3.206969052553176880e-02
8.111879974603652954e-02
-1.383154839277267456e-01
4.165967181324958801e-02
-3.308757022023200989e-02
-4.960578680038452148e-02
1.205991022288799286e-02
-3.041061013936996460e-02
-3.659062460064888000e-02
1.891667209565639496e-02
4.676507320255041122e-03
-5.130832083523273468e-03
-3.416547179222106934e-02
-8.980838209390640259e-02
5.633775144815444946e-02
1.880124770104885101e-02
1.366020529530942440e-03
-4.087620228528976440e-02
-4.687831923365592957e-02
-2.017482742667198181e-02
1.889939419925212860e-02
3.121106140315532684e-02
7.377359271049499512e-02
-2.483332529664039612e-02
-2.222042530775070190e-02
1.060643605887889862e-02
4.768976569175720215e-02
1.978646963834762573e-02
2.649855986237525940e-02
2.410078234970569611e-02
-7.664410024881362915e-02
-8.007603464648127556e-04
-2.357297204434871674e-02
-6.014171242713928223e-02
-3.253340348601341248e-02
1.883836276829242706e-02
5.307545512914657593e-02
2.811884321272373199e-02
5.081813037395477295e-02
5.658502131700515747e-02
-3.678843751549720764e-02
1.215984206646680832e-02
-1.501533947885036469e-02
-5.728732421994209290e-02
-5.116157233715057373e-02
-1.828240416944026947e-02
4.014630801975727081e-03
3.540460392832756042e-02
-2.418142743408679962e-03
-2.890442870557308197e-02
-6.163162365555763245e-02
6.873048376291990280e-03
-2.653436176478862762e-02
9.662674739956855774e-03
-5.937304347753524780e-03
1.138781104236841202e-02
5.200915783643722534e-02
-8.254873007535934448e-02
-1.305980700999498367e-02
3.523041307926177979e-02
6.874753534793853760e-02
-6.675926968455314636e-03
-1.360430568456649780e-01
1.845633611083030701e-02
-2.826284617185592651e-02
-3.554353863000869751e-02
1.930099539458751678e-02
3.139390423893928528e-02
6.128517165780067444e-02
-7.008949667215347290e-02
6.699795275926589966e-02
-1.913413591682910919e-02
-4.348853230476379395e-02
-3.046022169291973114e-02
8.408267050981521606e-03
-1.287804171442985535e-02
-9.198413230478763580e-03
-5.394763872027397156e-02
-3.026247210800647736e-02
-1.267237775027751923e-02
2.859623543918132782e-02
2.229016646742820740e-02
1.751650273799896240e-01
-1.863483921624720097e-03
4.645662009716033936e-02
-1.451306883245706558e-02
5.476988852024078369e-02
2.321990672498941422e-03
2.198421768844127655e-02
-6.809112429618835449e-02
-4.536511749029159546e-02
2.371658757328987122e-02
-7.648879662156105042e-03
4.779719561338424683e-02
3.174279630184173584e-02
3.160834684967994690e-02
-7.150447368621826172e-02
-1.228567026555538177e-02
2.848175354301929474e-02
1.213095244020223618e-02
1.354352943599224091e-02
4.718695580959320068e-02
-2.882240526378154755e-02
-5.684302374720573425e-02
-2.642290107905864716e-02
-3.323388099670410156e-02
2.580685727298259735e-02
-1.112947706133127213e-02
3.142389282584190369e-02
5.180737376213073730e-02
-2.233264781534671783e-02
3.196702897548675537e-02
5.279542133212089539e-02
4.642410203814506531e-02
1.585538312792778015e-02
-3.260798379778862000e-02
-8.033092319965362549e-02
3.110186941921710968e-02
5.177417770028114319e-02
-2.095733024179935455e-02
-8.449456095695495605e-02
-2.448641136288642883e-02
1.307315845042467117e-02
3.675702959299087524e-02
-1.160450279712677002e-01
2.147423103451728821e-03
-6.732976436614990234e-02
9.936504065990447998e-03
-1.431297324597835541e-02
-3.715934604406356812e-02
-2.928684651851654053e-02
1.694774068892002106e-02
5.076672881841659546e-02
-1.219011396169662476e-01
1.702880486845970154e-02
9.073711000382900238e-03
-4.246130585670471191e-02
2.639596536755561829e-02
-5.066027119755744934e-02
-1.454745791852474213e-02
5.768166854977607727e-02
5.935124307870864868e-02
-1.011981721967458725e-02
8.050701022148132324e-02
-1.885888539254665375e-02
-1.315598282963037491e-02
-1.978182047605514526e-02
-7.178836502134799957e-03
1.080101262778043747e-02
1.440609991550445557e-02
6.857926025986671448e-03
7.003411650657653809e-02
9.939526207745075226e-03
4.865996167063713074e-02
3.150698542594909668e-02
-4.015224799513816833e-02
-3.671601787209510803e-02
-7.485761493444442749e-02
-3.449601819738745689e-03
9.324385970830917358e-02
1.232534181326627731e-03
4.850225150585174561e-02
1.996735809370875359e-03
-3.118939697742462158e-02
4.755058139562606812e-02
-2.459163963794708252e-02
6.373283267021179199e-02
-2.706794068217277527e-02
-8.623085916042327881e-03
-5.204847082495689392e-02
-8.376078307628631592e-02
9.078522212803363800e-03
5.840809643268585205e-02
-4.349317029118537903e-02
-1.693163625895977020e-02
1.677082329988479614e-01
9.910788387060165405e-03
-1.313140615820884705e-02
-1.065510045737028122e-02
3.107150271534919739e-02
-3.584197908639907837e-02
-2.435532957315444946e-02
8.363649994134902954e-02
7.349265273660421371e-03
-2.569213975220918655e-03
-3.144761547446250916e-02
1.001947373151779175e-01
-6.183821707963943481e-02
3.004772961139678955e-02
-1.245143637061119080e-01
-3.913409262895584106e-02
-1.521302293986082077e-02
-1.248009968549013138e-02
-1.452373620122671127e-02
1.077400147914886475e-02
1.389841735363006592e-02
5.357680469751358032e-02
-3.797709941864013672e-02
4.448717087507247925e-02
1.776676997542381287e-02
1.841918565332889557e-02
4.469677805900573730e-03
4.888639971613883972e-02
-4.327320307493209839e-02
-2.202232740819454193e-02
-5.032462254166603088e-02
1.296910364180803299e-02
-3.395008295774459839e-02
-1.526925992220640182e-02
5.161363631486892700e-02
-3.194664046168327332e-02
4.338116943836212158e-02
-1.696216315031051636e-02
-1.767904683947563171e-02
1.972920494154095650e-03
3.971260786056518555e-02
2.836062200367450714e-02
-4.586462303996086121e-02
2.159316558390855789e-03
-9.034153074026107788e-02
-3.283063694834709167e-02
-4.172796010971069336e-02
-3.267779573798179626e-02
9.248121827840805054e-02
-1.530664414167404175e-02
3.477318957448005676e-02
5.812241882085800171e-02
-3.820208460092544556e-02
2.987696602940559387e-02
1.005579605698585510e-01
4.885933548212051392e-02
3.619242459535598755e-02
-4.369546473026275635e-02
1.201133430004119873e-01
1.052841078490018845e-02
5.262181162834167480e-02
2.379835210740566254e-02
-7.732458412647247314e-02
9.475324302911758423e-03
4.631822556257247925e-02
1.894436863949522376e-04
-4.648511484265327454e-02
-8.214560337364673615e-03
4.169861972332000732e-02
-3.943676874041557312e-02
-2.235891483724117279e-02
-1.159548293799161911e-02
3.315538913011550903e-02
4.164410009980201721e-02
6.903059035539627075e-02
3.876025602221488953e-02
-5.358615890145301819e-02
3.711704537272453308e-02
-4.643335565924644470e-02
4.007665906101465225e-03
8.596329949796199799e-03
-3.393685817718505859e-02
1.889777556061744690e-02
6.043784320354461670e-03
4.165989533066749573e-02
-2.165577001869678497e-02
4.469309747219085693e-02
4.374227020889520645e-03
-2.695939317345619202e-02
-3.960574045777320862e-02
-1.437303517013788223e-02
-4.852439276874065399e-03
1.452692598104476929e-02
1.776475831866264343e-02
4.651318117976188660e-02
6.625833921134471893e-03
5.370151251554489136e-02
4.516050592064857483e-02
7.807997614145278931e-02
1.370528060942888260e-02
-9.787758812308311462e-03
-2.010501688346266747e-03
-2.193725295364856720e-02
8.814314380288124084e-03
7.065851986408233643e-02
4.394127428531646729e-02
5.359520390629768372e-02
-1.834579277783632278e-03
-5.856069549918174744e-02
1.509298477321863174e-02
8.311512880027294159e-03
-3.196632862091064453e-02
1.484159938991069794e-02
-6.204989925026893616e-02
4.639759287238121033e-02
1.116244494915008545e-02
-1.331201195716857910e-01
3.687508031725883484e-02
4.416380822658538818e-02
2.999250777065753937e-02
-9.331248700618743896e-03
-1.442266628146171570e-02
8.064391091465950012e-03
-4.166699945926666260e-02
-1.877765357494354248e-02
