3.621713444590568542e-02
-9.431106736883521080e-04
1.775040104985237122e-02
-2.415362047031521797e-03
1.229567686095833778e-03
3.349136328324675560e-03
1.371594518423080444e-02
3.491351613774895668e-03
-3.347655758261680603e-02
-2.556963881943374872e-04
-1.513783261179924011e-02
-8.432006463408470154e-03
5.943580530583858490e-03
8.745492435991764069e-03
6.772641092538833618e-03
-5.934010259807109833e-03
1.247033104300498962e-02
4.796093329787254333e-03
1.040022373199462891e-01
5.057743936777114868e-02
-2.599600004032254219e-03
7.006343454122543335e-02
-4.638118669390678406e-02
7.729745469987392426e-03
-4.690985195338726044e-03
1.015577837824821472e-02
-1.780021470040082932e-03
-3.878691419959068298e-02
-6.806785706430673599e-03
1.077064685523509979e-02
2.347885072231292725e-02
1.446940004825592041e-02
1.398453395813703537e-02
-4.172306798864156008e-04
3.171397745609283447e-02
4.639190156012773514e-03
-2.552082587499171495e-04
8.251078426837921143e-03
3.114648349583148956e-02
-2.114851213991641998e-02
5.011224653571844101e-03
-6.806985940784215927e-03
-5.452894419431686401e-02
1.270389650017023087e-03
-1.161957066506147385e-02
3.119637817144393921e-02
-9.741872549057006836e-03
7.313114125281572342e-03
2.554950676858425140e-02
3.895861562341451645e-03
2.771396376192569733e-02
-9.302040934562683105e-02
4.742810875177383423e-02
-8.505709120072424412e-04
-2.924145944416522980e-02
-2.202979102730751038e-02
-1.602972485125064850e-02
-4.539582878351211548e-03
4.476922452449798584e-01
1.977938599884510040e-02
-8.078606799244880676e-03
2.957122214138507843e-02
2.427616529166698456e-02
-5.751748010516166687e-02
8.853877894580364227e-03
6.884478777647018433e-02
-3.194776177406311035e-02
-1.593686453998088837e-02
8.752636611461639404e-03
3.226783126592636108e-02
1.660796627402305603e-02
1.390566211193799973e-02
-1.091935113072395325e-02
4.970363806933164597e-03
1.118454267270863056e-03
2.314001321792602539e-02
-5.774664226919412613e-03
-1.040213089436292648e-02
1.521181198768317699e-03
9.794855117797851562e-02
-3.091957233846187592e-02
1.977761648595333099e-02
1.207285095006227493e-03
7.378712296485900879e-02
4.450056329369544983e-02
-6.747389212250709534e-03
2.195535413920879364e-02
5.717417807318270206e-04
3.551620244979858398e-02
8.985968306660652161e-03
2.342440560460090637e-02
5.002488568425178528e-02
-1.382076460868120193e-02
1.557998266071081161e-02
-4.224301781505346298e-03
-2.520632185041904449e-02
-1.969099417328834534e-02
-2.236970234662294388e-03
1.752988249063491821e-02
-1.652462407946586609e-02
-2.742525422945618629e-03
2.592536062002182007e-02
1.436560507863759995e-02
2.114027272909879684e-03
6.415132433176040649e-03
-2.289603231474757195e-03
4.030828177928924561e-02
-1.332226209342479706e-02
3.010615333914756775e-02
-3.771875286474823952e-03
1.739680650644004345e-03
2.348269894719123840e-02
-7.566028507426381111e-04
-7.181849796324968338e-03
-3.665079548954963684e-02
6.696927361190319061e-03
-2.091725356876850128e-02
1.187335699796676636e-02
2.499344758689403534e-02
-3.992454614490270615e-03
1.063516363501548767e-02
1.269417814910411835e-02
-1.695366390049457550e-02
-1.063383743166923523e-02
-1.500926446169614792e-02
8.127544075250625610e-03
-3.202004730701446533e-02
6.738135591149330139e-03
2.434665150940418243e-02
6.225709244608879089e-02
-3.989012911915779114e-03
-1.395575515925884247e-02
-2.163020148873329163e-02
-8.820843882858753204e-03
-3.435415565036237240e-04
-1.680120825767517090e-02
1.748910732567310333e-02
4.189117625355720520e-02
-7.228944450616836548e-02
-6.838918197900056839e-03
-5.182083323597908020e-02
4.321762535255402327e-04
5.366569384932518005e-04
-3.258138895034790039e-02
-1.056113396771252155e-03
1.271145939826965332e-01
-4.959061276167631149e-03
1.569295302033424377e-02
-1.466502621769905090e-02
-2.742682956159114838e-02
2.380712702870368958e-02
-2.643700223416090012e-03
-3.494328260421752930e-02
3.071433305740356445e-02
-6.141191814094781876e-03
-2.496406994760036469e-02
5.248653702437877655e-03
1.552936341613531113e-02
-5.235135927796363831e-02
-1.064583286643028259e-02
9.041294455528259277e-03
-7.584751397371292114e-02
3.997276071459054947e-03
1.723942987155169249e-04
2.424375712871551514e-02
7.742986828088760376e-02
-3.495497629046440125e-02
-1.480385381728410721e-02
5.042765755206346512e-03
7.572857430204749107e-04
-1.492944080382585526e-03
-1.047503389418125153e-02
8.608417585492134094e-03
-3.111531725153326988e-03
5.789177492260932922e-02
3.206008672714233398e-02
4.089393187314271927e-04
6.407757755368947983e-04
-7.831423729658126831e-02
4.444190301001071930e-03
-1.315394509583711624e-02
-3.061285987496376038e-02
1.651515625417232513e-02
2.085933275520801544e-02
1.308709662407636642e-02
4.331571236252784729e-02
-6.684035062789916992e-02
-6.954692304134368896e-03
-1.102206204086542130e-02
2.261915057897567749e-02
5.334373563528060913e-02
1.982985064387321472e-02
1.552581321448087692e-02
-3.164456412196159363e-02
2.434660308063030243e-02
4.837000742554664612e-02
6.393246352672576904e-02
1.530362572520971298e-02
5.007819458842277527e-02
-1.914482563734054565e-02
-1.282451394945383072e-02
2.057285420596599579e-02
3.811804950237274170e-02
4.602527711540460587e-03
9.145949035882949829e-03
-4.880390188191086054e-04
5.980295129120349884e-03
1.797351427376270294e-02
2.101367153227329254e-02
-1.035033091902732849e-01
7.572388276457786560e-04
-5.390648730099201202e-03
-2.150798682123422623e-03
6.363443564623594284e-03
2.684809453785419464e-02
1.899800449609756470e-02
-3.739588893949985504e-03
2.805274911224842072e-02
1.652089995332062244e-03
-1.637770794332027435e-03
5.912066902965307236e-03
-7.641847729682922363e-01
9.390938095748424530e-03
-1.192725356668233871e-02
5.060619674623012543e-03
1.696671172976493835e-02
1.881939917802810669e-02
1.418051868677139282e-02
2.183058671653270721e-02
3.120256355032324791e-03
1.408382691442966461e-02
-6.291148066520690918e-02
2.708272449672222137e-02
-1.262070704251527786e-02
-1.489118300378322601e-02
3.763287328183650970e-03
-1.072438433766365051e-02
1.055016275495290756e-02
-1.362963207066059113e-02
-1.577242650091648102e-02
5.864812526851892471e-03
8.595866151154041290e-03
-4.072729498147964478e-02
2.416119910776615143e-02
-2.256671711802482605e-02
3.057871945202350616e-02
3.432266821619123220e-04
1.864419132471084595e-02
-6.410622037947177887e-03
-2.829790115356445312e-02
2.470560139045119286e-03
-1.673951931297779083e-02
3.972253575921058655e-02
-1.266563870012760162e-02
-2.492106892168521881e-02
-1.891955733299255371e-02
7.596855610609054565e-02
-1.191633194684982300e-01
2.430449426174163818e-02
-5.701442062854766846e-02
6.380115449428558350e-02
7.074056565761566162e-02
2.935815975069999695e-02
-1.094872727990150452e-01
5.921126529574394226e-02
-2.040044218301773071e-02
1.407522410154342651e-01
-1.147900223731994629e-01
-2.061421424150466919e-02
-6.681401282548904419e-02
4.233999177813529968e-02
3.181867301464080811e-02
1.209831088781356812e-01
9.137685596942901611e-02
-3.566865622997283936e-02
-1.408422552049160004e-02
-5.655782297253608704e-02
-7.843091338872909546e-02
7.217025756835937500e-02
6.996344774961471558e-02
-7.186403125524520874e-02
-1.597932167351245880e-02
5.074635520577430725e-02
1.634675264358520508e-02
-2.003601193428039551e-02
9.113711118698120117e-02
1.320628672838211060e-01
4.886017739772796631e-02
-4.596571251749992371e-02
-4.431564733386039734e-02
2.377604395151138306e-01
-8.586098998785018921e-02
2.584351040422916412e-02
1.006826236844062805e-01
8.025468885898590088e-02
-8.014037460088729858e-02
-2.512381076812744141e-01
-1.385512351989746094e-01
3.907686471939086914e-02
5.177056044340133667e-02
1.797419190406799316e-01
5.582416057586669922e-02
7.002720832824707031e-01
3.838782384991645813e-02
-4.460107907652854919e-02
-1.007784232497215271e-01
8.405307680368423462e-02
1.712695509195327759e-01
7.055133581161499023e-02
5.640505813062191010e-03
4.131249710917472839e-02
5.000987648963928223e-02
2.332358062267303467e-01
5.245106294751167297e-02
4.324712604284286499e-02
-5.189960449934005737e-02
4.047814756631851196e-03
-3.954631835222244263e-02
3.831299394369125366e-02
-3.127864003181457520e-02
-2.029333822429180145e-02
-5.204150080680847168e-02
-1.526982802897691727e-02
-3.494472429156303406e-02
4.840104654431343079e-02
1.513784192502498627e-02
-2.106610126793384552e-02
6.678909808397293091e-02
-2.716792002320289612e-02
-1.791403256356716156e-02
3.561447188258171082e-02
2.666265890002250671e-02
1.571891829371452332e-02
5.216537415981292725e-02
8.317654952406883240e-03
-1.863471418619155884e-02
-1.092143505811691284e-01
2.948027662932872772e-02
6.086633726954460144e-02
-1.428384426981210709e-02
1.675357297062873840e-02
1.663037575781345367e-02
4.773501772433519363e-03
-1.346211414784193039e-02
1.671154238283634186e-02
5.852546915411949158e-02
-7.597939670085906982e-02
-2.074340172111988068e-02
4.596957936882972717e-03
-5.356336012482643127e-02
4.177010059356689453e-02
-4.789858125150203705e-03
8.786721155047416687e-04
4.160555079579353333e-02
2.413227595388889313e-02
9.132580459117889404e-02
-2.097930945456027985e-02
-6.249302998185157776e-02
-3.927052766084671021e-02
5.737976729869842529e-02
-1.202712208032608032e-01
6.213069707155227661e-02
3.764399327337741852e-03
1.221407018601894379e-02
1.210210938006639481e-02
-7.493907585740089417e-03
-3.200315311551094055e-02
-7.384356111288070679e-03
1.379251573234796524e-02
-2.726469933986663818e-02
-8.133145980536937714e-03
-2.208718657493591309e-02
-7.295676972717046738e-03
3.341913968324661255e-02
5.071930587291717529e-02
7.366032223217189312e-04
-1.157068996690213680e-03
6.120646744966506958e-02
-4.933462291955947876e-02
-4.982541128993034363e-02
-3.742300346493721008e-02
5.466866865754127502e-02
-6.435963511466979980e-02
3.884386736899614334e-03
3.111146204173564911e-02
4.855467379093170166e-02
8.231259137392044067e-02
6.338827311992645264e-03
-1.172667834907770157e-02
-3.095143847167491913e-02
-4.354178160429000854e-02
-8.704392611980438232e-02
-5.619950592517852783e-03
5.314332619309425354e-02
7.026412338018417358e-02
2.242678543552756310e-03
-6.004838738590478897e-03
-3.677085041999816895e-02
-2.541193552315235138e-02
3.524439409375190735e-02
4.656348377466201782e-02
7.218854967504739761e-03
4.265773668885231018e-02
4.745468962937593460e-03
-3.151779994368553162e-02
2.004584670066833496e-02
3.818305954337120056e-02
-5.220035463571548462e-02
6.924171745777130127e-02
-1.948442682623863220e-02
1.083555631339550018e-02
2.648525871336460114e-02
3.559930622577667236e-02
6.724999845027923584e-02
1.012521144002676010e-02
2.698014304041862488e-02
-6.220790743827819824e-02
3.982413932681083679e-02
2.874827757477760315e-02
-5.797469057142734528e-03
-6.383948959410190582e-03
-4.910257086157798767e-02
-7.473944872617721558e-02
-3.064198419451713562e-02
3.154384717345237732e-02
8.132467977702617645e-03
-3.355352953076362610e-02
5.851840227842330933e-02
-4.162486642599105835e-02
-4.990394786000251770e-02
5.767803639173507690e-02
3.219224512577056885e-02
-5.622744187712669373e-02
-7.101871073246002197e-02
-2.573571540415287018e-02
2.392911352217197418e-02
2.538349851965904236e-02
-7.606662809848785400e-02
-4.079571366310119629e-02
-3.789890557527542114e-02
1.683066599071025848e-02
2.214500494301319122e-02
1.876088231801986694e-02
5.757519602775573730e-02
2.756832540035247803e-02
-1.524960994720458984e-02
-1.505176909267902374e-02
-3.641348704695701599e-02
-3.257869742810726166e-03
-5.113631859421730042e-02
3.013967536389827728e-02
-1.154469046741724014e-02
7.686682045459747314e-02
-8.421402424573898315e-02
-3.303281962871551514e-02
8.875207602977752686e-02
-2.555174566805362701e-02
-5.491328611969947815e-02
-5.261849611997604370e-02
7.377659529447555542e-02
-5.855559930205345154e-02
-1.353823859244585037e-02
-1.428368967026472092e-02
2.908109221607446671e-03
7.173413783311843872e-02
9.703702293336391449e-03
-5.517031066119670868e-03
4.495697794482111931e-04
-1.034620031714439392e-02
6.711306422948837280e-02
-5.717794597148895264e-02
-6.580317020416259766e-02
3.996093198657035828e-02
-4.624356329441070557e-02
9.652180969715118408e-02
-1.215868047438561916e-03
2.992043644189834595e-02
-4.981745034456253052e-02
7.297503761947154999e-04
-4.124483838677406311e-02
2.895570360124111176e-02
-5.868761800229549408e-03
-3.207096457481384277e-02
-2.343415468931198120e-02
-1.008256338536739349e-02
8.670578710734844208e-03
-1.540598552674055099e-02
-3.441134467720985413e-02
7.955352775752544403e-03
-1.357400417327880859e-02
2.333495207130908966e-02
6.951703131198883057e-02
-9.299691766500473022e-02
-2.667267061769962311e-02
3.417832776904106140e-02
1.324258930981159210e-02
8.012397587299346924e-02
-3.788726776838302612e-02
-1.145227625966072083e-02
5.459482781589031219e-03
-9.361482411623001099e-02
5.638396396534517407e-05
1.845205947756767273e-02
-5.270335357636213303e-03
2.985571883618831635e-02
-1.852395944297313690e-02
-7.769903168082237244e-03
-1.532141119241714478e-02
1.268600206822156906e-02
-2.205011807382106781e-02
1.338721811771392822e-02
-6.465058773756027222e-02
2.742673736065626144e-03
-3.282369673252105713e-02
-5.436308681964874268e-02
-4.959636181592941284e-02
6.837551016360521317e-03
-1.858436875045299530e-02
-8.110684156417846680e-02
2.351504052057862282e-03
1.027020588517189026e-01
1.099108457565307617e-01
-3.141629695892333984e-02
2.237984165549278259e-02
1.887923479080200195e-02
-2.422884851694107056e-02
-7.155635952949523926e-02
9.276352077722549438e-02
1.452363431453704834e-01
4.641966149210929871e-02
9.096661582589149475e-03
-2.103738486766815186e-02
-2.910504862666130066e-02
4.050861299037933350e-02
2.640229836106300354e-02
-8.004086464643478394e-02
-1.557534746825695038e-02
5.955672636628150940e-02
-3.984972834587097168e-02
1.254295837134122849e-02
-2.484733052551746368e-02
2.762756310403347015e-02
-4.791819956153631210e-04
-6.752841174602508545e-02
-3.699851036071777344e-02
-6.166655570268630981e-03
1.766319945454597473e-02
1.372288446873426437e-02
-3.684777021408081055e-02
-1.199173624627292156e-03
3.386533819139003754e-03
2.259996952489018440e-03
-8.485822007060050964e-03
2.691399306058883667e-03
-4.157755523920059204e-02
5.527384951710700989e-02
1.026585698127746582e-02
2.086125314235687256e-02
2.163415402173995972e-02
-6.992181390523910522e-02
2.734699100255966187e-02
-7.468914240598678589e-02
1.444672495126724243e-01
-3.885398432612419128e-02
-2.069813571870326996e-02
1.138704791665077209e-01
9.201949462294578552e-03
1.578674465417861938e-02
2.117489464581012726e-02
8.334873244166374207e-03
2.566682919859886169e-02
-1.474530063569545746e-02
7.215246558189392090e-02
3.970892576035112143e-04
1.399877597577869892e-03
3.662052750587463379e-02
3.701732307672500610e-02
3.811930865049362183e-02
1.291417609900236130e-02
1.111544854938983917e-02
6.327365338802337646e-02
9.769728407263755798e-03
-3.765553992707282305e-04
-4.180297255516052246e-02
1.169349160045385361e-02
-5.530390888452529907e-02
-1.234665140509605408e-02
-4.901085048913955688e-02
-6.953377276659011841e-02
5.254692956805229187e-02
-2.307115122675895691e-02
-1.781031861901283264e-02
1.217414904385805130e-02
-2.683242224156856537e-02
6.794304400682449341e-02
3.789463639259338379e-02
1.877978071570396423e-02
5.761406850069761276e-03
-1.179821789264678955e-02
1.816559699364006519e-03
1.085921972990036011e-01
3.605946898460388184e-02
-1.945615559816360474e-02
2.186486730352044106e-03
1.667456142604351044e-02
-2.625117450952529907e-02
6.497726589441299438e-02
5.643884651362895966e-03
6.863655988126993179e-03
-1.513894926756620407e-02
1.983917504549026489e-02
3.904759651049971581e-03
-3.363847732543945312e-02
3.912647813558578491e-02
-8.382895588874816895e-02
1.907923258841037750e-03
-9.895346313714981079e-02
-1.028140354901552200e-02
1.931140944361686707e-02
8.873365819454193115e-03
-7.206396013498306274e-02
2.981259487569332123e-02
4.432010278105735779e-02
7.525034248828887939e-02
-1.131901368498802185e-01
-6.150764226913452148e-02
-1.499568019062280655e-02
9.192914701998233795e-03
-9.566134959459304810e-02
-6.156051065772771835e-03
3.235060721635818481e-03
1.861584559082984924e-02
-3.908697888255119324e-02
5.259880796074867249e-02
1.200543064624071121e-02
3.084606677293777466e-02
-7.384591270238161087e-03
-1.033519674092531204e-02
6.013675034046173096e-02
3.327472135424613953e-02
3.097978606820106506e-02
3.288652747869491577e-02
8.642384782433509827e-03
-1.664209365844726562e-02
4.434405360370874405e-03
7.687594625167548656e-04
-1.624504849314689636e-02
6.745360791683197021e-03
-4.816642403602600098e-02
-5.479484796524047852e-02
5.070327781140804291e-03
6.693900376558303833e-02
5.358505621552467346e-02
3.607195243239402771e-02
6.986607611179351807e-02
-5.082670226693153381e-02
1.326902955770492554e-02
5.083711817860603333e-03
4.275218024849891663e-02
-1.230248156934976578e-02
-9.786462038755416870e-02
-2.751909755170345306e-02
5.344856902956962585e-02
-2.549387328326702118e-02
-1.603610813617706299e-02
1.225989758968353271e-01
3.454734338447451591e-03
2.061221748590469360e-02
5.190865695476531982e-02
-5.166994780302047729e-02
-2.543748915195465088e-02
3.277703374624252319e-02
-5.787573754787445068e-02
-2.612778171896934509e-02
-1.132149901241064072e-02
-2.008935809135437012e-02
2.215637080371379852e-02
-3.908185288310050964e-02
-7.474027574062347412e-02
-1.127411499619483948e-01
-4.047373682260513306e-02
1.599852740764617920e-02
4.186706244945526123e-02
-7.383319735527038574e-02
4.629745334386825562e-02
3.310891240835189819e-02
-1.692651212215423584e-02
3.966482356190681458e-02
-4.048360139131546021e-02
6.080575659871101379e-02
2.164036780595779419e-02
2.358718588948249817e-02
-4.829612001776695251e-02
6.567161530256271362e-02
1.383924297988414764e-02
6.366606801748275757e-02
-4.640182107686996460e-02
1.020384859293699265e-02
2.846027165651321411e-02
-3.803959582000970840e-03
7.496141642332077026e-02
8.005517721176147461e-02
-7.269462943077087402e-02
3.320769593119621277e-02
-4.236797615885734558e-02
-2.129876799881458282e-02
-3.594467043876647949e-02
-5.735453963279724121e-02
6.533765047788619995e-02
-2.096869982779026031e-02
6.008525565266609192e-02
-4.278702661395072937e-02
3.806510567665100098e-02
7.010500133037567139e-02
7.302819285541772842e-03
-3.621551394462585449e-02
5.832689628005027771e-02
8.560697734355926514e-02
-6.926805526018142700e-02
3.335288539528846741e-02
4.735545814037322998e-02
-9.363905526697635651e-03
7.187873870134353638e-02
-2.422999590635299683e-02
3.986197337508201599e-02
6.632378697395324707e-02
2.699581719934940338e-02
8.914521336555480957e-02
-6.282551586627960205e-02
-3.306737542152404785e-02
1.931765675544738770e-02
6.230610609054565430e-02
-5.324715003371238708e-02
-3.796710446476936340e-02
4.098100215196609497e-02
-6.289433687925338745e-02
-3.032899647951126099e-02
9.135420620441436768e-02
-2.350759319961071014e-02
-1.940711052156984806e-03
1.606641709804534912e-02
3.986500948667526245e-02
1.083656586706638336e-02
3.313203155994415283e-02
7.971280254423618317e-03
-1.971022970974445343e-02
-2.695582620799541473e-02
-1.654624193906784058e-02
3.910098969936370850e-02
6.971597671508789062e-02
3.336157649755477905e-02
-3.398182988166809082e-02
-5.729952361434698105e-03
4.315329715609550476e-02
-1.748595759272575378e-02
2.820734120905399323e-02
-3.859811276197433472e-02
7.165353279560804367e-03
-1.812743954360485077e-02
3.611017018556594849e-02
-5.476742237806320190e-02
5.666362121701240540e-02
-1.717801950871944427e-02
-1.798757538199424744e-02
-4.158999025821685791e-02
-7.631108164787292480e-02
-3.718171641230583191e-02
2.491922862827777863e-02
-8.252390660345554352e-03
1.457911450415849686e-02
-3.649472445249557495e-02
-2.949769794940948486e-02
7.887890189886093140e-02
2.354019507765769958e-02
-1.364067662507295609e-02
5.148079618811607361e-02
1.070186123251914978e-02
1.255157031118869781e-02
4.896913096308708191e-02
6.654695421457290649e-02
1.803744025528430939e-02
-1.459702849388122559e-01
7.037313655018806458e-03
2.518957294523715973e-02
1.584034413099288940e-01
5.384535179473459721e-04
-4.179205745458602905e-02
1.517245173454284668e-02
-2.008404210209846497e-02
-1.647650636732578278e-02
4.953825846314430237e-02
-7.955549284815788269e-03
-2.420824021100997925e-03
9.220081381499767303e-03
-2.766727283596992493e-02
1.246187090873718262e-02
6.834961008280515671e-03
-2.171183004975318909e-03
1.367076579481363297e-02
-3.982121869921684265e-02
-6.825086660683155060e-03
6.938371062278747559e-02
3.757249191403388977e-02
3.543164953589439392e-02
-1.752362772822380066e-02
-3.146810224279761314e-03
2.944275550544261932e-02
4.753009125124663115e-05
-3.564111888408660889e-03
9.160724468529224396e-03
1.237471681088209152e-02
-4.776310548186302185e-02
1.514219492673873901e-02
-8.530079387128353119e-03
-6.750162690877914429e-03
6.525643914937973022e-02
4.406791925430297852e-02
-2.381242439150810242e-02
4.565645381808280945e-02
-1.434675790369510651e-02
-2.886254526674747467e-02
-2.779291756451129913e-02
9.783243760466575623e-03
-1.270078402012586594e-02
-7.154214195907115936e-03
-2.483966574072837830e-02
-1.398930046707391739e-02
-3.622301295399665833e-02
-2.843003347516059875e-02
3.902582079172134399e-02
4.916029050946235657e-02
3.492821007966995239e-02
