0.01570899
-0.04192840
-0.02363324
-0.02357060
-0.00173473
0.01817122
-0.00593225
-0.02305352
-0.04704406
0.02539716
-0.01485208
0.02813589
0.02633655
-0.03209513
-0.01994569
-0.01268309
0.00895385
-0.00253733
0.11854959
0.03470049
-0.00414137
0.03827899
-0.03097472
0.00616488
-0.02190592
0.00946453
-0.00647680
0.00898907
-0.01383727
0.00403890
0.04028326
0.00476115
-0.00781827
-0.01636256
-0.00082480
0.02361321
0.00094394
0.03586580
0.02738715
-0.01151366
-0.03568908
-0.02570045
-0.05311768
-0.02719002
-0.01685415
0.01818439
-0.05413945
0.01145960
0.03536179
-0.00093089
0.00031841
-0.07284147
0.03494919
0.00495459
-0.05604744
-0.01164685
0.00738896
-0.01106614
0.45944229
0.05963692
-0.02913292
0.01828048
0.04323433
-0.02683490
-0.00349133
0.05933890
0.00796714
-0.02190784
-0.00352625
0.05222680
0.03272716
-0.01777407
-0.02233851
-0.00323477
-0.01712595
0.00892087
-0.03617776
-0.04143056
0.02708001
0.01415588
-0.00918836
0.01111532
-0.00811295
0.06556184
0.06582229
0.02533275
0.00636784
-0.00359606
0.02842037
0.02658405
0.03196655
0.03494765
0.00140591
0.01236336
-0.01874858
-0.01558511
0.02872075
-0.02051327
0.03945450
-0.00985373
-0.03081318
-0.00255167
-0.01356940
0.02118298
0.02217805
-0.02430237
0.03641708
-0.00912335
0.01142843
-0.04344880
-0.00615819
0.00757310
0.00803726
-0.02260928
-0.00021266
-0.01949241
0.03243022
-0.02520967
-0.00241618
-0.00311270
-0.00386766
-0.01154590
0.01330075
0.00686220
-0.00245025
0.00819744
-0.00094333
0.00079344
0.01166085
0.05097918
0.00866337
-0.04109550
-0.03795769
-0.00800435
-0.03419422
0.02099399
0.00460627
0.03374952
-0.08696798
0.01973555
-0.04381038
-0.02149676
-0.01751383
-0.01928275
-0.02615359
0.10761292
-0.01974500
-0.00998444
-0.00870579
-0.03991185
0.04014285
0.00941186
-0.00593870
0.03684307
0.01351415
-0.02729129
0.00740377
0.00628164
-0.04127259
-0.00667316
0.00982841
-0.04495287
-0.02203787
0.01992430
0.01877748
0.06713948
-0.00246127
0.00319672
-0.00982294
0.00945938
0.03222187
-0.01438190
0.01291746
0.00843996
0.03051579
0.02365017
0.03212906
-0.00596803
-0.07420403
-0.00113101
-0.03839360
-0.04060915
0.00030685
0.02552827
0.03776558
-0.00702921
0.06159250
-0.01401773
0.00163906
0.03006808
0.01619040
0.04771299
0.00961010
-0.02502715
-0.01339188
0.03690525
0.05847687
0.02976813
0.04491454
-0.02690881
0.00859555
0.01737525
0.10674418
-0.00813200
0.00874583
-0.00968885
0.00343299
0.01845393
-0.00434324
-0.07189354
-0.01207554
0.00103860
-0.01258742
0.01766270
-0.02427364
-0.04756118
0.00445083
0.04390002
-0.00619492
0.00344218
0.00729667
-0.75721222
-0.01325503
-0.03792678
-0.00243935
-0.01207256
0.03595825
-0.02461676
0.01511484
-0.00421681
0.00098099
-0.04060311
0.02300804
0.01295822
-0.03408959
0.00380341
-0.01339435
0.00817259
0.01070377
-0.00974670
0.00819937
0.02525889
-0.01629958
-0.00590901
-0.00914632
0.03236021
0.02977896
0.01843047
-0.00267297
0.00204829
-0.00276295
-0.00363661
0.02010118
0.00299486
-0.01901631
-0.00561662
0.08592545
-0.07198470
-0.03289345
0.00329078
0.02574553
0.00448741
-0.03986607
-0.05325654
0.04958197
-0.01048925
0.09423664
0.13038924
0.01398383
-0.02143188
-0.01767558
0.00400238
-0.01023507
0.06104793
0.04363345
0.01389278
0.03696605
-0.03705200
-0.02667493
0.12099018
0.07761035
0.04853775
0.00632378
-0.09516747
0.00316693
-0.03977207
0.16737340
0.06812239
-0.05951011
-0.03692917
0.01361743
-0.06410578
0.11994473
0.09405802
-0.03446428
-0.05160715
0.04219943
0.04483863
-0.01050509
-0.04181533
0.03643955
0.02656539
0.87629586
-0.03846999
0.08045997
-0.02383150
0.04474638
0.09119295
0.02669840
0.05194990
0.01933958
-0.15748708
-0.00304094
-0.04713570
0.02496225
-0.00678494
-0.02511715
-0.05067280
0.08840051
0.05343460
-0.00585186
-0.02718312
-0.04747887
-0.03414003
0.01842569
-0.02514949
-0.00279984
0.04054825
-0.03343065
-0.02240307
0.02861498
0.01326700
0.00438064
0.04244738
0.01180602
-0.01091643
-0.10902474
0.01776819
0.06808288
0.00521759
0.01526565
0.00463660
0.02775406
0.00915534
0.03047102
0.09459461
-0.05916798
0.00951306
0.01939058
-0.07952092
0.01305720
0.03470187
-0.00804824
0.05636134
0.02955414
0.09967579
-0.01898511
-0.04962539
-0.02427126
0.03977427
-0.12794369
0.04984377
-0.00364975
0.00482420
0.03895444
-0.00687030
-0.02791288
-0.00706041
-0.00049362
-0.00105649
-0.01134202
-0.02440791
-0.00133867
0.02544370
0.03566145
0.00350983
-0.00925486
0.06382552
-0.06160159
-0.03659434
-0.02027215
0.04592117
-0.08857577
0.05138288
0.04344334
0.01496096
0.07197200
0.00370565
-0.00377042
-0.03294782
-0.05739960
-0.07514851
0.01385606
0.03631314
0.04841329
-0.00838301
-0.02690530
-0.06289645
-0.01129234
0.04327751
0.01433211
0.00108815
0.05874282
-0.00670035
-0.05147082
0.03458654
0.01050852
-0.03988016
0.06497672
-0.03290062
-0.00084563
0.01729001
0.03266979
0.03246640
-0.00314388
0.02150841
-0.06636210
0.05139059
0.03001071
-0.02689598
0.01647912
-0.07372160
-0.06994873
-0.02534403
0.02864395
0.00792744
-0.04234737
0.04530045
-0.04854261
-0.06367940
0.08254118
-0.00498967
-0.04587858
-0.06344312
-0.01432780
0.03108489
0.02743966
-0.05968606
-0.01844066
-0.01583813
0.01970603
0.01177813
0.03715468
0.02072806
0.02087373
-0.02760441
-0.02182654
-0.02076117
0.00931871
0.02023324
0.00192492
-0.01932150
0.08193170
-0.06591978
-0.00362484
0.08413066
-0.01199525
-0.04793578
-0.08613031
0.06589072
-0.04742781
0.00755721
-0.04632700
0.01756658
0.06410076
-0.01061899
0.00028329
-0.01054078
-0.02922259
0.07438113
-0.02104929
-0.05308187
0.04365997
-0.03932086
0.10501114
-0.00105701
0.01064741
-0.03941728
-0.01548605
-0.01829938
0.01085187
0.01615890
-0.02665974
-0.02953267
-0.01672305
0.02490162
-0.01322966
-0.06989573
0.00331692
-0.03784289
-0.00041828
0.08144365
-0.07421099
-0.02877787
0.03016909
0.00195710
0.10369097
-0.02817780
-0.00201012
0.02357710
-0.08572003
0.00193744
0.03158628
0.02561487
0.01647834
-0.00308377
-0.02299025
-0.00997246
-0.01104645
-0.00796642
0.01927152
-0.05131917
0.00690329
-0.04606105
-0.02695661
-0.05150692
-0.00170173
-0.01697398
-0.06733339
-0.00989828
0.11035040
0.11378710
-0.05824349
0.03825496
0.01028456
-0.00710845
-0.05351092
0.10901932
0.13375574
0.05962736
0.00755235
0.00255542
-0.01735781
0.03823691
0.02560317
-0.06295530
-0.01959986
0.04295364
-0.00585504
0.03224913
-0.03474162
0.00970317
-0.00047914
-0.09139025
-0.05893448
-0.00040243
0.02307022
0.01863422
-0.02753898
0.00690547
-0.00460282
0.04094552
-0.00898211
0.01926078
-0.03077107
0.02854662
0.02047331
0.01671362
0.02240355
-0.07956593
0.01010310
-0.07789547
0.15852840
-0.06197717
-0.04247188
0.10608071
0.02699744
0.03171787
-0.03235271
0.02632010
0.04199771
-0.01145449
0.06868568
0.02329654
-0.00923420
0.04495687
-0.00038932
0.03702302
0.02543867
-0.01525760
0.08475801
0.00621407
0.00798190
-0.04790030
0.02946273
-0.02529004
-0.02863733
-0.04159115
-0.05934072
0.02701994
-0.02804957
-0.01848768
0.00362387
-0.01095148
-0.01884620
0.02930394
0.03260726
0.00755498
-0.04433359
0.00450445
0.12144370
0.05458002
-0.03248024
0.02853551
0.01040484
-0.04027421
0.02756105
-0.01186550
-0.01929237
-0.03331856
-0.00325422
-0.00354536
-0.03766638
0.03809563
-0.05349652
-0.01126426
-0.07051416
0.03114718
0.05731848
-0.00119133
-0.05346070
0.01940775
0.03013348
0.08983711
-0.10677274
-0.09868450
-0.01275471
-0.00775033
-0.10622583
-0.01563230
0.02107843
0.00308497
-0.04159363
0.04203061
0.01044175
0.00036260
0.00061485
-0.01118714
0.05270491
0.01242114
0.05563328
0.04684870
-0.01701746
-0.01097130
0.02088739
-0.00677586
-0.01197262
0.01419166
-0.05767105
-0.02899635
-0.00676450
0.06826214
0.04911505
0.04293837
0.04374486
-0.03913917
0.01308641
0.01001884
0.01871849
-0.01768573
-0.12087376
-0.01620197
0.03915154
-0.00562948
-0.02332841
0.12292922
0.00538601
0.02363755
0.03366474
-0.05353555
-0.02656707
0.00398798
-0.03910746
-0.00585840
0.00104151
-0.03027282
0.00314444
0.00013552
-0.03617257
-0.12526953
-0.07244442
0.00531137
0.04212118
-0.08381412
0.03616757
0.02892630
-0.00695842
0.06095265
-0.03786691
0.02688131
0.00408197
0.01434288
-0.04567579
0.05635586
0.02022489
0.06983268
-0.03441085
-0.03485740
0.05408275
-0.00692486
0.06766570
0.05370591
-0.08073691
0.02251157
-0.04478642
-0.02544751
-0.03431729
-0.04666958
0.05638710
-0.01845233
0.06357285
-0.04292445
0.03215656
0.06121394
0.00263302
-0.02508433
0.05623754
0.06637238
-0.03835412
0.03681531
0.03964811
-0.00723153
0.06758551
-0.03205683
0.04752885
0.07282929
0.00821939
0.05016357
-0.05044417
-0.04577990
0.02627335
0.06387457
-0.06238396
-0.03492253
0.05287842
-0.05004778
-0.03532997
0.07295456
-0.04719502
0.00325222
0.00747346
0.04993434
0.02927930
0.03483145
0.04595327
-0.03789424
-0.01576175
-0.04168983
0.02668339
0.04936632
0.03481053
-0.03214113
-0.02604232
0.04854940
-0.01548923
0.06544536
-0.03249972
0.02649458
-0.02965983
0.04106916
-0.05710144
0.07339071
-0.00502480
-0.00830961
-0.04473483
-0.03478170
-0.04148211
0.02182516
-0.01779535
-0.02678851
-0.02793760
-0.01243505
0.08873871
-0.01209018
-0.03795023
0.06278432
0.01104107
-0.00651779
0.03452304
0.06271055
0.03296082
-0.14229001
0.01460742
0.02954422
0.17335102
0.00027148
-0.02102046
0.00747220
-0.01638347
-0.03598357
0.05159741
-0.00445888
0.04147973
-0.00026398
-0.00416932
0.03005198
-0.02656778
0.01321073
0.00162893
-0.05735726
-0.00950748
0.05344245
0.02958872
0.02332581
-0.02539888
-0.02699738
0.04325052
0.01928816
-0.02489756
-0.00045215
0.05165412
-0.05368044
-0.01311325
0.01669774
-0.01988168
0.07135780
0.03910159
-0.00967197
0.03332452
-0.02193776
-0.05760702
-0.04485073
0.01957389
-0.00439596
0.03564309
-0.02955541
-0.00528617
-0.04574814
-0.05258168
0.03929147
0.02822517
0.02233169
