0.00767385
-0.04000338
-0.02685624
-0.03302974
-0.00033120
0.01245611
-0.00969295
-0.02783844
-0.04639334
0.02603274
-0.01647829
0.02744658
0.02647106
-0.03797934
-0.01854082
-0.01782167
0.01250272
-0.01018200
0.11083681
0.03676927
-0.00410936
0.03913829
-0.03487667
-0.00167952
-0.02267984
0.01928060
0.00062494
0.01889455
-0.00798519
0.00548257
0.02683282
-0.00045237
-0.00781369
-0.01464653
-0.00355545
0.03007305
0.00064703
0.03306762
0.02352105
-0.01905831
-0.03115718
-0.02557507
-0.05831297
-0.03195586
-0.01816119
0.02488446
-0.05953329
0.01613217
0.03807411
0.00155228
0.00432887
-0.06772164
0.02206102
0.00640403
-0.06033931
-0.01195335
0.01351881
-0.01299493
0.44938651
0.05528886
-0.03108628
0.01931693
0.04077109
-0.02756562
0.00034890
0.04858978
0.01111712
-0.01966271
0.00907164
0.05925823
0.03088689
-0.01593648
-0.01748085
0.00035983
-0.01162153
-0.00161844
-0.04759147
-0.04169215
0.03148648
0.01935187
-0.00907434
0.00711658
-0.00759918
0.06861247
0.05582082
0.02279952
0.00621953
-0.00295955
0.03023861
0.03412553
0.03477366
0.02797718
0.01266387
0.01720957
-0.02022971
-0.01489820
0.02658694
-0.02598112
0.04137320
-0.00910548
-0.03553634
-0.01425603
-0.01199059
0.01906615
0.01817654
-0.02489216
0.03174185
-0.00130067
0.01183790
-0.04766613
-0.00398690
0.00541761
0.00638071
-0.02139028
-0.00272913
-0.02117966
0.03100368
-0.02426097
-0.00414317
-0.00200938
-0.00346364
-0.00987139
0.01408848
0.00745222
0.00404895
0.00717178
0.00535363
0.00085911
0.01375427
0.04822059
0.00888021
-0.04359775
-0.03494003
-0.01029985
-0.03487222
0.02480521
-0.00112231
0.04154950
-0.09328769
0.02047842
-0.03537535
-0.02425500
-0.01934659
-0.01687353
-0.02883660
0.10177985
-0.02646933
-0.00910769
-0.01283552
-0.03786106
0.04038851
0.00836567
-0.01037857
0.02989923
0.01388174
-0.02643688
0.01401427
0.00545460
-0.04467151
-0.00166088
0.01263657
-0.04627703
-0.01076363
0.01837694
0.01745167
0.06644541
0.00357780
0.00870664
-0.00833755
0.01894581
0.03038523
-0.01094559
0.01224202
0.00313560
0.03007563
0.02433985
0.03279490
-0.00556968
-0.06767239
0.00153061
-0.04246049
-0.04088387
0.00343880
0.02825442
0.03741234
-0.00838212
0.04700983
-0.01203665
0.00238579
0.03710209
0.02493020
0.05110271
0.01201403
-0.02801151
-0.01123460
0.03731901
0.05258270
0.02979130
0.03988886
-0.02999610
0.02444567
0.01774251
0.09269825
-0.00602616
0.01429298
-0.02048389
0.00133338
0.01283853
-0.00560289
-0.07583710
-0.01422582
0.00484314
-0.00695199
0.01749835
-0.02196015
-0.04246332
0.00228529
0.04083460
-0.00784389
0.00339987
0.00631723
-0.76379305
-0.01437214
-0.04748591
-0.00279221
-0.01027836
0.03522872
-0.03161954
0.01539463
-0.00654473
-0.00212655
-0.04392157
0.02265317
0.01170708
-0.02895482
0.00347622
-0.01863036
0.00875086
0.01001732
-0.00776536
0.00555277
0.03308610
-0.01584832
-0.01596217
-0.00247421
0.03412711
0.03578781
0.02117988
0.00309611
0.00154163
-0.00185113
-0.00297181
0.02234658
0.00464781
-0.01973034
-0.00638941
0.11721328
-0.05486356
-0.04219757
-0.00664192
0.00352112
-0.07408249
0.00764876
-0.09662694
0.02218466
-0.00638584
0.15632209
0.07056817
-0.02283836
-0.00757664
-0.01074070
0.04781919
-0.00499369
0.11930293
-0.02359531
0.02340301
-0.06023896
-0.07596905
-0.05241277
0.09025316
0.03873682
0.01725789
-0.02131194
-0.04259134
-0.07022940
-0.06599886
0.21132196
0.07288089
-0.13534655
-0.03277282
0.05378784
0.00269469
0.06135932
0.05624311
0.01688676
-0.03226526
-0.05764250
0.05011735
0.06117040
-0.03563429
0.12628286
0.07790275
0.84600675
-0.06737991
0.02534091
-0.03827671
0.00943341
0.07048905
0.01598066
0.11319041
-0.02762183
-0.12119003
0.02103619
-0.01007184
0.01325834
-0.02528591
-0.02309652
-0.04846891
0.08497370
0.06164058
-0.00189360
-0.03257984
-0.03979853
-0.02745223
0.03080009
-0.02552437
-0.00923664
0.02460549
-0.03622049
-0.02919534
0.02110911
0.00111108
0.01012969
0.04996381
0.00761915
-0.01060791
-0.10949542
0.02017701
0.07126317
0.00239774
-0.00437082
-0.00533596
0.02514383
-0.00372129
0.01791860
0.10297140
-0.06055802
-0.01721966
0.02786083
-0.07128324
-0.00268591
0.04269759
-0.00811681
0.07528347
0.01571237
0.10420078
-0.03220424
-0.03151675
-0.01675471
0.03083629
-0.12875354
0.04134763
0.00534440
-0.00649640
0.03351272
-0.00929258
-0.03260698
0.00713071
-0.00272326
-0.01052016
-0.01556215
-0.03423582
0.00690733
0.01665293
0.02579604
-0.00194200
0.01110944
0.06112960
-0.06935450
-0.02597400
0.00060648
0.04147506
-0.09394594
0.05439148
0.05141111
0.01506469
0.06917723
0.00521081
-0.01387016
-0.03256553
-0.06031086
-0.07123376
0.03300741
0.01993194
0.04759488
-0.01334989
-0.01554928
-0.05492003
-0.01721173
0.03624305
0.01529238
0.00232701
0.09423181
-0.02069588
-0.04471780
0.03028789
0.02724327
-0.02295272
0.07874093
-0.03509946
-0.01672450
-0.00216283
0.04472651
0.02902471
-0.00510146
0.01712147
-0.05787013
0.04078557
0.01043925
-0.02923986
0.01065830
-0.07023837
-0.08024485
-0.01181864
0.02015002
0.00163891
-0.04088539
0.05039889
-0.07099044
-0.05308584
0.07889344
0.00235745
-0.06111461
-0.07334305
-0.00957918
0.02684368
0.00981865
-0.07069771
-0.01945290
-0.00796224
0.00273874
-0.00219560
0.05365201
0.01530327
0.02100697
-0.03118104
-0.00293865
-0.02239716
-0.00606889
0.02781116
0.00412956
-0.01263394
0.08132099
-0.05429268
0.01088538
0.09199207
0.00983901
-0.03555759
-0.06811482
0.07384131
-0.03488883
0.00581026
-0.05549451
0.03538948
0.07175301
-0.00445717
0.00954023
-0.00103800
-0.04376166
0.06372730
-0.02812145
-0.06152497
0.04295933
-0.04026053
0.11166387
-0.00742529
0.03522939
-0.03979096
-0.02277484
-0.03040257
0.01505234
0.02279851
-0.04091943
-0.04557145
-0.01050753
0.04167506
-0.01324138
-0.07172793
0.00066717
-0.03695015
0.01726684
0.06924731
-0.07693934
-0.01339691
0.03305516
-0.01163324
0.09784980
-0.01413332
-0.00060064
0.01368403
-0.07812022
0.00795292
0.02480221
0.02828075
0.00007808
-0.01467229
-0.01034186
-0.01594025
-0.02224758
-0.01566976
0.02260645
-0.04167787
-0.01001631
-0.04289705
-0.01861740
-0.04670770
0.00470821
-0.00059874
-0.06946075
-0.00334495
0.10711296
0.11132961
-0.04519628
0.02690489
0.01424270
-0.00727168
-0.05193272
0.10526116
0.12259006
0.06476370
-0.00654930
-0.00818673
-0.02317644
0.03905120
0.01954943
-0.05748356
-0.01807895
0.04848675
-0.01395558
0.04433241
-0.02232044
0.01152521
-0.00454021
-0.10165406
-0.05997618
-0.01648298
0.03453648
0.01314390
-0.00747252
0.02203358
0.00694097
0.03379311
-0.00168332
0.02226768
-0.03250248
0.02267449
0.02488359
0.01272029
0.00227751
-0.06765506
0.01012995
-0.07225546
0.14414740
-0.05541473
-0.03637137
0.09373554
0.04473010
0.04317707
-0.04421687
0.01678252
0.02400083
0.00324715
0.05933940
0.03298193
-0.00725716
0.04773610
-0.00340759
0.05261339
0.01488170
-0.01675242
0.09783272
-0.00033979
0.01565738
-0.04653952
0.04412553
-0.02452221
-0.00188954
-0.03683567
-0.04710500
0.03210870
-0.01286261
-0.02554182
-0.00324290
0.00753482
-0.00884051
0.01423261
0.05113722
0.02380435
-0.02740878
-0.00858875
0.11276205
0.05104924
-0.04183248
0.01942841
0.00980133
-0.03375893
0.04728987
-0.00727686
-0.00091575
-0.03101974
-0.00081686
-0.01724747
-0.00863432
0.04304137
-0.03566340
-0.00872349
-0.06971109
0.04004000
0.04326915
-0.01542065
-0.05540067
0.02124381
0.03823614
0.09306467
-0.10132960
-0.10050631
-0.00767386
-0.01524118
-0.11433005
-0.02506126
0.02399128
0.00637681
-0.02627282
0.03124600
0.03417735
-0.00520904
-0.02502169
-0.01415408
0.04761381
0.00829448
0.04891822
0.04514945
-0.01239307
-0.00264194
0.02197254
-0.00331881
-0.01306544
0.02004766
-0.05910263
-0.03419583
0.00699464
0.06305052
0.04021326
0.03581721
0.04411950
-0.06005512
0.01117630
-0.01176796
0.00395852
-0.01016007
-0.10850224
-0.00720233
0.03653261
-0.00085268
-0.01754083
0.12026287
0.01013078
0.00945728
0.01655101
-0.05837929
-0.02036340
-0.01083665
-0.04335818
-0.01112064
0.00679513
-0.03925404
0.01008680
0.00833182
-0.03135629
-0.13736048
-0.07526630
0.01245448
0.03467987
-0.07811359
0.03965197
0.02971433
-0.00718542
0.04054343
-0.04324193
0.02281796
0.01046352
-0.00127667
-0.02968568
0.04830377
0.01294818
0.07986384
-0.04382159
-0.03379725
0.06799335
-0.00927096
0.05224625
0.06274514
-0.08981915
-0.00504635
-0.03189554
-0.02021838
-0.03272676
-0.03928729
0.07107744
-0.02288711
0.05920420
-0.05303246
0.02587657
0.05327186
-0.02039043
-0.02195948
0.05108102
0.03629625
-0.04560517
0.03875338
0.03953267
-0.01283814
0.04256936
-0.01093863
0.03543478
0.05680182
0.00165946
0.04015551
-0.03724599
-0.04613214
0.03876621
0.05266289
-0.06558261
-0.02572533
0.04318637
-0.06946795
-0.04815495
0.06236358
-0.08380798
-0.02092306
-0.00885671
0.04898695
0.03753148
0.02875838
0.03661364
-0.04094765
-0.02932805
-0.05156519
0.01662895
0.05785702
0.01853300
-0.03023435
-0.01264743
0.07658965
-0.00870810
0.08078114
-0.02223546
-0.00035247
-0.04955719
0.05349495
-0.07423945
0.09646443
-0.01777556
-0.00647271
-0.05796338
-0.04043815
-0.05188689
0.00743959
-0.02145041
-0.04090423
-0.02570618
-0.01212774
0.07262585
-0.01415845
-0.01891707
0.05417560
0.00203009
-0.00537716
0.05429490
0.05034497
0.04279305
-0.13699088
0.05028024
0.03853529
0.17140733
-0.01087096
-0.00571321
0.01461003
-0.01570658
-0.02421938
0.03265429
-0.00654014
0.03880655
0.00110814
0.00446216
0.02831455
-0.01880774
0.00377481
0.00487801
-0.06200359
0.01110984
0.04005006
0.02517418
0.02424803
-0.02124929
-0.01788093
0.04398726
0.00824451
-0.03299213
-0.00116100
0.05461692
-0.05000095
-0.00082307
0.02511996
-0.01517282
0.07192994
0.03839513
-0.02160697
0.03226318
-0.00273106
-0.07543658
-0.05315739
0.00761109
0.01024862
0.04132172
-0.03248735
-0.00292200
-0.04159313
-0.05685723
0.03576490
0.04553979
0.01521876
