0.01563516
-0.04105358
-0.02466703
-0.02302280
0.00140722
0.01126467
-0.00757723
-0.03271840
-0.04922381
0.02993139
-0.01810850
0.02928947
0.02317135
-0.02874040
-0.01743165
-0.01733549
0.00802605
-0.00946276
0.12266042
0.03730060
-0.00281127
0.03966830
-0.03371660
-0.00150158
-0.02242634
0.01690930
-0.00207065
0.01266770
-0.01337006
0.00343463
0.04324704
0.00052568
-0.00625263
-0.01268085
-0.00164877
0.02757477
0.00206223
0.03108325
0.02320063
-0.01698041
-0.03373623
-0.02332065
-0.06124886
-0.03111677
-0.02173896
0.01196286
-0.05934599
0.01719397
0.03575980
0.00128678
0.00397835
-0.07070736
0.03120185
0.00066906
-0.05982086
-0.01693424
0.00791707
-0.01234795
0.44221488
0.05511003
-0.02808085
0.01293335
0.04249592
-0.02876868
-0.00192342
0.05370186
0.01221183
-0.02081765
0.00673620
0.05434817
0.03079663
-0.01480078
-0.01648784
-0.00210651
-0.00720977
0.00442371
-0.04352442
-0.04032700
0.02990607
0.03330032
-0.00970365
0.00619071
-0.01005500
0.06659703
0.06062975
0.02131918
0.00468301
-0.00374812
0.02952991
0.03340482
0.02812700
0.02764716
0.00684627
0.02025172
-0.02267291
-0.01686975
0.02956078
-0.02651085
0.03724611
-0.00741747
-0.03531926
-0.00485775
-0.01363049
0.01745790
0.01739940
-0.02851407
0.03488746
-0.00824212
0.01599545
-0.04625179
-0.00632438
0.00408783
0.00230395
-0.01679360
-0.00389702
-0.02407168
0.02631629
-0.02605936
-0.00572049
0.00050104
-0.00370445
-0.00879973
0.01054205
0.00646449
0.00163993
0.00711995
0.00428455
0.00056567
0.01177245
0.04520367
0.00505610
-0.04150750
-0.03748597
-0.00869136
-0.03865529
0.02841375
-0.00046626
0.03653864
-0.08406211
0.01878615
-0.04529043
-0.01936123
-0.02281974
-0.01760992
-0.03239639
0.11073349
-0.02583826
-0.01370884
-0.01327456
-0.03554516
0.03806759
0.01225995
-0.01000718
0.03529945
0.01175728
-0.02438757
0.01100675
0.00476304
-0.04804329
-0.00823174
0.01330184
-0.04709260
-0.01165028
0.02089442
0.01726217
0.06641819
0.00157656
0.00714795
-0.01074531
0.01307247
0.03016301
-0.01209436
0.01001985
0.00486586
0.02824720
0.02240446
0.02921496
0.00084410
-0.06885511
0.00260750
-0.03080077
-0.03676549
0.00235224
0.02703054
0.03283234
0.01256648
0.03137227
-0.01057671
0.00338516
0.03328230
0.02674992
0.05346501
0.00850669
-0.02997714
-0.00854607
0.03617359
0.04997253
0.02874196
0.04607318
-0.03106916
0.01542930
0.02019038
0.08230150
-0.01061053
0.01409447
-0.01222536
0.00262082
0.01445321
-0.00573349
-0.08166951
-0.00894575
0.00220811
-0.00613877
0.01558845
-0.02319404
-0.04630641
0.00235469
0.03929801
-0.00828356
-0.00266376
0.00147205
-0.76799893
-0.01934936
-0.04853055
-0.00246454
-0.01430575
0.03519118
-0.02686437
0.01294710
-0.00518457
-0.00315640
-0.04248197
0.02136304
0.01203561
-0.02686884
0.00671485
-0.01730899
0.00827799
0.00969815
-0.00600215
0.00686213
0.03300186
-0.02684940
-0.01013367
-0.00518979
0.03793769
0.03209789
0.02184146
-0.00058259
-0.00188559
-0.00576388
-0.00323611
0.01845008
0.00406264
-0.02171441
-0.00609327
0.05437711
-0.03895898
-0.01974248
0.01829152
0.03986026
-0.13848060
-0.01688975
-0.10602161
0.02825540
0.03569319
0.06139801
0.07860135
-0.01514521
-0.00084358
-0.14941850
-0.04771813
-0.03400158
0.03290127
0.06659607
-0.00213317
0.06949003
-0.05170957
-0.14287078
0.07665315
0.08968765
-0.00052266
-0.02737613
-0.06683377
-0.03580735
-0.14719878
0.17533337
0.04308808
-0.14517833
0.08801129
-0.02336157
0.07427610
0.12974149
-0.02485973
-0.03027334
-0.07656613
0.04374421
0.02044585
-0.04745033
-0.03131526
0.05243903
0.03938217
0.82441151
-0.07007620
0.11611255
0.02748347
-0.02461912
0.06991439
0.02957615
0.07316554
0.00198353
-0.11928792
0.04791096
-0.03250009
0.05972560
0.06004435
-0.02505762
0.04358380
0.06680540
0.07160103
0.00019899
-0.02030851
-0.03526704
-0.02774018
0.00217246
-0.01785598
-0.02335707
0.04058080
-0.04157670
-0.02774465
0.02581017
-0.00122881
0.00290869
0.04376957
-0.00269708
-0.00444875
-0.10485981
0.01805043
0.06434686
0.00973084
-0.01760062
0.00117589
-0.00719531
0.00832857
0.01064925
0.09991920
-0.05992991
-0.01392785
0.00470997
-0.05491094
0.01329506
0.02820701
0.00225613
0.06513678
-0.00807599
0.09282677
-0.03231759
-0.02999324
-0.03825636
0.03593140
-0.08910749
0.02788480
0.00272654
0.00200847
0.03244071
-0.00104305
-0.02957847
0.01798949
-0.01919337
-0.01453248
-0.03599056
-0.02969184
0.03198685
0.01169934
0.00684873
0.01244121
0.02322041
0.06331649
-0.03798036
-0.01986899
0.00733016
0.03918697
-0.08821995
0.04426407
0.04210948
0.00525310
0.04330380
0.00189123
0.00371965
-0.04924642
-0.04545194
-0.06933268
0.06019896
0.02774614
0.05181028
-0.02772561
-0.00374766
-0.05631309
-0.01682799
0.06078783
0.03243705
0.02228988
0.09180285
0.00311278
-0.05888070
-0.00818727
0.01367252
-0.01645846
0.06717309
-0.03431428
0.00473418
-0.01037553
0.03833040
0.01756599
-0.03501754
0.02463201
-0.05176392
0.05373528
0.03056123
-0.02288948
-0.00056179
-0.07619780
-0.05338549
-0.01146380
0.02816414
0.00089070
-0.04458380
0.06349019
-0.07538807
-0.06620865
0.08207121
0.00532439
-0.04246639
-0.06605124
-0.00010081
0.04961568
0.02815068
-0.04543289
-0.00632318
0.00332540
0.00305428
-0.00518052
0.05935465
0.02594497
0.05620541
-0.05444590
-0.01654542
0.01007751
-0.02534143
0.02803295
0.01139015
-0.00786994
0.03488713
-0.03978721
0.01167217
0.09159801
0.00025735
-0.03991031
-0.07545373
0.10178038
-0.00799931
0.02030862
-0.06466087
0.05283043
0.06452827
-0.01694039
0.00403033
0.00705873
-0.03045942
0.05802858
-0.03986743
-0.04856143
0.03046117
-0.01921437
0.09200257
0.00861721
0.02048973
-0.02178163
-0.03641086
-0.03854994
0.00433965
0.00757157
-0.04476338
-0.04229778
-0.00197416
0.03987005
-0.02352968
-0.07322860
-0.00610720
-0.02298319
0.01156651
0.06667922
-0.10133932
-0.02626012
0.04104761
-0.00231497
0.08271953
-0.00361454
-0.00099818
0.02093250
-0.09877343
0.02766919
0.04956181
0.01989809
0.00760954
-0.00873821
-0.00053362
0.00783211
-0.02152965
-0.02316008
0.03345016
-0.04175824
0.00348325
-0.02469352
-0.00304201
-0.02120634
0.03786296
-0.00011749
-0.08564807
-0.00870565
0.10654511
0.11188127
-0.04140498
0.03032771
-0.00190044
-0.00372198
-0.04208095
0.11900648
0.08663762
0.07795773
-0.01799500
-0.00416722
0.01388861
0.03457051
0.02057837
-0.07621400
-0.01706526
0.06315122
-0.00693719
0.04355631
-0.01036390
0.03507701
0.00007527
-0.09163059
-0.03882588
-0.04746655
0.02327837
0.01827316
0.00954252
-0.00031458
0.01686928
0.01865674
-0.00400420
0.01746339
-0.02405279
0.02688884
0.01435453
0.01363112
0.02806839
-0.06621830
-0.01114040
-0.08287143
0.12950441
-0.07705835
-0.04483339
0.11243803
0.04680438
0.04793732
-0.03879411
0.01731198
0.02955820
0.01190332
0.07973831
0.01332203
-0.00409103
0.03393853
-0.00920171
0.06038349
0.02123294
-0.01336102
0.09864446
0.00294458
0.01112047
-0.03933687
0.05661136
-0.02617298
-0.00633014
-0.04080997
-0.04565540
0.03596999
-0.01865123
-0.03111533
-0.00432701
-0.00107742
-0.04533011
0.01099164
0.04153559
0.05585940
-0.00717543
-0.01874620
0.11183283
0.04605917
-0.01476866
0.03148152
0.02794394
-0.05860149
0.03430809
-0.00436359
0.00628384
-0.01772950
-0.00906409
-0.00067877
-0.01299286
0.06109032
-0.00887570
-0.01707689
-0.07856232
0.05235637
0.03650709
0.00488382
-0.03113074
-0.01576698
0.05086410
0.08472102
-0.12804148
-0.08679506
-0.01797945
-0.01701987
-0.11868910
-0.02507031
0.00735453
0.01193079
-0.01472083
0.02494536
0.03877185
-0.01261707
-0.02168349
-0.02873441
0.03034174
0.02294609
0.04994996
0.04046750
-0.02356429
-0.02205514
0.02751272
-0.00207154
0.00437930
0.00046800
-0.05896231
-0.03082104
0.00490384
0.03149467
0.02998474
0.05656155
0.02899431
-0.05420185
0.02641739
-0.02139205
-0.03279344
0.00736231
-0.07979976
-0.02718109
0.03184561
0.02685245
-0.03587810
0.13031824
0.00094015
-0.01238008
0.00221957
-0.04943003
-0.02833682
-0.02072571
-0.06341727
0.00457322
0.02363569
-0.05929213
-0.00415524
0.00962959
-0.02535787
-0.13915631
-0.06301820
0.01785669
0.02560050
-0.09069213
0.01774720
0.04317775
-0.00665154
0.04207109
-0.04058211
0.00028705
0.01352485
0.01148155
-0.04015823
0.04802762
-0.01599908
0.05826647
-0.03053550
-0.05043137
0.10052691
0.02723431
0.04323692
0.05175060
-0.09759782
-0.00123846
-0.02151139
-0.03273968
-0.03045708
-0.02916900
0.06682165
-0.05688247
0.03815130
-0.04241828
0.00523735
0.04576568
0.00623751
-0.03932254
0.06194379
0.05009092
-0.02221273
0.03388621
0.03660283
0.00091006
0.03117591
-0.01502102
0.04995787
0.07494467
-0.01323687
0.01485901
-0.01724410
-0.04147187
0.04348454
0.04913855
-0.04494843
-0.02658240
0.05922210
-0.07264423
-0.03696270
0.06502713
-0.08006544
-0.01105371
-0.01539319
0.04563359
0.02810642
0.03138028
0.03066732
-0.04499864
-0.04657523
-0.06332160
0.00593686
0.04457768
0.02036965
-0.02546349
-0.02186875
0.07154346
-0.00326385
0.10181142
-0.05006807
-0.00363569
-0.07093085
0.04767463
-0.08980554
0.09472784
-0.01961853
-0.03147455
-0.06332061
0.00231680
-0.05688169
0.00370651
-0.00764084
-0.03011717
-0.01705095
-0.01918109
0.07302833
-0.01397555
-0.01593752
0.03565342
0.01903555
-0.02690782
0.07893597
0.06267720
0.05723318
-0.12410555
0.05519759
0.01834429
0.14561175
-0.00740573
-0.00016522
-0.00152751
-0.01031581
-0.03208975
0.03439071
-0.00251259
0.03973209
-0.00022807
-0.00285045
0.03281269
-0.01702821
0.00485539
0.01302262
-0.06423163
-0.01445703
0.04043433
0.00931956
0.04603524
-0.02133347
-0.01750561
0.02298862
-0.00261601
-0.01873610
-0.00587803
0.06105797
-0.04997668
0.01857543
0.01581120
-0.04221032
0.03612830
0.04267985
-0.01372062
0.01643485
-0.01678040
-0.08905591
-0.06899501
0.00430220
-0.01517980
0.03746757
-0.02527313
0.01341934
-0.06370908
-0.05678062
0.04550366
0.01731114
0.02379376
