0.01599550
-0.03532943
-0.03946460
-0.02181755
-0.00084181
0.03192379
-0.00929547
-0.02923465
-0.04125989
0.02237787
-0.01427328
0.02837120
0.01581255
-0.03567294
-0.02544747
-0.01337605
0.00422726
-0.00374022
0.11991573
0.02145842
-0.00155915
0.02520139
-0.02197196
0.00801106
-0.02114848
0.00434196
-0.01044064
0.01125767
-0.01771739
0.00719417
0.03980923
-0.00029404
-0.00751831
-0.01853523
-0.00820745
0.02683543
0.00434355
0.03585045
0.02330023
-0.01015368
-0.03865920
-0.01875398
-0.06092728
-0.03613671
-0.01929736
0.00475048
-0.06049951
-0.00077662
0.02860967
0.00619061
-0.00527416
-0.06385886
0.02523818
0.00389542
-0.04299794
-0.00890089
0.00886477
-0.01008863
0.46450236
0.07601708
-0.02446808
0.00915156
0.03567780
-0.01694048
-0.00551033
0.04943413
0.01331078
-0.01935143
0.00065315
0.04355276
0.02851138
-0.01826900
-0.03365950
-0.00062614
-0.02390150
0.00380706
-0.03823819
-0.04254369
0.02131150
0.00019979
-0.00812831
0.01354042
-0.00633447
0.06199395
0.06393596
0.02794059
0.00352119
-0.01080407
0.02443228
0.02411931
0.02596656
0.01848994
0.01131205
0.00582642
-0.02312884
-0.01221073
0.03046082
-0.01383262
0.04069741
-0.00295244
-0.02395681
-0.00634530
-0.02001600
0.01865301
0.01911291
-0.02776975
0.03699673
-0.00404853
0.00555171
-0.04887676
-0.00715838
0.00974102
0.01095424
-0.01527519
-0.00171413
-0.01873018
0.04337796
-0.01805862
-0.00529778
0.00175705
-0.00111959
-0.00981207
0.01724124
0.00653142
-0.00956780
-0.00144648
0.00319208
0.00238718
0.01200102
0.04577434
0.00688907
-0.03318229
-0.03097780
-0.00159466
-0.03965535
0.01416748
0.00397960
0.02669241
-0.10009190
0.02817470
-0.03728156
-0.02055704
-0.01725855
-0.01048859
-0.02729225
0.10840973
-0.02284935
-0.00707993
-0.00433414
-0.03368298
0.04680689
0.00695214
-0.00480939
0.03491921
0.00490667
-0.02712984
0.00632382
0.00316463
-0.04075541
-0.00146879
0.00940090
-0.03322728
-0.01491133
0.02268238
0.00678177
0.05794659
0.00318414
-0.00036625
-0.01671247
0.00539892
0.02235445
-0.01404158
0.01276246
0.01418838
0.02408309
0.01410988
0.03298126
-0.00645147
-0.06517326
-0.00522313
-0.03636396
-0.03242769
0.00149538
0.02424107
0.04764464
-0.02253198
0.08961267
-0.01103137
0.00019159
0.03390644
0.00704757
0.04884194
0.01048663
-0.01886357
-0.01531373
0.02518284
0.04131570
0.03010545
0.03953621
-0.02106493
0.02124614
0.01599468
0.11986867
-0.00911258
0.00565183
-0.01757149
0.00589924
0.01339708
-0.01015655
-0.05922373
-0.01130505
0.00416512
-0.00272655
0.01666108
-0.03107937
-0.05256878
0.00225634
0.03326505
-0.00581163
0.00582150
0.00366322
-0.75795794
-0.00765108
-0.03945145
-0.00902257
-0.01692365
0.03897732
-0.02004877
0.01234224
-0.00629173
-0.00125185
-0.03046963
0.01284753
0.00874249
-0.04436751
0.00741873
-0.00894236
0.01237787
0.00730887
-0.01224056
0.00965608
0.02539564
-0.01705615
-0.01753218
-0.00704707
0.02601056
0.04011367
0.01169014
-0.01065396
0.01455103
-0.00332790
0.00152245
0.02355427
0.00707807
-0.01371471
-0.00421838
0.10140163
-0.00629821
-0.03034506
0.03151547
-0.01546246
-0.12504250
0.06031010
-0.00664128
0.04618314
0.00105547
0.14009041
0.02180795
0.01059881
0.05493080
-0.09146956
0.07594573
-0.01454135
0.13495126
0.03815085
0.00408147
-0.04703659
0.02384648
-0.09269762
0.13803540
0.08686896
-0.01238707
0.05017116
-0.03372489
-0.06247866
-0.03866918
0.17963471
0.08609183
-0.06022009
-0.04228456
0.01477543
0.01982914
0.03704213
-0.01923632
0.03438247
0.05654758
0.00967837
0.03198388
0.02269339
-0.12346219
0.12021363
0.06115426
0.83495188
-0.05062696
0.02130802
-0.04162881
0.03794097
0.00341244
-0.05800183
0.12723286
-0.04263355
-0.14426589
0.06129077
-0.02231060
-0.08471385
-0.05926704
-0.10712852
0.01480735
0.04879458
0.01378744
-0.00239576
-0.00605146
-0.03180410
-0.04559891
0.01038243
-0.01750910
-0.01494808
0.03907405
-0.04726296
-0.00688361
0.03034774
-0.00245457
0.00316743
0.03034942
0.00036450
0.00804818
-0.11679167
0.00063532
0.07287759
0.02660350
-0.00756733
-0.00044326
-0.01377758
0.00998190
0.04701154
0.10997827
-0.04583001
-0.01316433
-0.01800863
-0.08344532
0.02082596
0.04383122
0.00831792
0.04872484
0.00562090
0.08788013
-0.01159784
-0.03765539
-0.02097224
0.03183284
-0.09038357
0.06977982
-0.00533768
0.03012410
0.03162779
-0.00537445
-0.03407834
-0.01942907
-0.01194721
-0.01339764
-0.02689862
-0.02692652
0.00955923
0.02751186
0.05014592
0.00729230
-0.02301490
0.04853054
-0.06644817
-0.02785116
0.00321544
0.03673306
-0.08390295
0.05814916
0.03577380
0.00996482
0.05507210
0.02328895
0.02760980
-0.03566797
-0.04981439
-0.05290782
0.06696869
0.01607700
0.02972906
-0.02188384
-0.03740327
-0.06126746
-0.01336728
0.05697148
0.03058264
0.00886950
0.05899438
0.00216675
-0.05699197
0.02282371
-0.01220502
-0.03533081
0.06197939
-0.01859914
0.00728004
0.01231994
0.00603658
0.02267404
-0.01025886
0.02679933
-0.06808806
0.04409729
0.04731540
-0.01419745
0.03678585
-0.06665547
-0.07190666
-0.02506345
0.00143020
0.00058913
-0.03334548
0.01425776
-0.05804464
-0.04719591
0.10282575
-0.05264729
-0.02235331
-0.06572745
-0.01404901
0.05916420
0.02098146
-0.03388179
0.00442567
-0.02037008
0.01103223
0.01264101
0.06548539
0.00688587
0.04203858
-0.01868077
-0.00834252
-0.01125793
-0.00703208
0.05275319
0.01584988
-0.01807271
0.05703247
-0.06098741
0.01943839
0.08615431
0.01442349
-0.06412607
-0.09253263
0.07993971
-0.00571643
0.00596863
-0.05047592
0.03210883
0.05913895
-0.01426579
0.02489618
0.00953689
-0.02566830
0.06751368
-0.02729781
-0.03456206
0.05252710
-0.05324355
0.09058456
0.01439480
0.00084518
-0.04000376
-0.00127115
-0.02649074
-0.00236219
0.01053458
-0.02465346
-0.02495937
-0.01348705
0.02644738
-0.03578245
-0.07427774
-0.01269669
-0.02402038
-0.01224167
0.07246470
-0.08122150
-0.02312492
0.05020883
-0.01351714
0.09524389
0.00080733
-0.01720649
0.04296945
-0.10954641
0.01077301
0.05693658
0.04001328
-0.00149779
0.00407616
-0.03260666
-0.01348385
-0.02519514
0.01025302
0.03757454
-0.03344022
0.01488997
-0.03793047
-0.01987691
-0.03917476
0.01979364
-0.03392571
-0.06422043
-0.01649063
0.09693538
0.10881473
-0.03397935
0.04747547
-0.01467795
-0.02170273
-0.03148543
0.11070593
0.10027674
0.04720671
0.00692315
-0.02768712
-0.01456306
0.03992179
0.02955868
-0.04878701
-0.03790381
0.04291832
-0.01757257
0.02192448
-0.03351429
0.02143524
0.00492220
-0.07112377
-0.06117626
-0.02701412
0.02887470
0.01260599
0.00950425
-0.00632537
0.01081697
0.05829159
-0.01723268
0.03047331
-0.03743661
0.02906927
0.00825430
0.00187250
0.03539047
-0.07395613
-0.00698562
-0.08234673
0.15254743
-0.04497841
-0.04265454
0.12673472
0.01512825
0.05563597
-0.04045722
0.03221483
0.03783380
0.00098845
0.09549033
0.00934974
-0.01809770
0.02310011
-0.03793625
0.04925852
0.02326962
-0.01603571
0.07167371
0.01404022
0.01445197
-0.04817302
0.06338594
-0.06062197
-0.03425083
-0.02581379
-0.04915851
0.03331797
-0.03273709
-0.00463769
0.01296185
-0.02052055
-0.06790660
0.01291724
0.04682625
0.03180963
-0.00499530
0.00448463
0.12556021
0.04112526
-0.04165642
0.03545733
-0.00228198
-0.04170262
0.02089926
-0.00893276
-0.02190211
-0.03840094
0.00533742
0.01180713
-0.04463059
0.02596008
-0.04898932
0.01859180
-0.07666346
0.05781735
0.06346701
-0.00696616
-0.02177567
-0.01184824
0.02850145
0.08684600
-0.10604983
-0.07423850
0.00459695
-0.00413536
-0.11062860
-0.03020707
-0.00442351
-0.00014124
-0.00839657
0.03277561
0.02139863
-0.01787852
0.03210230
-0.01915661
0.01582824
0.03233977
0.05430833
0.03829700
-0.00897247
-0.03398420
0.02597097
0.00094348
0.00131355
0.00709568
-0.04128428
-0.02756032
-0.02820955
0.02875507
0.04947829
0.05672233
0.02483775
-0.02174915
0.01720071
0.00530317
-0.03333825
-0.01580302
-0.07851741
-0.02533600
0.02411781
0.01527938
-0.02301154
0.09770137
0.03659338
0.00557110
0.01396475
-0.04421130
-0.02249385
-0.00076256
-0.03791960
0.00710828
0.02617075
-0.05418852
-0.01745831
0.00544695
-0.03546814
-0.14089218
-0.03879092
0.01600470
0.05755749
-0.08720262
0.02850236
-0.00675633
0.01768353
0.06325915
-0.02804904
0.04009977
-0.01397708
0.02465608
-0.04507225
0.07112986
-0.00138262
0.05169329
-0.01965172
-0.04155210
0.08667246
0.03266356
0.05621420
0.04349542
-0.10104794
-0.00965176
-0.04208314
-0.01201026
-0.02721928
-0.05229222
0.06669169
-0.03774353
0.03807151
-0.03777489
0.01342272
0.07773948
-0.01656714
-0.04304568
0.03925726
0.05164696
-0.02691760
0.02114223
0.02471912
0.00142112
0.03341974
-0.03473134
0.05147363
0.09827515
-0.00643646
0.04298855
-0.03699804
-0.04625987
0.03623750
0.02225141
-0.06483546
-0.01946679
0.05536946
-0.06320059
-0.04281358
0.07100054
-0.04623008
-0.00024740
0.01942570
0.03727298
0.03626687
0.03389312
0.03040375
-0.05094933
-0.01853591
-0.09060362
0.01542228
0.04162480
-0.00103987
-0.05256601
-0.01481565
0.05291738
0.00884760
0.11656613
-0.04702234
0.01657684
-0.03444741
0.06425890
-0.05162249
0.07873831
-0.01426820
-0.01939829
-0.04157080
0.00766889
-0.05385584
0.02196163
-0.02763709
-0.00668125
-0.03679704
-0.01133192
0.06938265
-0.02082044
-0.05201775
0.05108833
-0.00305565
-0.01374796
0.02020783
0.05168915
0.00802200
-0.11119357
-0.00393770
0.04010813
0.13464479
-0.01000337
0.00956054
-0.00646097
-0.00775548
-0.01521182
0.04508135
0.01460918
0.03959704
0.01788164
-0.00944178
0.05188762
-0.02560614
0.01007647
0.01017139
-0.06262157
-0.03311450
0.04646441
0.01713671
0.05204814
-0.01825066
-0.04094011
0.03183050
0.00729364
-0.04747962
-0.00749676
0.07518802
-0.05754902
0.01449072
0.00763699
-0.03994765
0.05701689
0.03219225
0.01497314
0.00923400
-0.04011139
-0.08038946
-0.05241069
0.00810602
-0.00837453
0.04728299
-0.03015579
0.00631487
-0.07112955
-0.09294237
0.06275168
0.02860803
0.02086114
