0.02240418
-0.04717388
-0.01092521
-0.00948875
-0.00370809
0.00357483
-0.00153642
-0.02525285
-0.05003220
0.03218952
-0.01405384
0.02167216
0.02865981
-0.01889276
-0.01779026
-0.01111636
0.00941673
-0.00055228
0.13108194
0.04787344
-0.00457564
0.05503478
-0.04272498
-0.00740780
-0.02230485
0.01861585
-0.00473474
-0.00114978
-0.01534301
-0.00285236
0.04597716
0.00670033
0.00281789
-0.01979084
0.00514610
0.02525530
-0.00177280
0.03159796
0.02310513
-0.02173355
-0.02476248
-0.02698260
-0.05469001
-0.02986797
-0.01468963
0.01589330
-0.05347144
0.01657523
0.03497668
0.00151054
0.01484865
-0.07563078
0.04091920
0.00415171
-0.06308930
-0.01791406
0.00093159
-0.00611503
0.43302214
0.04701758
-0.03233851
0.01774407
0.04224897
-0.03715328
0.00438605
0.06541404
0.00759860
-0.02710806
0.00371076
0.04969027
0.03039220
-0.00996580
-0.00748031
-0.00442395
0.00185349
0.01178215
-0.02967779
-0.02777292
0.02954181
0.05485717
-0.01285320
0.00089608
-0.00813291
0.06702218
0.06475981
0.01581363
0.00566134
0.00253874
0.03641440
0.02803748
0.02593116
0.03843643
-0.00441407
0.02135890
-0.01344823
-0.01989834
0.02731846
-0.03550514
0.02932670
-0.00821658
-0.03518849
0.00324805
-0.00870763
0.02479778
0.02291114
-0.02423771
0.02847275
-0.01301412
0.02715133
-0.04102156
-0.00545452
0.01222881
0.00148950
-0.02033198
-0.00864119
-0.02075309
0.02163169
-0.03518943
0.00280262
-0.00345621
0.00098423
-0.00684692
0.00015775
0.00724696
0.00091686
0.01960156
-0.00441066
-0.00263515
0.01189050
0.05493598
0.00580359
-0.04019139
-0.03653459
-0.01359482
-0.03183754
0.02877556
0.00176299
0.03531921
-0.07796355
0.01207563
-0.06088201
-0.01581354
-0.01933077
-0.02211661
-0.02996258
0.11699761
-0.02652765
-0.01077618
-0.01388673
-0.03989920
0.04099941
0.01753745
-0.00856831
0.03063887
0.01296585
-0.03309524
0.01086641
0.00734519
-0.05021818
-0.01598427
0.01613455
-0.06256213
-0.01452596
0.01163853
0.02384054
0.07648181
-0.00526428
-0.00046074
-0.00521457
0.02204328
0.04129034
-0.01878766
0.01730776
0.00642830
0.04518614
0.03399213
0.02408310
-0.00416365
-0.07301366
0.00024706
-0.01750778
-0.04504239
-0.00508661
0.02386325
0.02243640
0.02914814
-0.00162256
-0.01216833
-0.00144567
0.02783125
0.04504051
0.04556408
-0.00291185
-0.03300623
-0.00492386
0.04144060
0.06357346
0.03559520
0.05293800
-0.03835114
-0.00324890
0.02479753
0.07018976
-0.01920371
0.01922944
-0.00655837
0.00046270
0.02513696
-0.00084344
-0.10144565
-0.01148005
-0.00343097
-0.00895088
0.01289616
-0.01349044
-0.03629402
0.00464238
0.05071976
-0.01639147
-0.00462491
0.00170617
-0.75800616
-0.01998243
-0.04366225
0.00553106
-0.01003574
0.02975062
-0.02595606
0.02307950
0.00028468
0.00576192
-0.04929703
0.02368457
0.02336994
-0.02493659
-0.00074745
-0.02120961
0.00629939
0.01394359
0.00032787
0.00310769
0.02176590
-0.03527832
0.00184972
-0.01148274
0.03708642
0.02012704
0.03226667
0.00815006
-0.01794103
-0.01040017
-0.00311893
0.01601476
0.00079397
-0.02767420
-0.00614885
0.11789863
-0.04318339
-0.04725831
0.04701265
0.02037988
-0.02737305
-0.04537512
-0.13220270
0.06920354
0.00711101
0.05976429
0.19168371
0.01357173
-0.01995340
-0.06065536
-0.07094871
-0.01002261
0.02639342
0.04564754
0.00106487
0.10568517
-0.01384836
-0.06240755
0.14821745
0.09647530
0.01405036
-0.03709435
-0.02725047
-0.02595884
-0.11809997
0.12796138
0.00818314
-0.12145966
0.00998477
-0.06708208
-0.01528882
0.14170744
0.06729126
-0.09958687
-0.11077742
0.00894615
0.07948799
-0.02398060
0.00030213
-0.01235592
0.03849670
0.80847037
-0.06322114
0.09556984
-0.02867894
0.01793545
0.09671365
0.08436097
0.04453426
0.03167691
-0.15588373
-0.03120595
-0.03233737
0.11698563
0.09291580
0.02198176
-0.04648776
0.06449769
0.06370352
-0.00488128
0.00658313
-0.06111726
-0.01387320
-0.01243097
-0.03926578
0.01389624
0.01548289
-0.03579433
0.00528101
0.05089829
0.01825552
0.02167421
0.02204516
-0.02057831
-0.04673460
-0.05857439
-0.00949987
0.03200814
0.02986815
-0.00300604
-0.01186016
0.03610428
-0.01333225
0.01935459
0.12409176
-0.03194952
0.01491685
0.02530669
-0.06658250
0.00665153
0.01814313
0.02685374
0.04608435
0.02941683
0.07523876
0.01131224
-0.04120811
-0.05153412
0.04650132
-0.10784759
0.05036678
0.00526196
-0.00800233
0.01249724
0.01916210
-0.00600205
0.00880828
0.02668910
0.01293246
0.00196252
-0.03494919
-0.02672858
-0.00527929
-0.00663313
0.03172937
0.09097340
0.04642959
-0.05675532
-0.03124751
0.01028920
0.01051293
-0.09073808
0.04647342
0.01761723
0.00709447
0.04674873
-0.02050116
-0.04573006
-0.02330001
-0.04666368
-0.04231784
-0.02776577
0.01543076
0.05039499
0.00956083
-0.00340404
-0.03152476
0.01156050
0.04703854
0.00848620
0.01547076
0.09423167
0.01053444
-0.07592789
0.00085673
-0.03314837
-0.02496795
0.02201931
-0.06979527
0.02989947
-0.01215537
0.03443896
0.03550836
-0.02863863
0.02038009
-0.05139073
0.06004743
0.02700898
-0.01702499
0.01689075
-0.06295667
-0.07020739
-0.00579033
0.02228901
0.01519763
-0.01797932
0.05801233
-0.07443666
-0.06271115
0.09306280
0.03386230
-0.04715493
-0.06240657
-0.01334522
0.01664288
0.02279134
-0.07766906
-0.02734895
0.01564569
0.03073318
0.00297518
0.02154940
0.02629610
0.02093888
-0.04141012
-0.02394614
-0.03789419
-0.00334232
0.02730582
0.00397581
-0.01876842
0.06376993
-0.02199630
-0.01956497
0.07773980
-0.03974449
-0.03084322
-0.08396785
0.07133905
-0.06616578
0.01397594
-0.04039656
0.00431781
0.01582177
-0.02501351
-0.03296313
-0.02278134
-0.00477279
0.10028610
-0.00244307
-0.03297552
0.00448169
-0.01320707
0.14530070
-0.00997671
0.00077195
0.00632743
-0.08020143
0.00937561
0.02599059
0.03592036
-0.01570343
-0.03171488
0.02383273
0.00859036
-0.00262851
-0.06790594
0.01243332
-0.02337555
-0.02233645
0.09449067
-0.05644041
-0.05393321
0.03368080
0.01046684
0.11588375
-0.03198451
0.02087121
0.01191494
-0.04024111
-0.00923588
0.03888093
-0.03032846
0.00056152
-0.02801092
-0.01274247
0.05236283
0.01745090
0.01393237
0.01562849
-0.02906665
-0.00476705
-0.00587443
-0.02765829
-0.00960957
0.03343517
-0.02055725
-0.05156481
-0.02067875
0.10586626
0.11678938
-0.07301891
0.00959820
0.03244796
0.00418181
-0.04246573
0.08360360
0.17626190
0.04158890
-0.01059309
0.03784114
-0.03820875
0.00775204
0.01933361
-0.05939943
0.01154205
0.06373032
0.01750645
0.04825289
-0.02505622
0.02342222
0.02432747
-0.08671175
-0.01675853
-0.00080343
0.02102750
0.02481318
-0.05641061
0.00213300
0.02694986
0.01502730
-0.02558617
0.02220124
-0.02963420
0.05144437
0.03777620
0.02805330
0.02368060
-0.05865612
0.02236970
-0.06617729
0.12338942
-0.06858949
-0.01193420
0.08588096
0.04459050
0.00207319
-0.04777715
0.02493231
0.05740868
-0.00824163
0.04622712
0.03047184
-0.03016917
0.07500666
0.02692267
0.04165922
0.02322119
-0.03668064
0.08518536
-0.01195953
0.03832952
-0.02709862
0.02736009
0.02077618
-0.02981710
-0.02686935
-0.04539348
0.01972731
-0.03774548
-0.03051320
-0.02172762
-0.01199350
-0.00410539
-0.02717606
0.02277086
0.03064531
-0.01406585
-0.01989422
0.11373179
0.06737996
-0.00586996
0.00201660
0.03727422
-0.05289969
0.04379887
-0.03007132
-0.00655564
-0.01980999
-0.01137230
-0.02009727
-0.02188657
0.03331004
-0.08896187
-0.01371875
-0.07650009
0.03020391
0.02736164
-0.02109185
-0.03141112
-0.03127176
0.03644055
0.08198553
-0.09444188
-0.10343516
-0.04276145
-0.02852446
-0.08426537
-0.02545773
0.05248122
0.00464271
-0.02812077
0.00603661
0.00896520
-0.02074178
-0.04302675
-0.02989741
0.05179249
0.00643327
0.08013804
0.03963803
-0.01952953
0.00478542
0.04241839
-0.00506170
-0.01724959
-0.00103014
-0.06216338
-0.03481003
0.01557276
0.06962970
0.01718631
0.07091850
0.04930583
-0.03457475
0.00018792
-0.01105610
0.00376724
0.03432669
-0.10572349
-0.01865625
0.07664767
0.02102687
-0.00420258
0.13735376
-0.02788743
0.01271883
0.00758764
-0.06190238
-0.03887525
-0.00741767
-0.01397668
-0.02066572
-0.03414251
-0.03000268
-0.00738273
0.02925383
-0.02357071
-0.12878223
-0.08267668
0.00104833
0.02941987
-0.10656933
0.01575426
0.05426000
0.01040061
0.06427041
-0.04167310
0.02709251
-0.01480010
-0.01939629
-0.03213943
0.04931746
0.04414469
0.03834465
-0.04451860
-0.04466411
0.01768585
-0.02447992
0.03887997
0.05102883
-0.04114782
0.03577259
0.00709775
-0.07287250
-0.02208338
-0.09085766
0.08004571
-0.02122072
0.05887407
-0.04009782
0.02295506
0.02356837
-0.01707605
-0.02784553
0.07810056
0.05884694
0.02473256
0.01730568
0.02600679
0.01750543
0.04914022
-0.05430484
0.04961112
0.06880413
-0.00526805
0.02244695
-0.03637737
-0.03568222
0.01974111
0.05092653
-0.03928746
-0.08379982
0.03491152
-0.04271011
-0.02005360
0.04473514
-0.08657943
0.02863620
-0.01316033
0.06425634
0.05122232
0.02614501
0.06834635
-0.02753562
-0.01395660
-0.03111518
0.02638856
0.00823306
0.01092562
0.01292123
0.00844092
0.07798178
-0.03095104
0.07295943
-0.03648721
0.02054378
-0.01188791
0.02458020
-0.04173266
0.06320585
-0.02431182
-0.00678608
-0.05835421
-0.04393255
-0.02649118
-0.01407844
-0.00377778
-0.06840176
0.01685326
-0.02810305
0.06491271
-0.00174746
0.00230247
0.04919413
-0.00316251
0.01645484
0.02559172
0.02241367
0.04830296
-0.14978848
0.07811207
-0.02009902
0.16317749
-0.03283047
-0.02229342
0.02606323
-0.01120387
-0.03529945
0.01916079
-0.00207555
0.05829154
-0.00427066
-0.00361565
0.02416948
-0.04352163
0.00065353
-0.00353623
-0.05207636
0.00879150
0.04942043
0.02253889
0.03113761
-0.01899588
-0.01602097
0.05084871
-0.01105201
-0.00152291
-0.02048262
0.04586934
-0.04322090
-0.03787360
0.04632974
0.02242826
0.04316341
0.04463604
-0.02313029
0.01626236
-0.01754889
-0.04623552
-0.02573568
0.00231083
0.02433384
0.01564507
0.00643102
0.00093324
-0.03754635
-0.05505491
0.03250383
0.02467294
0.00846309
