-0.02793544
-0.00717066
-0.03082352
0.00764628
-0.01184895
0.02831666
-0.00571483
-0.01162239
-0.00389782
-0.00233270
0.01054699
-0.03337872
-0.00620438
-0.02384806
-0.02468096
-0.00022679
-0.01524971
0.02752824
-0.04217820
-0.00771591
0.00498318
0.00789945
0.05434800
0.00001257
0.01015869
-0.00533842
-0.01138429
0.00531314
0.00289410
-0.01328037
-0.07915274
0.00503073
0.03910725
-0.04875261
-0.01223898
0.02874813
0.04352722
0.00600255
0.00712740
-0.00829486
0.01367508
0.00142778
0.05204619
-0.01538079
0.02549193
0.00218614
-0.05301378
-0.04104634
-0.01436207
0.03393707
0.03091721
0.08521444
-0.02690398
0.00804851
0.03538576
0.00763230
0.01119205
0.01864467
0.42757604
0.04148792
0.00569754
0.00484086
-0.01344586
-0.01103473
0.01561977
0.00249411
-0.00384468
0.01839772
-0.02814901
0.00453740
-0.02752500
-0.00214350
-0.01468331
0.01369409
-0.04149182
-0.02256078
-0.00623183
-0.02231117
0.00643496
-0.19508460
-0.00287774
-0.00588058
0.01525037
-0.01845812
-0.02756237
-0.03677444
-0.03447165
-0.02859289
0.02228407
-0.01685513
-0.02863091
-0.05025197
0.08910396
-0.00398115
-0.01452095
0.00274894
-0.00142554
-0.04185645
0.02043790
0.03903214
-0.00731586
-0.02664281
-0.02832358
0.00119426
-0.00156526
0.01481986
0.00014927
0.04184693
0.01591916
-0.02604848
0.00052043
0.00448960
0.02546727
-0.01136221
0.00492089
-0.00184941
0.06924464
-0.00273751
-0.00516876
0.01692955
0.03637899
0.02291736
0.01369028
-0.00379933
0.00595222
-0.00489041
-0.02754601
-0.01592525
0.00496274
0.03404775
0.03826091
0.01377507
0.04251267
0.00695639
-0.01508014
-0.01395901
0.02319729
-0.00148397
-0.05936280
0.02147073
0.06261234
0.01692072
-0.00410062
0.03262247
0.01456286
-0.14639378
-0.01255454
0.00741588
0.00117025
0.01057510
0.08698780
0.02389237
0.00822348
-0.00523568
-0.00402297
-0.04140744
0.02215918
-0.01932933
0.03891295
0.02518223
-0.01150373
0.08190695
-0.00779555
-0.01439274
-0.00345489
0.02300162
0.05839827
-0.03780998
0.01069541
0.05108452
0.00078181
-0.02196304
0.02094691
0.01816232
0.02917751
0.02281469
-0.00453365
-0.01383810
0.01199230
0.00767201
0.03253471
0.01659124
0.01893672
-0.01756901
0.05992974
-0.23342340
0.20467044
0.03018774
-0.02275658
0.03238659
-0.02407312
-0.02984367
-0.03898136
0.01807513
-0.03879309
-0.02015470
0.01939697
0.03989585
0.00543057
-0.00914510
0.00211709
0.01019662
0.08949579
0.00424974
0.01619072
-0.06223365
0.01866787
0.00886776
-0.02552239
0.06838293
-0.02623652
-0.01749405
0.01276336
0.01111755
-0.00610709
-0.01132029
-0.00537880
0.03523589
-0.03255770
0.03264373
-0.00421007
-0.67693686
0.02229497
0.00854650
0.02207848
0.00490038
0.05366649
-0.02249748
0.05450540
0.01746741
-0.01508380
0.03822160
-0.00179267
0.01239370
-0.07554300
-0.00267977
0.01164720
0.00899314
-0.00302267
0.00925014
-0.00298598
-0.01219925
0.05382251
-0.04811397
-0.01184972
-0.01560255
0.03068780
-0.03341034
0.03435227
0.02984072
-0.01586616
0.03693461
0.03548293
0.04057286
-0.00025015
0.03075337
-0.08236819
0.00559470
-0.08942223
0.12051383
-0.04733910
-0.00199600
-0.02755840
-0.00830126
0.00316135
0.02627337
-0.00858160
0.15553099
0.05363828
0.07145978
0.01554559
-0.02035684
-0.07943666
-0.04150224
-0.09887002
-0.05944347
0.04011812
0.07520808
-0.18937014
0.02663553
0.08631280
0.00171785
-0.12101611
-0.12449482
-0.08788851
0.02291509
0.04045559
-0.02476577
-0.01272319
0.02371560
0.09062979
0.04763545
0.02848481
0.03046532
-0.07236219
0.08768251
0.01002251
0.17532481
-0.00973942
-0.05821740
-0.08418060
-0.02356060
0.81010163
-0.14946130
0.09940990
0.03206643
-0.01889204
0.03026108
0.02136730
0.06708214
-0.00706877
-0.14886741
-0.06631656
0.05668055
-0.02305949
0.09209862
-0.04735110
0.05553155
0.01317317
0.11313284
-0.01418521
-0.04981529
-0.02765830
-0.05058236
0.01564196
0.00230783
-0.03252789
0.07380576
-0.04767456
-0.03362918
0.04975733
0.00752488
0.01211488
0.05488748
-0.00979371
0.01799751
-0.09412346
0.04402280
0.05512333
-0.01747505
0.03429241
0.02513680
0.02145878
0.02333999
0.04211461
0.04604851
-0.08510898
0.00293022
0.00900172
-0.07437470
0.04452697
-0.00266835
-0.02271471
0.03867366
0.03677792
0.07121352
-0.02178738
-0.06775992
0.00282678
0.04681028
-0.10060378
0.06210691
0.00929652
0.01796591
0.00969794
-0.00447404
-0.00776843
-0.01160327
0.01561263
-0.01546901
-0.01055272
-0.04578905
-0.00349276
0.06258872
0.05343721
-0.00404317
-0.01593992
0.06436428
-0.03206158
-0.05820602
-0.03350065
0.04971674
-0.02046106
0.02504223
0.03684059
0.04720814
0.09687544
0.02096658
0.02490514
-0.04680307
-0.05456186
-0.07144994
0.02858230
0.05214246
0.06866027
0.00940501
-0.02738620
-0.05193242
-0.03136527
0.04811237
0.03227472
0.01644845
0.03256774
-0.00714523
-0.04349337
-0.00834797
0.00519327
-0.03532497
0.07744295
-0.02747613
0.03038139
0.02348157
0.03337000
0.06156180
-0.00652340
0.03469511
-0.05096060
0.04697395
0.03542343
-0.00132935
0.00269262
-0.06657899
-0.05325371
-0.04016319
0.03080765
0.03878402
-0.05891316
0.03686270
-0.04154305
-0.06399450
0.07006166
-0.00744667
-0.02248768
-0.05287992
-0.00530961
0.04510038
0.03413000
0.00386061
-0.00707520
-0.04828814
0.00113286
0.01236488
0.02606915
0.06587759
0.06420898
0.00413799
-0.03465149
-0.01917466
0.00478604
-0.00265411
0.03401411
0.00248809
0.06201259
-0.07793684
-0.01632477
0.10301431
0.00453281
-0.05156671
-0.07758528
0.04776094
-0.04400581
0.00088186
-0.03560304
-0.00504303
0.08313888
-0.00107379
-0.00702877
-0.01169915
-0.01304156
0.07619489
-0.01367085
-0.04056040
0.02750510
-0.05674554
0.03825007
0.03028661
0.01389610
-0.01035600
-0.00858777
-0.00427448
0.01964245
-0.00202837
0.01065762
-0.03340890
-0.02883549
0.00416216
-0.02796048
-0.03172347
-0.01013655
-0.02016977
0.01721882
0.06835302
-0.07731776
-0.04302572
0.03172134
-0.00844921
0.09756389
-0.03919746
-0.01067154
0.02064101
-0.11352414
-0.00457498
0.04910894
0.00644965
0.02282063
-0.00132208
0.00104762
-0.01995133
-0.03211781
-0.04164356
0.03527034
-0.06832328
0.00490324
-0.01341487
-0.00978817
-0.04212194
0.01815643
-0.04033589
-0.07761798
0.00019900
0.10111468
0.08183346
-0.02448107
0.04681845
-0.01723814
-0.01668401
-0.06605425
0.09106342
0.11001578
0.04913316
0.02453689
-0.05352614
0.01622425
-0.00441610
0.04927606
-0.06471843
-0.03213956
0.05982842
-0.03593351
0.00851653
-0.03350020
0.01689559
-0.00503742
-0.08547322
-0.03079044
-0.02829523
0.00593342
0.00811588
-0.02345850
-0.02443036
-0.00930314
0.02957604
0.02738484
0.02279851
-0.03646925
0.00453205
0.01299319
0.00180218
0.02360834
-0.08135122
0.03303439
-0.06719197
0.16123430
-0.05495372
-0.01847148
0.11894631
0.00646467
0.06902627
0.00453055
0.01387442
0.05067752
-0.01738596
0.07498718
-0.00705694
0.00417129
0.02045661
0.02740804
0.00153693
0.00335131
-0.00156375
0.04687571
0.00206993
0.01670653
-0.02930171
-0.00709196
-0.04705314
-0.02851664
-0.04732642
-0.05733783
0.07649148
-0.03980721
-0.00677288
0.04440526
-0.01966357
0.01705475
0.03437892
0.02742679
-0.01928593
-0.03260941
-0.00748564
0.12780820
0.00787824
-0.04200590
-0.02497744
0.01773445
-0.04341661
-0.00548356
-0.00655714
-0.00744180
-0.03311335
0.00263587
0.03017417
-0.04921541
0.02391053
-0.07436972
-0.01058344
-0.08447704
-0.00592024
0.03420200
0.02645544
-0.06498528
0.02270195
0.03383832
0.04762353
-0.11852367
-0.07781918
-0.00148761
0.00566013
-0.11487760
-0.01233693
0.01817362
0.02905930
-0.05277656
0.07783538
-0.01466378
0.01565742
0.00167358
-0.01028157
0.03132901
0.03074284
0.05189667
0.03646374
0.02532405
-0.01452995
0.02515144
-0.02599698
0.01422356
0.00572107
-0.05061987
-0.01217978
-0.01747907
0.05421867
0.07092108
0.01711179
0.05031878
-0.01333043
0.02245753
0.00647820
0.04423899
-0.01239928
-0.09465781
-0.03700713
0.03320217
-0.01604274
-0.03463833
0.12380156
-0.00182005
0.03068455
0.03539114
-0.05160020
-0.03281223
0.01320920
-0.06115783
-0.03125804
-0.01000352
-0.03037006
0.00308157
-0.03015318
-0.07349375
-0.07501903
-0.04866532
0.02227576
0.04926860
-0.05990820
0.03571371
0.03274539
0.00779014
0.04511232
-0.02474062
0.03843007
-0.02154921
0.02588767
-0.05199260
0.05802799
0.01361627
0.07242116
-0.03028070
0.00213097
0.03120208
0.02521645
0.07498825
0.04356503
-0.11335643
0.03298149
-0.04905213
-0.00737700
-0.03996798
-0.05859637
0.04753298
-0.04129676
0.08371996
-0.05225080
0.02728963
0.05408333
-0.00507479
-0.01752751
0.04559975
0.10155826
-0.06816896
0.02577253
0.04091866
-0.01486304
0.06418377
-0.02334319
0.05616786
0.09668902
0.03570854
0.02466118
-0.05186659
-0.03967344
-0.00048559
0.06332898
-0.03336975
-0.01049342
0.06157972
-0.06979232
-0.02829682
0.08124986
-0.00294561
0.00742033
0.02405150
0.01400095
-0.00987754
0.01457893
0.00618948
-0.03869948
-0.00163873
-0.05084014
0.05341267
0.08137608
0.03894229
-0.07607702
0.00947140
-0.00730517
-0.01848455
0.04699075
-0.03325440
0.04324074
-0.01485565
0.03131890
-0.03127309
0.06093526
0.01068489
-0.00737046
-0.04646463
-0.01876060
-0.02169697
0.04523411
-0.01630538
0.04077192
-0.04339486
-0.03667799
0.08481982
0.01106493
-0.02499110
0.06207481
0.01392624
0.00194149
0.01802478
0.08826219
0.00241712
-0.12602784
-0.01809699
0.03881301
0.15884173
0.00546959
-0.04608607
0.00687767
0.03586232
-0.01493021
0.04669007
0.00119756
-0.00666760
0.00442958
-0.02408846
0.00860652
-0.01260903
0.00472028
0.03437835
-0.03634362
-0.02500518
0.09586187
0.03797494
0.01266855
-0.05013574
-0.03868954
0.03308440
0.01865729
-0.03231293
0.00934885
0.04676372
-0.02921185
0.00997712
-0.02886079
-0.05394898
0.08298199
0.02242921
0.02206998
0.01335332
-0.04257992
-0.03237156
-0.04779144
0.03666290
-0.04484388
0.02892482
-0.04781572
-0.01820071
-0.03626055
-0.00979895
0.05100736
0.01715072
0.02149301
