0.01413533
0.00833572
0.03496667
-0.02140636
0.00660509
-0.00951845
0.00314292
0.03847566
-0.05180911
-0.01066517
0.01468068
-0.03422086
0.00516479
-0.00842991
-0.01309313
-0.00673272
0.00586048
0.01245529
-0.12049017
0.00446188
0.00746518
0.03948221
-0.01581055
0.00910230
-0.00355822
-0.00546977
0.04027890
-0.00028106
-0.00961231
-0.00027280
-0.12408057
0.02664050
0.02522060
-0.00796322
-0.00766699
0.00368359
0.02151703
0.01266812
0.00004886
-0.00921323
-0.01663588
0.00520261
0.08335624
0.01724026
0.01580703
0.00864506
0.01205621
0.01319480
-0.00699766
0.00348825
0.03245096
-0.01663595
-0.01207227
-0.00813719
0.03238205
-0.01718016
-0.02434163
0.02151086
0.47342360
-0.06505685
0.00494103
-0.00540221
0.01880591
-0.03590045
-0.01548594
0.04647831
-0.04215627
0.01868541
-0.09480455
0.02093250
-0.00834754
-0.00766948
0.00395396
0.01267875
-0.03508019
0.00870488
0.00170202
0.00913627
-0.01104655
-0.12240990
-0.02311603
-0.01259908
0.00309159
-0.03844256
0.01895322
-0.03123200
-0.00735801
-0.01084665
0.00984630
-0.04691288
-0.00378189
0.02504012
-0.02402886
-0.00650764
-0.00076348
-0.00853876
-0.01010787
-0.00435489
-0.03021300
-0.01579826
0.01619856
0.02005796
-0.00158943
0.00277590
-0.00442846
0.02294532
-0.01098899
0.01438142
-0.00097067
0.01462046
-0.00182952
0.01901727
0.02408491
-0.00359564
0.00499832
0.01112947
-0.01143079
-0.01920530
0.01786660
-0.00026368
0.00823148
0.00442626
0.01552599
-0.01551778
0.05126155
0.02181218
-0.04628884
-0.00679647
-0.00096215
0.06794702
0.06567348
0.04704632
0.01681573
0.02376226
0.03553831
-0.01609076
0.00905412
0.02066104
-0.02667763
-0.00066955
0.03990227
0.01885375
0.00814092
0.01056332
0.01910819
-0.13833234
0.00320470
-0.00929020
-0.01455308
0.00481597
-0.00887258
0.03739014
-0.01387227
0.00355174
0.01423489
-0.02201792
0.01337575
-0.00405249
0.02305171
0.03255557
-0.02523502
0.04668485
-0.06301247
0.00838248
-0.00021431
0.01360333
-0.03052242
-0.01497415
0.01159884
0.02993882
-0.01798057
0.01627508
0.00119196
-0.00328598
0.02519432
-0.01495896
0.01131944
-0.00299070
-0.05942001
0.00691284
-0.00703157
-0.00346283
0.00772341
-0.01892308
-0.00110064
-0.16466869
0.04212677
0.00914563
0.00077075
0.03890930
-0.00355249
-0.02740517
-0.02849375
0.02111852
-0.01827863
0.00786556
0.10582965
0.00383004
-0.03055747
-0.02486349
-0.05123464
-0.01084118
0.03781470
0.00718765
-0.00443622
0.01019669
-0.00715215
0.02375135
0.00994344
0.02840174
-0.01586320
-0.00953681
0.00287635
0.00254283
0.03198952
0.03144073
-0.00739572
0.04174949
-0.00818466
0.01042497
-0.01408669
-0.72557789
0.03632251
0.04369304
0.01092508
0.00663416
0.02230364
-0.03173254
0.02775959
0.03019259
-0.01265337
-0.03536364
0.02269633
0.00751802
-0.00005748
-0.00784836
0.01778303
-0.00727525
-0.00554637
-0.01183052
0.02459780
-0.01732242
0.11823498
0.01614073
-0.01705627
-0.00800000
-0.01822570
-0.01052921
0.00556696
0.00262144
-0.00483083
0.00055565
-0.00844682
0.01259928
0.03239475
-0.00457941
0.06922515
-0.17998883
0.02159202
-0.05442441
-0.02771618
-0.06933291
-0.05797873
-0.18003535
0.04068051
-0.10655244
0.12545459
-0.03166004
0.01293611
-0.08071057
0.08009456
-0.08092625
0.06927741
0.08016467
-0.01564878
0.06425267
0.05241795
-0.08510893
-0.01339029
-0.00812227
0.04013625
-0.11400428
-0.03303403
0.06196553
-0.06113637
-0.15909265
0.07305814
-0.00022914
-0.20777896
0.14406146
0.08638194
0.08107311
0.08522558
0.08694568
-0.00100255
-0.20398402
-0.07525949
-0.06642227
0.04296984
0.16320950
0.10636061
0.14388305
0.71612883
0.03328434
0.02871152
0.04771816
0.03593556
0.10673546
0.09600153
-0.06072973
-0.00190670
0.04545635
0.03500415
0.00190803
0.14706312
0.04370142
0.09824248
-0.00368459
0.05721566
0.03869648
-0.02853270
-0.07022001
0.01619787
-0.04986496
0.07061505
-0.00646933
-0.01281886
0.04499523
-0.06578514
-0.02141865
0.06369584
0.05869887
0.04117322
0.02588689
0.02706291
-0.03853817
-0.09064949
-0.02354284
0.05695124
0.01736882
-0.00247258
0.00994397
0.01729901
-0.03074089
0.06368332
0.09643069
-0.07806147
-0.03214369
0.00793215
-0.09979783
0.00870183
0.03831767
0.02054175
0.01907377
0.06552219
0.11330531
0.01556295
-0.02491597
0.00320163
0.05478179
-0.10197516
0.02800374
-0.00898826
-0.00563407
-0.00509773
0.01943191
-0.02831374
-0.06593147
0.05264224
-0.04965185
0.02209758
-0.03213767
-0.09517601
0.01129327
0.06808018
-0.04575409
0.04228977
0.03415814
-0.08065294
-0.06152980
-0.02138509
0.04010950
-0.06675226
0.01485878
-0.00480599
0.06244646
0.09765123
-0.02075264
-0.03750308
0.01985938
-0.04457220
-0.02361616
0.00857516
-0.00615553
0.07798685
0.04065540
0.01865929
-0.03639650
0.00621225
0.01091473
0.02076928
-0.05065794
0.06017435
-0.00977250
-0.01258272
0.03687370
-0.00348197
-0.04052978
0.05530145
-0.02569368
0.02625218
-0.00070928
0.02699108
0.03952334
0.02495116
0.00191208
-0.03505543
0.02321984
-0.01154447
0.02466705
0.02456097
-0.00569793
-0.11339787
-0.00607482
-0.00233406
0.06585310
-0.01059806
0.03652787
-0.04935041
-0.00151670
0.04010891
0.01592191
-0.06453845
-0.06767347
-0.01959625
-0.02275070
-0.02811801
-0.08151825
-0.05803462
-0.03072616
0.04400436
0.03835956
0.02078910
0.00122199
-0.04613989
-0.00534810
-0.00537040
-0.04647430
0.03265028
-0.01877708
0.04912737
-0.00492029
0.11497356
-0.08156631
-0.04727600
0.13744189
-0.01625128
-0.06519146
-0.04371326
0.03873468
-0.05114483
0.01657045
-0.01113137
-0.05625841
0.07125837
0.03645537
0.02058611
-0.00597758
-0.03032687
0.06930974
-0.01395413
-0.03001864
0.00975899
-0.05651365
0.10703041
-0.02346839
0.02079894
-0.04336515
0.00828230
0.02655026
0.04161269
0.03045842
-0.00462099
-0.03559699
-0.00054638
0.02869122
0.00240084
-0.01357333
0.01997769
-0.04061116
0.01674335
0.05290407
-0.00618805
0.01868669
0.01603438
0.00428652
0.08617868
-0.02552813
-0.00408587
0.02115771
-0.08979302
-0.00936206
0.01664516
-0.03698009
-0.00805474
-0.03804512
0.01307483
-0.03568634
0.01030025
0.03207365
0.03263270
-0.04726767
-0.03505467
0.00390226
-0.04795159
-0.05448400
-0.01456152
-0.05300424
-0.08669916
0.00450890
0.07820977
0.11579335
-0.03432801
0.02247394
0.00185121
-0.04826705
-0.02698650
0.04469527
0.09712889
0.02223506
0.06016073
-0.02419640
-0.11644036
0.00870989
0.03869664
-0.01803389
0.01795970
0.01709436
-0.07038942
-0.00766790
-0.05439879
0.01587973
0.01861081
-0.05400531
-0.02072735
0.05162627
0.04273876
0.00969724
-0.04603415
0.02023413
-0.00783141
-0.00834884
-0.00274850
-0.02359272
-0.03663699
0.06839818
0.05876796
0.02519024
-0.01627331
-0.01373965
0.01666715
-0.05326995
0.12461013
-0.03783859
-0.02802477
0.09139024
0.02882401
0.01032540
-0.00646074
0.05758640
0.04737983
-0.03810411
0.02123893
0.03709207
-0.00385514
0.04339745
-0.01929890
0.02308609
0.02880497
-0.01872938
0.00498669
-0.01120108
0.02570640
-0.05205307
-0.02660120
-0.06680691
-0.00975458
-0.04422010
-0.06969106
0.06458314
-0.07032812
0.02585800
-0.00333773
0.02779055
0.01664573
-0.03196304
0.03782129
-0.03882566
-0.02867530
0.00692090
0.12620582
0.01032084
-0.05236090
-0.02525657
-0.00778748
0.00675732
0.07342470
0.02719819
0.00323071
-0.03236569
0.04342160
-0.04564497
-0.03194151
0.00398234
-0.06401759
0.02772641
-0.06904062
-0.00905770
-0.01295821
-0.05389174
-0.05234132
0.03647742
0.01691838
0.03662328
-0.08997990
-0.03450784
-0.00931152
0.02871070
-0.05176487
-0.03018551
-0.01511629
0.05466915
-0.05135033
-0.01602957
-0.04521172
0.05282451
0.05274690
0.02651326
0.04512358
0.02366943
0.05876570
0.01031079
0.01489809
-0.02141057
0.00201293
-0.00000468
-0.00153960
0.03268542
0.00299520
-0.07439680
-0.00932242
0.09084738
0.04447718
0.07815534
0.08138141
-0.02625884
0.00819922
0.04064174
0.04184324
0.03440471
-0.05907712
0.01848325
0.04605676
-0.06540979
0.00139382
0.09549284
0.04920994
0.06708315
0.04816738
-0.05178230
-0.06575389
0.02703703
-0.00242162
-0.01414786
0.01123381
-0.01590853
0.00850974
-0.04496831
-0.04635466
-0.10715961
0.00947984
0.00142035
0.07786516
-0.06082207
0.04183381
0.02442539
0.00206994
0.01261698
-0.01981087
0.04517600
-0.02728064
-0.00344064
-0.02238880
0.06429718
0.03874129
0.02884451
-0.10585088
0.01965678
0.00668888
-0.04906769
0.08434036
0.09078280
-0.05351316
0.01089630
-0.02404167
0.00323488
-0.04972970
0.00549818
0.06221483
0.00645768
0.07668982
-0.03751855
0.07498859
0.07997844
-0.04965959
-0.01513721
0.02230541
0.04718930
-0.04570553
0.05137307
-0.00407706
0.00884753
0.04282895
-0.02386052
0.03494965
-0.01733669
0.02613392
0.06540377
-0.05682095
-0.06430719
-0.03566049
0.02295519
-0.04061040
-0.01253866
-0.00653214
-0.07187538
-0.00984251
0.05169975
0.00015746
-0.01616095
0.00762044
0.01736564
0.02977463
0.03333672
0.02269718
-0.03924335
0.03674505
-0.02223724
0.02686843
0.06808092
0.02909202
0.00285759
0.02315434
0.02936386
0.02005164
0.09883789
-0.06249721
0.02162500
0.07082380
0.10191605
0.02284572
0.05774296
-0.02604503
0.05125060
-0.06920695
-0.04418658
-0.02700113
0.03283157
0.01098594
-0.04947130
0.00588652
-0.03433346
0.02141332
0.01736603
-0.01599277
0.01671482
-0.01114803
0.05170808
-0.04420456
0.00782857
-0.01582891
-0.12915555
-0.02215178
0.00192153
0.09850111
-0.00315446
-0.04675407
0.03574364
-0.01207675
0.00795047
0.00666366
0.02988187
0.01014821
0.01575539
-0.00197295
0.04859062
0.01545058
-0.00437848
-0.02477253
-0.05894963
0.02645240
0.06821739
0.03275692
0.00654490
-0.01046504
0.00447844
0.00540167
-0.00781066
-0.04346523
-0.01069942
0.02706607
-0.02306865
-0.02242616
0.03822466
-0.00716929
0.09536495
0.01663052
-0.01139209
0.05727912
-0.01487266
-0.00937082
0.01082174
-0.02031657
-0.01283591
-0.00663416
-0.04412390
0.02040432
0.03581560
-0.03464635
0.01466656
0.04816004
0.00822052
