0.02927934
-0.03094923
-0.04251644
0.01000730
-0.01377272
-0.00307218
0.02142685
0.00690712
-0.03212533
0.01781425
0.01468588
-0.03015902
0.06201399
-0.06848381
-0.06393398
0.02982872
-0.04681427
0.05587594
0.02662195
-0.02439887
-0.00496135
-0.03700624
0.02409764
0.06913851
-0.00647706
-0.06822472
0.00067254
0.01078880
-0.04315808
-0.00409010
0.07393253
0.02301764
0.01641677
-0.01617178
-0.04999100
0.01864044
0.04390163
0.04110829
0.00963061
0.04551477
-0.06670183
0.01127491
-0.00324721
0.00808586
0.00177870
-0.03942593
-0.03927929
0.01507813
0.00899605
-0.00359551
0.00983255
-0.01852337
0.06040142
0.03259759
0.04853535
0.01943393
-0.05394683
0.02363264
0.40210065
0.01682485
0.01527703
0.02434395
0.00819282
0.01948523
-0.04010649
0.01982864
0.00549752
-0.00003790
-0.07799940
-0.01411142
0.01799271
-0.04444232
-0.00223365
0.00536466
-0.07334568
0.03390005
-0.01396320
-0.01678794
-0.03174424
-0.03440159
-0.02782426
0.02212943
0.01430396
-0.01548183
0.06523927
0.02556783
-0.04101642
-0.02796597
0.03682955
-0.07955321
0.02209254
-0.01336783
-0.06679438
-0.03828087
-0.03318477
-0.01494434
0.03097504
0.00763844
0.03790545
0.01296267
-0.00458753
0.01837389
-0.05204649
0.02825959
0.03368925
0.04436572
0.04975874
-0.02464461
0.00981062
0.02626978
-0.03244720
0.00940084
0.04707010
-0.02324307
0.05530001
0.00274214
0.04677956
-0.02939604
0.00096121
0.01633194
0.02969383
-0.00412986
0.03062057
0.00723953
0.02424939
0.01941304
-0.03613768
0.00011062
-0.02081637
-0.03339548
0.06034886
0.02160244
-0.01217350
0.03445518
-0.00233917
0.03205251
0.02819385
-0.05887284
0.02607524
0.01544709
-0.00800075
0.02621700
-0.01999031
0.01600732
-0.00489559
0.02211749
-0.00918000
-0.02949182
0.01328388
0.02538678
0.01502695
0.01228017
0.02565954
0.06545435
0.02164388
0.00662227
-0.01695336
-0.03700788
-0.00167598
0.00177946
-0.05607498
0.04212043
-0.06475778
0.00890352
-0.05114906
0.00631432
-0.01746070
-0.05411517
-0.01543875
0.00117114
0.01248341
0.01070224
0.01490190
0.05849585
0.04038361
-0.00766459
0.06026488
-0.00708488
0.00125843
-0.00563922
0.01281919
0.00434946
0.00036508
-0.00128076
0.01972611
0.04278496
0.02898454
-0.00498902
0.00238091
0.00469389
-0.09083530
-0.00323578
-0.03990943
0.04413255
-0.06179721
-0.03514381
0.02800170
-0.01952238
-0.00897916
-0.01057485
-0.04695505
-0.03224918
0.01930522
-0.02136673
-0.02760111
0.04545278
-0.01130183
0.03608433
-0.00810868
0.02898633
-0.03170222
0.00552520
-0.03421316
0.01655513
-0.00851339
-0.06744058
0.03175383
0.07526327
-0.00452227
0.08055271
-0.05404877
-0.74301422
0.03076732
0.01856444
-0.02098876
-0.04028786
0.05109798
-0.02866261
0.00796042
0.02229289
-0.05621557
0.01758892
-0.00005598
0.03183862
0.01975509
0.03678659
0.03711560
-0.01775477
0.00306206
-0.02872062
0.04677283
-0.03474069
0.03677410
0.00765951
-0.01785658
-0.01822299
0.01752608
-0.03868892
-0.00670527
0.06773932
-0.02186418
0.03396567
-0.03851512
0.02621312
0.04803155
-0.00993594
0.16033158
-0.05516488
-0.01382920
0.05923234
0.07470977
0.02845698
0.07310383
-0.07056601
0.04569302
-0.03132031
0.19201331
0.10245436
0.02706343
-0.07044592
-0.03623734
0.02466486
0.05552161
0.08605132
0.01647937
-0.01472360
0.02703542
0.02659732
-0.05263740
0.17384262
0.02366536
-0.03965648
0.09484263
-0.01978067
-0.02128638
0.02520521
0.16023163
0.01529187
0.01504018
-0.07214903
0.04432406
-0.05769491
0.03882457
0.10933089
-0.03891776
-0.01464334
-0.13331246
-0.01857895
-0.09591626
-0.02174398
0.07627185
-0.00348773
0.79483926
-0.05887999
-0.00358197
-0.17829260
0.14701359
0.07909569
0.06362186
0.05211109
-0.01629293
-0.09669270
0.13413180
-0.01566521
-0.07699151
-0.04269280
-0.08941057
-0.02973203
-0.00575022
-0.05608420
-0.04475705
-0.04876330
0.01814399
-0.06128509
0.06503599
0.03093409
-0.01222674
0.03159639
-0.03942230
-0.00841177
0.03473271
0.06530145
0.05341313
0.01713127
0.01750219
-0.02262513
-0.08712898
-0.03138940
0.03460531
0.01391468
-0.00777363
0.00975830
-0.00371345
-0.02737665
0.08222972
0.14192107
-0.03629543
-0.01525354
0.01396210
-0.10056119
-0.00153547
0.07301339
0.03173098
0.03319134
0.05147585
0.10805734
0.02506072
-0.03502001
-0.02486811
0.02382593
-0.10104056
0.03104644
-0.01158236
0.01691573
0.00848350
0.03755955
-0.02204113
-0.08117961
0.01934131
-0.03243617
0.00868855
-0.03284807
-0.08216035
-0.00649788
0.07514825
-0.04006300
-0.00682767
0.03548094
-0.10005112
-0.03928952
-0.02760529
0.03735824
-0.08827838
0.03061266
-0.01114335
0.03796534
0.06141192
-0.01954539
-0.00957209
-0.00349412
-0.02120864
-0.02897137
0.01904876
-0.01334821
0.06411482
0.01834195
-0.02368206
-0.07712867
0.02287374
0.00992454
0.00646254
-0.03391053
0.03674753
-0.01244150
-0.02166850
0.08603460
0.00321613
-0.04848603
0.04383413
-0.01629469
0.01840676
0.00507797
0.00204680
0.02706950
0.01637273
0.00089723
-0.06436826
0.02526136
0.02338227
0.00307329
0.02706627
-0.01502107
-0.10488248
-0.00641656
0.01606039
0.04678721
-0.01738561
0.05062540
-0.02601083
0.00063829
0.05660968
-0.00116282
-0.05296545
-0.06973901
-0.02284383
-0.00294556
-0.00429074
-0.07782498
-0.05533617
-0.02665792
0.03725400
0.04050912
0.00776079
-0.03750908
-0.04989783
-0.00505578
-0.01308698
-0.03334278
0.03143139
0.02720565
0.00997406
-0.01093380
0.11798066
-0.07668047
-0.03373608
0.11320404
-0.01317469
-0.08690272
-0.06153317
0.05335988
-0.05162828
0.02106274
-0.01452482
-0.05073931
0.06815404
0.02411639
0.02545239
-0.00306259
-0.01863487
0.06284451
-0.04913597
-0.02900748
0.00789650
-0.06192708
0.10411508
-0.02234898
0.00532091
-0.06291477
0.01203817
0.02513084
0.02399761
0.02662509
0.01021156
0.00612602
-0.03130043
0.03402398
-0.02262941
-0.03019553
0.03324817
-0.04349735
0.01401729
0.05457068
-0.03016501
0.02689111
0.02554731
0.01475075
0.07918304
-0.03098837
-0.01923278
0.03429629
-0.08147129
-0.01266239
-0.00382380
-0.02219891
0.00787488
-0.00224942
-0.00865161
-0.02304479
0.01657116
0.05573191
0.04624319
-0.04951355
-0.01891879
-0.03119938
-0.05183413
-0.05540813
-0.00418494
-0.05245303
-0.07480405
-0.00256375
0.05648210
0.12798943
-0.02259694
0.03437765
0.00717667
-0.03723205
-0.03085313
0.05437620
0.14005575
0.03538579
0.06804439
0.00602317
-0.10124324
0.03421684
0.02500943
-0.02918434
-0.00170510
-0.02194458
-0.06726249
-0.00035137
-0.05830800
-0.00111916
0.01051310
-0.03363492
-0.01720951
0.07468300
0.03339208
0.01664668
-0.03093468
0.02952049
-0.00025416
0.00304962
-0.01674932
-0.02531386
-0.01995043
0.07046184
0.05385324
-0.00236454
0.01427695
-0.04404757
0.00536311
-0.08426054
0.13147719
-0.00835856
-0.01821164
0.10987736
0.01420546
0.00545775
-0.00684505
0.04950447
0.02779590
-0.04370855
0.02924812
0.04947458
-0.00152200
0.05621494
-0.04011287
0.03779609
0.06251306
-0.02042528
0.00821032
0.01279909
0.02170690
-0.08603552
-0.01596426
-0.07114878
-0.02765147
-0.04153747
-0.05636464
0.04473525
-0.05316737
0.02631978
-0.00405671
0.02352200
-0.01188991
-0.01803851
0.04006448
-0.02810621
-0.02735166
0.03216665
0.12168946
0.00617817
-0.03975056
0.00095543
-0.03396568
-0.01096362
0.06594942
0.02269948
-0.02751442
-0.03921135
0.02834004
-0.04447832
-0.04384819
-0.00029216
-0.08105602
0.02593362
-0.07577412
0.01484397
0.02178673
-0.04253664
-0.05474481
0.01454839
0.00070789
0.03449062
-0.09368954
-0.05977122
0.00051336
0.03900297
-0.03085770
-0.02950288
-0.01887016
0.04580662
-0.03669728
-0.01130255
-0.01005944
0.03095343
0.09340444
0.02614225
0.05797204
0.05587630
0.06215182
0.02974203
0.00397277
-0.02220824
-0.01399569
0.00596196
-0.01030007
0.04362986
-0.00686589
-0.06321982
-0.01278940
0.06497182
0.02743273
0.08325429
0.06004844
-0.02352808
0.01539191
0.05389935
0.01224501
0.00209377
-0.08077459
0.02465914
0.04900096
-0.05386546
-0.00107230
0.07913586
0.05482621
0.06932664
0.05818497
-0.03917820
-0.06111372
0.02395287
0.02250313
0.00695297
0.02334470
-0.01415946
0.00033397
-0.02936837
-0.03952214
-0.11852940
0.01512273
-0.00814470
0.05372886
-0.08779069
0.03793886
0.00232224
-0.00083663
0.04299096
-0.00526676
0.05912159
-0.01843065
0.03085323
-0.00912721
0.05258606
0.01882514
0.02772189
-0.07977949
-0.01003236
0.02708239
-0.03563051
0.06705716
0.08995015
-0.03456847
0.02324033
-0.02079240
-0.00096078
-0.06495252
-0.01912072
0.07541165
0.01164102
0.05083750
-0.03152618
0.06133935
0.09467398
-0.03244289
-0.00401888
-0.00780949
0.05224968
-0.03688341
0.05836688
-0.01964239
-0.00905941
0.03124162
-0.05307605
0.03540437
0.00343933
0.00891904
0.09838266
-0.07733567
-0.07409576
-0.03101664
0.01695583
-0.04617278
-0.00456183
0.00008598
-0.05430914
-0.04069491
0.06157155
0.02638607
-0.01852180
0.03367114
0.03077202
0.03609380
0.06148022
0.05162488
-0.04900893
0.02735740
-0.03405131
0.02995832
0.05111421
0.01583788
0.00830149
0.01611778
0.03281689
0.01670595
0.09420891
-0.06205546
0.03592516
0.06444157
0.09179090
0.00411566
0.04909049
-0.00705900
0.02285272
-0.03467524
-0.02500170
-0.01750452
0.06368337
0.00341391
-0.02408974
-0.00984853
0.00115379
0.03819008
-0.00486249
-0.05444347
0.03235743
-0.01109920
0.02697399
-0.03851854
0.00823534
-0.00033396
-0.08856165
-0.05549154
0.01109950
0.11083510
0.00512446
-0.01599885
0.02871388
-0.02141573
-0.01308927
0.02617940
0.04154532
0.02426087
0.02725341
0.00638955
0.07251595
0.01565092
0.00466520
-0.02214069
-0.05416951
0.01500672
0.05984039
0.05072783
0.00598589
-0.00081619
-0.00608933
-0.01428672
0.00002549
-0.04929152
-0.00370960
0.03566569
-0.04297435
-0.01614009
0.04479894
-0.00780910
0.07319088
0.02680445
-0.00069624
0.03988655
-0.02534008
-0.03717052
0.00317294
-0.02922997
0.01115799
-0.00000345
-0.05073053
0.01741774
0.01820038
-0.05990035
0.01394615
0.02320943
-0.00154847
