0.03870440
-0.03807462
0.00307926
0.01715601
-0.00581787
0.02492706
0.01765598
0.00167660
-0.05103905
0.01525765
0.00321698
-0.01437305
0.03346839
0.00653775
-0.01049961
-0.00176052
0.01009961
0.02157066
0.11926313
0.02740035
0.00636966
0.04732868
-0.04493250
0.00076353
-0.01774400
0.00031587
-0.00628314
-0.01358509
-0.03026466
0.00000213
0.04580443
0.02981439
0.02266480
-0.02062749
-0.00138684
0.02590329
0.00301296
0.02466113
0.02212395
-0.02859104
-0.03669992
-0.01134179
-0.08622789
-0.02498041
-0.00413155
-0.01834077
-0.02934257
0.01556923
-0.00711072
0.00736736
0.01650375
-0.08353591
0.04035707
-0.01192513
-0.02971112
-0.03038446
-0.02609629
0.00390137
0.44007385
0.03956544
-0.02019861
0.02488442
0.03144467
-0.03599501
-0.00905043
0.06085552
-0.02571602
-0.01042000
0.00712025
0.01847264
0.01988504
-0.00011917
0.00356125
-0.00035197
-0.01275621
0.02972380
-0.01168968
0.00821987
-0.01082297
0.08710036
-0.02959072
0.02990159
-0.01701942
0.07494935
0.06950977
0.00051580
0.00232695
-0.00473069
0.03657722
-0.02554922
-0.00260203
0.03241772
-0.00598317
0.00797875
-0.02332381
-0.01479774
0.00931208
-0.01895213
0.02406783
-0.02061304
-0.00762916
0.02472797
-0.00067353
0.02138535
0.01366035
-0.01480884
0.02136039
-0.01972123
0.03775896
-0.01255344
-0.01105658
0.02396408
0.01837166
0.00769982
-0.00207166
-0.01236680
0.00789697
-0.02259250
0.01963677
0.00258962
0.00588841
0.01093573
-0.00638461
-0.00574638
-0.03181168
0.02091873
-0.04126066
0.00009057
-0.00330129
0.04695590
-0.00291111
-0.00541247
-0.03017998
0.00457767
0.00229802
0.00053734
0.00389902
0.02054855
-0.08145215
0.00901523
-0.05051914
-0.01011861
-0.01459338
-0.01467437
-0.01929373
0.15282369
-0.02764914
-0.01118075
-0.01143606
-0.01721936
0.02240429
0.02072615
-0.00708209
0.02461052
0.00028603
-0.04028299
0.02746011
0.00201442
-0.05861019
-0.02337768
0.00751152
-0.06288653
0.00994898
0.02261399
0.00320643
0.05656274
-0.03410477
-0.01942207
-0.00869035
0.02222466
0.02797236
-0.00878151
0.02220514
0.00639489
0.04531106
0.01394702
0.02482555
-0.01509821
-0.05845524
-0.00032741
0.01533661
-0.03392946
0.00504255
0.02584461
0.00582105
0.04379540
-0.03701645
-0.02433660
-0.00023371
0.02739402
0.04703981
0.03211771
-0.01228989
-0.02492358
-0.00218103
0.03087403
0.03694274
0.02395858
0.04469983
-0.03806989
0.00227432
0.01352445
0.04175315
-0.03079915
0.02208629
-0.01366621
-0.00736729
0.03749554
0.02425287
-0.10142412
-0.00839523
-0.00208200
0.00867836
0.01158151
0.01185330
-0.01189628
0.00427926
0.05957502
-0.03416725
0.00445472
-0.02038863
-0.76471847
0.02021589
-0.01924482
-0.01286345
-0.00999308
0.01550789
-0.00738141
0.01889855
0.02864017
-0.00943277
-0.05260265
-0.00813078
0.01975610
-0.02399142
0.00757515
-0.00512072
-0.00004725
-0.00668064
-0.00461835
0.01587510
0.00533498
-0.05829160
0.01607261
-0.02050459
0.02537026
0.00575067
0.01586475
-0.01393113
-0.00647071
-0.00636250
-0.00545304
0.02067653
0.00167897
-0.00226676
-0.01813775
0.09822100
-0.01816350
-0.07003197
0.10180824
-0.00866417
-0.11876828
0.00038784
-0.02404489
0.03677321
0.06177841
0.07420523
0.01658707
0.02558522
0.07610963
-0.10622288
0.04716018
0.00505390
0.10617071
-0.03560839
0.00433682
-0.00808341
0.05761496
-0.09644637
0.04915168
0.06892986
-0.04930656
-0.02892884
-0.04783145
-0.07706474
-0.09443600
0.11371801
0.06165402
-0.07967514
0.02075480
0.02406715
0.05640531
-0.00908758
-0.02123122
-0.02009833
0.04740880
0.00172633
0.07290255
-0.03638059
-0.13521381
0.07871090
0.02614850
0.86997575
-0.07943413
0.04724766
-0.05365627
0.01054331
0.04096596
-0.06027950
0.09343776
-0.01876863
-0.11285241
0.07220698
0.03931471
-0.01396842
0.02022219
-0.09964702
-0.00625917
-0.00024675
0.03352280
-0.03313267
-0.03600406
0.00305365
-0.04541250
0.04925008
0.01434918
-0.00466566
0.02277068
-0.04991679
-0.01036383
0.02529056
0.05529479
0.03854844
0.00170156
0.03346854
-0.04179144
-0.08639063
-0.01114035
0.04825184
-0.01071348
-0.00776697
0.00303802
-0.00487810
-0.03462905
0.08515064
0.12608741
-0.04869425
-0.00259899
0.03583330
-0.08428205
-0.01359498
0.04498785
0.02224200
0.05431342
0.04158178
0.12778021
-0.02713216
-0.01513658
-0.02364011
0.02457228
-0.11849629
0.02118072
0.01268678
-0.02310146
0.01635844
0.01769924
-0.01245083
-0.04105802
0.01586760
-0.03880067
-0.00583151
-0.01405401
-0.06564283
-0.02798998
0.05159068
-0.01775333
0.04417703
0.03156403
-0.05064407
-0.01100451
-0.00818661
0.03246743
-0.11751787
0.02410473
0.03328951
0.00792125
0.05658952
-0.03587544
-0.04848067
-0.00496438
-0.04567486
-0.03500168
-0.00648338
0.00725876
0.06046935
0.03387991
0.00018535
-0.05236528
0.01114829
0.02127600
0.00655970
-0.03795769
0.06033513
-0.01132631
-0.04973731
0.05919486
0.01757587
-0.03479701
0.05527768
-0.02527438
-0.00752968
-0.01864787
0.04469980
0.00207746
0.00034602
0.01445280
-0.07770143
0.03779914
0.03071666
-0.01320910
0.03264301
-0.03525296
-0.09137123
-0.00120020
-0.00253658
0.03622781
-0.01197595
0.05915986
-0.00968030
-0.03793168
0.06388510
0.03522289
-0.07831886
-0.08421482
-0.01231298
-0.01542289
-0.01183727
-0.11095033
-0.04394736
-0.00499214
0.01622640
0.02332642
0.03628449
-0.02400896
-0.04845796
-0.02921717
0.00299150
-0.03563176
0.02126063
0.00939431
-0.00576004
-0.01778814
0.13985570
-0.06301113
-0.00812860
0.08861525
-0.01863163
-0.04580880
-0.06641604
0.07162584
-0.07171424
0.02588919
-0.04510653
0.01269800
0.05291579
0.01489099
0.01159469
-0.02137145
-0.02952649
0.05326186
-0.03654815
-0.04406658
0.01596501
-0.03056640
0.12972610
-0.03205717
0.02451479
-0.05202351
-0.00917999
-0.03543373
0.03186393
0.03112139
-0.05363401
-0.02305326
0.00146959
0.02109526
-0.00827007
-0.04190747
0.03893008
-0.05108843
0.03066844
0.07408390
-0.03381572
-0.01017151
0.02093164
-0.00433834
0.08539664
-0.00691425
-0.02462460
0.01432234
-0.10029208
-0.00691263
0.00818866
-0.00506077
-0.00416494
-0.02400546
0.00327454
-0.00630643
0.01565008
0.04570504
0.03228264
-0.02312710
-0.01696014
-0.02633602
-0.04672674
-0.04710582
-0.02496913
-0.00555141
-0.08491693
0.00745838
0.07201226
0.14202441
-0.06850381
0.03519456
0.04246933
-0.01931063
-0.02351592
0.04548474
0.16204230
0.05060277
0.02298570
0.03250949
-0.08716878
0.04059061
0.01174217
-0.04558079
0.01136029
0.00893440
-0.04190790
0.02874645
-0.03024140
0.00489980
0.00651634
-0.05164850
-0.02302081
0.07156808
0.04164155
0.01976340
-0.03326187
0.04000746
0.01842973
0.00039954
-0.01687989
-0.02343271
-0.02571617
0.06205950
0.02146548
0.00701952
-0.01389467
-0.03417462
-0.00955921
-0.05699472
0.12914844
-0.01520220
-0.03217760
0.10892605
0.05588637
-0.00763992
-0.02879076
0.04530615
0.02950447
-0.05747018
0.04260617
0.05666593
0.01140179
0.06938738
-0.03132115
0.04681343
0.04948312
-0.01441281
0.04574036
0.00775601
0.01249298
-0.07355300
0.01411846
-0.04593233
-0.01576164
-0.04274946
-0.05106073
0.01966950
-0.03992237
0.01280599
-0.00425265
0.03939337
-0.02737334
-0.00968449
0.04026571
-0.00143411
-0.02441083
0.00435489
0.13060465
0.04092198
-0.05033974
0.02046037
0.00614468
-0.00924383
0.07320953
0.01651232
-0.01428015
-0.01621966
0.00571324
-0.05368472
-0.02816800
0.03298945
-0.07329676
-0.00301708
-0.03694344
0.04049746
0.01540384
-0.03635856
-0.04807442
0.01518769
0.03298876
0.05256177
-0.09474748
-0.07850624
-0.00783717
-0.01612116
-0.03441200
-0.02103961
-0.01305343
0.04136354
-0.05361394
-0.01440832
-0.01105435
0.02013029
0.06277960
0.01933097
0.08329382
0.03833149
0.07259485
0.03428183
-0.02927828
-0.02329760
-0.00502299
0.00389741
-0.02543412
0.04162383
-0.02792874
-0.05798684
0.00201019
0.05207390
0.03071361
0.07747351
0.06997922
-0.06580286
0.02385929
0.03701044
0.03136142
0.00481930
-0.10466949
0.02355411
0.05348379
-0.04255976
-0.01841014
0.10359369
0.04864264
0.03224048
0.05020951
-0.05315867
-0.05298332
0.00946772
-0.00710519
-0.00673608
-0.00329341
-0.01181629
0.00386213
-0.01570423
-0.02365624
-0.12928677
-0.01456933
-0.00836646
0.06240703
-0.07897128
0.03229662
0.04192919
-0.02499847
0.05693188
-0.03023158
0.03457414
-0.00272860
-0.00935021
0.00628936
0.03498799
0.03110569
0.04987006
-0.07197352
-0.03336968
0.04004346
-0.04176775
0.07948007
0.08604164
-0.04185492
0.00736640
-0.00096982
-0.01315701
-0.03462449
-0.01470216
0.04816160
0.01058980
0.07592131
-0.05133551
0.04845092
0.06354755
-0.02389984
-0.00342375
0.03013635
0.05752239
0.01569668
0.05786915
-0.00985244
0.01760836
0.05446429
-0.03798479
0.04302950
0.00208929
0.00229045
0.05722027
-0.05510037
-0.06736144
-0.01325015
0.03253129
-0.04623471
-0.03646071
-0.00820085
-0.05050711
-0.03472859
0.07849789
0.00054756
-0.02386956
0.01414043
0.01592974
0.05611544
0.04333624
0.05243984
-0.03602301
0.02321820
-0.02644245
0.03558376
0.04588517
0.02603188
0.05506131
-0.00763914
0.06360395
0.00067836
0.07665258
-0.04547715
0.02466117
0.00869593
0.06380686
-0.01971422
0.03354924
-0.02150810
0.01005133
-0.05297783
-0.06634281
-0.03307854
0.03707010
-0.00101455
-0.07827578
0.02242475
-0.02189449
0.03201600
-0.02351668
-0.02450541
0.01668973
0.01839693
0.00137260
0.00563126
0.01013720
0.03652630
-0.12878624
-0.03182827
0.01018108
0.13891359
0.00159285
0.00712483
0.04232045
-0.03738341
-0.02418506
0.03776561
0.03726129
0.03572510
0.01480428
0.01275306
0.06393160
0.02281958
0.01171327
-0.02102195
-0.06389597
0.03198443
0.05447214
0.03557491
0.01284392
-0.00456020
-0.01851674
-0.01222439
-0.01650107
-0.00766700
-0.02316909
0.02027266
-0.03226811
-0.03433325
0.06695067
-0.00958682
0.06109849
0.02650999
-0.04401029
0.04898391
-0.00395442
-0.04403099
-0.01629729
-0.03817281
0.01096990
0.00109920
-0.01617279
0.00493841
0.00103335
-0.05442322
0.00579582
0.04684500
0.01491529
