0.01430623
-0.02299236
-0.03609641
-0.02202884
0.00531451
0.04065813
-0.00545646
-0.03164687
-0.02311729
0.02473321
-0.01101468
0.01055998
0.01784020
-0.02550105
-0.03242721
-0.02280082
0.00366491
-0.01198364
0.10668036
0.01467744
0.01268966
0.03173358
-0.03301018
-0.00149262
-0.01789584
0.00691053
-0.00185939
0.02232758
-0.02818399
0.00546241
0.00423574
-0.00724915
0.00629625
-0.02191317
-0.02175104
0.05238452
-0.00463601
0.02459007
0.00977213
-0.04834142
-0.03469586
-0.00473962
-0.06922366
-0.05952679
-0.01622317
-0.01686672
-0.07062535
0.00190489
0.00731201
0.01995572
0.00484430
-0.06260495
-0.00193162
0.00228808
-0.03309877
-0.01476967
-0.00317156
-0.00235469
0.44769230
0.07488578
-0.02445569
0.01163993
0.01270193
-0.01569535
-0.00211182
0.02666261
0.02284660
-0.01007216
0.02394814
0.02583439
0.01382029
-0.01361315
-0.03327260
0.00642870
-0.00289196
-0.00494758
-0.05298708
-0.01253873
0.00931071
0.00636723
-0.01570196
0.00914679
-0.00450404
0.04891284
0.06639695
0.01234454
-0.00301125
-0.00360769
0.03874620
0.00745227
0.00498280
-0.01112376
0.01675992
0.01405975
-0.02203117
-0.00922928
0.03015824
-0.02720387
0.02995736
0.00155892
-0.01773785
-0.00778865
-0.01111899
0.01504149
0.00564185
-0.02244496
0.02081028
0.00429752
0.02288748
-0.04395407
-0.01135755
0.01486408
0.00354589
0.00757457
-0.00575302
-0.01758438
0.04734123
-0.02177724
0.01313998
0.00965260
0.00512556
-0.00057566
0.00889651
-0.00366657
-0.01550552
0.00650821
-0.00040695
0.00234078
0.00026770
0.05513139
-0.00169026
-0.00951004
-0.02236566
0.00493215
-0.02490480
0.01675516
-0.02098783
0.02008471
-0.12603819
0.02798824
-0.05199392
-0.01792693
-0.02739303
0.01122995
-0.03845109
0.09866624
-0.03798552
-0.01120478
-0.00821149
-0.01449391
0.04018029
0.02612863
-0.02117301
0.01939886
0.00270107
-0.02117800
0.02196266
-0.00927346
-0.05978274
0.00745970
0.01701356
-0.03612630
0.01391674
0.03370902
-0.01522657
0.05385557
0.00751141
-0.00489815
-0.01746593
0.02000326
0.01306724
0.00033600
0.01379432
-0.00142429
0.03374927
0.00682091
0.03350880
-0.01574026
-0.05575161
-0.00382333
-0.01369133
-0.02220798
-0.00147526
0.03115536
0.03610052
-0.03656355
0.04930753
-0.01061261
0.00095434
0.04573310
0.04906207
0.05473690
-0.00203560
-0.02136955
-0.01221626
0.00666908
0.01620034
0.03048915
0.00634315
-0.03094585
0.04445771
0.02110377
0.10592569
-0.02689626
0.01429094
-0.03583710
0.00138301
0.00446414
0.00626795
-0.07388322
-0.02394329
0.00711735
0.01819195
0.01120269
-0.00923121
-0.03817394
0.00047922
0.03855539
-0.02405724
0.00881060
-0.02273887
-0.77056867
0.00988600
-0.05612696
-0.01735494
-0.02193789
0.02358074
-0.02637839
0.00783629
-0.00020078
-0.01784770
-0.03553747
-0.00220130
0.01236460
-0.03142427
0.00898904
-0.01411924
0.00404885
-0.00629822
-0.01120196
0.00587943
0.02579211
-0.02237337
-0.03458299
0.01163991
0.02546345
0.04050239
0.01855282
-0.01725595
0.00193255
-0.00807919
0.00830908
0.01560821
0.00464591
-0.00467604
-0.01900840
-0.08238555
0.02609051
-0.03097059
0.10397620
-0.13531604
-0.13508813
0.11029982
0.05363847
0.04250041
-0.07490190
0.05556152
0.03513872
0.00019942
0.14037210
-0.10917871
-0.04743148
-0.16075853
-0.00433312
-0.09425762
-0.07402334
-0.04361213
0.06620505
-0.21258204
0.03487917
0.09320968
-0.07120224
-0.09931918
-0.02430851
-0.06115704
0.00490752
0.03528853
-0.00395302
-0.03996242
0.14265473
0.04253082
0.22302689
0.00642489
-0.03144567
-0.00660394
0.00740293
-0.05808728
0.01938578
0.06799793
-0.04760092
0.05014300
0.12370166
0.73026675
-0.09468158
0.08763548
0.13317905
0.07570212
-0.06098815
0.04902519
0.05813869
-0.09153315
-0.11421756
-0.02533283
0.04004068
0.03977267
0.05436979
-0.13917841
0.16577788
-0.00032751
0.01852987
-0.00093630
-0.03391705
-0.02920262
-0.04045501
0.03670986
0.02175089
-0.01967410
0.03139918
-0.02938427
-0.02346506
0.01232402
0.02148665
0.01203905
0.05886084
0.00734575
-0.00247153
-0.10840604
0.02360080
0.05418893
-0.01542748
0.00837354
0.01157612
-0.00290923
0.02831543
0.03522031
0.09727754
-0.06697302
-0.00378864
-0.00586322
-0.08442152
0.03562842
0.00767012
-0.00626943
0.05528906
0.02921828
0.08413989
-0.02910994
-0.05816602
-0.02706721
0.03430409
-0.11683154
0.06806531
-0.02116541
0.02239535
0.03573206
0.00034391
-0.01442121
-0.01499335
-0.00025025
-0.00725999
-0.02322622
-0.03774114
-0.00877858
0.03976406
0.05131764
0.00017871
-0.01467266
0.05930538
-0.05196129
-0.03694918
-0.02628256
0.04643133
-0.07383185
0.02672468
0.03382878
0.02890341
0.05325260
0.01148580
0.00398622
-0.03202442
-0.04355208
-0.07547652
0.03208945
0.04388063
0.03646573
-0.00699066
-0.04458341
-0.05418482
-0.01556032
0.03208826
0.03121263
0.00382517
0.01747758
0.00334518
-0.03536656
0.03683586
0.00557357
-0.02451492
0.05762430
-0.03086254
0.03356987
0.01099528
0.02223616
0.05629458
0.00946566
0.03974229
-0.06850903
0.06154106
0.03663024
-0.02087508
0.02112694
-0.04067419
-0.07624970
-0.03338398
0.02425994
0.01353077
-0.03926170
0.03032998
-0.03200510
-0.05398766
0.07123759
-0.00622891
-0.03909863
-0.05790641
-0.01174487
0.03106029
0.03003045
-0.03432146
-0.01903097
-0.04391509
-0.01854577
0.00827144
0.03919280
0.04001855
0.05324903
0.00575292
-0.01033802
-0.05051282
0.00178249
0.01468675
0.01307008
-0.02650772
0.07017441
-0.08360970
-0.00551504
0.07876809
-0.00664563
-0.06251465
-0.08528569
0.06617895
-0.02354608
-0.02215386
-0.01176697
0.00302934
0.06100040
-0.01663888
0.00809973
0.01263880
-0.02013196
0.06056493
-0.04878385
-0.04758152
0.02747370
-0.06767587
0.07117210
0.00771003
0.01897895
-0.04645544
-0.00476095
-0.02082816
0.02107573
0.01556603
-0.01907263
-0.00888612
-0.03267009
0.02113378
-0.00766443
-0.04916267
0.00468496
-0.02949180
0.00978869
0.07581647
-0.08759592
-0.03679674
0.04788523
0.00384378
0.09257020
-0.02554170
-0.03865643
0.01767424
-0.10236080
0.00091519
0.02013426
-0.00310330
0.01641866
0.00377938
-0.01619215
-0.01475320
-0.01722253
-0.00744922
0.02093381
-0.05035229
-0.00430711
-0.03045564
-0.02190588
-0.05065671
0.02276629
-0.03451851
-0.06819251
-0.02490483
0.09285165
0.09599996
-0.04139656
0.05050531
-0.00456104
-0.03237335
-0.07685874
0.11227521
0.13742389
0.05473170
0.00762577
-0.02193318
-0.01555649
0.03992144
0.00263529
-0.06315447
-0.02517610
0.04131280
-0.02557679
0.01997320
-0.01716415
0.01975735
-0.01624892
-0.07263335
-0.04260953
-0.02017545
0.02789401
0.01085383
-0.00640290
-0.00149298
-0.00013657
0.04489334
-0.00316746
0.02711560
-0.02549162
0.02578984
0.01923301
-0.01130017
0.02606798
-0.08142740
0.02913951
-0.07763611
0.16801353
-0.04796581
-0.02070131
0.12385178
0.00353304
0.04215316
0.00039457
0.02016815
0.02771986
-0.01114329
0.07417903
0.01399057
0.00225238
0.04486126
-0.00431994
0.03319993
0.02290230
-0.00937550
0.06052762
0.01359439
0.02571583
-0.07437219
0.01857988
-0.05023053
-0.02337544
-0.04737046
-0.05038368
0.03963010
-0.02295484
-0.01497232
0.01596532
-0.02265011
-0.01203258
0.01940442
0.02508955
0.00740468
-0.02089309
0.00720976
0.11975530
0.03137493
-0.02308900
0.01011614
-0.00134407
-0.04527427
0.03316434
0.00050195
0.00219569
-0.02815055
-0.00837200
0.03467908
-0.04629384
0.01492457
-0.12117504
-0.00138997
-0.07424978
0.01311099
0.03630099
0.00968728
-0.06687061
0.01156781
0.02198255
0.06942604
-0.10171865
-0.08293830
-0.00309647
-0.00914144
-0.11298079
-0.00834045
0.01025365
0.01098518
-0.03420512
0.07172361
0.01418860
0.01600520
0.02703887
-0.01485139
0.06017056
0.05022796
0.06050086
0.05315831
0.01007842
-0.01270599
0.01608891
-0.00365247
-0.00617174
0.00642233
-0.04493155
-0.03703472
-0.00793451
0.03687501
0.05474231
0.03415321
0.03199280
-0.01946733
-0.01211635
0.00897085
0.01231754
-0.02438278
-0.12268763
-0.03644599
0.03937505
0.00228247
-0.03386476
0.08963540
0.03631195
0.03094877
0.03367132
-0.05230321
-0.02015296
0.00503197
-0.03588945
-0.01939714
0.01258442
-0.02618339
-0.00782199
-0.03082221
-0.06024102
-0.11159814
-0.04215067
0.00945254
0.05333855
-0.06474729
0.04730013
0.01234220
0.01210894
0.05626313
-0.03742574
0.03652997
-0.00930387
0.01464358
-0.05599918
0.02583721
0.00150212
0.07156966
-0.01965578
-0.00219889
0.04479572
0.02085103
0.07087536
0.06218328
-0.10907619
0.00662240
-0.05719918
-0.01034095
-0.04048201
-0.09107723
0.05295308
-0.03239119
0.04996160
-0.04288862
0.03050645
0.06887992
-0.01054050
-0.03645732
0.04526915
0.09110574
-0.03484362
0.03421519
0.04374658
-0.02251029
0.03321121
-0.02989284
0.06048041
0.10141689
0.03168772
0.06234994
-0.06247634
-0.04839466
0.00115329
0.04785558
-0.05476045
-0.00320455
0.05766455
-0.05645367
-0.02572846
0.07338916
0.00768837
0.00923576
0.02973686
0.04034179
0.01448893
0.03832971
0.04228621
-0.04003450
-0.01102847
-0.04541099
0.04128876
0.05970166
0.02292621
-0.06733791
-0.01364411
0.03494438
-0.01528694
0.06397245
-0.04244835
0.02182462
-0.02238450
0.04095947
-0.04343752
0.06502991
0.01458143
0.00310436
-0.03622617
-0.02687054
-0.04097236
0.04912802
-0.01616340
0.02499011
-0.03226360
-0.03882204
0.08924845
-0.01901343
-0.03856355
0.06084244
-0.00654417
-0.00964061
0.01141106
0.08760559
0.02397906
-0.12289994
-0.03198511
0.04162377
0.16782504
0.00467723
-0.01416309
0.00854984
0.01074658
-0.03460161
0.06346458
0.01425280
0.03063050
0.01547553
-0.02619241
0.01520160
-0.02537218
0.02293590
0.03084598
-0.04507425
-0.02041645
0.08603847
0.05022451
0.02652618
-0.02224605
-0.02628193
0.03224372
0.01917862
-0.03402783
0.00946626
0.05329790
-0.07149659
0.01092599
0.00079219
-0.03729843
0.06583940
0.03645107
0.01443315
0.01395813
-0.05472483
-0.04995705
-0.05367130
0.02233069
-0.00625835
0.02847095
-0.03533421
-0.01470886
-0.04819951
-0.06117316
0.06857024
0.01691656
0.01760881
