0.00858935
-0.03029993
-0.04596467
-0.01657183
-0.00282018
0.04019830
0.00588453
-0.00410473
0.04173307
0.03459937
-0.01508903
0.00227202
0.03028760
-0.04484242
-0.04663419
-0.01062439
-0.00429584
-0.00745487
0.03267106
0.00769595
0.01854242
0.01783251
-0.02479013
0.01135607
-0.02399304
-0.00662760
-0.00209565
0.02508030
-0.03510832
0.00037569
-0.07143300
-0.01068078
0.01139832
-0.01179469
-0.02629242
0.08756012
-0.01858340
0.03217607
0.00113383
-0.09048378
-0.04311782
0.00226795
-0.02654741
-0.06657714
-0.02153166
-0.02169149
-0.06252626
0.00659987
0.02611333
0.01791469
0.00630961
-0.04238118
-0.04789389
0.02571472
-0.02308597
-0.00770542
-0.01296601
0.01038676
0.39250505
0.06154697
-0.01537453
0.01898400
-0.00542101
-0.00189034
-0.01486968
-0.00423424
0.03643399
-0.01008590
0.02446657
0.00018151
0.02715148
-0.02965613
-0.04888999
0.00427383
0.00240435
-0.00603952
-0.04924787
0.01674515
-0.00152940
-0.04231498
-0.02122311
0.01824079
-0.00369076
-0.01916180
0.08076952
0.03122075
-0.00429496
0.00376456
0.02953476
-0.00694899
0.02077319
-0.03763908
0.00413884
0.00712746
-0.02305838
-0.01786531
0.04125599
-0.02185431
0.01180837
0.01010783
-0.02155923
0.00800019
-0.02146822
0.01557996
0.00239974
-0.00993355
0.00924542
-0.00662232
0.02174576
-0.02876281
-0.02877839
0.00816065
-0.02282559
-0.00527953
-0.00242022
-0.01757360
0.06734878
-0.02717479
0.00843366
0.00082683
0.00650357
-0.00551719
0.00610847
-0.00740194
-0.01925697
0.00923340
0.01207315
0.01772647
-0.01050187
0.05902957
-0.03028977
-0.00177127
-0.03055362
0.01630600
0.01317606
0.01096995
-0.07876480
-0.01937328
-0.11370391
0.01657316
-0.09052438
-0.02004072
-0.02831589
0.00137845
-0.02888680
0.01577287
-0.01939284
-0.02749346
-0.01917641
-0.00719547
0.01468592
0.01089231
-0.02920089
0.00606170
0.00253501
0.02115028
-0.02365896
-0.02849766
-0.06063067
0.01294321
-0.00541234
-0.01612403
0.02805404
0.03048241
-0.02351991
0.02736180
0.04229199
-0.01762190
-0.02030325
0.00543029
0.01133376
0.00413387
0.01936789
0.00224723
0.02574630
-0.00469902
0.03729245
-0.00510385
-0.03588621
0.00122343
-0.00826165
-0.01918734
0.00653262
0.04524755
0.02863996
-0.06035644
-0.00946766
-0.00021210
0.00432010
0.05191346
0.06212763
0.05992831
0.00293882
-0.00733512
-0.01580031
-0.03114491
-0.02244221
0.00852098
-0.11210032
-0.03038254
0.08121184
0.00966286
0.10037721
-0.05001308
-0.00931427
-0.02438026
-0.00059733
0.00168953
0.00063340
-0.01440675
-0.06822114
0.00233505
0.02090999
0.01595338
-0.00892957
-0.04963916
0.01588993
0.03019232
-0.01196429
0.03880339
-0.06519880
-0.77421528
0.01017054
-0.04878032
-0.02040213
-0.02087023
-0.01416056
-0.03150466
-0.00476993
-0.00157754
-0.05032102
-0.01469074
0.00876612
0.00532340
0.00191709
0.00434857
-0.02437965
-0.00180099
-0.00584605
-0.02501163
0.02810537
0.02628746
0.01244678
-0.07673975
0.02548918
0.02240941
0.03799944
0.04595466
-0.02154157
0.00362589
-0.01148873
0.02250043
-0.00689945
0.00657343
0.00574319
-0.02599145
0.02651519
-0.09685142
-0.01926390
-0.02993862
0.02223476
0.02377006
0.01588969
-0.15784223
-0.00988201
-0.06402650
0.18109144
-0.02903045
-0.01759530
-0.13134769
0.02443119
-0.00773327
0.09244823
0.03233203
0.00551575
0.03373565
0.02456369
-0.11444523
-0.01382357
0.04981320
-0.01105383
-0.04934027
0.05140696
-0.00057510
-0.09172196
-0.01361415
0.13723883
-0.00471840
-0.10617211
0.03903077
0.20033315
0.00294182
0.06400231
0.08511034
0.00630033
-0.10925394
-0.19705307
-0.02369499
0.09440021
0.07132684
0.11443100
0.04654523
0.79086453
0.02709860
-0.01072257
-0.05868328
0.02565426
0.15902218
0.08795433
0.01105532
0.01134975
0.02782993
0.15404753
-0.01340245
0.07182889
0.01877208
0.05696693
-0.06463626
0.00871149
-0.01698351
-0.02418808
-0.03282388
-0.01821910
-0.05896980
0.03732716
0.02727713
-0.01815717
0.04277717
-0.02512109
-0.01405632
0.02808835
0.02237126
0.02633055
0.03389519
-0.01132400
0.02562043
-0.07672663
0.03298401
0.03474250
-0.00989013
0.01652348
0.00568048
0.01466420
0.02074724
0.05678232
0.10103182
-0.03619148
0.00164184
0.00118732
-0.09208355
0.04076185
0.03136411
0.01210549
0.04834954
0.04801662
0.05377556
-0.00320126
-0.07184536
0.00805796
0.02701031
-0.08854782
0.05819669
-0.02585454
0.04853610
0.00063579
0.00955033
-0.00455850
-0.02470866
0.03878838
-0.01188509
-0.01765346
-0.07177429
-0.03448495
0.03410016
0.07346229
0.00318166
-0.03126067
0.05038472
-0.06838513
-0.05964685
-0.02358476
0.04535370
-0.04371352
0.03343983
0.01395728
0.02651956
0.05172750
0.01704748
0.04426678
-0.05150184
-0.02212365
-0.04947356
0.04080408
0.01698074
0.03234321
0.01129865
-0.08897218
-0.06784995
0.01993569
0.03890764
0.01097749
0.00724873
0.01850568
-0.01102681
-0.03349501
0.05073095
-0.01790617
-0.04098287
0.05092078
-0.04433009
0.04032230
0.03230179
0.00316221
0.05710768
0.00417368
0.02992967
-0.07640387
0.05232608
0.05882120
-0.01983371
0.01752440
-0.05747511
-0.08042599
-0.01476644
0.04112926
0.02876100
-0.04648942
0.02822942
-0.04220695
-0.03729241
0.08025267
-0.04970557
-0.01272422
-0.06446506
-0.01227967
0.01372130
0.01671663
0.01037098
-0.02704783
-0.07109847
0.00061519
0.03231652
0.00771138
0.03429450
0.03824381
0.00614353
-0.00938926
-0.06582686
0.01495990
0.04480299
-0.00179295
-0.03337610
0.06837249
-0.07751132
-0.02488830
0.09145528
0.00611984
-0.06889952
-0.10823841
0.03172611
-0.04643338
0.00789008
-0.02396906
-0.02427376
0.07619990
0.00736606
-0.00833199
0.00391005
0.00052686
0.06921879
-0.03297073
-0.02855255
0.01249867
-0.06820644
0.02336857
0.00685131
-0.00946085
-0.02834648
-0.01865814
0.01109929
0.01050764
0.01737005
0.04132309
0.00205343
-0.05737742
0.02279179
-0.03915312
-0.04382965
0.00108812
-0.04198551
0.00458569
0.07524685
-0.06115770
-0.02996739
0.02425966
-0.00596909
0.09054545
-0.02540490
-0.00934983
0.04328694
-0.10061570
-0.03328145
0.03406680
-0.00114248
0.02562925
0.01031878
-0.02272143
0.00663889
-0.01587621
0.00239898
0.03359653
-0.07035874
0.00237766
-0.02676226
-0.02177854
-0.05361988
0.01944409
-0.06400829
-0.04755408
-0.02919933
0.07171462
0.08176892
-0.02045202
0.05368269
-0.00903768
-0.03537091
-0.06252327
0.07845384
0.14420557
0.03644471
0.03385412
-0.03049330
-0.01097364
-0.00357504
0.04785587
-0.04034539
-0.04978883
0.01558355
-0.03867573
0.00066615
-0.04557359
0.01777871
-0.01018142
-0.06662693
-0.03706633
-0.01478812
0.00871833
-0.00297786
-0.01777613
-0.01088736
-0.03340789
0.05894682
0.02072139
-0.00055781
-0.00507137
-0.00015193
0.03327120
0.00028576
0.02729406
-0.10506514
0.04541043
-0.06937104
0.16043971
-0.03536107
0.00492738
0.12610491
-0.01906270
0.07379263
0.00190706
0.02447288
0.04649444
-0.02588724
0.07057554
0.00009578
-0.01530666
0.02071125
0.00081852
0.00549386
0.03722634
-0.01596426
0.02692996
0.01991280
0.02446128
-0.07133673
-0.00559668
-0.03608308
-0.04085204
-0.04889158
-0.04107748
0.05445834
-0.04435149
-0.00142030
0.01723400
-0.01865014
-0.02504870
0.03603524
0.04183473
-0.03942575
-0.02979361
0.02116518
0.11897685
0.00971636
-0.04376172
-0.03568115
-0.01012375
-0.04981145
0.00446350
-0.01599835
-0.02402093
-0.05062613
-0.00083279
0.03587695
-0.05810692
0.00210870
-0.15402389
0.00544561
-0.08730014
-0.00438217
0.04436487
0.01005156
-0.05691379
0.01614079
-0.00482308
0.04276739
-0.11195192
-0.09250912
-0.00277008
0.02029511
-0.09252589
-0.02769663
0.02486042
0.02069692
-0.04367891
0.04966637
-0.01175755
0.00231540
0.03362831
0.00022726
0.01713680
0.05786360
0.07187982
0.04191060
0.04540956
0.00419940
-0.00113426
0.00452093
-0.01415177
0.01046315
-0.01028246
-0.02553150
-0.02794152
0.03491773
0.04852643
0.02923943
0.01954689
0.01045031
0.01081127
0.04308499
0.01750088
-0.02955505
-0.11672270
-0.03567481
0.04374627
-0.01626379
-0.02295152
0.07843980
0.01537870
0.03737472
0.03620723
-0.03464691
-0.03372690
0.02401745
-0.01360420
-0.01466491
0.00702261
-0.03063299
-0.01480701
-0.02498079
-0.06382192
-0.07590947
-0.03151811
0.02417087
0.05378845
-0.08239262
0.03504726
-0.00650983
0.00239766
0.05393165
0.00070105
0.05693783
-0.02907961
0.02561851
-0.04021605
0.04164892
0.00375329
0.05723086
-0.01322048
0.00907067
0.01351619
0.01588060
0.05150791
0.04261617
-0.09898809
0.02871276
-0.03158481
-0.01249910
-0.03880489
-0.12944292
0.07291707
-0.03011028
0.07146046
-0.06024192
0.02143964
0.08474489
-0.00503645
-0.00809794
0.00593981
0.08115283
-0.04847507
0.04468624
0.01892289
-0.02741605
0.05872269
-0.03506690
0.04834256
0.06981540
0.02225061
0.05246383
-0.06297891
-0.05933191
-0.01460927
0.04879425
-0.03780549
-0.00922209
0.07744832
-0.08054887
-0.03607778
0.06264053
0.01865882
-0.00877457
0.04624972
0.05213670
0.01849256
0.04609553
0.03749519
-0.03716069
0.01548121
-0.06712947
0.06566825
0.04467960
0.03055118
-0.07467132
0.02112903
-0.00795861
-0.01725039
0.07717396
-0.03838528
0.05305586
0.01468981
0.05077009
0.00258997
0.05477057
0.03869779
0.01777257
-0.03218826
-0.00313577
-0.01467260
0.05869788
0.00954178
0.04436801
-0.06005043
-0.01742532
0.08245876
-0.01532549
-0.04956829
0.06088693
-0.00847939
0.01276199
-0.02938961
0.05799563
-0.00134725
-0.07973194
-0.04620112
0.04378126
0.14503357
-0.00430389
-0.02832813
0.01850610
0.05128586
-0.03305295
0.04716778
0.02913765
0.00812052
0.02159668
-0.00286787
0.02299507
-0.02521628
-0.00156963
0.03402106
-0.03599041
-0.00818972
0.09653540
0.03847438
-0.00096034
-0.02087141
-0.02923251
0.02503758
0.01935461
-0.04658405
0.03361229
0.04388616
-0.06381390
-0.00008997
-0.01445130
-0.02744254
0.07662350
0.02397503
0.03863959
0.00484141
-0.04398575
-0.04529684
-0.02770063
0.03213988
0.01494786
0.02888090
-0.05591425
-0.00410867
-0.05108076
-0.03882435
0.05183732
0.01907226
0.00255998
