3.769699484109878540e-02
-8.856388740241527557e-03
1.746869273483753204e-02
-9.041234850883483887e-03
-1.981880981475114822e-03
3.088131546974182129e-03
-2.752276603132486343e-03
5.832195281982421875e-03
-6.119804829359054565e-02
-1.390894060023128986e-03
4.581120330840349197e-03
-4.098789300769567490e-03
1.590710319578647614e-02
-5.290725734084844589e-03
-1.312052481807768345e-03
-4.583086352795362473e-03
1.289047207683324814e-02
1.424708403646945953e-02
7.406921684741973877e-02
4.039891809225082397e-02
-1.563051715493202209e-02
6.471370905637741089e-02
-3.648783266544342041e-02
1.964220590889453888e-02
-9.081118740141391754e-03
-3.117035143077373505e-03
1.944446470588445663e-03
-3.252699598670005798e-02
-4.639064893126487732e-03
1.206915639340877533e-02
8.835929445922374725e-03
2.137861587107181549e-02
4.596555605530738831e-03
-1.460037194192409515e-03
2.035015635192394257e-02
-8.208752609789371490e-03
2.098336629569530487e-02
1.289658248424530029e-02
3.618535399436950684e-02
1.819375320337712765e-03
-6.624633679166436195e-04
-4.426316823810338974e-03
-1.954178325831890106e-02
1.525076758116483688e-02
-8.923539891839027405e-03
3.055403940379619598e-02
-1.763028837740421295e-02
7.579553406685590744e-03
2.567064575850963593e-02
-7.170626195147633553e-04
2.234586514532566071e-02
-8.095889538526535034e-02
5.771711468696594238e-02
-1.720577245578169823e-03
-2.403337694704532623e-02
-9.609409607946872711e-03
-2.541573159396648407e-02
3.581847297027707100e-03
4.959530532360076904e-01
1.444047130644321442e-02
-1.226540282368659973e-02
3.533474355936050415e-02
3.635619953274726868e-02
-6.320231407880783081e-02
-2.951359376311302185e-03
8.834370225667953491e-02
-3.688105940818786621e-02
-9.491442702710628510e-03
-3.593153506517410278e-02
4.496635496616363525e-02
1.808986999094486237e-02
7.848011329770088196e-03
-1.754704117774963379e-02
1.123972702771425247e-02
-2.083186246454715729e-02
2.966747619211673737e-02
-5.634615663439035416e-03
-2.662562020123004913e-02
5.596717353910207748e-03
2.527995407581329346e-02
-3.005435504019260406e-02
1.545679941773414612e-02
-4.046791233122348785e-03
6.117628142237663269e-02
5.295073986053466797e-02
-6.386918481439352036e-03
1.666436344385147095e-02
-5.029418505728244781e-03
2.486902289092540741e-02
-2.039111685007810593e-03
3.618124872446060181e-02
6.358263641595840454e-02
-2.544492483139038086e-02
1.287120487540960312e-02
3.862285520881414413e-03
-2.673717401921749115e-02
-9.770292788743972778e-03
4.220910370349884033e-03
2.487841807305812836e-02
-1.502964831888675690e-02
-1.296850945800542831e-02
2.214407734572887421e-02
8.719506673514842987e-03
1.008577272295951843e-02
1.245407760143280029e-02
8.648360148072242737e-03
4.783018305897712708e-02
-8.348540402948856354e-03
1.890445128083229065e-02
9.967078221961855888e-04
5.727481096982955933e-03
3.078495711088180542e-02
2.107966504991054535e-02
-8.938925340771675110e-03
-2.633383497595787048e-02
1.294800452888011932e-02
-9.869929403066635132e-03
6.260028108954429626e-03
2.969410456717014313e-02
-4.679677076637744904e-03
1.800897531211376190e-02
4.896039608865976334e-03
3.185165347531437874e-03
-1.058113528415560722e-03
8.505010977387428284e-03
1.893220096826553345e-02
-4.680237919092178345e-02
1.103658601641654968e-02
1.309404149651527405e-02
7.414931803941726685e-02
3.050102852284908295e-02
-7.727231830358505249e-03
-2.624817937612533569e-02
-7.359400624409317970e-04
-5.777287296950817108e-03
-1.679489947855472565e-02
3.983537480235099792e-02
4.229466617107391357e-02
-6.918663531541824341e-02
-1.058827061206102371e-02
-2.510683424770832062e-02
1.143015921115875244e-03
-9.500423329882323742e-04
-2.082291990518569946e-02
-7.658674847334623337e-03
7.610144466161727905e-02
-1.062241103500127792e-02
1.598862558603286743e-02
-9.873091243207454681e-03
-2.263312973082065582e-02
3.663250058889389038e-02
-7.113616913557052612e-03
-1.677376218140125275e-02
4.455223679542541504e-02
-1.093077100813388824e-02
-3.427534550428390503e-02
1.365557685494422913e-02
1.735170744359493256e-02
-2.397151291370391846e-02
3.900586394593119621e-03
-6.710223853588104248e-03
-4.330462962388992310e-02
-3.622091189026832581e-02
4.158552736043930054e-03
2.032458037137985229e-02
8.232238143682479858e-02
-4.219567775726318359e-02
-1.151751354336738586e-02
9.234835393726825714e-03
5.861483514308929443e-03
4.632812924683094025e-03
-1.202565617859363556e-02
1.121448073536157608e-02
8.856530301272869110e-03
4.529417678713798523e-02
1.854554377496242523e-02
1.075789239257574081e-02
2.895666286349296570e-03
-9.428387880325317383e-02
8.739652112126350403e-03
-1.581528410315513611e-02
-3.484622389078140259e-02
1.668860949575901031e-02
1.301494613289833069e-02
3.387465700507164001e-02
-2.714975178241729736e-02
2.487077005207538605e-02
-1.390137616544961929e-02
-9.438958019018173218e-03
3.025605343282222748e-02
1.920985616743564606e-02
5.232715047895908356e-03
8.624177426099777222e-03
-2.010578289628028870e-02
3.559382632374763489e-03
4.609331861138343811e-02
1.035931333899497986e-01
1.406059600412845612e-02
6.205001100897789001e-02
-1.384653989225625992e-02
-4.233349487185478210e-02
1.643171766772866249e-03
9.050901979207992554e-02
2.257489040493965149e-02
7.838094606995582581e-03
5.484254099428653717e-03
-7.796439807862043381e-03
2.232696302235126495e-02
1.801046729087829590e-02
-7.239671796560287476e-02
2.119926502928137779e-03
-9.066050406545400620e-04
-1.323472429066896439e-02
8.611109107732772827e-03
2.928277291357517242e-02
7.728117052465677261e-03
6.838684435933828354e-03
2.673215605318546295e-02
4.922398948110640049e-04
5.291050300002098083e-03
1.848857291042804718e-02
-7.422974705696105957e-01
1.242750696837902069e-02
9.041466400958597660e-04
6.085158791393041611e-03
1.435356866568326950e-02
4.422227665781974792e-02
8.655643090605735779e-03
3.511213138699531555e-02
8.756540715694427490e-03
1.490422524511814117e-02
-6.294933706521987915e-02
4.374436661601066589e-02
-3.858596319332718849e-03
-2.862285822629928589e-02
3.075540880672633648e-04
7.923687808215618134e-03
1.202579122036695480e-03
-2.639589365571737289e-03
-1.961169019341468811e-02
1.753640361130237579e-02
-3.972783219069242477e-03
1.100339367985725403e-02
4.047624766826629639e-02
-3.059432096779346466e-02
1.852017268538475037e-02
7.864218205213546753e-03
-4.639921709895133972e-03
-3.698202548548579216e-03
-1.232894696295261383e-02
6.055087214917875826e-05
-2.712287381291389465e-02
3.857251256704330444e-02
9.017258416861295700e-04
-1.929927803575992584e-02
-2.613092027604579926e-02
7.646576315164566040e-02
-1.037821918725967407e-01
-3.739606961607933044e-02
-6.238928181119263172e-04
7.676790654659271240e-02
7.649902999401092529e-02
-2.494838088750839233e-02
-3.926405310630798340e-02
4.451758041977882385e-02
-3.606061637401580811e-02
1.535000950098037720e-01
-4.845959600061178207e-03
2.168663032352924347e-02
-1.134130507707595825e-01
-1.247804611921310425e-02
3.501699119806289673e-02
9.371756017208099365e-02
9.601816534996032715e-02
-2.185037359595298767e-02
4.337688535451889038e-02
-5.240941792726516724e-02
-8.170080184936523438e-02
1.838831976056098938e-02
3.713437169790267944e-02
-5.104988440871238708e-02
6.481461692601442337e-03
7.242245227098464966e-02
-2.908194065093994141e-02
-4.102247208356857300e-02
3.593543171882629395e-02
1.534232199192047119e-01
2.024326287209987640e-02
-2.334628999233245850e-02
-4.891890101134777069e-03
1.674700230360031128e-01
-3.628666698932647705e-02
1.657137274742126465e-02
1.268503367900848389e-01
-4.528020042926073074e-03
-8.423058688640594482e-02
-1.491019427776336670e-01
-7.691398262977600098e-02
-3.394877165555953979e-02
5.188904330134391785e-02
1.253436356782913208e-01
2.412985824048519135e-02
8.175696134567260742e-01
9.862806648015975952e-03
-1.846880093216896057e-02
-5.020909756422042847e-02
8.589272946119308472e-02
1.494971960783004761e-01
2.656862325966358185e-02
2.513735555112361908e-03
1.758190989494323730e-02
-5.478346254676580429e-03
2.104735821485519409e-01
6.024081259965896606e-02
-2.252402529120445251e-02
-7.500199973583221436e-02
1.161779090762138367e-02
-1.494092121720314026e-02
-1.673029176890850067e-02
-2.783271297812461853e-02
-5.535243079066276550e-03
-2.452269382774829865e-02
-2.480182051658630371e-02
-5.103981820866465569e-04
3.766173869371414185e-02
1.804396277293562889e-03
-1.486600562930107117e-02
5.103552713990211487e-02
-4.546718299388885498e-02
7.178693194873631001e-04
5.541322380304336548e-02
1.687458902597427368e-02
1.135442033410072327e-02
3.907705098390579224e-02
1.790677942335605621e-02
-4.146772623062133789e-02
-8.447461575269699097e-02
2.191911637783050537e-02
4.132995009422302246e-02
-9.259183891117572784e-03
2.857792191207408905e-02
2.880092244595289230e-03
2.525630407035350800e-02
-1.327371411025524139e-02
4.664202686399221420e-03
3.810700401663780212e-02
-6.920623779296875000e-02
-8.136505261063575745e-03
2.403350919485092163e-02
-4.307940229773521423e-02
9.336224757134914398e-03
1.563022658228874207e-02
-4.715958144515752792e-03
1.895417831838130951e-02
2.483986690640449524e-02
9.595430642366409302e-02
-3.341681137681007385e-02
-3.572844713926315308e-02
-5.956040322780609131e-02
6.419478356838226318e-02
-1.414320766925811768e-01
3.035963699221611023e-02
-7.131068501621484756e-03
-1.972078531980514526e-02
4.576797131448984146e-03
1.886557228863239288e-02
-1.946445181965827942e-02
-2.038166485726833344e-02
-6.151346606202423573e-04
3.401880851015448570e-03
-1.274866610765457153e-02
-4.936072044074535370e-03
7.876292802393436432e-03
1.070613693445920944e-02
-6.419032433768734336e-05
1.498706697020679712e-04
4.127371683716773987e-02
5.292810872197151184e-02
-2.513532899320125580e-02
-4.041184484958648682e-02
-1.538391411304473877e-02
3.693727031350135803e-02
-7.687608152627944946e-02
1.524171233177185059e-02
4.575744271278381348e-02
6.110338959842920303e-03
7.768490165472030640e-02
-1.481690350919961929e-02
-4.028032720088958740e-02
-9.025532752275466919e-03
-7.843361794948577881e-02
-6.469368189573287964e-02
-3.413442894816398621e-02
5.354209616780281067e-02
7.710206508636474609e-02
3.204627428203821182e-03
-3.713854588568210602e-03
-6.036311388015747070e-02
-2.686654403805732727e-02
7.068645954132080078e-02
8.508579805493354797e-03
2.110623195767402649e-02
8.880449086427688599e-02
1.176363416016101837e-02
-5.369781702756881714e-02
-1.437839213758707047e-02
2.901836298406124115e-02
-3.549057990312576294e-02
7.137820124626159668e-02
-1.559903007000684738e-02
7.865550927817821503e-03
-7.773057557642459869e-03
4.277558624744415283e-02
4.381200671195983887e-02
-2.177369222044944763e-02
4.254222288727760315e-02
-5.829014629125595093e-02
4.654207453131675720e-02
3.369176760315895081e-02
4.084723070263862610e-03
-4.008720163255929947e-03
-3.236341103911399841e-02
-5.389998853206634521e-02
-4.337041638791561127e-03
3.555461019277572632e-02
1.419216021895408630e-02
3.209112212061882019e-03
8.182626962661743164e-02
-3.794537112116813660e-02
-6.821406632661819458e-02
4.430194199085235596e-02
7.125981152057647705e-02
-4.719669744372367859e-02
-5.486516281962394714e-02
2.186724304920062423e-04
3.445484861731529236e-02
2.232646755874156952e-02
-6.970363855361938477e-02
-3.320461139082908630e-02
-7.037515752017498016e-03
1.847388036549091339e-02
-9.773730300366878510e-03
2.885460481047630310e-02
3.955185413360595703e-02
1.585321500897407532e-02
-3.740969300270080566e-02
-2.545918338000774384e-02
-6.462614983320236206e-03
1.063155289739370346e-02
-5.404706299304962158e-02
4.105166345834732056e-02
9.582182392477989197e-03
8.486754447221755981e-02
-5.656014010310173035e-02
-2.529925666749477386e-02
8.066589385271072388e-02
-3.541775420308113098e-02
-2.970946952700614929e-02
-3.703014925122261047e-02
6.879790127277374268e-02
-1.307457089424133301e-01
3.916197747457772493e-04
-3.615964576601982117e-02
1.563866622745990753e-02
3.477436676621437073e-02
6.960316095501184464e-04
-1.872648857533931732e-02
-2.974557876586914062e-02
-1.891501620411872864e-02
7.825455069541931152e-02
-4.361667111515998840e-02
-5.519080534577369690e-02
1.409514900296926498e-02
-2.777903340756893158e-02
1.002428010106086731e-01
4.743469180539250374e-04
4.334939271211624146e-02
-1.121597923338413239e-02
-8.984146639704704285e-03
-4.869410023093223572e-02
3.151746094226837158e-02
-9.176530875265598297e-03
-5.118737369775772095e-02
-5.035999044775962830e-02
4.117189347743988037e-02
-2.125153550878167152e-03
3.164620138704776764e-03
-7.134899497032165527e-02
3.326414898037910461e-02
-6.388241890817880630e-03
3.893747692927718163e-03
7.519315183162689209e-02
-7.967127859592437744e-02
-4.796436429023742676e-02
3.196421312168240547e-03
1.410218048840761185e-02
1.090965867042541504e-01
-4.015134274959564209e-02
-4.274997860193252563e-03
-9.840239770710468292e-03
-1.002955213189125061e-01
1.477939635515213013e-02
-9.320587269030511379e-04
-1.524243410676717758e-02
8.649008348584175110e-03
-3.574490919709205627e-02
-8.171095512807369232e-03
-2.508628927171230316e-02
2.447268180549144745e-02
-3.291288390755653381e-02
4.827026277780532837e-03
-5.674207955598831177e-02
-4.406629130244255066e-03
-2.317490242421627045e-02
-3.868900611996650696e-02
-2.378120645880699158e-02
9.284227155148983002e-03
9.016476571559906006e-03
-6.932839751243591309e-02
7.439524400979280472e-03
1.213440224528312683e-01
1.285087913274765015e-01
-5.071208626031875610e-02
3.518344461917877197e-02
4.521415010094642639e-02
-9.704489260911941528e-03
-3.422513604164123535e-02
5.800215527415275574e-02
1.663553267717361450e-01
4.019378125667572021e-02
4.650803748518228531e-03
2.889659954234957695e-03
2.040269551798701286e-03
2.915888093411922455e-02
4.642995074391365051e-02
-6.654500216245651245e-02
1.547873951494693756e-02
6.517120450735092163e-02
4.825967829674482346e-03
4.922593384981155396e-02
3.166868118569254875e-03
3.413894400000572205e-02
1.391307357698678970e-02
-8.379837870597839355e-02
-7.609779946506023407e-03
2.176479250192642212e-02
4.189230501651763916e-02
5.862062796950340271e-02
-4.953625053167343140e-02
1.657569780945777893e-02
1.976671256124973297e-02
-2.465903200209140778e-02
-1.393286231905221939e-02
3.632360603660345078e-04
-5.080727487802505493e-02
7.447545975446701050e-02
-3.600167809054255486e-03
1.341567002236843109e-02
1.813507638871669769e-02
-6.259797513484954834e-02
3.187409415841102600e-02
-5.850427597761154175e-02
1.112086996436119080e-01
-5.510161817073822021e-02
-2.718517743051052094e-02
1.279106140136718750e-01
4.704124853014945984e-02
-1.295163389295339584e-02
-1.897158287465572357e-02
-1.515612239018082619e-03
2.426654845476150513e-02
-2.630907855927944183e-02
5.665669962763786316e-02
6.822120398283004761e-03
2.217365242540836334e-02
3.745661303400993347e-02
3.695723786950111389e-02
3.123168274760246277e-02
2.151249721646308899e-02
-1.835346780717372894e-02
5.263097211718559265e-02
-7.521890569478273392e-03
2.526570484042167664e-02
-4.952369257807731628e-02
1.748563162982463837e-02
2.053752308711409569e-03
-1.373548805713653564e-02
-3.217871114611625671e-02
-6.421966850757598877e-02
4.101311415433883667e-02
-1.076784543693065643e-02
-1.940444856882095337e-02
-9.135186672210693359e-03
-2.365181781351566315e-02
6.276807934045791626e-02
4.193923436105251312e-03
2.904691174626350403e-02
1.094057690352201462e-02
-1.311716390773653984e-03
-1.817396469414234161e-02
1.263580769300460815e-01
3.602907434105873108e-02
-1.215598080307245255e-02
8.915668353438377380e-03
4.886496067047119141e-02
-1.272865012288093567e-02
5.948520079255104065e-02
-5.611258093267679214e-03
-2.903614193201065063e-03
3.296241536736488342e-02
-1.300370437093079090e-03
-1.420003920793533325e-02
-1.499874517321586609e-02
4.857291281223297119e-02
-1.663250103592872620e-02
-1.625699177384376526e-02
-7.427305728197097778e-02
3.518796712160110474e-02
1.026339083909988403e-02
6.160670891404151917e-03
-5.410926043987274170e-02
1.529444940388202667e-02
8.087968826293945312e-02
5.710525065660476685e-02
-1.054426729679107666e-01
-7.670538872480392456e-02
-7.969798520207405090e-03
-2.668197080492973328e-02
-9.128527343273162842e-02
-2.215665020048618317e-02
1.634172163903713226e-02
4.788330569863319397e-02
-4.103441536426544189e-02
1.456248201429843903e-02
7.623691577464342117e-03
2.630883269011974335e-02
-2.334065921604633331e-02
-1.205682381987571716e-02
4.222803190350532532e-02
9.955658577382564545e-03
4.943110048770904541e-02
4.888521879911422729e-02
-3.397439420223236084e-02
-8.872851729393005371e-03
2.190333604812622070e-02
-3.411056939512491226e-03
-1.285009551793336868e-02
2.403013408184051514e-02
-3.882632032036781311e-02
-3.914718702435493469e-02
2.015653997659683228e-02
9.601896256208419800e-02
4.762131720781326294e-02
6.588635593652725220e-02
7.036969810724258423e-02
-4.081088677048683167e-02
4.585834220051765442e-02
-9.293870069086551666e-03
6.818793714046478271e-02
1.626148261129856110e-02
-1.061694622039794922e-01
-1.578910835087299347e-02
5.318368971347808838e-02
-4.952998366206884384e-03
-2.163863927125930786e-02
1.555448025465011597e-01
-1.181586366146802902e-02
2.728186780586838722e-03
4.089196398854255676e-02
-3.394319489598274231e-02
-2.286922559142112732e-02
6.132080685347318649e-03
-3.960360586643218994e-02
-3.106937184929847717e-02
-2.115710452198982239e-02
-3.646152839064598083e-02
2.231474220752716064e-02
-7.571891415864229202e-03
-5.332874506711959839e-02
-8.724199980497360229e-02
-7.116686552762985229e-02
1.573222316801548004e-02
2.121878229081630707e-02
-4.413772001862525940e-02
6.674021948128938675e-03
5.819185078144073486e-02
-3.050056099891662598e-02
6.897586584091186523e-02
-3.665234148502349854e-02
5.053159967064857483e-02
1.432332675904035568e-02
7.970101432874798775e-04
-4.447636380791664124e-02
5.733929201960563660e-02
2.233566530048847198e-02
6.514401733875274658e-02
-6.063312292098999023e-02
-4.592860117554664612e-02
3.255316615104675293e-02
-2.881910838186740875e-02
8.265697211027145386e-02
6.510487943887710571e-02
-4.887807741761207581e-02
1.407009270042181015e-02
-3.260952606797218323e-02
-3.990537300705909729e-02
-3.579405322670936584e-02
-7.695272099226713181e-03
4.878908023238182068e-02
-2.204250311478972435e-03
1.131707131862640381e-01
-4.309660196304321289e-02
2.534482255578041077e-02
3.869655355811119080e-02
1.886477321386337280e-02
-4.445559903979301453e-02
8.744555711746215820e-02
8.453866094350814819e-02
-5.224798247218132019e-02
1.816386729478836060e-02
4.049206525087356567e-02
4.023694247007369995e-02
7.279869168996810913e-02
-2.665063552558422089e-02
6.001466885209083557e-02
3.865357860922813416e-02
1.212366856634616852e-02
6.825578957796096802e-02
-5.456055328249931335e-02
-3.489232063293457031e-02
2.693030424416065216e-02
6.497237086296081543e-02
-2.686681598424911499e-02
-4.224972799420356750e-02
-4.393179900944232941e-03
-3.541425243020057678e-02
-8.381327614188194275e-03
8.971827477216720581e-02
-4.724709689617156982e-02
1.527466531842947006e-02
-5.540508311241865158e-03
2.228636294603347778e-02
2.028373815119266510e-02
3.122772090137004852e-02
1.708073541522026062e-02
-1.463739946484565735e-02
-4.554220009595155716e-03
6.183622404932975769e-03
3.229264914989471436e-02
4.110420122742652893e-02
3.219376131892204285e-02
1.818194426596164703e-02
-2.748248353600502014e-02
2.343347296118736267e-02
-4.584573209285736084e-02
-1.529194321483373642e-02
-3.609573468565940857e-02
3.484652563929557800e-02
-2.751690708100795746e-02
4.382494091987609863e-02
-7.194174826145172119e-02
5.316000059247016907e-02
-8.789828047156333923e-03
-1.816743798553943634e-02
-3.877528756856918335e-02
-6.627365201711654663e-02
-9.939398616552352905e-03
-5.838972050696611404e-03
-1.937750168144702911e-02
-2.727564051747322083e-02
2.038106136023998260e-02
-2.550482004880905151e-02
3.862373903393745422e-02
3.706363588571548462e-02
-4.720501136034727097e-03
1.986260153353214264e-02
1.009730901569128036e-02
-7.080885116010904312e-03
5.425937846302986145e-02
4.521197080612182617e-02
4.920762032270431519e-02
-1.646636575460433960e-01
2.747232466936111450e-02
-6.683659739792346954e-03
1.739102005958557129e-01
1.073240395635366440e-02
-3.511566296219825745e-02
3.260046616196632385e-02
-3.815955668687820435e-02
-3.582886606454849243e-02
4.505994170904159546e-02
-3.379663452506065369e-02
2.935566380620002747e-02
-1.185163669288158417e-02
-1.253449264913797379e-02
2.664255723357200623e-02
1.710062846541404724e-02
1.416243333369493484e-02
8.987994864583015442e-03
-5.988138169050216675e-02
1.327080000191926956e-02
7.994785904884338379e-02
1.403956115245819092e-02
5.188013985753059387e-02
1.076848711818456650e-03
-2.526404277887195349e-04
3.773402050137519836e-02
-1.231061108410358429e-02
9.436423890292644501e-03
-7.816461846232414246e-03
2.473125606775283813e-02
-3.790206462144851685e-02
-2.401235140860080719e-02
3.185831755399703979e-02
-1.093565020710229874e-02
3.767873719334602356e-02
3.038621693849563599e-02
-4.165416210889816284e-02
5.395200103521347046e-02
3.780800616368651390e-03
-2.509488910436630249e-02
-3.741044923663139343e-02
-8.443165570497512817e-03
-2.112046442925930023e-02
-5.418367683887481689e-03
-2.396179176867008209e-02
-6.113208364695310593e-03
-2.572722919285297394e-02
-1.904946379363536835e-02
1.107952673919498920e-03
2.093189954757690430e-02
2.551333792507648468e-02
