3.211905062198638916e-02
-5.339946970343589783e-02
1.334973890334367752e-02
1.987587660551071167e-02
-1.069847377948462963e-03
1.648841076530516148e-03
1.940196007490158081e-02
-1.058966759592294693e-02
-4.656377714127302170e-03
3.147301077842712402e-02
-1.889655552804470062e-02
1.786348037421703339e-02
2.515382505953311920e-02
2.132175117731094360e-02
1.219985261559486389e-02
-6.293420679867267609e-03
2.086180076003074646e-02
-5.534864030778408051e-04
1.077813729643821716e-01
4.833697155117988586e-02
1.738925278186798096e-02
7.347104698419570923e-02
-5.620101466774940491e-02
-1.918722130358219147e-02
-2.193675190210342407e-02
2.361331880092620850e-02
3.939263522624969482e-03
-2.250078134238719940e-02
-1.153925899416208267e-02
-8.764134719967842102e-03
5.154536105692386627e-03
1.205311529338359833e-02
2.318528108298778534e-02
-1.508622337132692337e-02
1.326099969446659088e-02
4.773205146193504333e-02
-2.199942246079444885e-02
1.773330941796302795e-02
1.183818560093641281e-02
-7.655309140682220459e-02
-1.642052829265594482e-02
-1.304198335856199265e-02
-4.594352841377258301e-02
-3.157021477818489075e-02
-1.047062408179044724e-02
-1.014260109513998032e-02
-3.661379590630531311e-02
2.937409654259681702e-02
-4.476166795939207077e-03
1.976484060287475586e-02
1.716844737529754639e-02
-7.291039824485778809e-02
1.586467400193214417e-02
-1.911046169698238373e-02
-5.289348959922790527e-02
-3.662734851241111755e-02
4.349033348262310028e-03
-6.812713574618101120e-03
3.705894649028778076e-01
2.168045192956924438e-02
-1.558916363865137100e-02
1.673638261854648590e-02
2.490193024277687073e-02
-5.099895223975181580e-02
-2.967360895127058029e-03
5.619762465357780457e-02
9.376207366585731506e-03
-2.783265337347984314e-02
2.757082320749759674e-02
1.715685613453388214e-02
1.356187183409929276e-02
6.164060905575752258e-03
-6.974481511861085892e-03
-1.784107275307178497e-02
4.491272568702697754e-02
1.910331472754478455e-02
-1.486161816865205765e-02
2.651781961321830750e-02
7.679843343794345856e-03
9.832642227411270142e-02
-2.002115175127983093e-02
2.576109254732728004e-03
-2.018836326897144318e-02
3.336904570460319519e-02
8.285683393478393555e-02
1.044665114022791386e-03
1.306507550179958344e-02
1.010320242494344711e-02
3.123006597161293030e-02
1.825556717813014984e-02
-1.625443063676357269e-02
1.995435915887355804e-02
-1.582461036741733551e-02
4.156972467899322510e-02
-1.444288343191146851e-02
-1.852297969162464142e-02
3.684964962303638458e-03
-3.369580209255218506e-02
-8.911765180528163910e-03
-2.675318624824285507e-03
-2.662332914769649506e-02
3.320491686463356018e-02
1.124080084264278412e-02
1.400897651910781860e-02
8.396762423217296600e-03
-2.101908810436725616e-02
4.599663894623517990e-03
-3.024024143815040588e-02
4.549812525510787964e-02
-1.607138849794864655e-02
-8.446008898317813873e-03
3.506696317344903946e-03
-2.566738054156303406e-02
8.364622481167316437e-03
-9.936620481312274933e-03
-2.813647128641605377e-02
6.569554563611745834e-03
-2.994256839156150818e-02
1.724355481564998627e-02
2.637424739077687263e-03
-3.414864884689450264e-03
8.658615872263908386e-03
-2.758233807981014252e-02
-1.020961906760931015e-02
-2.287161350250244141e-02
7.972876541316509247e-03
-1.882866024971008301e-02
-8.435753174126148224e-03
7.174906786531209946e-03
7.019331306219100952e-02
-3.594047576189041138e-02
-2.013938687741756439e-02
-3.563928231596946716e-02
-2.429475449025630951e-02
1.037386711686849594e-02
2.372522652149200439e-02
-4.196633026003837585e-02
1.502638589590787888e-02
-7.361195981502532959e-02
-6.729074288159608841e-03
-1.175258010625839233e-01
-1.968051679432392120e-02
-2.401054650545120239e-02
-3.295269608497619629e-02
-3.437925875186920166e-02
1.068809628486633301e-01
-1.930077560245990753e-02
-1.477582845836877823e-02
-2.433791570365428925e-02
-6.587706506252288818e-03
7.033688016235828400e-03
1.823971606791019440e-02
-3.041859343647956848e-02
1.196012925356626511e-02
1.582110417075455189e-03
-9.844587184488773346e-03
1.216385327279567719e-02
-6.458700168877840042e-03
-6.838656216859817505e-02
-1.964172162115573883e-02
1.514483615756034851e-02
-7.494043558835983276e-02
2.448977530002593994e-02
2.331103757023811340e-02
2.532530017197132111e-02
6.444843113422393799e-02
3.392939222976565361e-03
1.581696327775716782e-03
-6.813893094658851624e-03
1.721439883112907410e-02
4.288801923394203186e-02
-7.406055461615324020e-03
1.562922261655330658e-02
-1.471404451876878738e-02
3.909242153167724609e-02
3.280669823288917542e-02
2.431576140224933624e-03
-4.013280384242534637e-03
-6.125473976135253906e-02
7.658040267415344715e-04
2.306929603219032288e-02
-3.703200072050094604e-02
9.953442495316267014e-04
3.387647867202758789e-02
-1.458058226853609085e-02
7.489773631095886230e-02
-1.432041227817535400e-01
-1.579274050891399384e-02
1.015988411381840706e-03
2.847331389784812927e-02
1.190118342638015747e-01
4.002829268574714661e-02
-8.626298047602176666e-03
-4.335006698966026306e-02
1.454288512468338013e-02
1.652682200074195862e-02
2.063127234578132629e-02
2.641444467008113861e-02
-1.225257106125354767e-02
-3.545310720801353455e-02
1.600094698369503021e-02
3.174364939332008362e-02
1.033484004437923431e-02
-4.800496250391006470e-02
2.812371030449867249e-02
-1.179742813110351562e-02
-1.684059156104922295e-03
2.539516426622867584e-02
1.320977509021759033e-02
-1.124681308865547180e-01
-2.607485465705394745e-02
-1.268793176859617233e-02
1.050616428256034851e-02
4.947876092046499252e-03
5.799824371933937073e-03
-1.122771855443716049e-02
-9.921739809215068817e-03
4.319102689623832703e-02
-3.300890699028968811e-02
-1.778796128928661346e-02
-3.540775552392005920e-02
-7.627547383308410645e-01
-7.657043170183897018e-03
-3.613400831818580627e-02
9.989245794713497162e-03
-1.339732669293880463e-02
-7.489896845072507858e-03
-1.520900800824165344e-02
1.373775023967027664e-02
2.202694769948720932e-03
-1.015596278011798859e-02
-5.804632604122161865e-02
2.223314344882965088e-02
1.303507760167121887e-02
8.277256973087787628e-03
-2.112022601068019867e-02
-2.762030623853206635e-02
4.052687902003526688e-03
7.688026875257492065e-03
-2.807328477501869202e-03
-1.949301362037658691e-02
2.965327538549900055e-02
-6.345615535974502563e-02
-3.266242565587162971e-03
2.022358588874340057e-03
4.754678532481193542e-02
-1.052690087817609310e-03
5.955310165882110596e-02
-1.473379321396350861e-02
-5.418317764997482300e-02
-5.875687580555677414e-03
-5.132727790623903275e-03
1.891053048893809319e-03
-1.403797231614589691e-02
-2.335365675389766693e-02
-1.715987175703048706e-02
1.053221002221107483e-01
-1.091633066534996033e-01
3.660421073436737061e-02
-7.443811744451522827e-02
-5.117421224713325500e-02
-7.675257325172424316e-02
-1.084612384438514709e-01
-1.208287477493286133e-01
-1.997021771967411041e-02
-9.137129783630371094e-02
1.164727509021759033e-01
-1.201659664511680603e-01
-3.729584068059921265e-02
-8.895041793584823608e-02
3.502352163195610046e-02
-6.060192827135324478e-03
7.814377546310424805e-02
8.915754407644271851e-02
-5.284455046057701111e-02
9.205269068479537964e-02
-4.325630143284797668e-02
-8.278128504753112793e-02
3.858691453933715820e-02
-9.625641256570816040e-02
-3.268594620749354362e-03
-1.375973969697952271e-01
-4.807856678962707520e-02
3.834488615393638611e-02
-4.920985549688339233e-02
-1.078744754195213318e-01
2.622445113956928253e-02
4.672839120030403137e-02
-1.721735298633575439e-01
1.520127654075622559e-01
1.238826513290405273e-01
8.924649655818939209e-02
4.554066807031631470e-02
7.383581995964050293e-02
1.405098009854555130e-02
-1.863310933113098145e-01
-1.365117728710174561e-01
-6.085222586989402771e-02
7.075116038322448730e-02
9.354270249605178833e-02
1.145088672637939453e-01
1.444638520479202271e-01
7.403435111045837402e-01
5.490724369883537292e-02
-8.127246983349323273e-03
6.406822055578231812e-02
3.380298381671309471e-03
1.438992470502853394e-01
3.614871529862284660e-03
-9.838038682937622070e-02
-2.072619460523128510e-02
5.798067525029182434e-02
6.819940358400344849e-02
4.520346596837043762e-02
9.119143337011337280e-02
-2.244136109948158264e-02
8.859240263700485229e-02
-2.950692549347877502e-02
7.938915863633155823e-03
3.297077491879463196e-02
-5.944901704788208008e-02
-1.092111598700284958e-02
-3.206155076622962952e-02
7.672096043825149536e-02
-1.046763639897108078e-02
-5.574943032115697861e-03
-4.394534602761268616e-02
4.107225686311721802e-02
-1.239370740950107574e-02
1.188428141176700592e-02
-6.262446939945220947e-02
-4.684956371784210205e-02
-2.045756019651889801e-02
1.357855653623118997e-04
-5.715681705623865128e-03
2.914733439683914185e-02
-4.394138976931571960e-02
-6.728369742631912231e-02
7.237093988806009293e-03
-5.922597832977771759e-03
-5.655970796942710876e-02
-3.326777741312980652e-02
-3.341639786958694458e-02
-8.220870979130268097e-03
5.612629652023315430e-02
-1.851928792893886566e-02
-4.758333787322044373e-02
-6.297105550765991211e-02
-8.504224941134452820e-03
-2.032309398055076599e-02
6.290246546268463135e-02
-2.660664543509483337e-02
3.709039092063903809e-02
4.915390536189079285e-02
-5.675678700208663940e-02
1.187442764639854431e-01
-4.987246915698051453e-02
1.357828825712203979e-02
2.021719468757510185e-03
5.487110465764999390e-02
8.976637385785579681e-03
1.020120340399444103e-03
-6.362225860357284546e-02
-9.648461127653717995e-04
3.823712840676307678e-02
-4.714798182249069214e-02
-3.929417580366134644e-02
9.046526998281478882e-02
2.563439495861530304e-02
1.099350978620350361e-03
-3.509875386953353882e-02
4.149213060736656189e-02
4.611999541521072388e-02
-6.843855232000350952e-02
3.680487722158432007e-02
-7.060302793979644775e-02
-1.012278571724891663e-01
7.541086524724960327e-03
-7.668092381209135056e-03
-7.666946388781070709e-03
-7.164196670055389404e-02
2.869851700961589813e-02
5.915228649973869324e-02
4.495278000831604004e-03
1.711501367390155792e-02
-2.546971105039119720e-02
-3.266097232699394226e-02
2.115738391876220703e-02
9.371300786733627319e-02
-4.097494855523109436e-02
3.190436959266662598e-02
6.173370406031608582e-02
7.313346117734909058e-02
2.472850028425455093e-04
-3.291009692475199699e-03
1.595628634095191956e-02
3.566633537411689758e-02
5.084719881415367126e-02
3.067511133849620819e-02
-1.851855404675006866e-02
6.181202083826065063e-02
-6.042185425758361816e-02
-1.367240548133850098e-01
-1.449758652597665787e-02
2.574497275054454803e-02
4.099335893988609314e-02
1.083272788673639297e-02
-6.031322851777076721e-02
1.206862404942512512e-01
6.118892133235931396e-02
1.933870080392807722e-04
-2.405281178653240204e-02
-1.293583866208791733e-02
6.772435456514358521e-02
-2.654652297496795654e-02
1.430564466863870621e-02
-4.533475637435913086e-02
-5.702484771609306335e-02
8.519674092531204224e-02
-1.954633928835391998e-02
-3.068329078814713284e-06
-4.845561087131500244e-02
6.251958012580871582e-02
-2.279111929237842560e-02
-7.002889178693294525e-03
-2.466167323291301727e-02
2.026511915028095245e-02
9.886329062283039093e-03
4.489676281809806824e-02
-1.672428473830223083e-02
-3.104550018906593323e-02
3.753304481506347656e-02
4.283481463789939880e-02
-3.040943527594208717e-03
3.206796944141387939e-02
6.071217358112335205e-02
-5.552919581532478333e-02
-2.626701816916465759e-02
5.297976732254028320e-02
-6.238847505301237106e-03
1.878156908787786961e-03
1.653825491666793823e-02
5.983658507466316223e-02
-2.692813868634402752e-04
-8.354736864566802979e-02
3.320720791816711426e-02
4.855656996369361877e-03
-7.496181130409240723e-02
5.685478448867797852e-03
2.044965047389268875e-03
1.766500063240528107e-02
-3.416194021701812744e-02
1.538030151277780533e-02
-4.779895767569541931e-02
7.273553311824798584e-02
1.040592975914478302e-02
4.087216779589653015e-02
1.532520353794097900e-02
-3.482463955879211426e-02
6.208095327019691467e-02
3.897627815604209900e-02
4.738085716962814331e-02
-1.079509779810905457e-02
-2.318382449448108673e-02
7.227407395839691162e-02
9.153813123703002930e-03
2.314912341535091400e-02
3.556941449642181396e-02
1.235325634479522705e-02
4.701368883252143860e-02
-2.438569441437721252e-02
-1.289618108421564102e-02
5.139921978116035461e-02
9.542467072606086731e-03
-1.826289109885692596e-02
-1.267251558601856232e-02
6.238868460059165955e-02
-3.399638086557388306e-02
9.945312142372131348e-02
-7.465481013059616089e-02
1.812545396387577057e-02
1.827627234160900116e-02
-9.175884723663330078e-02
-4.297064244747161865e-02
1.086177537217736244e-03
-3.982681781053543091e-02
-4.341125022619962692e-03
-1.129961293190717697e-02
-5.166359245777130127e-02
-7.197912200354039669e-04
3.987766057252883911e-02
-4.533350467681884766e-02
-2.416215091943740845e-02
2.318036183714866638e-02
4.471229389309883118e-02
-3.234386071562767029e-02
-8.929602801799774170e-03
2.565736509859561920e-02
1.087156534194946289e-01
1.889064162969589233e-02
-2.214059419929981232e-02
-4.614043608307838440e-02
3.701170161366462708e-02
1.692018844187259674e-02
-6.100123375654220581e-02
-8.336014300584793091e-02
4.351111128926277161e-02
-1.860141940414905548e-02
1.398192998021841049e-02
-8.240476995706558228e-02
9.063557954505085945e-04
-1.320055220276117325e-02
-2.182557480409741402e-03
-1.975265890359878540e-02
8.398879319429397583e-03
6.726998090744018555e-02
-2.582473494112491608e-02
2.896407991647720337e-02
1.475522574037313461e-02
-1.873007044196128845e-02
1.077790651470422745e-02
-2.434212714433670044e-02
-7.395668327808380127e-02
8.226214349269866943e-02
-4.581226408481597900e-02
2.602821588516235352e-02
-6.967262923717498779e-02
5.975611135363578796e-02
-3.687898814678192139e-02
1.340254209935665131e-02
5.805366672575473785e-03
5.194661021232604980e-02
6.205801293253898621e-02
7.758366316556930542e-02
3.796965256333351135e-02
-1.978006213903427124e-02
-5.729341134428977966e-02
2.876840764656662941e-03
2.410575188696384430e-02
-7.267661858350038528e-03
-4.987179487943649292e-02
-3.836399316787719727e-02
-4.408667609095573425e-02
4.396442323923110962e-02
-1.258248928934335709e-02
3.517521545290946960e-02
6.297662854194641113e-02
-3.732785955071449280e-02
1.985811069607734680e-02
-2.546817436814308167e-02
8.817708003334701061e-04
9.159863926470279694e-03
4.115675017237663269e-02
-1.415085978806018829e-03
-9.109319187700748444e-03
-9.832356125116348267e-02
-6.396622210741043091e-02
2.177796140313148499e-02
-2.423900924623012543e-02
2.852434758096933365e-03
-9.197200648486614227e-03
-1.742852479219436646e-02
2.799744904041290283e-02
-3.113186173141002655e-02
-3.801333904266357422e-02
5.275120493024587631e-03
2.895311824977397919e-02
4.802507162094116211e-02
2.432566322386264801e-02
-2.592914924025535583e-02
2.897642925381660461e-02
1.371505088172852993e-03
2.224225737154483795e-02
-5.473964288830757141e-02
1.043737530708312988e-01
-4.797974973917007446e-02
4.413212463259696960e-02
2.795423008501529694e-02
-2.504198811948299408e-02
1.334172114729881287e-02
6.981091946363449097e-02
-3.820817545056343079e-02
-5.358403548598289490e-02
-2.511573722586035728e-03
3.270183503627777100e-02
-3.911844268441200256e-02
1.176469214260578156e-02
-4.476514086127281189e-02
-1.100521814078092575e-02
-2.596252225339412689e-02
1.182761974632740021e-02
2.506353706121444702e-02
-3.599883615970611572e-02
5.428600683808326721e-02
-7.276323437690734863e-02
1.819858700037002563e-02
-3.424478694796562195e-02
9.257188439369201660e-02
-3.197499550879001617e-03
-4.733201581984758377e-03
-5.514494702219963074e-02
8.584680408239364624e-02
9.636955335736274719e-03
2.301341854035854340e-02
-1.053103338927030563e-02
-6.775964051485061646e-02
4.844035953283309937e-02
5.760657787322998047e-02
3.778436779975891113e-02
-3.245639801025390625e-02
1.282638777047395706e-02
5.526744201779365540e-02
1.078883465379476547e-02
-4.481999203562736511e-02
-1.237906217575073242e-01
-2.542872726917266846e-02
2.319346368312835693e-02
9.079473093152046204e-03
1.596397347748279572e-02
-2.626452129334211349e-03
4.379516094923019409e-02
-3.397496882826089859e-03
3.882408142089843750e-02
-2.619861066341400146e-02
1.679281704127788544e-02
2.778141386806964874e-02
3.848629072308540344e-02
-8.172608911991119385e-02
1.492348872125148773e-02
3.726094029843807220e-03
2.178229205310344696e-02
-1.377702057361602783e-01
2.716551721096038818e-02
-5.037493631243705750e-02
1.799329370260238647e-02
-7.217770908027887344e-03
-4.257163032889366150e-02
7.620473951101303101e-02
2.454550936818122864e-02
2.347563020884990692e-02
3.060918301343917847e-02
-2.434975653886795044e-02
-1.639974676072597504e-02
2.820275910198688507e-02
3.698462992906570435e-02
8.887359872460365295e-03
-9.395849891006946564e-03
-1.964829862117767334e-02
-1.177254598587751389e-02
-1.495932042598724365e-02
2.196239680051803589e-02
-2.847661823034286499e-02
-5.508135631680488586e-02
-5.640219897031784058e-02
1.013392582535743713e-02
-9.105319529771804810e-02
7.522533088922500610e-02
-6.970966351218521595e-04
-1.147456560283899307e-02
-6.080340594053268433e-02
8.005487173795700073e-02
-6.469578016549348831e-03
-6.061389297246932983e-02
9.345775842666625977e-02
5.176362174097448587e-05
1.420584786683320999e-02
2.176930755376815796e-02
1.832615211606025696e-02
1.845060661435127258e-02
-7.956900844874326140e-06
3.224064037203788757e-02
-1.920847455039620399e-03
-4.144017770886421204e-02
-3.516795486211776733e-02
2.085430920124053955e-02
-5.534393340349197388e-02
8.192063309252262115e-03
-4.306481033563613892e-02
-4.701684042811393738e-02
3.007111605256795883e-03
-1.288769068196415901e-03
-3.807531320489943027e-04
9.235065430402755737e-03
-1.931339129805564880e-02
-6.332063116133213043e-03
-2.496574632823467255e-02
-4.982892423868179321e-02
-1.410474535077810287e-02
-4.250931367278099060e-02
1.592078804969787598e-02
1.990205142647027969e-03
2.262328378856182098e-02
-1.375627331435680389e-02
1.897035539150238037e-02
-3.141780942678451538e-02
1.915019191801548004e-02
-2.559470944106578827e-02
2.491171844303607941e-02
6.365340948104858398e-02
2.072717435657978058e-02
-4.147581756114959717e-02
7.128209620714187622e-02
-1.292462553828954697e-02
-1.512107346206903458e-02
-1.173553988337516785e-01
4.257131367921829224e-02
-5.557178519666194916e-03
-1.318611651659011841e-01
-1.216178610920906067e-01
-4.937223345041275024e-02
-8.494686335325241089e-02
-1.812767423689365387e-02
-4.207798466086387634e-02
4.586037248373031616e-02
-2.233377657830715179e-02
1.777367293834686279e-02
-2.879275940358638763e-02
6.998731195926666260e-02
-1.859846059232950211e-03
-2.687112428247928619e-02
-3.588118031620979309e-02
2.182978019118309021e-02
2.620596811175346375e-02
-1.538146845996379852e-02
2.238373085856437683e-02
-1.831936277449131012e-02
-1.064638141542673111e-02
4.629341140389442444e-02
3.404292836785316467e-02
7.487428188323974609e-02
6.701566278934478760e-02
3.637021407485008240e-02
-2.555512823164463043e-02
7.529349997639656067e-03
5.456900969147682190e-02
-4.631579667329788208e-02
-1.847509108483791351e-02
7.170821726322174072e-02
1.933319494128227234e-02
-4.340037330985069275e-02
-6.406979169696569443e-03
-1.760603860020637512e-02
-3.204470500349998474e-02
6.530592590570449829e-02
9.290304966270923615e-03
1.600857242010533810e-03
-6.424190849065780640e-02
4.019857197999954224e-02
3.223141282796859741e-02
2.921641431748867035e-02
1.683868467807769775e-02
1.963895931839942932e-02
-4.926348477602005005e-02
-3.712308406829833984e-02
5.129631981253623962e-02
8.423143997788429260e-03
8.492667227983474731e-03
2.989248372614383698e-02
-1.280569005757570267e-02
5.677894223481416702e-03
-9.934544796124100685e-04
-6.549081206321716309e-02
-7.143072783946990967e-03
-1.526748016476631165e-02
5.613144114613533020e-02
5.780521407723426819e-02
-5.536897853016853333e-02
-7.581770420074462891e-02
-6.386784464120864868e-02
1.025483161211013794e-01
-1.200833078473806381e-02
-7.131825387477874756e-02
2.828784286975860596e-02
3.472944349050521851e-02
-5.599361658096313477e-02
-6.856755167245864868e-02
-6.540802866220474243e-02
-1.845918595790863037e-02
6.711857765913009644e-02
-3.875520825386047363e-02
-5.375878885388374329e-03
3.893487527966499329e-02
8.580626454204320908e-04
4.205980896949768066e-02
-1.274565756320953369e-01
1.501529850065708160e-02
6.433565169572830200e-03
6.617238745093345642e-03
-1.236337050795555115e-02
2.379912883043289185e-02
-1.209345553070306778e-02
3.000041097402572632e-02
2.554111927747726440e-02
-7.456411421298980713e-02
-5.072591826319694519e-02
1.624849811196327209e-02
1.239797659218311310e-02
1.240357942879199982e-02
4.797125980257987976e-02
1.664319075644016266e-02
2.881321683526039124e-02
-5.410202778875827789e-03
5.820007249712944031e-02
1.662202924489974976e-02
3.358892351388931274e-02
2.282210998237133026e-02
1.367954351007938385e-02
-1.456289086490869522e-02
-1.152756437659263611e-01
-3.228261321783065796e-02
4.752390459179878235e-02
-3.663805872201919556e-02
1.074377819895744324e-01
4.746573418378829956e-02
-6.387773901224136353e-02
-3.307814244180917740e-03
-4.509239643812179565e-02
-5.400425568222999573e-02
-4.295409470796585083e-02
-2.239411137998104095e-02
-5.553559586405754089e-02
-2.379395999014377594e-02
-1.194243784993886948e-02
6.014028936624526978e-02
-2.630530856549739838e-02
3.561497107148170471e-02
3.974801301956176758e-02
3.188737109303474426e-02
-2.439368143677711487e-02
9.791473299264907837e-02
5.380305927246809006e-03
-4.764806851744651794e-02
