0.04788999
-0.01023737
-0.00428837
0.00246693
0.02054668
0.01469464
0.00301196
-0.00966257
-0.01362507
-0.01246430
0.00979104
0.00829889
-0.00158298
-0.02152603
-0.00191935
-0.00278810
0.01587708
-0.03059678
0.07006184
0.04110002
-0.00097335
0.05894198
-0.04576188
-0.02576086
0.00447421
0.01872833
0.00431975
-0.03325407
-0.01682948
-0.01586741
-0.04719783
-0.01536472
-0.00314113
-0.00552221
0.02051850
0.01860160
-0.00511191
-0.00814581
-0.00642220
-0.03534619
0.01218096
-0.02511209
-0.01452375
-0.03083156
-0.01390170
0.02746459
-0.01905160
0.00066398
0.00399355
0.01459204
-0.01472279
-0.05739818
-0.01055204
-0.00686924
-0.02713841
-0.01825406
0.00856921
-0.00109338
0.49798837
0.04886573
-0.02447451
0.00799504
0.02929450
-0.02416892
0.00579744
0.04827147
-0.00337263
-0.01049689
-0.00019844
0.01931035
0.00934334
0.00281940
-0.05285872
-0.00850927
0.02146368
-0.01392788
-0.00851379
0.00127347
0.04570529
-0.01726053
0.00257326
-0.00046161
0.02213161
0.02413219
0.04409071
0.00088634
-0.00475766
0.01856312
0.01691397
0.02290153
-0.00519691
0.01521290
0.02584113
0.01887515
0.00864370
0.00209692
-0.00425151
-0.02814769
-0.01408140
0.00416943
0.02014226
0.00927668
-0.01026614
0.00709134
0.01701082
-0.03520271
-0.00200826
-0.00207083
0.01201413
-0.04869747
0.02171765
0.00888839
-0.02914630
-0.01052102
-0.01291043
-0.00357121
0.01561701
-0.00749460
0.02171460
0.02707275
0.00517981
-0.00671899
-0.01273719
-0.01721557
-0.01679114
-0.00052339
0.01677455
-0.02569412
-0.00657763
0.09058234
-0.01221558
-0.02754633
-0.00358734
-0.01608697
-0.00325252
-0.01204669
-0.03217770
0.04295700
-0.12034473
-0.00176884
-0.05111621
-0.01273024
-0.01550168
-0.02425255
-0.02466069
0.04047336
-0.02457647
0.02154800
0.00436556
-0.03432335
0.02642920
0.02450406
-0.02830835
-0.00979236
0.00425051
-0.01385510
0.00536062
0.02619628
-0.02332077
-0.00718497
0.02577574
-0.03540476
-0.00813291
0.00496695
0.01838966
0.05299779
0.00957664
0.00497693
0.00763599
0.00059868
0.01010639
-0.00398586
0.00871305
-0.02451552
0.03539916
0.02913352
-0.00817798
-0.00094442
-0.07779953
-0.00098472
-0.03005802
-0.00454867
-0.01247096
0.01093869
0.01252997
-0.08885258
0.06162144
0.00090416
-0.00659263
0.03188653
0.06170477
0.01015102
-0.00500467
-0.01964902
0.02298330
0.02732442
0.05455992
0.03409836
-0.00781950
-0.02486651
0.02562071
0.02485072
0.12766938
-0.03779619
0.00678962
-0.02526968
0.00645956
0.00582631
-0.00381664
-0.05645614
0.00150900
-0.02603405
0.01498576
0.00937777
-0.01763943
0.00998438
-0.00657810
0.02733943
-0.00343810
0.00125266
0.01091265
-0.75798833
0.01234206
-0.01568413
0.00086612
-0.01601850
0.00114058
-0.00718293
0.01284031
-0.00520446
0.01226395
-0.02718249
0.00932012
0.00058404
-0.04241236
-0.02789098
-0.01706361
0.01028599
-0.00243868
-0.00074011
-0.02608594
0.01531166
-0.00164689
-0.01971393
-0.00350007
0.00580593
-0.00060714
0.04188435
-0.02593954
-0.03475968
-0.01639440
0.00099089
0.02722190
-0.02073982
-0.01979138
0.00497963
0.00518811
0.14646500
0.17873324
-0.12852673
0.08496026
0.05375614
0.03983411
-0.01104747
-0.13369736
0.11496123
0.02643055
0.06449157
-0.14463635
-0.09444224
-0.05274666
0.21119203
-0.03269589
0.02174755
0.11456079
0.00819959
-0.03184105
-0.11722337
-0.05410748
0.06370975
-0.04776540
0.09050530
0.13909140
-0.00760575
0.08438413
0.12731862
-0.07399192
0.14425287
0.01836179
-0.03728696
0.07384161
-0.05735265
0.09670419
-0.04999429
0.12262420
0.05486808
-0.10340866
-0.04216305
-0.05791856
0.09482751
-0.01583671
-0.11223707
0.68245041
0.10741314
-0.01612678
-0.10578201
0.00360967
-0.01564113
-0.13066487
-0.01241588
0.00133958
-0.13758005
-0.05691150
-0.02276900
-0.17583033
0.04506147
0.08398968
0.03322215
0.10058528
-0.17591664
-0.03428045
0.01045724
0.00780089
-0.04729474
0.06915170
0.01615942
-0.00007959
0.01162369
-0.03322195
0.02162570
-0.01919274
0.05007547
0.01324659
-0.04802229
0.03920661
-0.02665415
0.00662899
-0.04071706
0.01374057
0.01902391
-0.02826994
-0.02117299
-0.06685624
-0.05691121
0.10566530
-0.05196325
0.00905865
-0.01441333
-0.01478023
-0.02733844
0.08881766
0.01357044
-0.04065402
0.06034811
0.03567735
0.08103220
0.00233363
0.01934329
0.06021386
-0.04531662
0.00203342
-0.03028520
-0.02332925
-0.01918683
0.02600305
-0.00728171
-0.01197532
-0.05273969
0.01570443
-0.03944086
-0.00870995
0.08097658
0.02073689
-0.04603395
0.05887622
-0.04740885
-0.05511031
-0.02863946
-0.04002973
0.01743525
-0.03076085
0.03746317
-0.01623966
0.04049297
0.03926855
0.04223879
0.01689940
0.00341237
0.00066447
-0.02118443
-0.01707619
0.03995290
0.07948688
0.02892729
-0.00727430
0.04008108
0.01679881
0.00720782
-0.03764326
-0.01339671
0.00533276
-0.04868901
-0.08823814
0.02944262
0.05470997
0.07791669
0.06095409
0.01779970
0.05408977
0.05653662
-0.05443162
0.01050853
0.01345016
0.03270349
-0.01842976
0.02767808
-0.03452962
-0.04690412
0.09833911
0.01332169
0.01050245
0.02582219
0.04162975
-0.05119136
-0.00173152
-0.01798586
0.00696056
0.07616636
0.05440210
-0.00429096
0.01346271
0.03068146
0.03844942
-0.02016428
0.01052029
-0.02954111
-0.02945010
-0.06260183
0.03405646
0.00122559
0.00518284
0.01990391
-0.00264302
-0.05123055
-0.14167383
-0.02414202
0.02201057
-0.07411794
0.06376089
0.06228536
0.00740834
-0.01163643
0.05629174
-0.02845385
0.03008679
-0.00714500
0.01224578
0.00350860
-0.06264078
0.06188443
0.11104823
0.00141706
-0.01612120
-0.03025539
0.04800557
0.04006270
0.03932890
0.01327609
0.00944995
-0.01902857
-0.02405063
0.00059763
0.04352452
-0.02567611
-0.09144295
-0.04300245
0.04749499
-0.05009271
0.05736737
0.00960642
0.00086981
0.03079428
-0.06146655
-0.01510184
0.04741535
-0.00929718
-0.00466753
-0.01727721
-0.04063838
-0.01799327
0.07543666
-0.04208758
-0.00376638
0.04526449
-0.02113790
0.02145032
-0.04380565
0.00993245
0.10043243
-0.01901639
-0.04563658
-0.05103049
-0.00135205
0.05870463
0.00034509
-0.03686561
-0.01404811
-0.08211891
-0.00754257
-0.05549888
0.04493351
-0.00218347
-0.08533160
0.00734834
-0.02516208
-0.01655367
-0.04268604
-0.04666493
0.01745877
0.00124056
-0.01674497
-0.01437840
-0.09701807
0.06956646
-0.05783061
-0.04086974
0.00612181
0.01468072
-0.08653535
-0.03924102
0.03611367
0.01110050
-0.02483289
0.06211687
0.11898634
-0.03606618
-0.01489864
-0.04732659
-0.03052409
-0.02611709
-0.05277290
-0.03236393
-0.01185480
0.04182962
-0.01421406
0.07999922
0.04921776
-0.08630560
-0.00638389
-0.03595361
0.01031347
-0.00678255
-0.03209959
-0.05089663
-0.01647962
0.02806537
0.05457712
-0.04294590
-0.03009470
0.00579636
-0.07919307
-0.08763101
0.03782523
0.06070480
0.01607412
0.06004686
0.03153170
0.00966284
0.00639669
0.05165610
-0.03080897
-0.03547727
0.03061212
0.05420067
0.05668052
-0.00870040
-0.06765676
-0.00007084
0.01730284
0.03648767
-0.03163480
0.05045652
0.01187915
-0.00296941
-0.01266522
-0.04800943
-0.01562633
0.00705071
-0.05040268
-0.03106395
0.01485813
0.02148389
-0.01010226
0.05613979
-0.13996148
0.02567855
0.02028469
-0.00237899
-0.05002525
0.04714732
-0.02511964
0.10895313
-0.10056598
0.05398903
-0.03960857
-0.03347218
-0.01961465
0.02591455
-0.03714263
0.00035960
0.02918654
0.02602753
-0.05032599
0.03637178
-0.09903976
-0.00210245
0.04899754
0.03432211
0.01243754
-0.03592793
0.04980541
0.03924775
0.01038886
0.01042314
-0.02138305
0.09613629
0.06757669
-0.08146960
0.05482950
0.02472945
-0.05820095
-0.12528303
-0.03972491
-0.08275482
-0.03601697
0.05033194
0.08776221
0.02719662
-0.01376573
0.04169418
0.00996359
-0.02263714
0.00308699
-0.04994444
-0.02066128
-0.02019833
-0.03965564
-0.02674870
0.08947635
-0.00760730
0.00638105
0.02281711
-0.04962340
0.05851509
0.03569780
-0.07528973
0.05703947
0.02351901
-0.02834100
-0.06067872
0.06238465
-0.00367012
-0.08336465
0.02668112
0.00154476
-0.02173482
0.04976605
0.02192342
0.05472175
-0.01694354
0.01790660
0.02726994
-0.05481570
0.02390547
0.05455611
-0.06501480
-0.03378253
0.01088707
0.02828903
-0.03618756
0.09175455
-0.04134785
0.01744021
0.04537832
-0.00443036
-0.03518628
-0.03662079
-0.04567302
-0.03302631
0.03455143
0.03915817
0.03258146
0.01281128
0.02780290
-0.04932507
-0.00103655
-0.05808439
0.06871717
0.02782033
-0.03700445
0.05815383
0.03420830
0.01779231
-0.05572348
-0.10885128
0.02401090
0.03128239
-0.03240833
-0.08547819
0.01897183
-0.07613774
-0.03006624
-0.00101920
0.05764300
-0.01196281
-0.02882487
-0.02219191
0.01566556
0.05946226
-0.02406015
-0.05078122
0.07529685
-0.00693920
0.03003541
0.02331207
-0.08211615
-0.00435345
0.07503647
0.03308557
0.04396556
0.01924355
-0.05346825
-0.03868035
0.04477024
0.03305605
0.00141746
-0.01990116
0.06709166
0.08006567
-0.02542670
0.03173624
-0.02979922
0.03867245
0.03209550
0.03220570
0.02392868
0.00145540
-0.05283185
-0.03867113
0.00185835
-0.00080374
0.07816251
-0.03026052
0.00210165
0.08097807
0.05813775
0.00995214
-0.01657169
0.04850103
0.01872539
-0.02200359
-0.06692598
-0.01278813
-0.01362927
0.00893208
-0.00373780
-0.05629114
-0.03393612
-0.04189983
0.04835362
0.03436211
-0.01706830
0.00582248
0.02952708
-0.06648345
-0.08459134
-0.02444842
-0.00740577
-0.05232998
-0.07649519
0.00914957
-0.01663161
-0.12325642
0.03669657
-0.11664038
0.02719793
0.01431792
-0.02401974
0.01731513
-0.02305498
-0.00976907
0.01837487
0.04323006
-0.04290583
-0.02576620
0.07316241
0.05539972
0.02954365
0.01221947
-0.05471598
0.00660025
-0.02528618
0.03707146
0.04021315
0.02017599
-0.00526115
-0.03121091
0.00814202
-0.03959223
0.00144064
-0.02108724
-0.03769095
-0.01570908
0.06619688
0.00678396
0.03287815
-0.05482092
-0.06348872
-0.01730600
0.02623659
0.01015502
0.02997078
-0.01475774
0.00350589
-0.01882436
-0.05573845
-0.02950357
0.06335022
-0.00185657
0.07752685
0.05921736
-0.03867949
