0.03763767
-0.00247719
-0.02307990
0.01255915
0.02412700
0.01618634
0.00924611
-0.03616675
-0.02171308
0.00074558
-0.01462471
0.01641121
0.00608399
-0.02186949
-0.00895721
-0.01075833
0.00342430
-0.03803139
0.16220544
0.03355257
-0.00336678
0.03108248
-0.02027148
-0.01972995
0.00193229
0.00986910
-0.00136828
-0.03054383
-0.01198759
-0.00233744
0.03987718
-0.02902088
-0.00920359
0.00280806
0.01897241
0.00142639
-0.00366105
0.00783702
-0.00975645
-0.00346669
-0.01466462
-0.02285134
-0.08371127
-0.03145660
-0.01446849
0.01765653
-0.01196783
0.00778765
0.01360131
0.00356610
-0.01451259
-0.06492171
0.00967187
-0.00903696
-0.03703421
-0.01457344
0.01009935
-0.00553551
0.46746126
0.09174472
-0.01318942
-0.01468534
0.02316633
-0.01076617
0.01294419
0.02866709
-0.00847779
-0.02561928
0.04719721
0.01745367
0.02357412
-0.00762802
-0.04718428
-0.01595286
0.00303951
-0.01440312
-0.01056772
-0.02132705
0.05576233
0.05588317
0.00063964
0.02424545
0.02578491
0.07526934
0.01840440
0.01563596
0.00061534
0.01990649
0.02330181
0.02143928
-0.00856619
0.00144864
0.06399773
0.01633792
-0.00304853
0.00077966
0.00991934
-0.02163760
0.03014564
-0.00120826
0.01086234
0.00785135
-0.02060186
-0.00176521
0.01091651
-0.04989572
0.02170894
-0.00268666
0.00029669
-0.05970869
0.00556148
0.00233806
-0.01562251
-0.02370502
0.00147901
-0.01062971
-0.00210510
-0.02149572
-0.00810758
0.01459273
-0.01589104
-0.02831827
-0.00790201
-0.00651113
-0.05845447
-0.00717740
0.02531888
-0.01895892
0.01410323
0.04349767
-0.04773229
-0.03405010
-0.01063247
-0.01246245
-0.03248607
-0.00549946
-0.00972986
0.02645904
-0.14595591
0.02268001
-0.04224075
-0.01973697
-0.00939881
-0.03585023
-0.01635653
0.15032890
-0.00809199
0.00714349
0.00064935
-0.04276411
0.02571815
0.02421827
-0.01871622
-0.00542025
0.02574547
-0.01478965
-0.00827143
0.02718596
-0.04192732
-0.01715746
0.01056631
-0.04847410
0.03209954
0.01358525
0.01674785
0.04835089
0.01949191
0.00475130
0.01411624
-0.00890337
0.00491021
-0.00149364
-0.00815273
-0.01580518
0.03653357
0.02799390
-0.00610577
0.00619948
-0.06437198
-0.01579203
-0.02787040
-0.01148051
-0.01832738
0.02032030
0.01113047
-0.01199693
0.08330185
0.00443101
-0.00161469
0.01051714
0.02281629
0.02905783
0.01736934
-0.02151890
0.02450242
0.04251055
0.00828731
0.02867518
0.04558311
-0.01131763
0.06002484
0.02953646
0.11254950
-0.03108851
0.00401179
-0.03683340
0.02556431
-0.00407338
-0.00803906
-0.07595516
0.02010726
-0.03773585
0.02098079
0.01169179
-0.04191884
-0.00493173
-0.00529834
0.02995658
0.01671527
-0.01467938
0.02203775
-0.72699958
-0.00338503
-0.02943602
0.00690865
-0.01420074
-0.00782087
0.00095019
-0.00685903
-0.01021967
0.01651165
-0.00042407
-0.00633512
-0.00885025
-0.04986399
-0.01477592
-0.01876570
0.01183167
-0.00367596
-0.00097672
-0.00500885
0.01250728
-0.07050895
-0.04456645
-0.00690728
0.00876890
-0.01250327
0.02103209
-0.01761780
-0.02195930
-0.01209422
0.01178169
0.04795389
-0.02417683
-0.00964452
0.00991509
0.12768862
0.13662523
0.03874246
-0.02097809
0.11644950
0.02238275
-0.04322387
-0.05051860
-0.14617376
0.13282286
0.06364143
0.16219854
-0.11467983
-0.07183556
-0.05156209
0.13154693
-0.02282706
-0.00895225
0.03940989
-0.03128158
0.00155152
-0.06444019
-0.05461903
-0.04148454
-0.03480749
0.08796561
0.04996684
-0.07882994
0.02073678
0.07388285
0.00745068
0.08992424
-0.02972206
-0.00180490
0.07263306
-0.02109366
0.03530143
0.01775564
0.00372359
-0.02003236
-0.15046740
0.08680467
-0.06515578
0.05173133
-0.08417094
-0.12241411
0.79566365
0.03424466
-0.03027340
-0.09994230
-0.04722586
0.04911175
-0.07701505
-0.01341859
0.00762442
-0.13206777
-0.13156310
0.03873063
-0.12553212
0.05332438
0.08937567
-0.02619746
0.03588590
-0.06888597
-0.00955916
0.03627526
-0.00682455
-0.03770883
0.04990891
-0.00174476
0.00017856
-0.00538708
-0.03070092
-0.00105232
-0.00352712
0.05432402
-0.00525968
-0.06715656
0.03211837
-0.04935628
-0.02305545
-0.02779185
0.02951347
-0.01111852
-0.05211288
-0.01854276
-0.06272303
-0.04865024
0.08568747
-0.04054232
0.01240419
0.01781988
-0.04244108
-0.02344886
0.02915782
0.03858420
-0.01911506
0.06781879
0.02203942
0.09149107
0.01756373
-0.02178921
0.06950346
-0.04493978
-0.01211505
-0.04361482
-0.03071403
-0.00302944
0.02415600
0.01044416
-0.01115775
-0.06402121
-0.00850064
-0.02286119
-0.01613599
0.10315072
0.03244280
-0.02706356
0.06120208
-0.04186190
-0.05844175
-0.04064005
-0.05174725
0.02981231
-0.00650471
0.04145081
-0.00475665
0.02363823
0.06891988
0.01114664
0.04809443
-0.00886070
-0.01579606
0.02903535
-0.03831798
0.05548896
0.07709415
0.02003866
0.01268344
0.04009115
0.02553968
-0.00037203
-0.03890317
0.00912721
-0.01864103
-0.05134429
-0.08642074
0.00523032
-0.00036726
0.07997952
0.02909439
-0.01120309
0.04069292
0.06424597
-0.07128029
0.03511837
-0.02451774
-0.00392952
-0.03439163
0.00564608
-0.03163629
-0.03263960
0.06292178
0.02718253
0.01458017
0.02927495
0.00534423
-0.04606031
-0.01794323
-0.01364039
0.01391461
0.03646742
0.08524109
-0.04091464
0.03286528
0.02557108
0.03617500
-0.03820456
0.02481482
0.00663412
0.00825674
-0.06373759
0.04255993
0.00840974
-0.01156952
0.02407632
0.02706832
-0.05953662
-0.10139340
0.00236324
-0.01259089
-0.13979830
0.05280431
0.05349774
0.00091423
0.01330941
0.06919796
-0.02410643
0.02175269
-0.02190113
0.00009790
-0.01831255
-0.01488143
0.03570913
0.09277046
-0.00167116
-0.02747538
-0.00796934
0.02588034
0.00425798
0.01383495
0.02100767
-0.00431256
0.01871855
-0.02146751
-0.00684647
0.06880354
-0.01771902
-0.06283010
-0.03876595
0.00902748
-0.02907186
0.03244405
0.00998627
-0.03359830
0.00688099
-0.06864414
-0.01102062
0.06022573
-0.00311879
-0.00841404
-0.03492519
-0.00486550
-0.03174251
0.04521306
-0.04509983
0.01750762
0.05981400
-0.05249083
-0.01620498
-0.06388418
-0.02388213
0.06942768
-0.02449182
-0.02038979
-0.02376711
0.00157175
0.04987101
-0.01523894
-0.03734280
-0.02763010
-0.11560515
-0.00861797
-0.03111970
0.03645002
0.03995790
-0.05877288
0.00683220
-0.04413113
-0.05807765
-0.06029430
-0.01004913
-0.00819678
0.01948324
0.01118134
-0.02239405
-0.08453926
0.08311619
-0.04091890
-0.08816269
0.05072667
-0.02742339
-0.07972819
-0.03886579
0.04720034
0.00503411
-0.03659789
0.08208760
0.12620305
-0.01617241
0.00853570
-0.04107722
-0.01014301
-0.02369510
-0.05566967
-0.03765196
-0.00808287
0.02016450
0.00413444
0.07797509
0.05291440
-0.08483778
0.00115334
0.01302378
0.00750257
0.01622297
-0.04805911
-0.05147371
-0.02265316
0.01930274
0.06900656
-0.04461171
0.00022167
-0.00312603
-0.05746826
-0.09827928
0.01962420
0.03095088
-0.00155160
0.01316765
0.01500291
-0.00530243
-0.01623019
0.04339645
-0.02970433
-0.04723240
0.03056592
0.07460482
0.03280363
-0.00596003
-0.09945364
-0.00220605
0.00652547
0.00375344
-0.04298183
0.06879507
0.01193758
0.01364426
-0.00887789
-0.02865192
-0.03816543
0.03032031
-0.04719885
-0.04079869
-0.00459803
0.03593511
-0.03944084
0.03265261
-0.11704667
0.00844325
0.03633745
-0.02304986
-0.03230039
0.01511577
-0.04511570
0.07314060
-0.06217578
0.05959502
-0.02468309
-0.01302080
-0.03996925
-0.00171211
-0.06915892
-0.00191120
0.03635809
0.01931980
-0.06611428
0.05328069
-0.13341543
0.01539236
0.07585340
0.03502369
0.03586251
-0.02000571
0.07170007
0.00048078
0.02063324
0.01068803
0.02090959
0.09624381
0.03530150
-0.06022215
0.06856436
0.01108379
-0.07239559
-0.07132377
-0.04527511
-0.09943939
-0.03501672
0.05883649
0.09286632
0.00555052
-0.02933797
0.02928677
-0.01800048
-0.03604179
-0.03202495
-0.05179516
-0.04582291
-0.02662327
-0.00700472
0.00981207
0.10309796
0.01017961
-0.00681768
0.03308371
-0.01340390
0.05332003
0.06811356
-0.04987775
0.06556064
0.03738471
-0.01622004
-0.05351654
0.08888663
0.02156207
-0.08024877
-0.00342204
-0.00065274
-0.03267970
0.07567233
0.00860855
0.04880191
0.00275734
0.02502623
0.04417204
-0.03692326
0.04347767
0.08478986
-0.05673528
-0.01472410
0.01570978
-0.00295530
-0.05787400
0.10136940
-0.03361806
0.03504296
0.05146493
-0.03647424
0.00361918
-0.01393541
0.00438632
-0.02293755
0.04376299
0.03468299
0.04183447
0.05094949
0.04338123
-0.01273950
0.00523708
-0.04416787
0.01688709
0.03524835
-0.03787972
0.04178980
0.01532383
0.02746824
-0.05042008
-0.10535290
-0.00248705
0.04091346
-0.02982187
-0.09509908
0.04022349
-0.02379696
-0.00666376
0.00574641
0.03184896
0.03166854
-0.02730212
-0.01001684
0.02454609
0.02761428
-0.03110103
-0.04986754
0.10325433
0.00624790
0.00607169
0.02780967
-0.04492112
-0.02868128
0.06378952
0.03085115
0.01701697
0.03101828
-0.06963693
-0.02370142
0.03512006
-0.01686031
0.00371121
-0.02943434
0.06455457
0.09425833
0.02446020
0.02257125
-0.00123162
0.04563004
0.02849585
0.02792314
0.01504871
0.01021300
-0.04489555
-0.04448768
-0.02375001
-0.02989200
0.07065855
-0.03701307
0.00918770
0.08283807
0.01682209
0.00803472
0.00654913
0.03933313
0.03359375
-0.02640000
-0.10246463
-0.03325696
-0.02709944
-0.02090315
-0.02943415
-0.05930924
-0.04077261
-0.03465920
0.04270737
0.03666191
-0.00283234
-0.04755029
0.06220939
-0.09526986
-0.08039869
-0.00682933
-0.02886732
-0.07131866
-0.10113201
0.02079036
-0.01307832
-0.13606380
0.03976730
-0.14134426
0.01912827
0.01300245
0.00068313
-0.01764794
-0.03442466
-0.01440547
0.02348860
0.03668376
-0.00601194
0.00282746
0.07816210
0.06019503
0.00121471
0.00450359
-0.07030378
0.00598015
-0.00260269
0.01917624
0.05403502
-0.00146441
-0.00823718
-0.04025372
-0.01278986
0.00947017
-0.00604093
-0.02242056
-0.00781892
-0.04005889
0.06672308
0.00790516
0.01579827
-0.05456451
-0.04813787
-0.00586905
0.02546141
-0.02294821
0.00293682
-0.00362424
0.07788111
-0.00420696
-0.07968605
-0.00789345
0.03260671
-0.01789498
0.02436062
0.03558945
-0.00630808
