0.00141465
0.00088729
-0.02327868
-0.03911676
0.00543474
0.02816060
-0.00295496
-0.00768810
-0.00984234
-0.00288708
-0.00219453
-0.00989413
0.00958025
-0.04110616
-0.03598432
-0.03085813
0.01155317
-0.01960338
0.09035161
0.03759767
0.00057370
0.04238172
-0.02906879
0.00003104
0.00006050
0.00431273
0.01331949
0.02068131
-0.02087737
0.02315741
-0.02080945
-0.00357307
0.01154009
-0.02001168
-0.01316569
0.04077623
-0.00517817
0.01992906
0.00614842
-0.03947799
-0.00957983
0.00052831
-0.06531326
-0.04253926
-0.00859250
0.02358676
-0.04421488
-0.00519890
0.01579552
0.01752282
0.02091808
-0.05160816
-0.01101338
0.02399565
-0.02390401
-0.00064973
0.00375043
-0.00236238
0.44913426
0.06277546
-0.02147652
0.03278738
-0.00534210
-0.01861869
0.01604442
0.00549405
-0.00490125
-0.00442030
0.04857231
0.03439822
0.01411163
-0.00571547
-0.02403259
0.02065914
-0.01420946
-0.02310666
-0.05130653
-0.01629624
0.02012890
0.01228814
-0.02405985
0.02003605
0.01317463
0.06886148
0.02693150
-0.00365413
0.00491725
0.00516789
0.04896983
0.00172553
0.01490068
-0.00762039
0.04058461
0.00973100
-0.01756011
-0.00541114
0.00778270
-0.02889639
0.04243037
-0.00540986
-0.00304549
-0.02647451
-0.00542485
0.00790880
0.00194536
-0.00255303
0.01420317
0.02934048
0.01723124
-0.04389988
0.00074957
0.03210565
0.01106484
-0.00288512
-0.00849696
0.00256893
0.02703387
-0.00627750
0.02213253
0.00665922
0.00289429
-0.00592074
0.00746631
-0.01605529
-0.01973889
0.01374577
-0.00256655
0.00069072
0.01852357
0.05280992
-0.00557937
-0.01043589
-0.01415714
0.00139427
-0.00637199
-0.01253552
-0.00548625
0.03878454
-0.12848251
0.02876507
-0.02775943
-0.02373750
-0.01163431
0.00542755
-0.01496343
0.10400417
-0.02341792
0.00911824
-0.01637575
-0.02727723
0.04065889
0.01887334
-0.03140965
-0.00009691
0.00906176
-0.02201846
0.01024724
0.01090059
-0.04820247
0.01418700
-0.00030954
-0.06055773
0.04466311
0.01229295
-0.01253391
0.06041262
0.00917296
-0.01542989
0.01088240
0.02601080
0.00148032
-0.00307060
0.02168888
-0.01321007
0.04943353
0.02551072
0.02977197
-0.02880431
-0.03713248
0.00168558
-0.03660107
-0.03142724
0.00588224
0.02954118
0.03703289
-0.04696522
0.03537587
-0.01121995
-0.01172490
0.04404897
0.03581095
0.03428304
0.00792783
-0.01768312
-0.00965023
0.02255871
0.01648101
0.03548295
0.00269617
-0.02806459
0.07123251
0.02723991
0.08771783
-0.00753084
0.00997523
-0.06000102
0.01130453
-0.01238031
0.00223102
-0.06555054
-0.02179368
0.00180048
0.01907512
0.01596035
0.00808324
0.00392479
0.00018766
0.05114406
-0.01030772
0.03614454
-0.00007920
-0.77735227
0.03288043
-0.03363887
-0.00936220
0.00239091
0.01635262
-0.02064697
0.02101931
-0.00127514
-0.01227129
-0.02784302
0.00075737
-0.01003945
-0.03185365
-0.00369350
-0.00502552
0.00806282
-0.01347120
-0.00852030
0.00773127
0.01356864
-0.02603775
-0.04878240
0.00239983
0.00613290
0.02997535
0.01397788
0.00019891
-0.00212069
0.00475386
0.01019972
0.04799254
0.01142590
-0.01075370
-0.01811041
0.17986646
0.00024139
-0.07072467
0.08052666
0.01358801
-0.12650657
0.02735983
-0.13258405
-0.04345601
-0.00133128
0.10628098
0.00291652
-0.02900331
-0.04580010
-0.01618170
0.00410985
0.04498758
0.04327163
-0.04113067
0.00918812
0.00562979
0.02688384
-0.06044467
0.04134290
0.04323280
-0.10190747
-0.00769325
-0.07297634
-0.08272350
-0.06919326
0.12570819
0.01019255
-0.04398957
-0.02543442
0.06409357
0.02382058
-0.01429316
0.00945142
-0.04716809
0.01138048
-0.17322952
0.07450315
-0.00460589
-0.10367189
0.05633581
-0.01086899
0.83442551
-0.13946377
-0.01678470
-0.13695081
-0.02036417
0.11433244
0.03425177
0.07702816
-0.04741441
-0.01194572
0.08685254
-0.01148478
-0.02291002
0.00476765
-0.08827005
-0.07740314
-0.07097042
0.06294849
-0.05465772
-0.00703435
-0.02675512
0.02460491
0.03799791
-0.00183079
-0.02877322
0.00798280
0.00068561
0.01408243
-0.05192610
-0.02328789
0.01855307
-0.00733229
-0.00121766
0.01196542
-0.02419727
-0.07244426
0.01116186
0.00123079
-0.07457876
-0.04661548
-0.04032041
-0.01488680
0.07167674
-0.01358252
-0.00613528
-0.07347628
-0.01495761
-0.03909390
0.06116515
0.00212078
-0.03133233
0.04852602
-0.02469614
0.12476320
-0.01672677
0.02634213
0.04028413
0.01608907
-0.00128386
-0.01997180
-0.03440258
-0.00160787
0.01617330
-0.02937391
-0.02075312
0.04006723
0.04190894
-0.02808478
-0.00682079
0.06097457
0.02950937
-0.07168166
0.05565151
-0.07381526
-0.09399955
-0.01765543
-0.04681124
-0.02573670
-0.03875065
0.01877209
0.02561026
0.01502057
0.03834920
-0.00490787
0.01543152
-0.02082369
0.06043739
-0.02256614
0.02405720
0.05680645
0.09182961
-0.03138470
-0.02769484
0.02073313
0.06295238
0.05690141
-0.02561904
-0.05956120
0.03995190
-0.06884447
-0.09018984
-0.02898190
0.04151196
0.06510944
0.05233516
-0.02118053
0.09334275
0.03583136
-0.05785029
0.00827195
0.01451486
0.04082093
-0.02156259
0.01832868
-0.00185635
-0.06972065
0.04908995
-0.01865878
-0.00924174
-0.01515984
0.04409320
-0.03354325
-0.02639483
-0.01483900
0.00324404
0.03928017
0.04019699
-0.00339621
-0.03496711
0.02783529
0.02256243
-0.00318800
0.04728800
0.02255758
-0.04466800
-0.02430559
0.04447273
0.00060939
0.00427426
0.00717075
0.03757770
-0.02501365
-0.11264008
0.02179980
0.02657891
-0.08819612
-0.00358974
0.03476280
0.04586364
-0.01164488
0.03254353
-0.03402529
0.06994572
0.00103136
0.04607276
0.01225002
-0.03409294
0.07673343
0.13145952
0.04080483
-0.01480646
-0.02706003
0.08032796
0.03637500
0.04621834
0.03157609
0.00075431
0.03569426
-0.02569109
-0.02353776
0.06414419
-0.02119547
-0.03794825
-0.04370854
0.06084592
-0.03590173
0.07043794
-0.03222773
0.00856565
0.05862106
-0.06388544
-0.03054707
0.02564473
-0.00276151
-0.01503287
0.02111004
-0.07308026
-0.05005758
0.08308136
-0.07933951
-0.00465344
0.06740711
0.01498730
-0.03487989
-0.04753062
-0.00375377
0.13143076
-0.03703750
0.04126946
-0.03275598
-0.01340785
0.05138686
-0.06613167
-0.08889298
0.02886619
-0.05615198
0.00808361
-0.06290181
0.02995523
0.01257727
-0.05668771
0.02614271
-0.02700791
0.01954953
-0.03047710
0.00529188
0.02284520
-0.01146661
-0.01374831
-0.02608689
-0.07882740
0.05817856
-0.04659858
0.03016386
-0.03421013
0.04241138
-0.07774269
0.00170248
0.01865062
0.02230776
0.01216682
0.05998657
0.04589362
-0.03797724
-0.02469544
-0.00112409
-0.01491628
-0.01830945
-0.07996760
-0.05812136
-0.04016751
0.03516679
-0.00050078
0.07874949
0.04338620
-0.09266382
0.03014310
-0.01210524
0.02337974
-0.01135672
0.02282404
-0.03474369
-0.02542875
-0.07876037
-0.00289094
-0.00316477
-0.04897489
0.01293722
-0.07295334
-0.05647487
0.04072397
0.01607513
-0.00652802
-0.02791924
0.05345109
0.05512508
-0.00188512
-0.00266147
-0.00993655
0.00490747
-0.02169631
-0.01695879
0.06924339
-0.05611917
0.00413956
0.04740201
-0.03569531
0.02179332
0.02739840
-0.00724248
-0.02127389
0.02383497
0.00603407
-0.06901928
0.02558544
-0.00672342
-0.00659016
-0.01912502
0.01077963
0.02595411
-0.05177467
0.08405866
-0.10031976
0.00046612
0.00435224
0.07961697
-0.00367775
-0.00404607
-0.08221185
0.09631485
-0.03515046
0.05788143
-0.03056634
-0.06510723
0.03827012
0.02705199
0.00312938
-0.03912697
0.04760576
0.00991743
-0.00821981
-0.04555143
-0.09452897
0.00559845
0.02853823
-0.02269961
-0.00100109
-0.01865887
0.04209409
0.01249227
0.05129345
0.00858435
0.00767871
0.06233388
0.05477583
-0.06252197
0.02949381
0.02120586
0.00591591
-0.16688813
0.02599699
-0.10650527
0.00492351
0.01348426
-0.04428000
0.06086341
0.03405583
0.01299639
-0.02166948
-0.04789954
-0.01812853
-0.01090160
-0.00694130
0.00409794
-0.03561864
-0.00891638
-0.02319183
-0.02336519
0.01945223
-0.02609094
-0.03328636
-0.05350313
0.02315568
-0.08441440
0.06840276
-0.00820854
-0.02225524
-0.03042034
0.09067935
0.02102860
-0.07069331
0.04604260
0.01342087
-0.01174797
0.02926332
0.00500947
0.03598526
-0.01857403
0.02129706
0.04128380
-0.02390821
-0.01476648
0.04065365
-0.06620474
0.02415925
-0.03540512
-0.00953396
-0.03448770
0.01922939
-0.03213495
-0.00240713
-0.01396433
-0.00167362
-0.04116879
-0.05646328
-0.03170616
-0.03238423
0.02662498
0.01107156
0.01499020
-0.00416013
0.00145762
-0.01549381
0.02357365
-0.05130491
0.05747792
0.04592156
0.02301620
-0.04138971
0.09484577
0.03112937
-0.04390128
-0.12993693
0.06744736
0.00302905
-0.05599995
-0.10378490
-0.02852382
-0.11747291
-0.03289830
0.00110062
0.04983413
-0.03767542
0.02683076
-0.03028651
-0.02391387
0.02791862
-0.02838059
-0.04862128
0.00988254
-0.00734345
0.00884268
-0.00181304
-0.05172237
-0.04912297
0.07764066
0.04463449
0.06986513
0.05100974
-0.01111216
-0.04821570
0.02502171
0.04032459
-0.01937489
-0.04930727
0.04739281
-0.03189769
-0.03447085
-0.02184923
-0.03600435
-0.00020344
0.05988644
0.01611637
0.01279181
-0.04584532
-0.00974338
-0.04605203
0.02029128
-0.02368523
0.07026862
-0.00625275
-0.02310454
0.09028950
0.06261199
0.02231727
-0.02628412
0.01600247
0.01859987
0.00948505
-0.04806950
-0.06012602
-0.02690716
0.03755542
-0.00561600
-0.06676318
-0.08298619
-0.05453695
0.02148494
-0.00226665
-0.07733324
0.00909861
0.03832279
-0.04530088
-0.09361731
-0.05713745
-0.00735420
0.01613942
-0.10089884
-0.02323681
0.03033888
0.02138438
0.06165650
-0.14133778
-0.01645444
0.01255443
0.01017952
0.00521265
0.02255348
-0.03142609
0.00125875
0.01875127
-0.07531910
-0.01189300
0.07007367
0.04327481
-0.03327456
0.01739413
-0.00498026
0.03344801
-0.08992667
0.05605036
0.02116563
0.01779471
0.01415464
-0.03135841
-0.01080143
-0.10535433
-0.00762007
0.01120978
-0.03832174
0.05781857
0.00880702
-0.03252480
-0.00827534
-0.03500819
-0.04426145
-0.03394631
-0.00166186
-0.02012959
-0.01551289
-0.01965744
0.06691098
-0.01047507
0.00790414
0.01592073
0.04713376
-0.03503105
0.07504081
0.04209500
-0.01716718
