-0.00172028
0.00017373
0.03233841
-0.00107452
0.00628468
0.00556985
-0.01395921
0.00387168
-0.05237240
-0.01064572
0.02938319
-0.01314866
-0.01548456
0.01381013
-0.00903480
-0.00295721
0.00785679
0.00340872
-0.05260593
0.00365301
0.01028394
0.05006643
-0.00116439
0.01441717
-0.00264730
-0.01698189
0.01582927
-0.01902000
-0.00463335
-0.00269871
-0.08605486
0.02328503
0.03013425
-0.01456928
0.00432036
0.00338412
0.03630112
0.00079414
0.01407899
0.00818529
0.00925779
0.01304159
0.08707965
0.01515790
0.01503849
0.00083938
-0.00890660
-0.00026144
-0.01476871
0.01898657
0.02856045
-0.00040145
0.02712760
-0.02347501
0.01736703
-0.01881670
0.00871769
0.01731548
0.50804186
-0.01748681
-0.01089609
0.00835940
0.01576986
-0.05141213
-0.01340039
0.07140812
-0.02991600
0.01832746
-0.08511664
0.02760980
-0.01009311
-0.00207014
-0.02399695
0.00159146
-0.01284631
0.02291604
-0.00134073
-0.01569786
0.00173750
-0.15275177
-0.01312673
-0.00884887
-0.01696075
-0.00455678
0.02004666
-0.01218016
-0.00504661
-0.01295147
0.00818141
-0.03579776
-0.01813831
0.03119363
-0.00781780
0.01885075
-0.00658553
0.00756199
-0.00722826
-0.02035805
-0.00876949
0.00999492
0.00433327
0.02571554
-0.01304145
-0.00429466
-0.02408328
0.02211374
0.00924062
0.01339169
0.00535900
0.00761909
0.01838318
0.02359206
0.02281575
0.00683055
-0.01564399
0.01012900
-0.00582155
-0.00365207
0.01059821
-0.00809487
0.00951084
0.01463213
0.02326022
-0.01903517
0.03575303
0.00955684
-0.05552280
0.00478207
-0.00570075
0.09267890
0.05817113
0.02670160
0.01519540
0.02472227
0.00582521
-0.00951450
0.04508548
0.02752423
-0.05593313
0.00197435
0.02274388
0.01647271
-0.00866247
0.01113259
0.01064110
-0.12222791
0.00466159
-0.00551022
-0.02247422
-0.00193694
0.03162191
0.01588883
-0.02048064
0.02113619
-0.00119041
-0.01603561
0.02465152
-0.00775650
0.03114010
0.03624575
-0.01880944
0.04282984
-0.06010995
0.00628327
0.00673944
0.05075880
-0.02115990
-0.02304303
0.02099097
0.01943437
-0.01226702
-0.01182936
0.00598353
-0.01674451
0.01275412
-0.00446339
-0.01101083
0.01105142
-0.07653710
0.02244023
0.00665900
-0.00268095
0.01563630
-0.00736169
0.03479429
-0.20997253
0.15151814
0.01202148
-0.00404952
0.03765032
-0.00372936
-0.01795474
-0.01030258
0.02147424
-0.03812046
0.02526933
0.12921409
0.02278148
0.03638153
-0.00894675
-0.07070631
-0.00398397
0.11413265
0.02568838
0.01663420
-0.01455766
0.00544135
0.00482029
0.00025094
0.01271722
0.00615076
-0.02394750
0.00367004
0.01750383
0.03437915
0.01592590
-0.00878207
0.02242858
-0.01438154
-0.00378327
0.01406838
-0.66733706
0.03463488
0.02940526
0.02314882
0.02118978
0.05253284
-0.00792196
0.04193114
0.04103192
-0.01257359
-0.02783740
0.04965085
-0.01384680
-0.03820356
-0.01513012
0.03293436
-0.01758929
-0.00067750
-0.00927545
0.00763790
-0.02100371
0.09723160
0.03226262
-0.02202170
-0.01485648
-0.00778508
-0.02619394
0.01161368
-0.00962407
-0.00107286
-0.00276491
0.02241773
0.01931372
0.00706063
-0.00216650
0.03013093
-0.07247892
-0.03817547
0.00844188
-0.01080141
-0.02726226
0.01106278
-0.13502194
0.01306300
0.01060873
0.16103056
-0.02276494
0.02234937
-0.03706767
0.04780661
0.05021018
0.05493683
0.08390022
-0.06528819
0.02967545
-0.05406738
-0.06931368
-0.01108792
0.07927033
0.04606662
-0.03701301
0.00523814
-0.00774128
-0.12996110
-0.02188495
0.15609711
0.03394535
-0.12838896
-0.00886246
0.19488096
-0.00155782
0.00655002
0.04963423
0.02284293
-0.01059230
-0.17675012
0.06472562
0.07419087
-0.04047187
0.15205546
0.05973459
0.81897229
-0.05145263
-0.02565327
-0.08817318
0.00514102
0.13233832
0.00295650
0.10666063
-0.00939718
-0.03973601
0.10411413
0.02462232
0.04340689
-0.00762378
0.00472594
-0.08746815
0.04075268
0.04275535
-0.04817371
-0.00035170
0.00791511
0.04095628
0.03291413
0.02165352
-0.01269046
0.01927003
-0.04357738
0.00042906
-0.02413511
-0.00663311
0.00626166
-0.03268029
0.00134187
-0.03531216
-0.02849203
-0.04860730
0.00120053
-0.02054647
-0.08214870
-0.04961764
-0.06037400
-0.01491486
0.06929469
-0.03895924
-0.02327119
-0.07119511
-0.04693612
-0.02237910
0.03433989
0.00825281
-0.01277214
0.07140003
-0.06733321
0.16259220
-0.02238058
0.01369940
0.04170294
-0.00423032
0.02108151
-0.04282698
-0.02050065
-0.00225123
0.01299560
-0.01166200
-0.00577993
0.01999886
0.01749570
-0.02194895
-0.03361433
0.11356600
0.01734440
-0.02549633
0.05995266
-0.08440189
-0.08056997
-0.01924720
-0.04340209
-0.00554691
-0.05238992
0.03169756
0.04670810
0.01326238
0.07629171
-0.00446421
0.01236423
-0.01997688
0.01410111
0.03235237
0.02445567
0.07051865
0.06805336
-0.01935023
0.00790505
0.04838588
0.08561180
0.05132959
-0.02672618
-0.04603874
-0.00546039
-0.08456269
-0.10295723
-0.02974560
0.04500007
0.07340068
0.01921781
-0.06995690
0.11763109
0.03529541
-0.10093840
0.03078712
0.01551895
-0.00623158
0.00624944
-0.00881096
0.01385596
-0.05031491
0.02301412
-0.01486007
-0.00484631
0.00612533
0.06087707
-0.03630939
-0.02674823
-0.00221172
-0.00263119
0.01836771
0.07930539
-0.02849071
-0.04123933
0.07992057
-0.00385475
-0.01132105
0.05633933
0.00404626
-0.04211385
-0.04307238
0.06470006
0.01941328
-0.00696835
0.04305286
0.05872199
-0.04697105
-0.10856035
0.00950462
-0.02881013
-0.10971054
0.01812037
0.01169991
0.02804636
-0.01539645
0.04729876
-0.02934769
0.05930813
0.02611988
0.03128842
-0.00116602
-0.00127706
0.06502302
0.09359848
0.06338225
-0.01723045
-0.00091085
0.07506415
0.00470942
0.00646821
0.04582420
-0.03417225
0.02388944
-0.04257576
0.00883363
0.06164531
0.01277581
0.00600727
-0.09121930
0.02399515
-0.02184413
0.07197218
-0.04264167
-0.01886108
0.01843342
-0.09420758
-0.02342454
0.02535354
0.00913915
0.01259376
0.03095688
0.00230068
-0.02264893
0.06808206
-0.07320231
0.01233012
0.09592932
0.00527532
-0.04595206
-0.06625234
-0.04339558
0.06922244
0.00026414
0.01618165
-0.02687047
-0.00207224
0.02096098
-0.06743678
-0.09525142
0.02438018
-0.09123510
0.03408626
-0.06202400
-0.00348902
0.00120633
-0.04100757
0.01216450
-0.03888781
-0.01460644
-0.06889714
0.04623824
-0.02543873
0.02059883
-0.02779277
0.01549494
-0.03608530
0.07347424
-0.03725818
-0.00236081
0.01013171
-0.00524598
-0.09941702
0.00807715
0.02481079
0.04718392
-0.01904466
0.09498517
0.03075782
-0.03099773
-0.00422295
0.01050860
-0.01056431
-0.03816144
-0.08492717
-0.05427895
-0.01429042
0.04188679
0.02980139
0.09273405
0.07211147
-0.09825982
0.02726565
-0.00273873
0.02500898
-0.02434582
0.03430426
-0.04639047
-0.02623430
-0.06162507
0.00986623
-0.02121503
-0.01900368
0.05077844
-0.07261360
-0.06238405
0.00108942
0.00502788
-0.04374614
-0.02329032
0.05001945
0.01408384
-0.00560733
0.02398574
0.02594415
-0.04955749
-0.03049232
0.02769272
0.07871556
-0.04305889
-0.04128576
0.03234301
-0.00376020
0.04477546
0.03253339
0.00464325
-0.03815306
0.03296713
-0.01855699
-0.06587688
0.00887851
0.00531360
-0.01162444
-0.03741393
-0.01354422
0.04689425
-0.01506702
0.06507772
-0.06722180
0.02248310
-0.00150776
0.04101792
-0.01686554
-0.00455398
-0.05339830
0.03488482
-0.00366954
0.05800167
-0.03312476
-0.06367375
0.01486202
0.03818278
-0.00866428
-0.04115919
0.02259041
-0.00912536
-0.01482051
-0.02258255
-0.13065380
-0.00264989
0.03008948
-0.03752329
0.00249238
-0.02413256
0.06245751
-0.00447670
0.05711709
-0.01838646
0.00371759
0.08528899
0.01643641
-0.04989616
0.05993969
0.02318319
-0.03654674
-0.08280663
-0.01589285
-0.08847995
-0.00849704
0.04569100
0.02709158
0.06967077
0.05258776
0.01704012
-0.03823711
-0.04978635
-0.06406707
-0.01985243
-0.03412111
0.02158314
-0.01859712
0.00455682
-0.00405511
-0.03915462
0.00301394
0.03224832
-0.02762590
-0.03059034
0.05145021
-0.07162896
0.04996140
0.04197689
0.02339412
-0.01919737
0.10306221
0.02238970
-0.07513397
0.00978581
0.02656852
-0.02345797
0.05159229
0.02742064
0.05506934
-0.01640603
-0.02445587
0.05950429
-0.01093109
0.01903244
0.04042815
-0.01778838
0.01637864
-0.04309590
-0.00163314
-0.05502844
0.05376213
-0.05282883
0.04739647
0.00160043
-0.00302567
0.01631825
-0.04332032
-0.03542507
-0.05448333
-0.01240282
0.00437318
0.05831996
0.04976557
0.00198743
0.00396041
-0.01419508
-0.03794684
0.04244561
0.06543616
-0.00716544
-0.01286762
0.05987073
0.04611002
-0.02894007
-0.10574324
0.02966694
0.00833325
-0.03486169
-0.10518504
-0.01687691
-0.05874517
-0.00585408
0.02046856
0.03766784
0.00633230
0.03378888
-0.01159823
0.04735516
-0.00821804
-0.02351065
-0.04025149
0.03953657
-0.01226268
0.01743033
0.02438439
-0.06595553
-0.05928692
0.06638491
0.05861165
0.04403119
0.03690611
-0.02008754
-0.00494835
0.04688374
-0.01216458
-0.02652199
-0.05735035
0.04234726
0.07355958
-0.01120822
-0.00221472
-0.02439635
-0.02843848
0.07065459
-0.00567183
-0.00449757
-0.02317885
0.03449179
-0.01625634
0.02201305
-0.00556685
0.08486033
-0.01689553
0.00065527
0.08578629
0.01043800
-0.00358444
-0.01479017
0.02116625
-0.00314796
0.00228097
-0.07547779
-0.07082853
-0.03227054
-0.01781845
-0.03715651
-0.08848713
-0.05857851
-0.03670086
0.05088149
0.04248099
-0.04667052
-0.05657350
0.07118697
-0.05886347
-0.07835948
-0.04651348
0.00499415
0.00584708
-0.09151965
-0.00474658
0.02823798
-0.07116342
0.02225214
-0.14754950
-0.00101123
-0.01621876
-0.00027918
-0.05186740
0.00569727
-0.01993924
0.02551991
0.02291111
-0.02719258
-0.00384596
0.07377648
0.03996400
-0.01728310
-0.01245464
-0.01537352
0.01997155
-0.02779103
0.04428227
0.04567397
0.01078244
0.00534918
-0.06932208
-0.01793853
-0.07571959
-0.04426384
-0.00398959
-0.01320743
0.05214049
0.04997544
-0.04390787
-0.02741451
-0.04470688
-0.03519207
-0.01552035
0.00054231
-0.04755976
0.00807860
-0.01996681
0.07465990
-0.01120614
-0.02276508
0.03311348
0.04507284
-0.02115188
0.03275783
0.01831183
0.00001281
