0.02276869
-0.01435895
-0.00576541
0.01793279
0.00776963
0.03493695
0.02645862
-0.01525296
0.00465417
0.01483127
-0.01206056
-0.01195564
0.00574512
0.03031188
-0.01321167
-0.00737959
-0.01016643
0.01367903
0.14075793
0.02896464
0.00697665
0.02975684
-0.01383965
0.00533388
0.00495336
-0.00957750
-0.02586840
-0.01703813
-0.03651472
0.00395878
0.06920128
0.00729346
0.02822443
-0.02044834
0.00959997
0.02484063
-0.01689417
0.01412427
0.01524835
-0.02967848
-0.01701251
0.00358059
-0.10282642
-0.04046430
-0.00415865
-0.03283419
-0.02612386
-0.01440866
-0.00409838
0.00727709
0.01761898
-0.04688174
0.02559442
0.00096105
-0.01819118
-0.01611203
-0.01200634
0.01434762
0.39315146
0.06333379
-0.01971542
0.02000119
-0.00670255
-0.01393751
0.01449885
0.01075884
-0.00550307
-0.01351529
0.06015332
-0.01510970
0.00846693
-0.00218668
-0.00389388
-0.00589837
0.00145934
0.01306103
-0.00640682
0.00385112
-0.00144860
0.12402832
-0.02059382
0.03990563
-0.00223589
0.06926242
0.02500676
-0.00782803
0.00158934
0.00923916
0.03862437
-0.01358200
-0.02250671
-0.01046108
0.02860476
0.00156618
-0.01305365
-0.00767084
0.01808792
-0.02618729
0.03308574
0.00171537
0.00141500
0.01346092
0.00474369
0.00358886
0.00111183
-0.01632240
0.01804215
-0.00726652
0.04664333
-0.02245439
-0.02167298
0.01993605
-0.00458461
0.00888455
-0.01780767
-0.00539116
0.00628065
-0.01457728
0.01427854
0.00342930
-0.00361876
0.01567963
-0.02339800
-0.02061309
-0.06166249
0.00025143
-0.01770493
-0.00252311
0.00245080
0.01282506
-0.05650166
0.00251837
-0.01557903
0.00424287
-0.00972412
-0.01209476
-0.00482901
-0.00073611
-0.08668604
0.01542036
-0.06103419
-0.00226304
-0.01567539
-0.00128937
-0.00944181
0.17314175
-0.00247248
-0.01071863
-0.00698098
-0.01578692
0.02464540
0.03340166
-0.01201419
0.00675440
-0.00619860
-0.01418901
0.00249525
-0.00887782
-0.06032582
-0.02538619
0.01398424
-0.06925724
0.06048617
0.02077086
-0.00264938
0.04082980
0.00257545
-0.02130956
-0.00769158
-0.00603040
0.01073254
-0.00912853
0.01051247
0.00331950
0.04301343
0.01590429
0.00676102
-0.00907209
-0.01070696
-0.00591905
0.02608166
-0.01289628
-0.00379095
0.03232522
0.00428389
0.09329010
-0.08673027
0.00088995
-0.00100957
0.00024003
0.04370413
0.03586701
-0.00298341
-0.02268815
0.00509839
0.00779465
-0.03152180
0.02792583
0.03606414
-0.01961950
0.04470524
0.03061703
-0.01130124
-0.03441879
0.00600401
-0.03518448
0.01725636
0.00814528
0.01866038
-0.08774534
-0.00711908
-0.01714989
0.02090596
0.01358515
0.00611490
-0.01175967
-0.00311345
0.04141033
-0.01366017
0.00777336
-0.01680489
-0.78269601
0.01197469
-0.02515923
-0.00589810
-0.00312638
-0.00970064
0.01155231
0.00651463
0.01266726
-0.01139282
-0.00475889
-0.02158888
-0.00254715
-0.02240733
0.00575385
-0.00844678
0.00572374
-0.01718108
-0.00968745
0.00355988
-0.00123463
-0.10545469
-0.02305040
-0.00535950
0.02867061
-0.00271407
0.01119746
-0.01621488
-0.01415143
-0.00593650
0.01061605
0.03924102
-0.00441340
-0.01350817
-0.00818514
-0.03283780
-0.03357169
-0.05872464
0.05351344
-0.13491160
-0.22353928
0.10393672
0.01614485
0.02343380
-0.09301951
0.09903026
-0.04863655
0.02920805
0.08134041
-0.09779370
-0.04110620
-0.11025935
0.03407051
-0.03106450
0.00082125
-0.06358697
0.01080246
-0.17086339
0.07950596
0.11929587
-0.12469663
-0.06170001
-0.02722369
-0.08525912
-0.10561121
0.14391916
0.02463364
-0.07597014
0.12304278
0.04442788
0.23607831
0.02273285
-0.05001981
0.01615216
-0.02190280
-0.03928716
0.00128825
0.06019692
-0.06237863
0.15649322
0.14053850
0.72324330
-0.11583664
0.06890562
0.09093393
0.06005743
-0.05208218
0.00798982
0.09610465
-0.06833772
-0.04284628
0.04679858
-0.02106614
0.03586695
-0.02491354
-0.12991527
0.11308666
-0.00387121
0.05078080
-0.07215459
-0.00813895
-0.04498892
0.06445259
-0.00661060
-0.03355362
-0.01451917
0.02168693
-0.02457847
0.00500226
-0.01961943
-0.02856375
0.00915492
-0.01223741
-0.01364597
-0.02540178
-0.03900036
-0.07858527
-0.00100015
-0.01693687
-0.09225670
-0.05482767
-0.00995224
-0.03296691
0.05346988
-0.00676904
-0.03537159
-0.07620220
-0.03221970
-0.03670725
0.05445142
-0.02537139
0.03709890
0.08550340
-0.05830653
0.15151489
-0.01150976
-0.00690523
0.03238707
0.02811320
0.01214359
-0.01703979
-0.03532042
0.00581099
0.02964839
-0.03110258
-0.02803311
0.07915022
0.05334001
-0.01025181
-0.01808985
0.04903773
0.02072827
-0.06113002
0.05085012
-0.09278303
-0.09805688
-0.01329954
-0.05143163
-0.02098223
-0.04410733
0.02298449
0.04847734
0.01418827
0.05784118
-0.00032286
0.02200270
-0.00178685
0.06225813
-0.00085777
0.02232755
0.07293145
0.07128094
-0.03974611
0.00550695
0.05060163
0.06281663
0.07091514
0.00548682
-0.03189920
0.03231514
-0.10049811
-0.08862051
-0.03721874
0.03657968
0.08635838
-0.01072787
-0.06755821
0.10632744
0.03987903
-0.06544318
0.02939733
-0.02876016
0.02740610
-0.00807577
-0.03105114
0.00003108
-0.05556529
0.05598737
0.00555629
-0.01753386
-0.00658606
0.03465682
-0.03311357
-0.03131429
-0.01451652
-0.00679187
-0.01140140
0.04766100
-0.00941882
-0.02537766
0.06231346
0.01416116
-0.02837340
0.04628019
0.03729986
-0.08473225
-0.03255392
0.05774287
0.03493690
0.00180228
0.05326691
0.05243395
-0.01734212
-0.11208012
0.03949278
-0.00666659
-0.08178964
0.01014617
0.03137754
0.02886831
-0.01282515
0.05365394
-0.05175522
0.05319473
0.01433557
0.03783385
0.02102938
-0.04279281
0.04759792
0.06896655
0.04435584
-0.00518887
-0.03978538
0.07343993
-0.01405045
0.01606309
0.05777096
-0.01443111
0.04694287
0.00147770
-0.01126613
0.06602927
-0.02003127
0.01365905
-0.05506406
0.03235089
-0.01201848
0.06996717
-0.01602278
0.00201030
0.04193010
-0.07192653
-0.03553456
0.02116857
-0.00040601
0.00408430
-0.00361788
-0.02854656
-0.00812859
0.05900000
-0.04276214
0.01294017
0.06183937
0.02705210
-0.05411935
-0.01533939
-0.03299030
0.12392548
0.01678828
0.03648962
-0.04884169
0.03643263
-0.01980776
-0.07861483
-0.10536595
0.03405284
-0.05330470
0.01380432
-0.05155997
-0.01199958
0.00293927
-0.03094109
0.00852407
-0.02796720
0.02105070
-0.05880471
0.02737063
0.00125923
0.01569059
-0.02001083
-0.03179773
-0.09307132
0.07624879
-0.03852980
0.04637879
-0.03239444
0.02852118
-0.07913534
0.00242299
0.03510212
0.04338980
-0.01614344
0.09932050
0.03693389
-0.02514998
-0.01386058
0.00695791
0.01029377
-0.01931955
-0.10824870
-0.06394833
-0.00371865
0.00968920
-0.00286356
0.06234938
0.05756228
-0.09611318
-0.00248424
-0.02042386
0.00278599
-0.00714105
0.03867945
0.00166263
-0.02614124
-0.10523275
-0.00693939
0.01821949
-0.02275531
0.03700517
-0.02141388
-0.03688472
0.05046965
-0.01991262
-0.02651426
-0.02949254
0.05116422
0.04268995
-0.00727828
0.01617767
0.05418850
-0.00860046
-0.01542519
-0.00054166
0.07409350
-0.04079604
-0.00339885
0.03531050
-0.04379695
0.02510306
0.06247928
-0.04753051
-0.02713169
0.04291459
-0.01250413
-0.04745666
0.02403511
-0.01643223
-0.02545087
-0.02974816
-0.01441332
0.03514017
-0.04653333
0.05526936
-0.10065977
-0.01471432
-0.01777255
0.05571766
-0.01659317
-0.02757148
-0.06801867
0.08829296
0.00631596
0.01938351
-0.02882045
-0.09121258
0.05266492
0.02850076
0.00642372
-0.06939451
0.05613216
0.00725608
-0.00118751
-0.05025963
-0.07376968
-0.00712919
0.01759080
-0.04113436
0.00891240
-0.06091312
0.05304495
0.00207858
0.03993293
-0.00368895
0.02248384
0.06096326
0.01041858
-0.05569832
0.02795020
-0.00644387
0.04159706
-0.14048594
0.01026160
-0.08546543
-0.01308956
0.00302872
-0.06106966
0.04621997
0.04822299
-0.03038342
0.01872587
-0.05174610
-0.01652654
0.03910984
0.01746049
0.00396568
0.00260080
-0.01725862
-0.05130688
-0.02886411
0.02943925
0.00946644
-0.04412684
-0.07895473
0.04305783
-0.06719472
0.05546064
0.01256637
0.00476701
-0.05101256
0.09081515
0.00479986
-0.05990888
0.05283384
0.05624411
-0.03258478
0.05222176
0.03715519
0.04595945
-0.00018025
-0.00349376
0.06609005
-0.01529477
-0.01299192
0.02118139
-0.05720349
0.02443178
-0.04382620
-0.03244274
-0.04655609
0.00671911
-0.03025457
0.04262786
-0.02394598
-0.00678075
-0.01366802
-0.04674501
-0.03237386
-0.06195302
0.00554866
-0.00331181
0.02362014
0.03747978
0.02159632
0.01084920
0.01174373
-0.05525895
0.05692647
0.02762755
0.00272518
-0.03726181
0.06374829
0.01603159
-0.01620161
-0.11245544
0.02158260
0.00707061
-0.05627146
-0.06602123
-0.03488581
-0.05879435
-0.00045583
-0.00695217
0.03987361
-0.03900874
0.03598162
-0.01635298
0.03050931
-0.00609402
-0.03551815
-0.05030852
0.02478826
0.00273578
0.00542033
0.00535981
-0.05150292
-0.03122557
0.06478123
0.06069985
0.06403464
0.04775658
0.01160532
-0.03055166
0.02490537
0.04411775
-0.04529710
-0.04396787
0.03412779
-0.03350981
-0.02243674
-0.02520841
-0.00679404
-0.01742765
0.06698997
0.02629809
-0.01874769
-0.05548093
0.04456896
0.02428960
0.02010933
-0.01745784
0.03741131
-0.00705475
-0.02457015
0.07405087
0.04470909
0.01017083
0.00205099
0.00616641
-0.00348808
0.04330382
-0.04944915
-0.05805464
-0.01802351
-0.00004847
-0.00953743
-0.08702153
-0.08611527
-0.05958514
0.02284132
0.00484480
-0.07930038
-0.00592838
0.04353179
-0.05827550
-0.06206648
-0.08542795
0.02565154
-0.00429104
-0.09179083
-0.03329602
0.00131475
0.02316258
0.02605687
-0.12886354
-0.01729978
-0.01401816
0.01808297
-0.03149643
0.02927219
-0.03618324
0.03989705
0.03613257
-0.08007525
-0.04005868
0.05923301
0.01330152
-0.02682294
0.02549200
-0.00651541
0.03710648
-0.01867016
0.06369063
0.03763234
0.00972874
0.02123211
0.01077849
-0.00307415
-0.09535939
-0.03711078
0.02627935
-0.01820154
0.05604962
0.05630107
-0.02715463
-0.00455431
-0.03415779
-0.04067697
-0.05186094
-0.01575169
-0.04587951
-0.00481448
-0.01368826
0.05797051
0.00558244
0.01736980
0.04210965
0.05417759
-0.06247457
0.07437102
0.03555081
-0.02101511
