0.00416983
-0.02894282
-0.02168538
-0.03356591
0.00588784
0.03484097
0.00066006
-0.01728996
-0.02507234
0.01469533
-0.01322926
0.00073015
0.01294509
-0.02808676
-0.02978025
-0.02999879
0.01294740
-0.01060027
0.09248206
0.03013465
0.00832253
0.05381718
-0.03548744
-0.00756301
-0.01532377
0.01675204
0.00526303
0.01967820
-0.02720467
0.01156467
-0.01678769
-0.00132788
0.01716198
-0.02872627
-0.00942048
0.05442684
-0.00726476
0.02885151
0.01800304
-0.05562399
-0.02481466
-0.01301308
-0.08550367
-0.05530006
-0.01186848
0.00454601
-0.05457704
-0.00338464
0.02053486
0.02033772
0.01728127
-0.06152375
-0.01459149
0.00891246
-0.03885449
-0.01917267
0.00719183
-0.00424218
0.43497986
0.05807227
-0.02241735
0.02192172
0.01467611
-0.03276880
0.00469494
0.02123580
-0.00268128
-0.01134975
0.04775727
0.03882908
0.01709046
-0.01525449
-0.02498326
0.00885383
-0.00670524
-0.01154636
-0.05263688
-0.01775564
0.01658644
0.03627319
-0.02643656
0.02603894
-0.00418818
0.07590284
0.03634272
0.00705989
0.00549281
-0.00093874
0.04439162
0.01630623
0.01213284
-0.00257760
0.04387236
0.01769115
-0.02810535
-0.01171956
0.01782508
-0.03220935
0.03879271
-0.00573261
-0.01690813
-0.01443496
-0.00869952
0.01335085
0.00084787
-0.01960578
0.01637326
0.01209691
0.02561404
-0.04619583
-0.01133400
0.02223711
0.00226302
-0.00385327
-0.01014339
-0.01881967
0.02484666
-0.01762576
0.01225420
0.00875630
-0.00002209
0.00573138
0.00068673
-0.01327039
-0.01987672
0.00478213
-0.00379786
0.00184949
0.01391513
0.06278644
-0.01604723
-0.01448620
-0.02216588
0.00104624
-0.01057965
-0.00305272
-0.01975371
0.03709990
-0.14369026
0.02986521
-0.02767306
-0.02730072
-0.01994348
0.00067743
-0.02911358
0.10661836
-0.02925092
-0.00389684
-0.01483834
-0.02828169
0.04082510
0.02046902
-0.03130605
0.00399888
0.00018094
-0.02651124
0.01585897
0.00084610
-0.05962753
0.00900662
0.01327151
-0.05148544
0.04276194
0.02622799
0.00032178
0.06294896
0.00904726
-0.00861264
-0.00146919
0.03285184
0.01630452
-0.00868852
0.01932547
-0.00377001
0.04353514
0.01553818
0.03070840
-0.02154335
-0.05388425
0.00105838
-0.02505003
-0.03326827
0.00848653
0.04247192
0.03769064
-0.04404234
0.02239765
-0.01142032
-0.00179914
0.05424421
0.05496533
0.05277872
0.00412088
-0.02506365
-0.00995142
0.02182162
0.02117746
0.04138389
0.01587887
-0.03737896
0.07325986
0.02705354
0.08039505
-0.02090883
0.01353545
-0.05683504
-0.00066443
0.00324877
0.00496883
-0.08086311
-0.02695794
0.00289475
0.02372025
0.02206182
-0.00296415
-0.01271182
-0.00179319
0.04899158
-0.02307898
0.02311235
-0.00843905
-0.76055503
0.01679881
-0.04925266
-0.01621297
-0.00591342
0.01414367
-0.02688373
0.02548965
0.00432060
-0.01523831
-0.04123736
0.00400755
0.00271592
-0.03615103
-0.00141505
-0.01745255
0.01500051
-0.00420284
-0.00924931
0.00637759
0.02985183
-0.02880846
-0.04657291
0.00040360
0.03056563
0.03711589
0.02346181
-0.00666112
-0.01114576
-0.00077749
0.01152655
0.04597467
0.01244743
-0.01642067
-0.01543259
0.00188999
-0.08135016
-0.07579248
0.05406499
0.02227297
-0.01744703
0.02565185
-0.12042654
0.00517699
0.09648271
0.13674052
-0.06586143
0.03493700
0.00535816
0.01163381
0.07386345
0.06928021
0.06955065
-0.08854858
0.01165607
-0.09061517
-0.05168281
0.00282045
0.09059062
0.02031896
0.00656207
-0.00726670
-0.00650748
-0.13218689
-0.02508539
0.19824688
0.03207376
-0.13549928
-0.05277994
0.21253096
-0.01169363
-0.03731534
0.02168808
0.02385595
0.03557848
-0.17164181
0.07331181
0.02504718
-0.10847692
0.17593220
0.01619619
0.75248182
-0.11520110
-0.05554673
-0.13825093
-0.02060498
0.07721927
-0.03202523
0.15707394
0.03343246
-0.03480072
0.16598544
0.05470824
0.03403334
-0.02298866
-0.01250730
-0.10281934
0.04247581
0.06612577
-0.02723458
-0.01090125
-0.02282895
0.01218308
0.04885480
-0.00244808
-0.02659960
0.00332738
-0.00225035
0.00803858
-0.04693594
-0.01857947
0.00463769
0.00785380
0.00849590
0.00294209
-0.02722243
-0.06337942
0.02042553
0.01226968
-0.08346666
-0.05654399
-0.02876666
-0.01837044
0.02970196
-0.01248689
-0.00930885
-0.09091500
-0.04610949
-0.02582102
0.05091490
-0.00177575
-0.03971601
0.04496023
-0.02471780
0.12648669
-0.01651022
0.02305827
0.07216657
0.02765271
0.00551269
-0.03444442
-0.04696401
0.00813393
0.01756409
-0.02817504
-0.03018152
0.03215145
0.05031278
-0.05387715
-0.01182748
0.05530388
0.02993418
-0.05403699
0.02575769
-0.08924954
-0.04675609
-0.02496524
-0.03381713
-0.04710019
-0.02796298
0.02649909
0.01795413
0.01554774
0.04635716
0.01394449
0.01020565
-0.01900449
0.02728415
-0.00688362
0.02403010
0.05019304
0.12994052
-0.04184595
-0.03063819
0.00505180
0.07467607
0.06553608
-0.02671978
-0.04474482
0.03068554
-0.07359071
-0.05341413
-0.02075833
0.08131690
0.04858293
0.04345012
0.00751575
0.09771251
0.01545501
-0.07518876
0.01648503
0.02094765
0.01478410
-0.02185494
0.01231072
0.01692420
-0.04110281
0.02162865
-0.01411008
-0.02404176
-0.00714535
0.03992261
-0.01851560
-0.03023420
-0.00949366
-0.00838633
0.04673871
0.00976800
0.01783337
-0.04314703
0.01324375
0.00280081
-0.01759384
0.05539541
-0.00120203
-0.05515805
0.00349179
0.04484279
-0.00366146
-0.00799769
0.01551695
0.03592294
0.00197269
-0.08718839
0.00640470
0.03330407
-0.09648594
-0.03604110
0.03082469
0.06231361
-0.02251501
-0.00181284
-0.03060632
0.04597501
0.02936633
0.04123218
0.02121479
-0.03041636
0.08222861
0.17550002
0.03341798
-0.00584198
-0.00578131
0.09126113
0.03610167
0.04423760
0.04779331
-0.02874944
0.01301039
-0.02430856
-0.01930300
0.06315890
-0.01487665
-0.05184621
-0.05661957
0.06083276
-0.03721903
0.04037397
-0.01269718
0.01335868
0.05869208
-0.06969699
-0.03411462
0.02455402
0.02715098
-0.00045936
0.02123635
-0.05295265
-0.03777210
0.08686772
-0.07991522
-0.00697256
0.10038306
0.00784537
-0.03253141
-0.07049581
0.00982542
0.11742932
-0.03066032
0.02999985
-0.00587613
0.00203444
0.03369521
-0.06062184
-0.08052917
0.01752654
-0.05712385
0.00243832
-0.05141199
0.00689852
0.01250497
-0.08518540
0.06825846
-0.02765820
0.00997102
-0.02425911
0.00389709
0.02531113
-0.00926277
-0.03539459
-0.01265053
-0.04227043
0.03849432
-0.05135151
0.02695512
-0.00755206
0.04139366
-0.10679653
-0.00215010
0.01076932
0.01147152
-0.01647506
0.04387808
0.03961234
-0.03162395
-0.02798000
0.01326907
-0.00632417
-0.02041612
-0.08206446
-0.03551225
-0.02106047
0.02153037
0.00768525
0.05175729
0.05358849
-0.12393958
0.03297617
-0.00097226
0.01370130
-0.00029524
0.03662805
-0.03722688
-0.01189058
-0.07834741
0.04675746
0.00023790
-0.03974264
0.01751364
-0.08818509
-0.05747795
0.03071319
-0.01610657
-0.00839725
-0.03218351
0.05572116
0.07358125
0.00116048
-0.00147380
-0.00714893
0.00655761
-0.00953361
-0.01827587
0.06595957
-0.08371639
-0.01584509
0.06366160
-0.03437689
0.02862578
0.02419135
-0.00654094
-0.00081497
0.04178206
0.01715850
-0.05923424
0.03607633
-0.01092109
-0.01718331
-0.01630100
0.01438129
0.01431900
-0.04922564
0.07658242
-0.10158828
0.01309376
0.01648154
0.06537063
-0.01138605
-0.01646955
-0.06603899
0.06533722
-0.02586974
0.06813245
-0.02160113
-0.07408686
0.03463065
0.02150666
0.02276257
-0.03341214
0.04338816
0.00783099
-0.00124205
-0.02670915
-0.09702320
-0.00389123
0.02455390
-0.04085693
-0.02134148
-0.02600218
0.03849819
0.01878424
0.04961715
0.02992432
-0.00614248
0.06750482
0.02182697
-0.03763183
0.02024106
0.02042321
0.01144190
-0.14943597
0.04024445
-0.11006478
-0.00010451
0.02195233
-0.05395358
0.05383965
0.02239233
-0.00701757
-0.04727077
-0.04223181
-0.01215395
-0.01531477
-0.01049004
0.01270817
-0.04092031
-0.01087744
-0.00580392
-0.05351977
0.01561560
-0.02778394
-0.00623330
-0.05129794
0.00949052
-0.07830164
0.03657525
0.00394404
-0.02924926
-0.00242094
0.10561760
0.00548855
-0.07127958
0.03082664
0.01739315
-0.03163654
0.04384502
0.00235276
0.02511036
-0.00947475
0.00726892
0.05064899
-0.01392463
-0.01375786
0.04453379
-0.05813914
0.02158781
-0.03263254
0.01932722
-0.06328306
0.00580421
-0.02465728
0.02254787
0.00224574
0.00179471
-0.04536268
-0.05966603
-0.05609561
-0.04227427
0.01015761
0.00984855
0.00731584
-0.00833616
0.00428674
-0.01924138
0.01444555
-0.04680682
0.08807379
0.04147049
0.03218819
-0.05404462
0.07976124
0.01815102
-0.06003829
-0.10513193
0.05681413
0.00385691
-0.04463423
-0.08720686
-0.04593552
-0.11133853
-0.02753803
-0.01008965
0.05639406
-0.02762716
0.01464301
-0.02864697
-0.05580226
0.04060975
-0.02685392
-0.02447332
-0.00866190
-0.02841170
0.04714295
-0.00029302
-0.09076293
-0.05752983
0.04884229
0.07014673
0.05329590
0.04667372
-0.01641984
-0.04504598
0.03729304
0.03866957
-0.05003666
-0.03587799
0.01288429
-0.04043742
-0.02783523
-0.02886103
-0.01942808
0.00747416
0.04626662
0.00046340
0.01059941
-0.03386803
-0.01325897
-0.05317523
0.01151481
-0.02272816
0.05813893
0.00026821
-0.01539808
0.09157159
0.11171000
0.00254494
-0.05434738
-0.01522855
0.03693675
0.00854543
-0.00449563
-0.06171042
-0.02516970
-0.01716068
-0.01389272
-0.10373275
-0.07861713
-0.03535713
-0.00101639
-0.00537642
-0.08672236
-0.00599155
0.05836327
-0.01731245
-0.09857758
-0.04530578
0.00128062
0.00827851
-0.08943365
-0.02134771
0.03285725
0.03779750
0.05301537
-0.14481100
-0.00784003
-0.00265200
-0.00448820
0.01386335
0.00800068
-0.03549109
-0.00828614
0.00590701
-0.05817326
-0.00661804
0.07074195
0.02992230
-0.03051216
0.00684625
-0.00043197
0.02198828
-0.10235178
0.03645260
0.03163697
0.01998350
0.02888128
-0.03462567
0.00030743
-0.08456919
0.00783346
-0.01576442
-0.03347101
0.06056248
-0.01499861
-0.02088346
-0.00564602
-0.01214017
-0.04437090
-0.02975953
0.00153148
-0.03583792
-0.01135291
-0.00207412
0.07991941
-0.01323561
0.00686817
0.02817280
0.04259439
-0.04772048
0.05841310
0.05382657
-0.00755952
