0.02641696
-0.02891352
0.00564103
-0.00087578
-0.00589229
0.02304032
0.01153516
0.01120073
-0.02133273
0.00941002
0.00018809
-0.00300127
0.01984305
-0.01012364
-0.02299089
-0.01138825
0.01560987
0.00256457
0.09199783
0.04479472
0.00370253
0.06265705
-0.05449807
-0.01399729
-0.00924239
0.01084102
0.00119772
-0.00797333
-0.02282435
0.01219961
-0.01326549
0.01357602
0.01903092
-0.02604972
-0.00121073
0.03091265
-0.01564380
0.02098479
0.01072538
-0.05050428
-0.01005258
-0.01752508
-0.05903180
-0.03873098
0.00058799
0.01039366
-0.02438023
0.00354124
0.00518327
0.01394805
0.02351672
-0.08329461
0.00566359
0.00385876
-0.03831973
-0.01417989
-0.00912273
0.00317410
0.44728693
0.03558286
-0.03159459
0.03001856
0.01209349
-0.03535854
0.01183707
0.04742653
-0.01336896
-0.02079219
0.02260025
0.01992071
0.02122285
0.00407308
-0.00962357
0.00826394
0.00623135
0.00517792
-0.01567093
0.01304833
0.00849864
0.06984049
-0.02107254
0.01597894
0.00331768
0.06198394
0.05634630
-0.00185207
0.00893323
0.00785124
0.04270836
0.00357256
0.00790785
0.02538234
0.00437295
0.00937211
-0.00729522
-0.00754478
0.00878874
-0.03471019
0.00600054
-0.01387053
-0.00443152
0.00986033
0.00913488
0.02357057
0.01827333
-0.01198141
0.00082512
-0.00125831
0.03291295
-0.02821069
0.00296424
0.03526117
0.00753127
0.00760357
-0.01399883
-0.00337042
0.01292585
-0.02465296
0.03091543
-0.00181870
0.00122659
0.00217523
-0.01745323
-0.00208877
-0.02295736
0.02135499
-0.01393991
-0.00244002
0.00832855
0.07513301
-0.00654794
-0.01406260
-0.02548146
-0.01415262
0.01251872
-0.01065788
-0.01159291
0.02852290
-0.10963072
0.01282628
-0.05990535
-0.02228049
-0.00969003
-0.00756324
-0.02250478
0.11865674
-0.02717706
0.00790145
-0.01488205
-0.02920524
0.02543814
0.01811883
-0.02181412
-0.00220749
0.00380646
-0.03901378
0.00933753
0.01089448
-0.05709013
-0.00399688
0.01041335
-0.07510397
0.01907009
0.00995871
0.00536429
0.05976428
-0.02076449
-0.01460419
0.00031670
0.03015507
0.02971697
-0.01198444
0.02772489
-0.00554911
0.05856078
0.03464643
0.02627271
-0.02812849
-0.06484537
-0.00537774
0.00019879
-0.04557692
-0.00606073
0.02730711
0.00968492
0.00097607
-0.04597370
-0.02252911
-0.00795342
0.03589874
0.07566056
0.02875146
-0.00971450
-0.02993896
0.00565499
0.02785808
0.04860732
0.03801072
0.00764193
-0.03697789
0.02504365
0.03257459
0.06400660
-0.02654095
0.01619911
-0.02874199
0.00206098
0.02004271
0.01415470
-0.10136925
-0.02093570
0.00031381
0.01305385
0.00792726
0.01411503
0.01418593
0.00028091
0.05310113
-0.03028162
0.00795263
-0.00610410
-0.77114958
0.01476975
-0.02229583
-0.00331951
-0.00591578
0.00018760
-0.01366027
0.02442242
0.00708107
0.00938064
-0.05623059
0.00756982
0.01799090
-0.02577456
-0.01573637
-0.01253757
0.00446040
0.00175634
0.00346418
0.00472008
0.00363624
-0.03237047
-0.00937390
-0.00805805
0.01662054
0.00772127
0.03915016
0.00052107
-0.02668827
-0.00182543
0.00019250
0.03013925
-0.00312254
-0.01624600
-0.01845310
0.16197935
0.00696182
-0.12757276
0.10829677
-0.04061337
0.00506807
-0.03439923
-0.03394444
-0.04020857
-0.14708915
0.13803071
0.13708690
0.07195857
-0.11075258
-0.01995577
-0.06640333
0.01578097
-0.02302208
-0.02037312
0.01974583
0.07255357
0.11274529
-0.10170988
0.02513489
0.03453797
-0.14017729
-0.01642466
-0.07836429
-0.08243229
-0.05254876
0.03781837
-0.05689419
0.03746214
0.04367606
-0.02947234
0.06949676
0.00596637
0.14497192
-0.16284947
-0.04808275
-0.09297858
0.11748438
-0.04577294
0.00675925
-0.08896065
-0.02183929
0.78070581
-0.07298788
0.04022586
-0.06953382
0.09316718
0.10261681
0.09666426
-0.06964920
-0.04233409
-0.03505288
0.01876339
0.00392423
-0.04193643
0.00063760
-0.07305658
-0.03501525
-0.16742830
-0.00593431
-0.03974046
0.00106591
-0.01224148
0.01742938
0.04245689
-0.00217351
-0.00178935
0.03418510
-0.04041329
0.02547880
-0.03405264
-0.02325849
-0.00168033
-0.02376884
0.03107387
-0.01709029
-0.04087356
-0.06722480
0.01486575
0.00968180
-0.07350298
-0.04664283
-0.04787974
-0.03819439
0.08743206
-0.03233537
-0.02793273
-0.05651994
-0.02502747
-0.02600038
0.02822511
0.00268644
-0.01160734
0.05503311
-0.02442277
0.15155622
-0.03421608
0.02677109
0.05734076
0.03550780
-0.01994456
-0.01165565
-0.05730230
-0.00481381
0.04299800
-0.02911617
-0.02369117
0.00701867
0.03068855
-0.05310928
-0.00394177
0.06593758
0.01575533
-0.07921483
0.05023510
-0.08692726
-0.09346911
-0.02245698
-0.02897898
-0.02030496
-0.03667513
0.03027365
0.02682517
0.01277825
0.05988475
-0.01160946
0.03618610
-0.02032268
0.03685277
0.00418244
0.00916187
0.06499290
0.09848049
-0.01846046
-0.02362288
0.04366928
0.03991390
0.03112093
-0.00617503
-0.04250959
0.02652219
-0.09224879
-0.10602643
0.00057213
0.03889910
0.07860297
0.02260802
-0.04777444
0.10623408
0.05228576
-0.05058792
0.03108184
-0.00591503
0.03273634
-0.00436214
0.01883020
-0.02924858
-0.03433915
0.04825505
0.00340415
0.02673528
0.00152373
0.04664911
-0.03393548
-0.02956923
-0.01184256
0.01704296
0.02263813
0.07018922
-0.02012439
-0.00738381
0.02653470
0.01657034
-0.00986218
0.04279431
0.01745899
-0.07008997
-0.04742748
0.05762801
0.00062849
0.01338814
0.02409875
0.03682370
-0.02007527
-0.12044261
0.03127147
0.02046911
-0.08925782
0.02696989
0.01549261
0.03961463
-0.03032506
0.09316050
-0.05400832
0.04572913
-0.00807898
0.02340415
-0.00100307
-0.01980446
0.07500337
0.06862243
0.02349320
-0.02533928
-0.02761491
0.05978502
0.04027700
0.04409700
0.01667584
-0.00863397
0.02711164
-0.02895170
-0.00549349
0.08373421
-0.02781472
0.00844754
-0.05388568
0.05438641
-0.03940642
0.08796403
-0.07056235
0.02600901
0.02201344
-0.10938910
-0.03767795
0.04129667
-0.02362275
0.00278014
-0.03551216
-0.02310837
-0.02289999
0.06583269
-0.06076241
0.01471643
0.06185668
0.00050058
-0.02189008
-0.05996582
0.00250426
0.08000880
-0.01750967
0.01577701
-0.03752292
0.00549370
0.04792002
-0.05203109
-0.07634399
-0.00482340
-0.09738561
0.01943563
-0.02908072
-0.00260841
0.03397298
-0.05896435
-0.02423187
-0.03922414
0.00573647
-0.04964609
-0.00512069
0.02410392
0.01129662
-0.01613766
-0.00568841
-0.07149267
0.09348060
-0.05378316
-0.00253631
-0.01141288
0.00556476
-0.08771428
-0.00188818
0.04487167
0.03479599
-0.04045584
0.07526719
0.04678475
-0.03555107
-0.02340975
-0.00602877
0.00060079
-0.03404448
-0.07480343
-0.06002683
-0.02048372
0.04983814
-0.00961092
0.10108642
0.08555308
-0.06780047
0.00046987
0.00306558
0.00244137
0.00432781
0.01014205
-0.02760953
-0.04898023
-0.04549759
0.00059203
0.00519915
-0.03532930
0.00431796
-0.03742572
-0.06441757
0.02909921
0.00431680
-0.03464605
-0.00411591
0.03473698
0.03169984
0.00170804
0.01488875
0.00671728
-0.02990952
0.01226156
-0.00846488
0.08470055
-0.04943189
-0.05222623
0.04043794
-0.01536075
0.02788744
0.02097871
-0.00135624
-0.01291123
0.01800616
0.01097986
-0.06417885
0.00633605
-0.02302989
-0.03976171
-0.04375523
0.01463040
0.04544569
-0.04660316
0.04590792
-0.09780742
0.03392039
0.00114428
0.04791749
-0.00735733
0.00094903
-0.05068206
0.04988836
-0.03495750
0.06392535
-0.02839772
-0.03481490
0.04124428
0.01984550
-0.02037043
-0.03728298
0.04260484
0.00445195
-0.03070905
-0.05192222
-0.07778542
-0.00254624
0.04923999
0.00691833
0.01394621
-0.04542674
0.05395379
0.01882056
0.03910437
0.00553971
0.02243926
0.06996821
0.04150134
-0.06395147
0.07215583
0.02248042
-0.01415164
-0.10864228
0.00836441
-0.10752750
-0.00749990
0.03548175
0.02596737
0.06989048
0.02327199
0.00068329
0.02542691
-0.03772467
-0.03325764
-0.01699205
-0.00365550
0.01136204
-0.04077729
0.00257684
0.01954295
-0.02948095
0.00362238
0.00731464
-0.01625159
-0.01741606
0.04257922
-0.07587434
0.04626897
0.02450753
-0.00655251
-0.05861184
0.10953915
0.01666617
-0.06984947
0.02821029
0.03669215
-0.03093534
0.08642646
0.02970712
0.06680840
-0.01113487
0.00778335
0.05750108
-0.00780935
-0.01103266
0.05322384
-0.03419103
0.03595406
-0.05168803
0.00525475
-0.03922652
0.04591770
-0.04522623
0.05433998
-0.01677476
0.00092364
-0.04908178
-0.06557555
-0.00487060
-0.03043204
0.02781142
0.00262430
0.02265022
0.04202086
0.02958503
0.00651880
0.03116301
-0.06116835
0.05363777
0.04311499
-0.00834938
-0.01820291
0.07727455
0.02695119
-0.03638240
-0.11584304
0.05381503
-0.00118454
-0.02758209
-0.10445015
-0.00273037
-0.08067329
-0.02186800
-0.00417083
0.07951847
-0.01843711
-0.00052578
-0.03087886
0.02854834
-0.00375697
-0.03401914
-0.03938341
0.05312293
0.02865470
0.01501789
0.01812674
-0.06340314
-0.03152652
0.08193924
0.02278001
0.05768974
0.04009825
-0.00571711
-0.05275185
0.02259590
-0.00306134
-0.02547677
-0.04133400
0.08040863
0.04345969
-0.02226573
0.01705471
-0.03384390
0.02079629
0.06134149
0.02139109
0.03621249
-0.03531180
0.00471539
-0.01553440
0.00232326
-0.00890738
0.06873608
-0.03845313
-0.01134621
0.06771824
0.04058300
0.00344362
0.00065993
0.02761384
0.03950680
0.03742362
-0.08302519
-0.04171146
-0.02180233
0.01131060
-0.01168575
-0.06400857
-0.06913099
-0.06834347
0.03549583
0.01051317
-0.04732057
-0.02603582
0.07026634
-0.07872137
-0.10024347
-0.05632123
-0.01118368
-0.02158091
-0.09851578
-0.03481748
0.03264254
-0.04785521
0.04323352
-0.17064674
0.01701941
0.00375907
-0.00394423
-0.05104847
0.01687346
-0.01276637
0.01518287
0.04257426
-0.04411580
-0.04043603
0.07339863
0.03309868
0.00783791
0.00598104
-0.02176609
0.01891279
-0.03003986
0.06451920
0.03059128
0.05011082
0.00972151
-0.01235342
0.00145550
-0.08534963
-0.02146760
-0.00290323
-0.03707778
0.04983933
0.06570064
-0.04178696
-0.00012173
-0.03841336
-0.05612693
-0.01730760
-0.00975814
-0.02109631
0.00948755
-0.03487339
0.06903327
-0.00345433
-0.02058581
0.02259584
0.06323965
-0.06660198
0.06454518
0.04975280
0.00682000
