0.00330396
0.02176540
-0.02655298
-0.01016790
0.01356539
0.03410479
0.01856476
-0.03291734
0.00875806
0.00687082
-0.03032535
-0.00145361
-0.00217934
0.01119710
-0.03318820
-0.02668023
-0.02633172
-0.00868596
0.15016246
0.02226689
0.00185255
0.00161783
0.00590747
0.00087895
0.02511940
-0.01230118
-0.00760179
-0.00905560
-0.01631168
0.03065421
0.08644818
-0.02222931
0.01057033
-0.01568263
-0.00361472
-0.00685089
-0.02500769
0.01528443
-0.01390810
0.01645140
-0.01422462
0.00988150
-0.11047733
-0.04019858
0.00316192
-0.00568618
-0.00437543
-0.01922732
0.00380463
0.00239747
0.01648491
-0.04160470
0.01524053
0.02220727
-0.00472313
0.01753175
0.00336318
0.01648374
0.40833238
0.08558343
-0.01497375
-0.00446450
-0.03742703
0.01253711
0.04301060
-0.02432650
0.00339156
-0.01885347
0.07532544
-0.02259612
0.00006112
-0.00508609
-0.01921693
0.00734998
-0.01107339
-0.02698254
-0.01583919
-0.01728958
0.02446817
0.12604009
-0.00265295
0.02957787
0.03731143
0.07751444
-0.02157541
-0.01280746
-0.00354280
0.01516609
0.04348794
-0.00084664
-0.02357175
-0.03856196
0.05248702
-0.01124580
0.00293407
0.00259972
0.02732646
-0.02853920
0.04829010
0.00689840
0.01243605
-0.00809859
0.00319092
0.00003427
0.00268833
-0.01628585
0.01907901
0.02470452
0.01749999
-0.03945327
-0.02117626
0.01475614
0.01059908
-0.00469436
0.00151566
0.00738234
-0.00551577
-0.02949574
0.00056598
0.00224419
-0.01937182
-0.01687192
-0.01824885
-0.00402079
-0.06325030
-0.00855453
0.02179788
-0.01342803
0.02655931
-0.01414701
-0.05729185
0.00725296
0.00006388
-0.00467555
-0.03083048
-0.01963275
0.01748188
-0.01108009
-0.11729750
0.04082969
-0.02378451
0.00057811
-0.00138489
0.01460847
0.00079940
0.19128935
0.00924875
-0.00526966
0.00249783
-0.01808736
0.02059829
0.04641303
-0.00786781
-0.01654649
0.02548297
-0.01491168
-0.01569672
-0.00370864
-0.05152052
-0.00042710
-0.00273707
-0.05353816
0.06933730
0.00841352
-0.01760245
0.01982156
0.00774201
-0.00686147
0.00470320
-0.01420639
-0.00905656
0.00165306
-0.00657177
-0.00285224
0.04071477
0.02969615
0.01702305
-0.02104606
-0.00916509
-0.02275432
0.00121434
-0.01142033
-0.02373428
0.01655091
0.00940695
0.08933875
-0.02555283
0.01205560
-0.00707825
-0.00847217
-0.00280743
0.02292349
0.00085890
-0.01663552
0.01225810
0.00844049
-0.04364904
0.02608070
0.05354022
-0.00339550
0.06944013
0.04137468
0.00141449
-0.01269565
-0.01579533
-0.04266986
0.04590823
-0.02345324
0.00883561
-0.07419526
0.01055476
-0.02333695
0.02410399
0.00005783
-0.01494156
0.00840797
-0.00805812
0.03639618
0.01024259
0.00092641
0.01087896
-0.75534785
-0.00032498
-0.02190349
0.01443481
-0.00821355
-0.02208723
0.00393658
-0.01074237
-0.02123722
0.01045292
0.02266485
-0.01966568
-0.00222347
-0.03315757
0.00282990
-0.00898077
0.00238723
-0.00801748
-0.00363939
0.00018710
-0.01291078
-0.09068500
-0.05435850
0.00916654
0.01274917
-0.00901897
-0.00776902
0.01237229
-0.00343718
0.00538473
0.02645968
0.05109600
-0.01006701
0.00121856
-0.00040342
0.00580381
0.03717026
-0.08755443
0.11246395
-0.09809920
-0.12136003
0.02962648
0.02522690
-0.01121350
-0.11822885
0.09761511
0.12433126
0.03837583
0.01451213
-0.06853977
-0.05155398
-0.07733679
-0.03692289
-0.03598738
-0.03397071
0.06884281
0.10280396
-0.23002169
-0.07894894
0.11264364
-0.10416249
-0.05363579
-0.13697043
-0.05578065
-0.02532058
0.05765215
-0.02343225
0.09458979
0.11890454
0.02502445
0.18508705
0.03061522
0.03362491
-0.09774711
-0.02284006
-0.06968882
0.08461282
0.00125516
-0.06181922
-0.00994794
0.02234507
0.76490098
-0.11503774
0.11288033
0.01923527
0.08643924
0.10564040
0.06483856
0.01333385
-0.08777423
-0.06990027
0.03102867
-0.02397677
0.03190159
0.04857980
-0.11552080
0.08178427
-0.09257833
0.01167797
-0.03123993
-0.01345582
-0.05164315
0.02608544
0.01686916
-0.00760364
-0.00083371
0.01133458
-0.00743353
0.01953307
-0.06224183
-0.03000566
0.00256807
0.00419226
0.01710902
-0.00001367
-0.04920446
-0.06428104
0.01202084
-0.00543517
-0.10873080
-0.04904954
-0.03543376
-0.02256542
0.07036281
-0.01644491
-0.01903854
-0.04980095
-0.02177241
-0.02475870
0.01064616
-0.02044800
0.01104943
0.07116364
-0.03012818
0.15958716
-0.04566569
0.01294384
0.06741691
0.05436468
-0.02276314
-0.00351541
-0.05400851
0.02634738
0.04963527
-0.03602966
-0.01536444
0.05738239
0.01792475
-0.06236257
-0.00513087
0.03926597
0.01947842
-0.09461354
0.05319463
-0.08363047
-0.09950850
-0.02927845
0.00194347
-0.03571652
-0.03953800
0.02051591
0.01187531
0.00288882
0.06697427
-0.03639176
0.01350727
-0.02569867
0.05374027
0.00633911
0.02278769
0.05198371
0.11554712
-0.02578178
-0.03892368
0.02560550
0.04681045
0.04510000
0.02932451
-0.04484628
0.04193835
-0.09788746
-0.10056017
-0.01484599
0.01326428
0.07241204
-0.00354656
-0.05349698
0.09970703
0.02671419
-0.02797985
0.01646443
-0.01744596
0.02847865
-0.01532208
0.01065680
-0.02610569
-0.02582982
0.03150484
-0.03674705
0.01193934
-0.01870973
0.02585685
-0.03399079
-0.04014232
-0.02116881
0.00079264
-0.00155718
0.05904496
-0.02248418
0.00615695
0.00749716
0.00765985
-0.02170050
0.05258323
0.04078475
-0.06453461
-0.03018886
0.07002674
0.01012010
0.00307099
0.00568519
0.05688404
0.01196517
-0.09825547
0.06425960
0.01537898
-0.07137901
-0.00268541
0.01290163
0.03856823
-0.03964150
0.10281494
-0.05117432
0.05442560
-0.01765992
0.01908839
0.00596024
-0.02022600
0.06685436
0.07805055
0.02493558
-0.03612501
-0.02796057
0.07055062
0.01699931
0.03448391
0.02989914
-0.00466823
0.04326227
-0.02020853
-0.01717140
0.05713692
-0.02521497
0.02275771
-0.04311482
0.04867202
-0.03193406
0.05888743
-0.08062496
0.03145982
0.02094935
-0.10071692
-0.02518741
0.00962120
-0.02854230
-0.00575395
-0.04954401
-0.03339598
-0.02326286
0.06966049
-0.06166892
0.00281888
0.05578649
0.01251470
-0.05532710
-0.07888507
0.01134576
0.08259132
-0.01979353
0.04793685
-0.03230650
0.01455939
0.02708730
-0.06290666
-0.08773858
0.02234657
-0.09150765
0.01085196
-0.00780746
-0.00553369
0.05840462
-0.06467186
-0.02731240
-0.04289176
0.00904136
-0.01597905
0.00942824
0.01421261
-0.01017357
-0.00019088
-0.01735655
-0.07439575
0.09957054
-0.04937393
0.01544734
-0.03659283
0.02186660
-0.09806825
0.01327827
0.02212094
0.05395978
-0.04111851
0.06836849
0.03580524
-0.04411306
-0.03964812
0.01763470
0.01386701
-0.02074312
-0.07373334
-0.06855786
-0.04150530
0.04538499
-0.02059048
0.09396279
0.08825247
-0.06940067
0.01378799
0.02043238
-0.00211799
0.02985260
0.01985770
-0.01498894
-0.02292885
-0.08066413
-0.00733938
0.01358034
-0.03880958
-0.01760949
-0.03119725
-0.06496692
0.03418212
-0.02769403
-0.03910458
-0.03173451
0.02887744
0.05634486
-0.00072386
-0.00460396
0.00670353
-0.00013755
0.01060306
-0.04180480
0.06772608
-0.04382164
-0.02932026
0.05126943
-0.05011990
0.02769843
0.03849703
-0.00846838
-0.01558777
0.02040259
0.02778717
-0.05451350
0.01788222
-0.02911589
-0.01431065
-0.05202841
0.02082738
0.03026765
-0.07360058
0.05970446
-0.07737625
0.00927881
-0.00002948
0.07102761
0.00501690
-0.03113182
-0.07940644
0.04190887
0.00694330
0.05827211
-0.02353229
-0.04279263
0.05565543
0.01505458
-0.00957547
-0.04743170
0.01805721
0.00158963
-0.01118472
-0.07055368
-0.01917412
-0.01974482
0.05870296
-0.01455796
0.00644476
-0.04788623
0.03699122
-0.00591515
0.04683873
0.01727016
0.02961434
0.04791465
0.01736956
-0.06339763
0.04919086
0.03254458
0.01483652
-0.10601973
0.02025103
-0.10909823
0.00957268
0.02342701
-0.03706048
0.05911384
0.03995584
-0.00761916
0.02364562
-0.05586759
-0.02410630
-0.00545919
-0.01538870
0.00232166
-0.03542513
0.01363221
-0.02948534
-0.01856455
0.00564077
-0.03066452
0.01278829
-0.05798624
0.01387206
-0.07012349
0.02589010
0.00136959
-0.02307826
-0.04735133
0.10650876
0.02285041
-0.04969287
0.02993395
0.01499813
-0.02754155
0.10398291
0.02108789
0.04805818
-0.01827640
0.01670101
0.04883937
-0.00071171
-0.03166776
0.04787264
-0.02128833
0.04834969
-0.06181170
-0.02442130
-0.03231246
0.02335919
-0.03222690
0.05510357
-0.05668607
0.01536576
-0.04533349
-0.04995999
0.01987038
-0.03324877
0.02834151
-0.01482256
-0.00380119
0.04431881
0.00330937
0.04206953
0.05331639
-0.04737278
0.04646426
0.03909661
0.02390928
-0.05574797
0.08231571
0.02323116
-0.03225430
-0.11783172
0.06384673
-0.00016256
-0.00273807
-0.10519382
-0.02093321
-0.10810592
-0.03295101
-0.00969655
0.05574905
-0.02531284
0.01693583
-0.02246214
-0.00281349
-0.02750463
-0.02464496
-0.03152605
0.00006632
0.02025017
0.00193478
0.00770599
-0.03734244
-0.03079104
0.05471598
0.02372294
0.06547536
0.04953165
0.01899008
-0.06267734
0.00295923
0.00143631
-0.04571834
-0.03716407
0.05271041
-0.01326535
-0.00333473
-0.00568145
-0.02077315
0.01408470
0.05853360
0.02783391
0.04064396
-0.05827395
0.00775009
-0.02395426
-0.01150374
-0.01264647
0.04906078
-0.02851169
-0.00591140
0.06944900
0.04649388
0.01265189
-0.00275067
0.00122777
0.04504349
0.04139065
-0.07102569
-0.04578912
-0.01722538
0.00177698
-0.01915252
-0.05903905
-0.07826135
-0.05943856
0.00530544
-0.00466412
-0.07075671
-0.00505232
0.06359563
-0.07343744
-0.09355859
-0.04405742
-0.02018306
-0.01914513
-0.09550568
-0.01810762
0.06006963
0.01154418
0.05427100
-0.17055404
-0.01335259
0.01850208
0.00420409
-0.04128502
0.01242451
-0.02924633
0.01828846
0.01675000
-0.04031613
-0.03583440
0.04936467
0.01695830
-0.00903361
0.01661347
0.01570080
0.01466726
-0.05787461
0.06402438
0.01050095
0.02731226
0.01602423
-0.00844676
0.00508828
-0.08797302
-0.01031882
0.00542918
-0.02426995
0.06084985
0.04383877
-0.05939915
-0.00933011
-0.02467989
-0.04385078
-0.02175739
-0.03512377
-0.03650559
-0.02081629
-0.01628527
0.06259477
0.00414197
-0.02959592
0.02150202
0.04227023
-0.08363747
0.07925370
0.04323350
0.00798645
