2.000875957310199738e-02
-3.854389488697052002e-02
-1.234702765941619873e-02
-3.769266186282038689e-04
-3.494521835818886757e-03
5.271111615002155304e-03
4.330003168433904648e-03
-4.381820932030677795e-02
-3.366851806640625000e-02
3.141789138317108154e-02
-2.095504850149154663e-02
1.483368035405874252e-02
2.739516086876392365e-02
7.150781340897083282e-03
-4.100888501852750778e-03
-1.753212697803974152e-02
6.616289727389812469e-03
-4.580578301101922989e-03
1.494094282388687134e-01
3.926001116633415222e-02
4.783117212355136871e-03
5.991216748952865601e-02
-4.688642919063568115e-02
-1.800268702208995819e-02
-1.263226848095655441e-02
2.613496221601963043e-02
1.860205549746751785e-03
-7.945807650685310364e-03
-7.340504322201013565e-03
-1.588195795193314552e-03
4.730790480971336365e-02
1.796029042452573776e-03
7.488472387194633484e-03
-1.695957593619823456e-02
7.972516119480133057e-03
3.750741109251976013e-02
-1.098478678613901138e-03
1.332654152065515518e-02
1.422034762799739838e-02
-4.764379933476448059e-02
-1.619250513613224030e-02
-7.434556260704994202e-03
-6.886385381221771240e-02
-3.434694930911064148e-02
-1.488456409424543381e-02
-6.000927649438381195e-03
-6.298234313726425171e-02
1.866066642105579376e-02
7.606842089444398880e-03
9.852925315499305725e-03
1.647352613508701324e-02
-6.388872861862182617e-02
3.601220995187759399e-02
-7.379338610917329788e-03
-5.408143997192382812e-02
-2.450080774724483490e-02
3.941616159863770008e-04
-9.214778430759906769e-03
3.920504450798034668e-01
4.754071682691574097e-02
-1.918686367571353912e-02
1.426809560507535934e-02
2.363261952996253967e-02
-4.664280638098716736e-02
1.003352645784616470e-02
5.312521755695343018e-02
1.778932847082614899e-02
-1.756403781473636627e-02
3.065460361540317535e-02
3.391831368207931519e-02
4.798204638063907623e-03
5.990848410874605179e-03
-3.998486790806055069e-03
-4.999434109777212143e-03
2.544278837740421295e-02
5.491744377650320530e-04
-3.850138559937477112e-02
-5.180591717362403870e-03
2.320959232747554779e-02
8.718269318342208862e-02
-9.981072507798671722e-03
-5.252893082797527313e-03
-9.682394564151763916e-03
6.372311711311340332e-02
6.661473959684371948e-02
-1.343117677606642246e-03
3.290950553491711617e-03
2.012692566495388746e-04
3.304031118750572205e-02
2.125379443168640137e-02
-8.188515901565551758e-03
1.290197484195232391e-02
8.493079221807420254e-04
3.780503943562507629e-02
-1.428312622010707855e-02
-1.679235510528087616e-02
1.886715181171894073e-02
-3.668539971113204956e-02
2.558089420199394226e-02
7.476490922272205353e-03
-3.474440425634384155e-02
7.232171017676591873e-03
-3.644879674538969994e-03
8.669082075357437134e-03
5.940395873039960861e-03
-2.461952716112136841e-02
2.552118152379989624e-02
-6.846777163445949554e-03
3.466041758656501770e-02
-3.475708141922950745e-02
-9.289122186601161957e-03
3.879740135744214058e-03
-6.032246164977550507e-03
-1.837581978179514408e-03
-8.482070639729499817e-03
-1.671662554144859314e-02
1.812046393752098083e-02
-2.603780664503574371e-02
2.978596312459558249e-04
2.690524794161319733e-03
6.382496096193790436e-03
-5.750334355980157852e-03
-1.363325305283069611e-02
4.583996254950761795e-03
-1.376134250313043594e-02
1.434644311666488647e-02
-1.229396462440490723e-02
-2.855122089385986328e-03
1.194934360682964325e-02
5.218121409416198730e-02
-1.404720637947320938e-02
-3.006288595497608185e-02
-2.990773320198059082e-02
-1.538567710667848587e-02
-2.796062268316745758e-02
3.251867741346359253e-02
-9.565182961523532867e-03
2.467921562492847443e-02
-7.647226005792617798e-02
6.841877475380897522e-03
-8.777130395174026489e-02
-9.109513834118843079e-03
-2.484736405313014984e-02
-1.321286614984273911e-02
-3.973913937807083130e-02
1.361166536808013916e-01
-3.596084192395210266e-02
-1.345395483076572418e-02
-1.098920498043298721e-02
-1.142349652945995331e-02
3.882543370127677917e-02
2.057499624788761139e-02
-1.895977556705474854e-02
2.340337634086608887e-02
9.741778485476970673e-03
-2.465039119124412537e-02
2.938205748796463013e-02
-4.312397912144660950e-03
-6.674025952816009521e-02
-1.587402261793613434e-02
1.955748908221721649e-02
-7.497928291559219360e-02
1.907848939299583435e-02
1.313030254095792770e-02
1.490589790046215057e-02
7.722575217485427856e-02
2.227906137704849243e-03
1.007272512651979923e-03
-3.073265310376882553e-03
2.822534181177616119e-02
3.399096056818962097e-02
-1.114391442388296127e-02
8.900405839085578918e-03
-1.755143282935023308e-03
3.872042521834373474e-02
3.701828792691230774e-02
7.026054430752992630e-03
1.642169314436614513e-03
-5.555637180805206299e-02
6.054108496755361557e-03
1.312418095767498016e-02
-3.369611501693725586e-02
4.182969685643911362e-03
3.178015351295471191e-02
1.129995007067918777e-02
6.472341716289520264e-02
-6.776484847068786621e-02
-1.104163471609354019e-02
-2.910673385486006737e-03
3.296556696295738220e-02
8.704271167516708374e-02
4.290943592786788940e-02
-6.063752342015504837e-03
-4.343943670392036438e-02
6.754366215318441391e-03
2.640931494534015656e-02
2.808534726500511169e-02
3.055775724351406097e-02
4.504697769880294800e-02
-3.596961870789527893e-02
1.168750971555709839e-02
2.376925759017467499e-02
3.150020167231559753e-02
-2.598667517304420471e-02
3.256969526410102844e-02
-2.260774187743663788e-02
6.287944968789815903e-03
1.374676264822483063e-02
1.060418505221605301e-02
-1.250606030225753784e-01
-1.019134465605020523e-02
-1.483876444399356842e-02
1.088913623243570328e-02
6.922923959791660309e-03
-9.495470672845840454e-03
-2.558546327054500580e-02
2.782371127977967262e-03
4.179036989808082581e-02
-2.728324569761753082e-02
-1.657427661120891571e-02
-1.625014282763004303e-02
-7.668413519859313965e-01
-1.199347991496324539e-02
-5.827307701110839844e-02
1.327757537364959717e-02
-1.204563304781913757e-02
2.499617449939250946e-02
-2.048981189727783203e-02
2.026412263512611389e-02
2.586013404652476311e-03
-5.986320786178112030e-03
-4.825159162282943726e-02
1.593362540006637573e-02
1.504160091280937195e-02
-1.307894289493560791e-02
-1.639171619899570942e-03
-2.606914751231670380e-02
2.597692655399441719e-03
1.052731554955244064e-02
-9.040373261086642742e-04
-1.746134459972381592e-02
2.733766660094261169e-02
-7.022226601839065552e-02
-3.901661839336156845e-03
1.732720178551971912e-03
4.068297520279884338e-02
2.121648006141185760e-02
3.093183599412441254e-02
7.737198378890752792e-03
-3.271279484033584595e-02
-3.996340557932853699e-03
-5.966837052255868912e-03
1.455142349004745483e-02
2.399736084043979645e-03
-2.746666036546230316e-02
-1.658279076218605042e-02
3.339818120002746582e-02
-8.711332827806472778e-02
-3.007983416318893433e-02
5.861265119165182114e-03
9.827757254242897034e-03
-2.569672092795372009e-02
1.605402678251266479e-02
-1.381986886262893677e-01
1.043963432312011719e-02
3.354154899716377258e-02
1.387573182582855225e-01
-1.173033639788627625e-01
-1.148131210356950760e-02
-2.305923029780387878e-02
2.098844200372695923e-02
5.592316016554832458e-02
7.412110269069671631e-02
8.742103725671768188e-02
-8.642308413982391357e-02
3.036466054618358612e-02
-7.545565068721771240e-02
-7.284123450517654419e-02
1.919985935091972351e-02
7.308669388294219971e-02
-4.705321509391069412e-03
-4.546319693326950073e-02
-1.123890839517116547e-02
1.724088750779628754e-02
-9.859461337327957153e-02
-1.129250414669513702e-02
1.542753875255584717e-01
4.356821253895759583e-02
-1.362572163343429565e-01
-1.771908253431320190e-02
2.173096388578414917e-01
7.006900850683450699e-03
-4.832888953387737274e-04
3.078107349574565887e-02
4.398857057094573975e-02
-2.215759642422199249e-02
-2.067736983299255371e-01
3.006676910445094109e-03
8.525644242763519287e-02
-5.802483856678009033e-02
1.846398711204528809e-01
7.830458879470825195e-02
7.840793132781982422e-01
-4.743339493870735168e-02
-3.309403732419013977e-02
-9.649991244077682495e-02
3.281386103481054306e-03
1.120781004428863525e-01
-5.675574298948049545e-03
8.939072489738464355e-02
1.582699455320835114e-02
-1.403739396482706070e-02
1.726834326982498169e-01
3.982737660408020020e-02
5.127670243382453918e-02
-1.907154731452465057e-02
-7.051710505038499832e-03
-8.082622289657592773e-02
3.568102791905403137e-02
3.977769985795021057e-02
-2.157488651573657990e-02
-7.063340861350297928e-03
-6.887266784906387329e-02
6.041137129068374634e-02
4.880821332335472107e-03
-3.571842238306999207e-02
-1.586287654936313629e-02
6.028148345649242401e-03
1.420628186315298080e-02
1.309045031666755676e-02
-6.272230297327041626e-02
-6.586427986621856689e-02
4.223170690238475800e-03
3.214322403073310852e-02
-3.741876920685172081e-03
3.142656013369560242e-02
-4.716282337903976440e-02
-7.101950049400329590e-02
1.388109754770994186e-02
-7.711299986112862825e-05
-7.433039695024490356e-02
-4.849574714899063110e-02
5.418200511485338211e-03
1.539002731442451477e-02
1.441930513828992844e-02
1.054694410413503647e-02
-1.785620674490928650e-02
-5.063423141837120056e-02
1.318333554081618786e-03
-3.478671610355377197e-02
3.360500931739807129e-02
-3.799401596188545227e-02
1.769735105335712433e-02
2.483813092112541199e-02
-5.705380812287330627e-02
1.273220181465148926e-01
-5.688536167144775391e-02
3.380077332258224487e-02
2.615063823759555817e-02
8.670173585414886475e-02
-1.049127336591482162e-02
1.274650078266859055e-02
-5.186597630381584167e-02
1.862738467752933502e-02
3.898070752620697021e-02
-2.210558205842971802e-02
-3.236898034811019897e-02
7.904026657342910767e-02
3.679438307881355286e-02
-3.246913850307464600e-02
5.569662433117628098e-03
1.177670899778604507e-02
2.681781724095344543e-02
-7.068672776222229004e-02
2.751928195357322693e-02
-7.451988011598587036e-02
-8.526729792356491089e-02
3.717165440320968628e-03
-4.833433311432600021e-03
-5.846409127116203308e-02
-5.263160914182662964e-02
-7.673761807382106781e-03
4.459579288959503174e-02
1.001300476491451263e-02
4.455754160881042480e-02
-3.687475249171257019e-02
-2.843027701601386070e-03
-1.681974902749061584e-02
8.199210464954376221e-02
-1.728024147450923920e-02
4.488039761781692505e-02
4.099880531430244446e-02
9.968647360801696777e-02
-2.902461774647235870e-02
-4.934145510196685791e-02
-9.544335305690765381e-03
4.496901854872703552e-02
4.477728530764579773e-02
4.413146059960126877e-03
-4.011535272002220154e-02
4.344088956713676453e-02
-7.373932003974914551e-02
-9.876400232315063477e-02
-1.852795481681823730e-02
2.794168703258037567e-02
1.625569723546504974e-02
-1.764070056378841400e-02
-4.625596106052398682e-02
1.028297469019889832e-01
-4.326532594859600067e-03
1.052103098481893539e-02
-1.078322716057300568e-02
-6.410122732631862164e-04
4.952561110258102417e-02
-2.677598595619201660e-02
9.926778264343738556e-03
-1.145612820982933044e-02
-2.490606345236301422e-02
3.721996396780014038e-02
-4.199263080954551697e-02
-2.028962038457393646e-02
-3.736857324838638306e-02
2.977315522730350494e-02
-2.734598703682422638e-02
-8.576672524213790894e-03
1.293342327699065208e-03
-1.929726684466004372e-03
-1.392788253724575043e-02
1.043060235679149628e-02
-8.949062786996364594e-03
-3.064427291974425316e-03
4.784196615219116211e-03
2.386372908949851990e-02
-3.325178101658821106e-02
5.463083088397979736e-02
5.524992197751998901e-02
-5.425591766834259033e-02
1.909059844911098480e-02
5.210536345839500427e-02
1.737119760036875959e-06
2.868743846192955971e-03
-8.090747520327568054e-03
6.824826449155807495e-02
3.959042578935623169e-02
-3.768055513501167297e-02
5.677698925137519836e-02
2.302294969558715820e-02
-8.949186652898788452e-02
-4.923574998974800110e-02
-5.634576547890901566e-03
3.698956221342086792e-02
-2.548532746732234955e-02
2.113434672355651855e-02
-4.260252788662910461e-02
7.147540152072906494e-02
-1.135686878114938736e-03
3.779170289635658264e-02
1.336966920644044876e-02
-2.632802724838256836e-02
7.163697481155395508e-02
1.068153157830238342e-01
2.954665198922157288e-02
-3.699032589793205261e-02
-2.005274407565593719e-02
6.620421260595321655e-02
1.747382059693336487e-02
2.810690551996231079e-02
2.482444234192371368e-02
-1.980236917734146118e-02
4.676242545247077942e-02
7.828474976122379303e-03
-1.661695353686809540e-02
3.897010907530784607e-02
-4.019158950541168451e-04
-1.025036675855517387e-03
-1.694329828023910522e-02
6.658557057380676270e-02
-2.746294997632503510e-02
5.744781345129013062e-02
-5.006363615393638611e-02
3.078605420887470245e-02
5.748928710818290710e-02
-9.540271759033203125e-02
-3.863896802067756653e-02
2.654677256941795349e-03
-2.542893402278423309e-02
-3.727544797584414482e-03
-2.262339740991592407e-02
-7.636537402868270874e-02
-2.033309265971183777e-02
4.386192560195922852e-02
-4.011699929833412170e-02
-2.931371890008449554e-02
2.271814085543155670e-02
3.310737013816833496e-02
-5.302774161100387573e-02
-2.096893265843391418e-02
3.831902518868446350e-02
1.033987551927566528e-01
-3.185210376977920532e-02
5.110524222254753113e-02
-1.793213002383708954e-02
2.396416850388050079e-02
2.420334890484809875e-02
-7.338651269674301147e-02
-9.520886093378067017e-02
3.626226261258125305e-02
-4.646359384059906006e-02
-6.563646718859672546e-03
-4.686905071139335632e-02
-4.154142923653125763e-03
3.128074109554290771e-02
-3.138064593076705933e-02
1.085115317255258560e-02
-1.837468333542346954e-02
3.334281966090202332e-02
1.194170210510492325e-02
9.517502039670944214e-03
4.600319638848304749e-02
-8.110172115266323090e-03
5.544446874409914017e-03
-1.935802586376667023e-02
-3.361874446272850037e-02
7.063927501440048218e-02
-5.750042200088500977e-02
3.655602782964706421e-02
-9.849952161312103271e-02
8.440886437892913818e-02
-2.912938781082630157e-02
1.545738149434328079e-02
-4.281855188310146332e-03
4.033706709742546082e-02
2.563988231122493744e-02
3.063880093395709991e-02
3.598768962547183037e-03
-2.887088246643543243e-02
-4.272437468171119690e-02
2.922300808131694794e-02
2.183965593576431274e-02
-2.169813262298703194e-03
-7.551369816064834595e-02
-6.240750849246978760e-02
-3.945942595601081848e-02
2.892033569514751434e-02
-1.437107566744089127e-02
4.194247350096702576e-02
6.686303019523620605e-02
-5.394757911562919617e-02
1.987338811159133911e-02
-2.567585324868559837e-04
7.204896304756402969e-03
3.272135183215141296e-02
4.645805805921554565e-02
8.160988800227642059e-03
-1.263971719890832901e-02
-1.153703257441520691e-01
-2.816778048872947693e-02
3.235893696546554565e-02
-2.918459661304950714e-02
-1.307446975260972977e-02
-1.135839335620403290e-02
-2.940132468938827515e-02
6.199328973889350891e-02
-4.790592193603515625e-02
-3.260257095098495483e-02
-3.914516791701316833e-02
4.321503639221191406e-02
7.602617889642715454e-02
4.605776921380311251e-04
-1.699663698673248291e-02
7.325883954763412476e-03
3.587915375828742981e-02
-6.147189531475305557e-03
-8.162830024957656860e-02
6.277103722095489502e-02
-8.721037954092025757e-02
5.272551998496055603e-02
6.189151853322982788e-02
-6.123387813568115234e-02
1.475909911096096039e-02
6.472793966531753540e-02
-4.965015128254890442e-02
-1.733307540416717529e-02
2.670259587466716766e-02
4.226387664675712585e-02
-1.723513007164001465e-02
2.500477805733680725e-02
-2.488495409488677979e-02
9.466275572776794434e-03
-1.338499598205089569e-02
9.401775896549224854e-03
-3.934995271265506744e-03
-6.432157754898071289e-02
5.908104777336120605e-02
-6.298302114009857178e-02
-1.063193310983479023e-03
-1.680527999997138977e-02
1.032874584197998047e-01
5.628220736980438232e-03
-5.455321818590164185e-02
-6.181418523192405701e-02
5.116574466228485107e-02
1.461495459079742432e-02
4.894340783357620239e-02
-1.453000772744417191e-02
-6.079506501555442810e-02
6.061597168445587158e-02
2.571872994303703308e-02
4.798821359872817993e-02
-3.874554112553596497e-02
1.486648805439472198e-02
3.578381985425949097e-02
4.854162223637104034e-03
-6.595512479543685913e-02
-1.084861084818840027e-01
-2.028757147490978241e-02
1.181204989552497864e-02
-1.811690628528594971e-02
4.095237236469984055e-03
-2.876439131796360016e-02
3.707906976342201233e-02
-5.816048476845026016e-03
4.587669298052787781e-02
2.208236418664455414e-02
1.382025238126516342e-02
5.839765071868896484e-04
2.786183916032314301e-02
-7.237973064184188843e-02
-1.840561442077159882e-02
2.237295731902122498e-02
7.753502577543258667e-02
-1.681611686944961548e-01
6.159925460815429688e-02
-7.847495377063751221e-02
2.124389074742794037e-02
-6.287330295890569687e-03
-1.014967858791351318e-01
4.694157838821411133e-02
4.454603791236877441e-02
-5.970958620309829712e-03
9.543106891214847565e-03
-2.500544860959053040e-02
-1.709715276956558228e-02
1.446862705051898956e-02
3.256420791149139404e-02
7.711835671216249466e-03
-2.874616160988807678e-02
-1.702450029551982880e-02
-6.273677945137023926e-02
-2.318225987255573273e-02
1.863593608140945435e-02
-5.029383301734924316e-02
2.618985250592231750e-03
-8.779769390821456909e-02
-1.166684646159410477e-02
-6.677675992250442505e-02
1.995400525629520416e-02
-2.383641712367534637e-02
-2.570129372179508209e-02
-2.857479453086853027e-02
7.969922572374343872e-02
-5.571232177317142487e-03
-5.902930721640586853e-02
6.162094324827194214e-02
1.113162189722061157e-02
3.883995814248919487e-03
3.730738162994384766e-02
1.694506965577602386e-02
9.660797193646430969e-03
-1.160682551562786102e-02
7.767732255160808563e-03
1.013613492250442505e-02
7.438838947564363480e-03
-4.596383497118949890e-02
2.005169540643692017e-02
-3.924856334924697876e-02
3.878836333751678467e-02
-4.491771757602691650e-02
-1.695486903190612793e-02
-1.225258875638246536e-02
-5.346338450908660889e-02
-3.136905841529369354e-03
1.997587271034717560e-02
-3.717361763119697571e-02
1.266969647258520126e-02
-3.568117320537567139e-02
-3.312186524271965027e-02
2.567332470789551735e-03
-1.975631900131702423e-02
3.358859568834304810e-02
-3.511460497975349426e-02
-2.125641331076622009e-02
-4.030442237854003906e-02
-8.799992501735687256e-03
1.634735986590385437e-02
4.972751438617706299e-02
-2.793477103114128113e-02
4.473372548818588257e-02
4.162843525409698486e-02
5.862132459878921509e-02
-8.610688149929046631e-02
8.233607560396194458e-02
4.890375304967164993e-03
-2.892534993588924408e-02
-1.301697194576263428e-01
6.574086099863052368e-02
-9.256149642169475555e-03
-1.105790734291076660e-01
-1.016376763582229614e-01
-6.744632124900817871e-02
-1.305520236492156982e-01
-1.566475443542003632e-02
-1.944135129451751709e-02
3.904532268643379211e-02
-2.945702336728572845e-02
1.952092535793781281e-02
-1.684748195111751556e-02
1.973390113562345505e-03
-7.646019104868173599e-03
-2.889075130224227905e-02
-4.487015830818563700e-04
-3.458283469080924988e-02
8.225955069065093994e-03
5.493443459272384644e-03
-2.701416087802499533e-04
-4.094327334314584732e-03
-1.169908791780471802e-02
1.964444108307361603e-02
4.317853972315788269e-02
7.312094420194625854e-02
5.034512281417846680e-02
3.082871623337268829e-02
-6.678459048271179199e-02
8.713439106941223145e-03
5.599693208932876587e-02
-2.619247511029243469e-02
-1.345611549913883209e-02
1.300029363483190536e-02
-5.434265732765197754e-02
-1.753965206444263458e-02
-3.863766044378280640e-02
-7.411000784486532211e-03
1.357479300349950790e-02
4.067380353808403015e-02
2.291743829846382141e-02
1.203287392854690552e-02
-7.001624256372451782e-02
1.698025129735469818e-02
-7.774481084197759628e-03
1.902548037469387054e-02
-1.272586546838283539e-02
5.233333446085453033e-03
-8.895702660083770752e-03
-4.832582175731658936e-02
4.791421070694923401e-02
5.989316105842590332e-02
3.634020686149597168e-03
6.193234003148972988e-04
-3.044248558580875397e-02
1.621811091899871826e-02
1.457357965409755707e-02
-3.079125471413135529e-02
-2.869983203709125519e-02
-7.534986827522516251e-03
3.783569112420082092e-02
2.848709560930728912e-02
-5.042951554059982300e-02
-6.736672669649124146e-02
-7.668087631464004517e-02
5.886202305555343628e-02
-9.652060456573963165e-03
-1.039442121982574463e-01
4.051482677459716797e-02
3.643586114048957825e-02
-4.681636393070220947e-02
-7.407782226800918579e-02
-5.776133760809898376e-02
-1.658481173217296600e-02
3.524194285273551941e-02
-6.149797886610031128e-02
9.734696359373629093e-04
5.501474812626838684e-02
8.230418711900711060e-02
4.984674602746963501e-02
-1.108812093734741211e-01
-2.689852006733417511e-02
5.267412052489817142e-05
1.460862997919321060e-02
4.350181203335523605e-03
2.931903488934040070e-02
-2.360597066581249237e-02
8.576881140470504761e-03
1.315454393625259399e-02
-7.724028080701828003e-02
-4.056555777788162231e-02
3.407337516546249390e-02
-1.746834255754947662e-02
-2.146933786571025848e-02
3.469903767108917236e-02
3.889319673180580139e-02
1.913050003349781036e-02
-7.660245895385742188e-02
6.285096704959869385e-02
7.649974431842565536e-03
2.959254756569862366e-02
1.980644464492797852e-02
2.246999740600585938e-02
6.686226930469274521e-03
-1.147336065769195557e-01
-1.601820439100265503e-02
1.219578646123409271e-02
-1.853835955262184143e-02
1.088947355747222900e-01
-4.160840529948472977e-03
-4.653303697705268860e-02
-2.871443517506122589e-02
-2.333117462694644928e-02
-3.280624002218246460e-02
-3.888949751853942871e-02
-5.684390664100646973e-02
-2.059366367757320404e-02
-4.655052348971366882e-02
1.323812548071146011e-02
9.617339074611663818e-02
4.752431064844131470e-03
2.237607166171073914e-02
1.639589667320251465e-02
2.572952583432197571e-02
-8.032801002264022827e-02
9.190766513347625732e-02
1.718681119382381439e-02
-1.357612758874893188e-02
