2.502519451081752777e-02
-2.375306934118270874e-02
-1.924855448305606842e-02
1.999250054359436035e-02
-2.406518440693616867e-03
1.420400757342576981e-02
1.001432165503501892e-02
-5.057837441563606262e-02
-2.010685391724109650e-02
2.726398222148418427e-02
-1.615396887063980103e-02
1.236382871866226196e-02
1.936267316341400146e-02
2.651838585734367371e-02
-7.256076205521821976e-04
-9.213399142026901245e-03
-4.034277983009815216e-03
3.388977842405438423e-03
1.846293509006500244e-01
3.046117164194583893e-02
4.920081701129674911e-03
3.718550503253936768e-02
-3.275289013981819153e-02
-1.321690343320369720e-02
4.957621567882597446e-04
1.186675764620304108e-02
-1.086248643696308136e-02
-2.331606298685073853e-02
-8.231834508478641510e-03
-1.087522599846124649e-03
9.563790261745452881e-02
3.523665873217396438e-05
7.379465270787477493e-03
-1.389834750443696976e-02
1.004994474351406097e-02
2.002310194075107574e-02
-2.592312637716531754e-03
5.673216655850410461e-03
7.163826841861009598e-03
-2.580962516367435455e-02
-1.070446334779262543e-02
7.248459383845329285e-03
-8.035001903772354126e-02
-3.198019042611122131e-02
-1.447090413421392441e-02
-2.222268842160701752e-02
-5.169503018260002136e-02
6.881545297801494598e-03
-1.042022369801998138e-02
6.049825344234704971e-03
9.205458685755729675e-03
-6.056967005133628845e-02
5.581556260585784912e-02
-5.641269031912088394e-03
-3.924698755145072937e-02
-1.714404672384262085e-02
-1.569861662574112415e-03
-7.802169420756399632e-04
3.730638921260833740e-01
6.426401436328887939e-02
-1.652024872601032257e-02
1.083183009177446365e-02
7.676295470446348190e-03
-2.846771664917469025e-02
1.596776023507118225e-02
4.476642608642578125e-02
2.355011552572250366e-02
-1.816626638174057007e-02
3.805885463953018188e-02
6.550062913447618484e-03
-3.250157460570335388e-03
1.615089923143386841e-02
-1.622618990950286388e-03
-7.050883956253528595e-03
2.250117063522338867e-02
4.296798724681138992e-03
-1.949451491236686707e-02
1.327112549915909767e-04
1.573796384036540985e-02
1.190109029412269592e-01
-4.355920478701591492e-03
-4.582860972732305527e-03
-3.589255502447485924e-03
6.300786137580871582e-02
6.341271847486495972e-02
-4.727984312921762466e-03
-8.766545797698199749e-04
-1.318160910159349442e-03
2.690254151821136475e-02
5.302178673446178436e-03
-2.824386209249496460e-02
2.632954856380820274e-03
-5.563125014305114746e-03
2.519183419644832611e-02
-4.971865564584732056e-03
-8.267082273960113525e-03
2.099101245403289795e-02
-3.447120636701583862e-02
2.600695192813873291e-02
1.391499955207109451e-02
-2.238889038562774658e-02
1.642036251723766327e-02
-2.937735116574913263e-04
1.464031665818765759e-04
5.175032652914524078e-03
-2.592448890209197998e-02
2.830028906464576721e-02
-8.199301548302173615e-03
3.512645140290260315e-02
-3.142520412802696228e-02
-1.133474614471197128e-02
6.198780611157417297e-03
-2.527708129491657019e-04
8.911023847758769989e-03
-9.891710244119167328e-03
-5.296815186738967896e-03
1.988086849451065063e-02
-2.198427170515060425e-02
2.391768975940067321e-05
-5.761380889452993870e-04
6.546339020133018494e-03
-9.347130544483661652e-03
-1.845405437052249908e-02
3.259083488956093788e-03
-3.863593563437461853e-02
8.655656129121780396e-03
-1.314651034772396088e-02
-3.733053745236247778e-04
6.581042427569627762e-03
2.528075501322746277e-02
-2.649774216115474701e-02
-2.214061655104160309e-02
-2.149288542568683624e-02
-1.058251224458217621e-02
-3.640720248222351074e-02
2.280548773705959320e-02
5.359176080673933029e-03
5.176102276891469955e-03
-5.603594705462455750e-02
7.082848809659481049e-03
-1.023619845509529114e-01
-4.712041700258851051e-04
-2.091526240110397339e-02
-8.337499573826789856e-03
-2.985989488661289215e-02
1.800740957260131836e-01
-2.909521013498306274e-02
-9.614171460270881653e-03
-5.988102871924638748e-03
-3.526870394125580788e-03
3.685765340924263000e-02
2.446104958653450012e-02
-7.895295508205890656e-03
2.203554660081863403e-02
6.902245804667472839e-03
-2.119677141308784485e-02
2.840537764132022858e-02
-8.144857361912727356e-03
-7.008426636457443237e-02
-2.665819786489009857e-02
1.862084306776523590e-02
-8.355310559272766113e-02
2.848390676081180573e-02
9.512800723314285278e-03
4.260326270014047623e-03
6.343884021043777466e-02
-3.393219783902168274e-03
-5.418406333774328232e-03
-7.831821218132972717e-03
8.235430344939231873e-03
2.803918160498142242e-02
-1.200536638498306274e-02
6.068675778806209564e-03
2.243049209937453270e-03
3.284446895122528076e-02
3.451186418533325195e-02
-1.101477770134806633e-03
4.757276270538568497e-03
-3.284902498126029968e-02
9.172876889351755381e-05
3.162057697772979736e-02
-2.625122293829917908e-02
-3.309345571324229240e-03
2.161078341305255890e-02
3.516020020470023155e-03
1.224493607878684998e-01
-8.877835422754287720e-02
-2.602179767563939095e-03
-2.555021084845066071e-03
1.289237849414348602e-02
7.214183360338211060e-02
3.201510384678840637e-02
-7.466462906450033188e-03
-3.995040059089660645e-02
1.079633366316556931e-02
1.892242208123207092e-02
1.551607274450361729e-04
2.430631965398788452e-02
5.873998254537582397e-02
-2.141164056956768036e-02
4.859233158640563488e-04
2.791839092969894409e-02
7.748438976705074310e-03
-2.869362011551856995e-02
2.964399196207523346e-02
-1.375696249306201935e-02
1.911681145429611206e-02
1.077491510659456253e-02
1.406743656843900681e-02
-1.301346421241760254e-01
3.670691279694437981e-03
-2.128488011658191681e-02
1.594508253037929535e-02
-4.763692268170416355e-04
-1.096771284937858582e-02
-2.514690533280372620e-02
4.853290505707263947e-03
2.836770750582218170e-02
-2.281486056745052338e-02
-2.409259602427482605e-02
-1.827894337475299835e-02
-7.592509388923645020e-01
-8.264786563813686371e-03
-5.031836405396461487e-02
1.763951405882835388e-02
-1.374009437859058380e-02
2.104291319847106934e-02
-1.016056980006396770e-03
8.372358046472072601e-03
6.044457666575908661e-03
-1.985661452636122704e-03
-2.638824097812175751e-02
-2.008691662922501564e-03
9.976469911634922028e-03
-1.630997657775878906e-02
5.240136757493019104e-03
-1.517186593264341354e-02
-1.755081175360828638e-04
5.524471402168273926e-03
5.952495848760008812e-05
-2.266032807528972626e-02
7.633138447999954224e-03
-1.072016283869743347e-01
3.306084312498569489e-03
-4.782917094416916370e-04
3.025612980127334595e-02
9.456376545131206512e-03
1.941672340035438538e-02
3.007292281836271286e-03
-2.080451883375644684e-02
-1.908361096866428852e-03
-4.516319837421178818e-03
1.336412783712148666e-02
-1.887933467514812946e-03
-2.105119079351425171e-02
-1.452975999563932419e-02
1.204855367541313171e-01
-6.546923518180847168e-02
3.588469699025154114e-03
-2.410010993480682373e-02
-3.821983933448791504e-02
-6.808685511350631714e-02
-6.284756585955619812e-03
-1.078052520751953125e-01
2.604426350444555283e-03
-2.714216150343418121e-02
1.427770406007766724e-01
-8.982160687446594238e-02
-3.822287544608116150e-02
-1.517665386199951172e-02
4.610751289874315262e-03
5.336476489901542664e-02
4.706394299864768982e-02
1.312551200389862061e-01
-6.313574314117431641e-02
3.449983894824981689e-02
-8.933722227811813354e-02
-6.538515537977218628e-02
1.976467669010162354e-02
4.022380337119102478e-02
1.767211779952049255e-02
-6.823690235614776611e-02
-2.598329447209835052e-02
-9.129832498729228973e-03
-9.578771889209747314e-02
-4.388543590903282166e-02
1.401588171720504761e-01
8.372415602207183838e-02
-1.453192830085754395e-01
2.138795144855976105e-02
1.703938394784927368e-01
-2.767634112387895584e-03
1.347900461405515671e-02
3.242881968617439270e-02
5.134103819727897644e-02
-3.915543109178543091e-02
-1.636081933975219727e-01
6.786203477531671524e-03
8.946784585714340210e-02
-5.168775841593742371e-02
1.674436032772064209e-01
1.090133041143417358e-01
8.161978125572204590e-01
-1.802151463925838470e-02
-2.810443751513957977e-02
-3.918081521987915039e-02
-3.651616629213094711e-03
1.132911220192909241e-01
-1.369675039313733578e-03
7.450883835554122925e-02
-5.068612843751907349e-02
-3.140658512711524963e-02
9.641209244728088379e-02
3.280752152204513550e-02
1.338251028209924698e-02
-5.431174859404563904e-02
-1.303902547806501389e-02
-7.398904114961624146e-02
4.564053937792778015e-02
3.574290499091148376e-02
-4.665447026491165161e-02
-1.671369001269340515e-02
-5.189776793122291565e-02
4.404344037175178528e-02
9.830636903643608093e-03
-1.666964776813983917e-02
-1.976837962865829468e-02
2.940000779926776886e-02
1.400604611262679100e-03
3.280055895447731018e-02
-6.276040524244308472e-02
-5.614522844552993774e-02
-2.443219069391489029e-03
5.391492042690515518e-03
1.605271361768245697e-02
3.145086765289306641e-02
-2.540026605129241943e-02
-6.346192955970764160e-02
1.135137770324945450e-02
-8.346868678927421570e-03
-5.785215646028518677e-02
-4.097433388233184814e-02
-3.331891028210520744e-03
-3.702384885400533676e-03
5.036446452140808105e-02
-4.082513973116874695e-02
-2.706274390220642090e-02
-6.064054742455482483e-02
-3.326064208522439003e-03
-2.320826984941959381e-02
4.380423203110694885e-02
-2.421644516289234161e-02
-1.692542340606451035e-03
3.667451068758964539e-02
-5.348563194274902344e-02
1.378381103277206421e-01
-5.889958515763282776e-02
3.020469658076763153e-02
6.577791273593902588e-02
6.464835256338119507e-02
-5.552159273065626621e-04
-1.643711293581873178e-04
-5.081962794065475464e-02
1.143610756844282150e-02
3.389351069927215576e-02
-4.251327365636825562e-02
-3.102659061551094055e-02
7.207056134939193726e-02
4.310707375407218933e-02
-3.981458768248558044e-02
-8.731446228921413422e-03
2.910661697387695312e-02
3.128421679139137268e-02
-7.789175957441329956e-02
3.703057765960693359e-02
-8.600305020809173584e-02
-1.051405221223831177e-01
-1.099294703453779221e-02
1.185420248657464981e-02
-4.485461860895156860e-02
-6.350749731063842773e-02
1.010965928435325623e-02
4.791120067238807678e-02
1.421593315899372101e-02
6.346334517002105713e-02
-3.859059140086174011e-02
1.830787514336407185e-03
-6.596471648663282394e-03
7.724482566118240356e-02
-2.188134565949440002e-02
2.438112162053585052e-02
5.939913541078567505e-02
1.052145063877105713e-01
-1.142265275120735168e-02
-4.972709342837333679e-02
1.065530255436897278e-02
3.192668035626411438e-02
4.107613116502761841e-02
6.591183599084615707e-03
-3.256331011652946472e-02
4.380634799599647522e-02
-8.990686386823654175e-02
-1.126983389258384705e-01
-1.180375181138515472e-02
4.971668124198913574e-02
3.834148496389389038e-02
6.534475833177566528e-03
-4.515350237488746643e-02
1.286102235317230225e-01
2.703638747334480286e-02
-3.942257165908813477e-02
2.058028988540172577e-02
-2.956498414278030396e-03
3.583588451147079468e-02
-9.629194624722003937e-03
4.916987847536802292e-03
-2.422896400094032288e-02
-4.423969238996505737e-02
6.038243696093559265e-02
-2.984814345836639404e-02
-1.676757936365902424e-03
-3.441758826375007629e-02
7.081449776887893677e-02
-2.735313214361667633e-02
-2.793919667601585388e-02
-9.541324339807033539e-03
9.722183458507061005e-04
-9.918617084622383118e-03
4.855317994952201843e-02
-6.172312423586845398e-03
-2.376551926136016846e-02
2.898732200264930725e-03
1.996716111898422241e-02
-2.180435322225093842e-02
5.016422271728515625e-02
3.233346343040466309e-02
-7.394304126501083374e-02
1.870263740420341492e-02
6.558366119861602783e-02
3.042516997084021568e-03
9.600997902452945709e-03
8.534978143870830536e-03
4.972140863537788391e-02
1.603482477366924286e-02
-9.249237179756164551e-02
4.808347672224044800e-02
2.552734874188899994e-02
-5.556803941726684570e-02
-9.892540052533149719e-03
4.185300786048173904e-03
3.259110078215599060e-02
-4.450112208724021912e-02
5.554049834609031677e-02
-5.650351941585540771e-02
6.793922185897827148e-02
3.464538138359785080e-03
4.026892036199569702e-02
2.070056088268756866e-02
-4.345923662185668945e-02
6.171144172549247742e-02
6.390920281410217285e-02
3.196850419044494629e-02
-3.157182410359382629e-02
-1.824488118290901184e-02
8.545605838298797607e-02
3.053317032754421234e-02
5.116993188858032227e-02
2.044267766177654266e-02
-2.813694253563880920e-02
2.382210642099380493e-02
-2.995164366438984871e-03
-1.393209327943623066e-03
6.634934991598129272e-02
-1.803102344274520874e-02
-1.915090158581733704e-02
-3.399180248379707336e-02
5.738150700926780701e-02
-2.757959999144077301e-02
9.555798768997192383e-02
-6.501354277133941650e-02
2.498745545744895935e-02
3.959267213940620422e-02
-1.063957363367080688e-01
-4.969235882163047791e-02
6.993169430643320084e-03
-3.182753920555114746e-02
-5.146101582795381546e-03
-3.763766959309577942e-02
-5.394741520285606384e-02
-5.636311136186122894e-03
7.186969369649887085e-02
-5.973237752914428711e-02
-5.343504715710878372e-03
4.156848788261413574e-02
2.490093745291233063e-02
-4.443077370524406433e-02
-3.910106047987937927e-02
3.147693723440170288e-02
1.271890103816986084e-01
-4.093091003596782684e-03
3.227926418185234070e-02
-2.902870997786521912e-02
2.556771412491798401e-02
4.729319736361503601e-02
-6.124612689018249512e-02
-8.000478148460388184e-02
2.200373075902462006e-02
-5.357417836785316467e-02
1.559335831552743912e-02
-5.237100645899772644e-02
-5.409253295511007309e-03
1.696567796170711517e-02
-3.379619121551513672e-02
-9.549912065267562866e-03
-2.851326577365398407e-02
3.350258991122245789e-02
-3.729881346225738525e-02
1.702571287751197815e-02
4.450558498501777649e-02
-5.816401680931448936e-04
-1.798938028514385223e-02
-2.952969819307327271e-02
-6.055172160267829895e-02
8.212147653102874756e-02
-5.061090365052223206e-02
5.192907154560089111e-02
-5.991190299391746521e-02
4.040515795350074768e-02
-6.817367672920227051e-02
1.128621399402618408e-02
1.853844895958900452e-02
3.783679008483886719e-02
1.503562275320291519e-02
4.665055125951766968e-02
3.848496824502944946e-02
-3.416703268885612488e-02
-5.876903608441352844e-02
1.166318170726299286e-02
1.384387537837028503e-02
-1.515151280909776688e-02
-7.751397788524627686e-02
-6.380997598171234131e-02
-3.857179731130599976e-02
4.411989450454711914e-02
-2.865193970501422882e-02
6.984691321849822998e-02
8.167576044797897339e-02
-5.863488838076591492e-02
1.079394295811653137e-02
-1.998487487435340881e-02
7.731145713478326797e-03
2.960545010864734650e-02
5.868446454405784607e-02
-3.773239906877279282e-03
-1.529640145599842072e-02
-1.136680468916893005e-01
-4.117333889007568359e-02
1.800553500652313232e-02
-3.419839218258857727e-02
-1.249900087714195251e-03
-4.031128808856010437e-02
-2.964658476412296295e-02
4.671975970268249512e-02
-1.904975436627864838e-02
-3.046429902315139771e-02
-1.933549530804157257e-02
4.597972705960273743e-02
8.479336649179458618e-02
1.136823091655969620e-02
-1.230574399232864380e-02
2.320613339543342590e-02
4.889085888862609863e-03
4.179336596280336380e-03
-6.411879509687423706e-02
8.727186918258666992e-02
-8.178702741861343384e-02
1.729271933436393738e-02
4.868931695818901062e-02
-4.603213444352149963e-02
3.003113344311714172e-02
5.167300626635551453e-02
-3.776328265666961670e-02
-2.892439067363739014e-02
3.854219615459442139e-02
3.789579123258590698e-02
-3.817962855100631714e-02
2.074564434587955475e-02
-2.610640972852706909e-02
-1.472058612853288651e-02
-3.999842703342437744e-02
1.571252755820751190e-02
2.917926944792270660e-02
-3.848027065396308899e-02
5.478759855031967163e-02
-1.036370322108268738e-01
3.623253852128982544e-02
-2.118237689137458801e-02
7.740189135074615479e-02
-1.242407783865928650e-02
-2.053542435169219971e-02
-6.645032763481140137e-02
5.939375981688499451e-02
-4.296599887311458588e-03
5.872691422700881958e-02
-2.104286849498748779e-02
-5.591100826859474182e-02
4.318478330969810486e-02
3.861372172832489014e-02
1.253460440784692764e-02
-4.863089695572853088e-02
2.413121610879898071e-02
2.177277766168117523e-02
-1.020713150501251221e-02
-6.611356884241104126e-02
-5.556642264127731323e-02
-2.088202908635139465e-02
4.548526182770729065e-02
-3.521487815305590630e-03
1.942295953631401062e-02
-3.191255033016204834e-02
4.299341887235641479e-02
2.384991198778152466e-02
4.851799830794334412e-02
4.555351566523313522e-03
1.710375398397445679e-02
2.250070497393608093e-02
3.324097022414207458e-02
-5.559013783931732178e-02
3.098808042705059052e-02
2.468686923384666443e-02
4.998421296477317810e-02
-1.508062928915023804e-01
3.704721853137016296e-02
-8.208813518285751343e-02
-7.079850416630506516e-03
-6.911660544574260712e-03
-6.196025386452674866e-02
6.712534278631210327e-02
3.559867292642593384e-02
-1.045462489128112793e-02
1.628251746296882629e-02
-3.367713093757629395e-02
-2.669277228415012360e-02
1.097918581217527390e-02
2.021744661033153534e-02
1.417382992804050446e-02
-4.140068218111991882e-02
-1.344003342092037201e-02
-3.151331841945648193e-02
-2.233377099037170410e-02
-2.431724453344941139e-03
-2.728763036429882050e-02
5.419368855655193329e-03
-8.580978214740753174e-02
2.156201080651953816e-04
-6.225422397255897522e-02
5.251672118902206421e-02
-1.235333038493990898e-03
-6.003457820042967796e-04
-4.866276681423187256e-02
8.356526494026184082e-02
-3.467123024165630341e-03
-6.196954473853111267e-02
5.221305042505264282e-02
1.302819326519966125e-02
-1.424445584416389465e-02
4.869164898991584778e-02
2.520823106169700623e-02
3.555676341056823730e-02
-3.391061909496784210e-03
1.229337882250547409e-02
3.719648718833923340e-02
-1.519091147929430008e-02
-4.190470650792121887e-02
8.871769532561302185e-03
-4.804260283708572388e-02
4.190250486135482788e-02
-5.535411462187767029e-02
7.725019822828471661e-04
3.361547132954001427e-03
-3.187972679734230042e-02
-1.389713585376739502e-02
3.989295288920402527e-02
-1.857489719986915588e-02
8.547187782824039459e-03
-5.421787500381469727e-02
-6.539698690176010132e-02
-1.903725042939186096e-02
-1.695091836154460907e-02
2.594659291207790375e-02
-2.337923087179660797e-02
1.028148643672466278e-02
1.097734365612268448e-02
2.537438645958900452e-03
1.162725035101175308e-02
4.752912744879722595e-02
-3.408982604742050171e-02
5.287497490644454956e-02
3.225718438625335693e-02
2.919740788638591766e-02
-6.199186295270919800e-02
6.988106667995452881e-02
2.166945859789848328e-02
-1.901324652135372162e-02
-1.193673536181449890e-01
6.316746771335601807e-02
-6.200308911502361298e-03
-6.079553067684173584e-02
-1.250002384185791016e-01
-4.359484091401100159e-02
-1.024806499481201172e-01
-1.644134335219860077e-02
-1.858276501297950745e-02
6.082971394062042236e-02
-1.835615001618862152e-02
2.799946255981922150e-02
-3.598608076572418213e-02
2.898945938795804977e-03
2.079873345792293549e-02
-4.114950820803642273e-02
-2.479658648371696472e-02
-1.046888902783393860e-02
2.599818259477615356e-02
8.375403471291065216e-03
4.298336338251829147e-03
-5.355870723724365234e-02
-1.147368364036083221e-02
3.767808899283409119e-02
3.276924416422843933e-02
8.022811263799667358e-02
4.884785786271095276e-02
2.605646662414073944e-02
-4.757534712553024292e-02
1.800267212092876434e-02
4.383323341608047485e-02
-3.068864718079566956e-02
-3.039995394647121429e-02
4.195445775985717773e-02
-2.222565189003944397e-02
-4.290860146284103394e-02
-8.870403282344341278e-03
-3.661933541297912598e-02
-1.588877057656645775e-03
5.711687728762626648e-02
8.981173858046531677e-03
3.400867432355880737e-02
-5.362298339605331421e-02
2.486668154597282410e-02
1.504156040027737617e-03
2.376490458846092224e-02
2.536989748477935791e-03
3.170925378799438477e-02
-3.410417586565017700e-02
-6.877228617668151855e-02
5.309642478823661804e-02
4.676336050033569336e-02
2.574343234300613403e-02
2.465796843171119690e-02
-2.493744157254695892e-02
8.125221356749534607e-03
3.544643148779869080e-02
-5.838358029723167419e-02
-2.853515744209289551e-02
-1.764922775328159332e-02
2.963457442820072174e-02
2.546153403818607330e-02
-5.161682888865470886e-02
-7.621091604232788086e-02
-7.117164880037307739e-02
4.140679538249969482e-02
-1.295020431280136108e-02
-7.572726905345916748e-02
2.930383756756782532e-02
4.364098235964775085e-02
-4.970646649599075317e-02
-8.075678348541259766e-02
-4.840645566582679749e-02
3.287706931587308645e-04
2.316381596028804779e-02
-6.609810888767242432e-02
-2.823716029524803162e-02
6.114230677485466003e-02
3.131063282489776611e-02
5.310470238327980042e-02
-1.384087949991226196e-01
2.140982076525688171e-03
4.616107791662216187e-03
-7.067915983498096466e-03
-1.436641812324523926e-02
2.892329916357994080e-02
-2.037967927753925323e-02
3.715092083439230919e-03
2.024947851896286011e-02
-9.329156577587127686e-02
-4.307052120566368103e-02
4.737935960292816162e-02
9.188771247863769531e-03
-9.188205935060977936e-03
2.121067233383655548e-02
2.594215981662273407e-02
2.020186930894851685e-02
-7.091242074966430664e-02
6.148047000169754028e-02
-4.467992577701807022e-03
3.354329988360404968e-02
1.272671576589345932e-02
1.303315814584493637e-02
1.063586119562387466e-02
-1.077133864164352417e-01
-1.322413608431816101e-02
-2.950287016574293375e-04
-2.602085843682289124e-02
8.439119905233383179e-02
2.385360933840274811e-02
-5.034994706511497498e-02
-1.757122948765754700e-02
-2.321525849401950836e-02
-3.788496926426887512e-02
-2.981731109321117401e-02
-2.958001568913459778e-02
-3.477857634425163269e-02
-2.124781534075737000e-02
-1.248536515049636364e-03
5.383853614330291748e-02
3.740972606465220451e-03
3.059919923543930054e-02
1.320327725261449814e-02
4.625687375664710999e-02
-5.831177160143852234e-02
7.500445842742919922e-02
3.328827396035194397e-02
-1.139675918966531754e-02
