2.674643136560916901e-02
-4.398582130670547485e-02
-1.076880842447280884e-02
1.622750656679272652e-03
-5.667434539645910263e-03
-8.392774034291505814e-04
6.130744237452745438e-03
-3.529963269829750061e-02
-4.108069464564323425e-02
2.823568508028984070e-02
-1.226510666310787201e-02
1.763912662863731384e-02
3.850616887211799622e-02
-6.314812693744897842e-03
-6.650574970990419388e-03
-1.246558595448732376e-02
1.517337281256914139e-02
-5.849514622241258621e-03
1.254101395606994629e-01
4.081941023468971252e-02
1.384287513792514801e-02
6.140997633337974548e-02
-5.515074729919433594e-02
-1.442619506269693375e-02
-1.684759184718132019e-02
1.942442357540130615e-02
1.236379425972700119e-02
1.416262006387114525e-03
-9.098872542381286621e-03
7.669445127248764038e-03
2.527032420039176941e-02
9.798035956919193268e-03
5.315211135894060135e-03
-1.340348739176988602e-02
-3.660687478259205818e-03
4.091235622763633728e-02
-1.005997997708618641e-03
1.442426443099975586e-02
1.349747739732265472e-02
-4.870500788092613220e-02
-2.018687874078750610e-02
-6.333831697702407837e-03
-5.611553788185119629e-02
-3.144756332039833069e-02
-1.582347042858600616e-02
-3.796605160459876060e-03
-6.387930363416671753e-02
3.284370899200439453e-02
-3.024030243977904320e-03
1.079956814646720886e-02
1.409608777612447739e-02
-6.621972471475601196e-02
3.236966207623481750e-02
-1.117694377899169922e-02
-5.843522027134895325e-02
-2.558869682252407074e-02
-9.263010579161345959e-04
-1.596301048994064331e-02
3.989269733428955078e-01
3.293640539050102234e-02
-2.645321376621723175e-02
2.516776882112026215e-02
2.430352754890918732e-02
-4.859775304794311523e-02
2.074201824143528938e-03
5.493881553411483765e-02
1.568850688636302948e-02
-1.940516009926795959e-02
1.783548481762409210e-02
3.689821809530258179e-02
1.289273332804441452e-02
9.815496392548084259e-03
2.622015308588743210e-03
-3.483488922938704491e-03
2.360185422003269196e-02
6.826379802078008652e-03
-4.358967393636703491e-02
5.062275449745357037e-04
1.336518861353397369e-02
6.665201485157012939e-02
-1.061051804572343826e-02
-9.023427031934261322e-03
-1.558369863778352737e-02
6.151967868208885193e-02
7.590252906084060669e-02
6.940120831131935120e-03
8.639114908874034882e-03
-4.398408345878124237e-03
3.396807610988616943e-02
1.264396402984857559e-02
-5.232443567365407944e-03
1.658925786614418030e-02
-9.125924669206142426e-03
4.147667810320854187e-02
-1.878044568002223969e-02
-1.070139277726411819e-02
1.365310791879892349e-02
-3.580458834767341614e-02
2.081548236310482025e-02
-1.350039383396506310e-03
-3.345722705125808716e-02
4.271825309842824936e-03
-7.568150758743286133e-04
1.516464725136756897e-02
9.642037563025951385e-03
-1.591668277978897095e-02
2.238698303699493408e-02
-1.333465240895748138e-02
3.102675639092922211e-02
-2.718700282275676727e-02
1.647553872317075729e-03
1.335327047854661942e-02
6.267265416681766510e-03
1.111489348113536835e-02
-6.087969522923231125e-03
-1.181527879089117050e-02
1.686621829867362976e-02
-2.793289162218570709e-02
1.084274891763925552e-02
-1.699082786217331886e-03
3.716374048963189125e-03
-7.089593447744846344e-03
-1.332122273743152618e-02
7.085746619850397110e-03
8.238885784521698952e-04
2.080017700791358948e-02
-2.046615444123744965e-02
-4.034559708088636398e-03
3.692970611155033112e-03
5.767722800374031067e-02
5.361096933484077454e-03
-2.852857857942581177e-02
-4.097163304686546326e-02
-2.026916667819023132e-02
-1.891718804836273193e-02
3.905032202601432800e-02
-4.645195323973894119e-03
2.476815134286880493e-02
-6.816010177135467529e-02
4.156774841248989105e-03
-8.077143877744674683e-02
-2.108381316065788269e-02
-2.217020839452743530e-02
-1.565717719495296478e-02
-4.609658941626548767e-02
1.125113517045974731e-01
-4.306910932064056396e-02
-1.259751897305250168e-02
-1.583980768918991089e-02
-8.291345089673995972e-03
2.986472100019454956e-02
1.450808532536029816e-02
-2.212827838957309723e-02
2.934799902141094208e-02
1.544432900846004486e-02
-3.023180924355983734e-02
3.688410669565200806e-02
-4.160283599048852921e-03
-6.705205887556076050e-02
-7.344403769820928574e-03
1.411755383014678955e-02
-6.694205105304718018e-02
6.330271251499652863e-03
1.501756440848112106e-02
7.125589996576309204e-03
7.504522055387496948e-02
-1.045365352183580399e-02
-6.348420865833759308e-04
-5.491057876497507095e-03
3.816913440823554993e-02
4.067621380090713501e-02
-5.163757130503654480e-03
1.657597906887531281e-02
-7.729120552539825439e-03
4.499603807926177979e-02
4.217240214347839355e-02
1.821266487240791321e-02
-5.203143693506717682e-03
-5.703384056687355042e-02
7.326730992645025253e-03
1.389795821160078049e-02
-4.441156610846519470e-02
5.649439059197902679e-03
3.536242619156837463e-02
4.676954355090856552e-03
4.306374490261077881e-02
-6.614656746387481689e-02
-2.435736544430255890e-02
9.293434559367597103e-04
4.036681726574897766e-02
9.190393984317779541e-02
4.456844553351402283e-02
-6.577684078365564346e-03
-4.405485093593597412e-02
3.601091215386986732e-03
2.956487983465194702e-02
4.317080602049827576e-02
2.434036321938037872e-02
3.606208786368370056e-02
-4.252129793167114258e-02
4.877354949712753296e-03
2.170046232640743256e-02
3.081417642533779144e-02
-2.499651350080966949e-02
4.146137088537216187e-02
-2.460155822336673737e-02
2.781921532005071640e-03
1.725920662283897400e-02
1.271450333297252655e-02
-1.270019263029098511e-01
-8.971794508397579193e-03
-4.901221953332424164e-03
6.645645014941692352e-03
3.427759744226932526e-03
-3.479608800262212753e-03
-1.997380331158638000e-02
1.907890196889638901e-03
5.113332718610763550e-02
-3.260608389973640442e-02
-1.311554946005344391e-02
-2.279869280755519867e-02
-7.711392045021057129e-01
-9.123535128310322762e-04
-5.732460319995880127e-02
5.914535839110612869e-03
-1.812582090497016907e-02
2.885073237121105194e-02
-2.602300606667995453e-02
1.759559847414493561e-02
8.137545548379421234e-03
-1.010391209274530411e-02
-6.471612304449081421e-02
1.973685994744300842e-02
1.730109192430973053e-02
-2.373408526182174683e-03
-1.562852878123521805e-03
-1.506867352873086929e-02
-7.200813852250576019e-03
7.924590259790420532e-03
-4.398056305944919586e-03
-1.595818065106868744e-02
2.379390411078929901e-02
-4.534259438514709473e-02
5.603655241429805756e-03
3.063579089939594269e-03
3.109711408615112305e-02
2.445540763437747955e-02
3.278835117816925049e-02
2.516480861231684685e-03
-2.832595258951187134e-02
-1.161356689408421516e-03
-1.286554615944623947e-02
8.077489212155342102e-03
-2.183198375860229135e-04
-2.254802547395229340e-02
-2.818242646753787994e-02
1.508193910121917725e-01
-1.918005943298339844e-02
-7.967270165681838989e-02
6.252295523881912231e-02
2.175066806375980377e-02
-7.654842734336853027e-02
-5.863725207746028900e-03
-1.037437692284584045e-01
-1.983089558780193329e-02
8.739110082387924194e-03
1.055919080972671509e-01
7.114673405885696411e-02
-6.389175541698932648e-03
-1.665856502950191498e-02
-4.653195291757583618e-02
1.415664423257112503e-02
-2.035501226782798767e-02
5.158235505223274231e-02
-2.481075190007686615e-02
-9.262493811547756195e-03
-2.472821436822414398e-02
-5.252053961157798767e-03
-7.153388112783432007e-02
8.568729460239410400e-02
4.209630191326141357e-02
-2.647408470511436462e-02
-3.415628150105476379e-02
-7.669640332460403442e-02
-9.155756980180740356e-02
-7.404818385839462280e-02
1.548877507448196411e-01
3.438779711723327637e-02
-1.130769550800323486e-01
-2.231908217072486877e-02
1.908596418797969818e-02
1.052422169595956802e-02
3.073917515575885773e-02
4.633079469203948975e-02
-5.358003452420234680e-02
9.170457720756530762e-03
-6.944428384304046631e-02
9.906128793954849243e-02
6.507146637886762619e-03
-8.691743016242980957e-02
4.500503838062286377e-02
6.708193104714155197e-03
8.728097677230834961e-01
-1.099776998162269592e-01
3.610125929117202759e-02
-7.570409774780273438e-02
-2.078855410218238831e-02
6.340343505144119263e-02
3.542927280068397522e-02
8.706306666135787964e-02
-2.117612026631832123e-02
-1.118608564138412476e-01
1.357525959610939026e-02
1.249821670353412628e-02
-2.819683589041233063e-02
-2.613467862829566002e-03
-6.553114205598831177e-02
-4.414959624409675598e-02
9.245997644029557705e-04
7.763636112213134766e-02
-4.489843547344207764e-02
1.449559233151376247e-03
-2.857100591063499451e-02
3.962708264589309692e-02
2.648353110998868942e-03
1.282239891588687897e-02
-3.120897710323333740e-02
-1.953611616045236588e-03
3.696054220199584961e-02
1.035413242789218202e-05
-8.446714282035827637e-02
-4.461047053337097168e-02
-3.280765144154429436e-03
2.387091889977455139e-02
1.071623526513576508e-02
4.277999326586723328e-02
-5.185101553797721863e-02
-6.628052145242691040e-02
3.896171599626541138e-02
3.415968734771013260e-03
-5.647842958569526672e-02
-4.792234301567077637e-02
-4.119292367249727249e-03
-2.537678368389606476e-02
2.207048609852790833e-02
1.492918748408555984e-02
2.557460218667984009e-02
-4.669893532991409302e-02
-1.604010164737701416e-02
-2.336660586297512054e-02
1.018030196428298950e-02
3.229341655969619751e-02
-8.278965018689632416e-03
2.340354211628437042e-02
-3.542410582304000854e-02
1.041293665766716003e-01
-2.489164099097251892e-02
2.757379785180091858e-02
3.312517702579498291e-02
2.399604767560958862e-02
-2.919453009963035583e-02
-1.660995371639728546e-02
-6.454902887344360352e-02
3.320099413394927979e-02
6.319569051265716553e-02
-3.685219958424568176e-02
-4.053489863872528076e-02
7.403694093227386475e-02
1.379170361906290054e-02
-3.147958312183618546e-03
-3.784611448645591736e-02
5.456155538558959961e-02
7.855381071567535400e-02
-8.052130043506622314e-02
4.826946556568145752e-02
-7.089172303676605225e-02
-7.460951805114746094e-02
-1.838590018451213837e-02
2.202027244493365288e-03
-7.454429287463426590e-03
-7.763563841581344604e-02
4.711284488439559937e-02
5.293177813291549683e-02
2.625126205384731293e-02
4.784674197435379028e-02
-9.435735642910003662e-03
-3.039300255477428436e-02
-2.665047906339168549e-02
4.052551835775375366e-02
6.949011236429214478e-03
2.602341212332248688e-02
3.916068375110626221e-02
8.008176833391189575e-02
4.199837800115346909e-03
-3.987492993474006653e-02
-1.316499151289463043e-02
3.698672726750373840e-02
3.809725120663642883e-02
8.977205492556095123e-03
-2.784237451851367950e-02
3.113093785941600800e-02
-9.496495127677917480e-02
-1.015340462327003479e-01
-3.270884603261947632e-02
3.089286759495735168e-02
3.917294740676879883e-02
4.398819804191589355e-02
-3.737618029117584229e-02
7.673699408769607544e-02
5.602954328060150146e-02
-5.986327677965164185e-02
4.860860761255025864e-03
4.981055855751037598e-03
2.108708210289478302e-02
-4.852326959371566772e-02
1.451038662344217300e-02
-1.814214698970317841e-02
-5.745917931199073792e-02
4.605487361550331116e-02
-8.015567809343338013e-02
-3.435646742582321167e-02
-3.835802525281906128e-02
2.088475041091442108e-02
1.799433608539402485e-03
-2.585504017770290375e-02
-1.670910604298114777e-02
1.339370850473642349e-02
4.764257743954658508e-02
4.301391914486885071e-02
7.282124832272529602e-03
-7.051751017570495605e-02
5.593692418187856674e-03
5.866292491555213928e-02
4.660420585423707962e-03
6.245671212673187256e-02
4.615565389394760132e-02
-2.600382082164287567e-02
-5.455662030726671219e-03
4.359719529747962952e-02
-1.006115600466728210e-02
2.166942320764064789e-02
-2.824109396897256374e-04
6.354661285877227783e-02
-1.212508697062730789e-02
-8.853084594011306763e-02
1.712248474359512329e-02
-1.661891303956508636e-02
-1.383807063102722168e-01
-1.496726553887128830e-02
-1.776808314025402069e-02
2.642273902893066406e-02
-2.891667000949382782e-02
-2.059461921453475952e-02
-4.572525247931480408e-02
7.676379382610321045e-02
-1.018548849970102310e-02
1.764076389372348785e-02
1.855555735528469086e-02
-3.312620893120765686e-02
5.608065798878669739e-02
1.104136034846305847e-01
5.919932946562767029e-02
-3.713280335068702698e-02
-5.032600834965705872e-03
5.361657962203025818e-02
1.056002080440521240e-02
4.334916174411773682e-02
3.259153664112091064e-02
-5.793462041765451431e-03
4.503790289163589478e-02
-3.975839540362358093e-02
-3.919763863086700439e-02
4.847550764679908752e-02
1.728256978094577789e-02
-8.769268542528152466e-02
-1.272684428840875626e-02
4.016707837581634521e-02
-2.823458425700664520e-02
6.351371854543685913e-02
-2.880614995956420898e-02
-2.096538059413433075e-02
3.097541444003582001e-02
-5.535351112484931946e-02
-1.212698221206665039e-02
-3.974666446447372437e-02
-2.367697656154632568e-02
-3.242022544145584106e-02
-2.372798696160316467e-02
-5.060667544603347778e-02
-3.675738349556922913e-02
2.524593845009803772e-02
-8.121734112501144409e-02
-1.686445996165275574e-02
5.525615438818931580e-02
5.702602677047252655e-03
-3.432507440447807312e-02
-5.239380896091461182e-02
2.078361064195632935e-02
1.308591663837432861e-01
-2.059059403836727142e-02
1.748273335397243500e-02
6.547604687511920929e-03
-5.911122076213359833e-03
5.540733039379119873e-02
-7.401458173990249634e-02
-7.525693625211715698e-02
1.787894777953624725e-02
-3.877682238817214966e-02
3.018282167613506317e-02
-6.920301169157028198e-02
1.446913927793502808e-03
7.444559130817651749e-03
-2.348158694803714752e-02
6.020776554942131042e-02
-3.755897283554077148e-02
2.139612473547458649e-02
-7.163596153259277344e-02
5.243596434593200684e-02
9.884092025458812714e-03
-2.550964616239070892e-02
2.265539020299911499e-02
-1.692051626741886139e-02
-4.771020635962486267e-02
7.844597101211547852e-02
-3.510063514113426208e-02
-6.575941108167171478e-03
-6.250139325857162476e-02
6.702677905559539795e-02
6.752063054591417313e-03
1.831386424601078033e-02
-1.799009158276021481e-03
5.402677506208419800e-02
7.038798183202743530e-02
5.284548550844192505e-02
3.206007182598114014e-02
-2.418097108602523804e-02
-5.057032406330108643e-02
-9.661477990448474884e-03
1.158920489251613617e-02
-2.256551943719387054e-02
-7.321031391620635986e-02
-5.531524494290351868e-02
-5.467693507671356201e-02
2.984261512756347656e-02
-1.812390610575675964e-02
6.587505340576171875e-02
2.641100063920021057e-02
-8.442415297031402588e-02
3.916571289300918579e-02
2.541000768542289734e-02
5.082544405013322830e-03
2.786443196237087250e-02
1.569622568786144257e-02
-6.677493453025817871e-02
2.060168609023094177e-02
-1.135998964309692383e-01
-1.629228331148624420e-02
6.162033881992101669e-03
-3.590910881757736206e-02
-9.600196033716201782e-03
-3.096802718937397003e-02
-1.725345849990844727e-02
2.082313038408756256e-02
-3.318927437067031860e-02
-4.502258449792861938e-02
-4.634423926472663879e-02
4.446442797780036926e-02
3.918829932808876038e-02
-3.026071749627590179e-02
-3.351131454110145569e-02
-6.914557889103889465e-05
1.994735933840274811e-02
1.376817189157009125e-02
-6.491208821535110474e-02
7.095148414373397827e-02
-7.678630203008651733e-02
4.434201493859291077e-02
4.394596442580223083e-02
-5.631410051137208939e-03
4.278061166405677795e-02
3.491480275988578796e-02
1.829117682063952088e-04
-7.907967269420623779e-02
-8.633988909423351288e-03
3.941227123141288757e-02
-4.450912028551101685e-02
1.445316802710294724e-02
-3.347156196832656860e-02
7.391381543129682541e-03
-3.511643037199974060e-02
2.699361555278301239e-02
1.139114797115325928e-02
-7.017560303211212158e-02
7.365610450506210327e-02
-8.341532200574874878e-02
2.069728635251522064e-02
-9.580122306942939758e-03
7.054867595434188843e-02
-1.773588173091411591e-02
-7.879196666181087494e-03
-6.957094371318817139e-02
6.829060614109039307e-02
5.943486001342535019e-03
5.447711795568466187e-02
-4.090112075209617615e-02
-4.971816390752792358e-02
2.193938568234443665e-02
4.740868508815765381e-02
3.746720775961875916e-02
-1.875760778784751892e-02
7.474623620510101318e-03
3.532413765788078308e-02
6.370179820805788040e-03
-1.600986160337924957e-02
-1.734358519315719604e-01
-1.193077210336923599e-02
6.262569129467010498e-02
-1.514755282551050186e-02
1.392932329326868057e-02
4.778206639457494020e-04
5.064827948808670044e-02
-1.404013019055128098e-02
5.079595744609832764e-02
1.051668915897607803e-02
2.047774381935596466e-02
-1.156957913190126419e-02
1.542712748050689697e-02
-3.174796327948570251e-02
1.886613667011260986e-02
3.406575322151184082e-02
1.359155215322971344e-02
-1.448651254177093506e-01
2.671865001320838928e-02
-6.980046629905700684e-02
-3.014994412660598755e-02
-2.618131693452596664e-03
-8.829256892204284668e-02
8.617638796567916870e-02
6.140429992228746414e-03
2.611673437058925629e-02
-6.232933327555656433e-02
-2.228723466396331787e-02
-2.435200661420822144e-02
-2.682130550965666771e-03
3.306325059384107590e-03
-2.039441652595996857e-02
-3.764240443706512451e-02
2.711964212357997894e-02
1.502214185893535614e-02
-3.807968692854046822e-03
-2.545336261391639709e-03
-6.239028647541999817e-02
6.339732557535171509e-03
-6.306406855583190918e-02
-1.202539075165987015e-02
-8.636157214641571045e-02
6.597437709569931030e-02
-1.127330586314201355e-03
2.025049738585948944e-02
-2.166834659874439240e-02
4.762987792491912842e-02
1.966813206672668457e-02
-9.832254797220230103e-02
4.355965182185173035e-02
-6.405638996511697769e-03
1.068788394331932068e-02
-3.439488646108657122e-04
-6.347382441163063049e-03
1.466994266957044601e-02
-1.312031783163547516e-02
2.637390047311782837e-02
2.306872233748435974e-02
-1.518558524549007416e-02
2.905023284256458282e-03
2.324550412595272064e-02
-1.351749803870916367e-02
4.522823169827461243e-02
-2.312487363815307617e-02
-1.511776819825172424e-02
-4.289971664547920227e-03
-4.117104411125183105e-02
-1.309716142714023590e-02
-8.410582318902015686e-03
3.260219469666481018e-02
-3.966506104916334152e-03
-2.977297827601432800e-02
-6.391040235757827759e-02
1.114626042544841766e-02
-1.329419575631618500e-02
3.087595850229263306e-02
2.630921266973018646e-02
8.155536837875843048e-03
-2.881340123713016510e-02
9.269759990274906158e-03
-1.030851062387228012e-02
2.451920136809349060e-02
-9.168606251478195190e-03
-1.090905629098415375e-03
8.513298630714416504e-02
-3.728118026629090309e-04
-3.973963484168052673e-02
7.055344432592391968e-02
2.595675364136695862e-02
-2.452527731657028198e-02
-1.185271739959716797e-01
8.767151832580566406e-02
-3.703548805788159370e-03
-1.449253559112548828e-01
-1.701452881097793579e-01
-3.470905870199203491e-02
-9.851459413766860962e-02
-1.372828427702188492e-02
-3.355744108557701111e-02
5.448943376541137695e-02
-2.208128571510314941e-03
3.322137519717216492e-02
-2.579264529049396515e-02
-1.451942883431911469e-02
5.849032104015350342e-02
-2.154725370928645134e-03
-3.660070151090621948e-02
-3.503601625561714172e-02
2.049986831843852997e-02
1.501731108874082565e-02
-4.015637096017599106e-03
-4.189139232039451599e-02
-4.540402814745903015e-02
3.579845651984214783e-02
6.306570768356323242e-02
2.539298683404922485e-02
7.289902120828628540e-02
3.769670054316520691e-02
-5.279531329870223999e-02
9.420334361493587494e-03
6.351955235004425049e-02
-2.890569530427455902e-02
-2.699109166860580444e-02
4.188828170299530029e-02
-2.433021366596221924e-02
-1.088550407439470291e-02
-4.166475962847471237e-03
4.038876388221979141e-03
-2.870346978306770325e-02
2.449568547308444977e-02
-5.784587934613227844e-03
3.791158646345138550e-02
-4.047718271613121033e-02
2.757108584046363831e-02
-3.358108922839164734e-02
-3.509441018104553223e-02
7.880751043558120728e-03
4.939699545502662659e-02
-5.583621188998222351e-02
-7.638436555862426758e-02
7.541786879301071167e-02
1.408240385353565216e-02
5.231926683336496353e-03
-1.005487749353051186e-03
-3.112709708511829376e-02
9.706965647637844086e-03
-2.190106362104415894e-02
-4.664761945605278015e-02
-3.503981977701187134e-02
-5.129407718777656555e-02
2.311190403997898102e-02
4.454185254871845245e-03
-6.775487959384918213e-02
-5.514336377382278442e-02
-4.927134886384010315e-02
4.317076504230499268e-02
-1.331934891641139984e-02
-7.022899389266967773e-02
2.804405428469181061e-02
1.520229410380125046e-02
-3.556126728653907776e-02
-6.192525848746299744e-02
-9.646834805607795715e-03
-2.351621910929679871e-02
6.852040439844131470e-02
-5.397570878267288208e-02
4.829703364521265030e-03
4.420295357704162598e-02
3.530804812908172607e-02
6.449149549007415771e-02
-9.399065375328063965e-02
1.414374727755784988e-02
3.156218212097883224e-03
-1.977506466209888458e-02
2.172027714550495148e-02
-9.740537963807582855e-03
-1.801000034902244806e-04
-1.033995300531387329e-02
1.484823413193225861e-03
-6.853163242340087891e-02
-7.069804705679416656e-03
3.339523077011108398e-02
2.867862768471240997e-02
-1.384574733674526215e-02
3.525254502892494202e-02
2.741651050746440887e-02
2.276879549026489258e-02
-8.875969797372817993e-02
1.446483936160802841e-02
-2.477064030244946480e-03
1.135949511080980301e-02
3.320779278874397278e-02
-1.514755841344594955e-02
-1.492725685238838196e-02
-6.145538017153739929e-02
2.344072330743074417e-03
7.176110055297613144e-03
-1.323432940989732742e-02
6.783819198608398438e-02
1.845087623223662376e-03
-4.696946218609809875e-02
-2.262081205844879150e-02
-5.335137993097305298e-02
-5.977786332368850708e-02
-3.543337434530258179e-02
1.406709663569927216e-02
-3.276893123984336853e-02
-2.745371125638484955e-02
2.498591318726539612e-03
1.263207346200942993e-01
-4.627580940723419189e-02
2.911919727921485901e-03
6.299097090959548950e-02
1.393487863242626190e-02
1.096453331410884857e-02
4.008750617504119873e-02
1.463806536048650742e-02
-1.024782005697488785e-02
