3.568524494767189026e-02
-1.425485871732234955e-02
-2.606010064482688904e-03
1.109607238322496414e-02
1.395270810462534428e-03
2.812043763697147369e-02
1.956829242408275604e-02
-9.806505404412746429e-03
-2.999374642968177795e-02
5.408573430031538010e-03
-7.172011770308017731e-03
-4.052177537232637405e-03
1.518018636852502823e-02
2.070220187306404114e-02
-5.734686274081468582e-03
-9.238157421350479126e-03
5.931563675403594971e-03
9.079960174858570099e-03
1.349887400865554810e-01
4.334784671664237976e-02
5.844047758728265762e-03
4.221831634640693665e-02
-3.283382579684257507e-02
-2.011026721447706223e-03
3.923808224499225616e-03
-1.919382950291037560e-03
-7.908592931926250458e-03
-2.094973251223564148e-02
-2.315314859151840210e-02
1.561269536614418030e-02
5.878058448433876038e-02
1.338724698871374130e-02
1.610688120126724243e-02
-1.258148252964019775e-02
8.753487840294837952e-03
1.022738218307495117e-02
-1.191333960741758347e-02
1.346825435757637024e-02
1.659564301371574402e-02
-1.705895736813545227e-02
-1.526868063956499100e-02
-2.904264489188790321e-03
-1.056553944945335388e-01
-2.758729457855224609e-02
-9.770151227712631226e-03
-1.190407481044530869e-02
-2.134562283754348755e-02
1.635811640881001949e-03
-6.155268289148807526e-03
3.508768044412136078e-03
1.340345758944749832e-02
-7.478909194469451904e-02
3.269279748201370239e-02
-1.646242686547338963e-03
-3.345412388443946838e-02
-1.756473444402217865e-02
-1.064115669578313828e-02
1.150914351455867290e-03
4.169444739818572998e-01
4.895069077610969543e-02
-2.448297105729579926e-02
2.984658814966678619e-02
6.714268121868371964e-03
-3.004017658531665802e-02
1.073518767952919006e-02
3.370121121406555176e-02
-1.962130144238471985e-02
-1.667142845690250397e-02
4.409478232264518738e-02
4.629888571798801422e-03
1.247570943087339401e-02
1.093279104679822922e-02
-1.584336161613464355e-03
5.823290441185235977e-03
-1.295648515224456787e-03
1.368708908557891846e-02
-1.239554677158594131e-02
-1.627905876375734806e-03
-9.828769834712147713e-04
1.317910701036453247e-01
-2.405062876641750336e-02
3.039565868675708771e-02
-2.390768844634294510e-03
8.790569007396697998e-02
3.450165316462516785e-02
-3.239282872527837753e-03
1.223058905452489853e-02
2.240749308839440346e-03
3.893322870135307312e-02
-7.308597210794687271e-03
-9.444298222661018372e-03
1.017453894019126892e-02
1.749946177005767822e-02
9.320305660367012024e-03
-1.220113690942525864e-02
-1.107699330896139145e-02
7.166479248553514481e-03
-1.999042555689811707e-02
3.120990656316280365e-02
-1.446112245321273804e-02
-1.640556380152702332e-03
1.316920202225446701e-02
1.591178029775619507e-02
8.144334889948368073e-03
8.584310300648212433e-03
-1.787358708679676056e-02
2.164500579237937927e-02
-1.168315764516592026e-02
3.791671618819236755e-02
-1.759961806237697601e-02
-1.165166310966014862e-02
2.523375675082206726e-02
1.524450536817312241e-02
1.514444034546613693e-02
-1.534349191933870316e-02
3.124571871012449265e-03
-5.188812036067247391e-03
-1.147080771625041962e-02
1.994598098099231720e-02
-3.210211638361215591e-03
-6.028060335665941238e-03
5.052837077528238297e-03
-2.168587036430835724e-02
-1.130366232246160507e-02
-3.931397199630737305e-02
7.209447678178548813e-03
-2.454503066837787628e-02
-2.189291175454854965e-03
1.069458667188882828e-02
3.260248526930809021e-02
-2.652513235807418823e-02
-1.142822019755840302e-02
-2.805974520742893219e-02
-8.365429006516933441e-03
-8.671635761857032776e-03
-1.253795996308326721e-02
1.439022738486528397e-02
1.500117871910333633e-02
-9.535735845565795898e-02
9.422830305993556976e-03
-4.390046373009681702e-02
-1.161018759012222290e-02
-1.120621059089899063e-02
-1.726025156676769257e-02
-2.282991074025630951e-02
1.804928332567214966e-01
-1.731665432453155518e-02
8.711864356882870197e-04
-1.087251119315624237e-02
-1.864118687808513641e-02
2.338388375937938690e-02
1.302083767950534821e-02
-1.170831918716430664e-02
1.273359823971986771e-02
-2.279428998008370399e-03
-3.529166802763938904e-02
1.897646300494670868e-02
9.492566809058189392e-03
-6.267374753952026367e-02
-1.596095599234104156e-02
7.543909363448619843e-03
-7.275119423866271973e-02
4.137319698929786682e-02
1.535575650632381439e-02
1.649418612942099571e-03
5.110331624746322632e-02
-2.607490867376327515e-02
-1.223294902592897415e-02
-7.604592014104127884e-03
8.213471621274948120e-03
1.601533964276313782e-02
-9.244096465408802032e-03
1.425413414835929871e-02
-2.161720069125294685e-03
4.582839831709861755e-02
3.188000246882438660e-02
1.622491143643856049e-02
-1.599830947816371918e-02
-4.190398752689361572e-02
-2.897855360060930252e-03
1.719204150140285492e-02
-3.585131093859672546e-02
2.974618691951036453e-03
3.117222338914871216e-02
4.846757277846336365e-03
7.932245731353759766e-02
-7.608228176832199097e-02
-1.852475106716156006e-02
-4.028051160275936127e-03
1.725154742598533630e-02
4.982945695519447327e-02
3.365966305136680603e-02
7.044011726975440979e-03
-3.772029280662536621e-02
1.571058854460716248e-02
2.742821350693702698e-02
9.565777145326137543e-03
2.093286253511905670e-02
5.658917129039764404e-02
-1.971742883324623108e-02
2.913684211671352386e-02
2.997140213847160339e-02
4.463751800358295441e-03
-2.125912904739379883e-02
1.485033240169286728e-02
-3.027972765266895294e-02
1.436519436538219452e-02
1.383918989449739456e-02
2.788301557302474976e-02
-1.130336523056030273e-01
5.419037304818630219e-03
-5.321301054209470749e-03
1.511662639677524567e-02
7.373086176812648773e-03
1.227705925703048706e-02
5.133864469826221466e-03
-3.735730657353997231e-03
4.194621369242668152e-02
-1.919459179043769836e-02
1.007575658150017262e-03
-3.579174634069204330e-03
-7.667996287345886230e-01
1.542447227984666824e-02
-2.379386872053146362e-02
-4.130525980144739151e-03
-7.195186801254749298e-03
1.428683288395404816e-03
8.155739866197109222e-03
8.451934903860092163e-03
9.362960234284400940e-03
3.436204977333545685e-03
-4.021818563342094421e-02
-4.324740264564752579e-03
-1.034560031257569790e-03
-2.571376971900463104e-02
3.349401988089084625e-03
-3.475207835435867310e-03
1.762035390129312873e-05
-1.817164011299610138e-02
-7.693985011428594589e-03
-5.227501038461923599e-03
9.614716400392353535e-04
-8.172874897718429565e-02
-5.003091064281761646e-04
-1.322016585618257523e-02
2.860972285270690918e-02
5.339609459042549133e-03
8.748884312808513641e-03
-1.335649751126766205e-02
-1.437755115330219269e-02
8.030551485717296600e-03
-1.040340866893529892e-02
4.289340600371360779e-02
-9.256158024072647095e-03
-1.577970758080482483e-02
-2.200100757181644440e-02
-3.184724971652030945e-02
1.245007291436195374e-02
-7.036722451448440552e-02
-8.881427929736673832e-04
-2.782230824232101440e-02
7.023461163043975830e-02
4.418995697051286697e-03
-7.173275575041770935e-03
4.901962820440530777e-03
2.216321788728237152e-02
8.299703150987625122e-02
1.120172962546348572e-01
9.335839003324508667e-02
-2.203958667814731598e-02
5.375212430953979492e-02
3.194067999720573425e-02
6.870180834084749222e-03
-6.700585596263408661e-03
-1.243870332837104797e-02
-6.173631921410560608e-02
-9.320545941591262817e-02
-1.483157090842723846e-02
-6.210570409893989563e-02
3.918530046939849854e-02
5.074489745311439037e-04
6.049074977636337280e-02
-2.182536199688911438e-02
-5.122607201337814331e-02
-1.042792126536369324e-01
4.644588381052017212e-02
1.242402419447898865e-01
-2.303039096295833588e-02
-2.321188151836395264e-02
-7.581248134374618530e-02
1.055743172764778137e-01
-9.162072837352752686e-02
-8.837208151817321777e-03
4.785479232668876648e-02
1.020416989922523499e-02
9.179790318012237549e-02
-2.029463835060596466e-02
1.169384866952896118e-01
8.591621299274265766e-04
1.750485599040985107e-02
2.581395953893661499e-02
-4.056566208600997925e-02
8.880189061164855957e-01
-7.181758433580398560e-02
-2.809694781899452209e-02
-6.449205428361892700e-02
-2.271656319499015808e-02
5.157665908336639404e-02
-1.375351753085851669e-02
1.300306916236877441e-01
4.069509357213973999e-02
-3.239229321479797363e-02
6.028586253523826599e-02
2.967206016182899475e-02
-7.666342705488204956e-02
-6.747738271951675415e-02
5.504458397626876831e-02
-9.862935170531272888e-03
5.199018493294715881e-02
7.108557224273681641e-02
-2.587623894214630127e-02
-3.837876254692673683e-03
-5.656211078166961670e-02
5.316727235913276672e-02
-1.449235598556697369e-03
-3.253813832998275757e-02
-3.232388058677315712e-03
-4.797163419425487518e-03
-1.594374421983957291e-03
1.280862186104059219e-02
-4.480280727148056030e-02
-6.416871398687362671e-02
6.352262105792760849e-03
8.211133070290088654e-03
-1.593674998730421066e-03
2.942912466824054718e-02
-4.257920756936073303e-02
-6.695822626352310181e-02
8.536604233086109161e-03
-2.106951083987951279e-03
-8.664318174123764038e-02
-4.901036992669105530e-02
-5.134090781211853027e-03
1.048048399388790131e-02
4.487845301628112793e-02
1.160773541778326035e-02
-1.186609733849763870e-02
-4.091720655560493469e-02
7.150809746235609055e-03
-4.086127132177352905e-02
1.656020060181617737e-02
-4.203614220023155212e-02
2.324262447655200958e-02
3.651268407702445984e-02
-4.720879718661308289e-02
1.340684890747070312e-01
-5.299792438745498657e-02
4.220603033900260925e-02
2.102402597665786743e-02
6.706038862466812134e-02
-1.036226563155651093e-02
3.502019448205828667e-03
-3.765602037310600281e-02
2.242419682443141937e-02
4.749447107315063477e-02
-2.927191741764545441e-02
-1.801528409123420715e-02
6.568462401628494263e-02
3.456600010395050049e-02
-4.931246116757392883e-02
6.001017056405544281e-03
1.522365212440490723e-02
2.312710136175155640e-02
-9.131434559822082520e-02
3.786670044064521790e-02
-6.406713277101516724e-02
-1.236810013651847839e-01
-4.665118176490068436e-03
-7.482827641069889069e-04
-4.697533324360847473e-02
-4.795617982745170593e-02
-6.683126091957092285e-03
4.051345959305763245e-02
1.482636085711419582e-03
4.711650311946868896e-02
-5.159915611147880554e-02
8.470494300127029419e-03
-1.941902004182338715e-02
1.034356057643890381e-01
-1.365409791469573975e-02
4.083205014467239380e-02
4.325044527649879456e-02
9.235739707946777344e-02
-3.876353055238723755e-02
-5.928350239992141724e-02
7.848135195672512054e-03
2.605659887194633484e-02
4.907475039362907410e-02
1.772753521800041199e-02
-3.158865869045257568e-02
5.077131837606430054e-02
-6.688919663429260254e-02
-1.080511808395385742e-01
-8.498512208461761475e-03
-2.849229611456394196e-03
3.104158863425254822e-02
-2.901584655046463013e-02
-5.292387679219245911e-02
8.624044805765151978e-02
-2.213916741311550140e-03
2.851959504187107086e-02
-1.183394901454448700e-02
4.235251617501489818e-05
4.765309765934944153e-02
-3.285845369100570679e-02
1.866374537348747253e-02
-2.599475532770156860e-02
-1.876532472670078278e-02
4.933206364512443542e-02
-4.468392953276634216e-02
-4.740020260214805603e-03
-3.415406122803688049e-02
1.627674140036106110e-02
-3.889334201812744141e-02
-1.787561364471912384e-02
-5.323399673216044903e-04
-4.359653685241937637e-03
-1.306967716664075851e-02
3.952414542436599731e-02
-1.659444160759449005e-02
2.219067513942718506e-02
5.246459040790796280e-03
2.834140136837959290e-02
-3.464058786630630493e-02
4.965059831738471985e-02
5.369041115045547485e-02
-5.824002623558044434e-02
1.736129168421030045e-03
7.112342119216918945e-02
3.877379233017563820e-03
4.531828220933675766e-03
-2.291240729391574860e-03
5.899553373456001282e-02
3.420645743608474731e-02
-5.007972195744514465e-02
6.230891495943069458e-02
1.497787050902843475e-02
-9.458135813474655151e-02
-3.535310924053192139e-02
1.405051909387111664e-02
3.717532381415367126e-02
-2.234955318272113800e-02
7.337052375078201294e-02
-4.061073064804077148e-02
7.568503916263580322e-02
-2.337446995079517365e-02
4.541588574647903442e-02
1.832376420497894287e-02
-3.179072588682174683e-02
5.720690637826919556e-02
7.089895755052566528e-02
3.806383535265922546e-02
-5.555798858404159546e-02
-3.172722086310386658e-02
4.760432615876197815e-02
2.244198322296142578e-02
3.161483258008956909e-02
1.083776541054248810e-02
3.299989039078354836e-03
5.633437633514404297e-02
1.377849094569683075e-02
-1.025412697345018387e-03
2.138980664312839508e-02
-9.388892911374568939e-03
6.170759443193674088e-03
-1.161787007004022598e-02
6.994665414094924927e-02
-1.540264114737510681e-02
6.233574077486991882e-02
-6.312314420938491821e-02
3.500189632177352905e-02
5.221623554825782776e-02
-8.439829945564270020e-02
-3.335929661989212036e-02
1.575151644647121429e-02
-4.014929383993148804e-02
-1.661006547510623932e-02
-3.349478915333747864e-02
-6.664287298917770386e-02
-2.689531259238719940e-02
3.988434746861457825e-02
-2.258647978305816650e-02
-9.504110552370548248e-03
-6.839939160272479057e-04
2.376158349215984344e-02
-5.079662799835205078e-02
-1.679188758134841919e-02
2.785979025065898895e-02
9.060733020305633545e-02
-3.357151895761489868e-02
5.487848073244094849e-02
-3.476794064044952393e-02
1.829580031335353851e-02
2.500265650451183319e-02
-7.450366765260696411e-02
-1.050782650709152222e-01
3.968413546681404114e-02
-7.054100930690765381e-02
-1.114250440150499344e-02
-3.271483257412910461e-02
8.784849196672439575e-03
4.233166575431823730e-02
-4.358270764350891113e-02
-3.145217150449752808e-02
-2.569889836013317108e-02
4.123708978295326233e-02
1.251948438584804535e-02
-9.714413434267044067e-03
3.671358153223991394e-02
-1.446279510855674744e-02
1.212051324546337128e-02
-2.023882605135440826e-02
-5.338636040687561035e-02
9.960361570119857788e-02
-6.327168643474578857e-02
2.850649692118167877e-02
-1.016595289111137390e-01
7.053957879543304443e-02
-1.803769730031490326e-02
1.007789559662342072e-02
1.066960903699509799e-04
5.052893981337547302e-02
2.465793676674365997e-02
3.474780544638633728e-02
1.233766600489616394e-02
-3.248993307352066040e-02
-4.285765066742897034e-02
2.759916335344314575e-02
1.804379932582378387e-02
2.800118876621127129e-03
-7.884241640567779541e-02
-7.104945927858352661e-02
-3.279584273695945740e-02
3.127553313970565796e-02
-2.246754802763462067e-02
5.811545625329017639e-02
8.165480941534042358e-02
-3.510361164808273315e-02
1.260210294276475906e-02
1.577525213360786438e-02
1.797666586935520172e-02
1.646362803876399994e-02
2.741990424692630768e-02
-6.637334823608398438e-03
-1.367063727229833603e-02
-9.030815213918685913e-02
-3.965680301189422607e-02
2.383092790842056274e-02
-5.222738161683082581e-02
-1.076043397188186646e-02
1.436433638446033001e-03
-4.089577868580818176e-02
5.222799628973007202e-02
-3.212628886103630066e-02
-3.323141857981681824e-02
-2.633701264858245850e-02
4.277257248759269714e-02
5.839127302169799805e-02
-1.508623361587524414e-02
-7.137303706258535385e-03
8.474112255498766899e-04
2.235643938183784485e-02
-1.045941188931465149e-02
-6.917513906955718994e-02
4.657096415758132935e-02
-6.819855421781539917e-02
2.792551927268505096e-02
6.343986839056015015e-02
-6.703328341245651245e-02
1.912948302924633026e-02
5.416696518659591675e-02
-4.384312033653259277e-02
-1.461917813867330551e-02
1.817780919373035431e-02
3.143170848488807678e-02
-1.950735040009021759e-02
1.870005391538143158e-02
-2.952391467988491058e-02
1.489371247589588165e-02
-2.981389500200748444e-02
1.210704445838928223e-02
1.551596820354461670e-02
-7.984618842601776123e-02
6.406777352094650269e-02
-5.904820561408996582e-02
-1.036387030035257339e-02
-2.500653266906738281e-02
9.885990619659423828e-02
8.838635869324207306e-03
-5.767552182078361511e-02
-6.932616978883743286e-02
5.331296473741531372e-02
-2.631856128573417664e-03
4.199906811118125916e-02
-2.928844187408685684e-03
-4.864128679037094116e-02
6.663218140602111816e-02
2.044400200247764587e-03
2.426917105913162231e-02
-5.236679315567016602e-02
1.283294055610895157e-02
2.695891447365283966e-02
-8.116906974464654922e-04
-7.345949858427047729e-02
-9.145316481590270996e-02
-1.359706092625856400e-02
2.003993093967437744e-02
-3.515499411150813103e-03
1.361409947276115417e-02
-4.543936252593994141e-02
4.949704557657241821e-02
-2.898389287292957306e-02
4.816871136426925659e-02
1.865496858954429626e-02
3.283711895346641541e-02
3.105653682723641396e-03
4.640197753906250000e-02
-8.669739961624145508e-02
-2.458905102685093880e-03
2.457624301314353943e-02
6.331989914178848267e-02
-1.478288322687149048e-01
4.759064689278602600e-02
-1.039476841688156128e-01
2.891398407518863678e-02
-1.352923427475616336e-04
-7.581734657287597656e-02
4.028436169028282166e-02
3.717509284615516663e-02
-7.839157246053218842e-03
4.281776025891304016e-02
-3.440959751605987549e-02
-1.572569087147712708e-02
1.213544886559247971e-02
2.079789526760578156e-02
3.244163468480110168e-03
-2.772376500070095062e-02
-3.038249211385846138e-03
-6.038129329681396484e-02
-6.013644393533468246e-03
1.160409301519393921e-02
-4.330243542790412903e-02
-1.317243464291095734e-02
-6.310002505779266357e-02
-5.055464338511228561e-03
-7.173795253038406372e-02
2.211016044020652771e-02
-2.477227337658405304e-02
-3.463716432452201843e-02
-4.593020677566528320e-02
8.135889470577239990e-02
4.014631267637014389e-03
-6.695240736007690430e-02
5.750383064150810242e-02
1.980710588395595551e-02
1.106583233922719955e-02
6.102532520890235901e-02
7.968464866280555725e-03
1.740266568958759308e-02
-1.470829639583826065e-02
1.594999060034751892e-02
2.418065257370471954e-02
7.294497918337583542e-03
-5.688121169805526733e-02
2.400927245616912842e-02
-3.817488253116607666e-02
4.987630993127822876e-02
-3.856099396944046021e-02
-2.406800538301467896e-02
5.434401682578027248e-04
-2.915512956678867340e-02
-1.210417784750461578e-02
1.827009022235870361e-02
-5.921971052885055542e-02
6.561630871146917343e-03
-3.526336699724197388e-02
-3.533897548913955688e-02
2.563075348734855652e-02
-6.110822316259145737e-03
3.773192316293716431e-02
-4.293709620833396912e-02
-3.902152925729751587e-02
-1.708290912210941315e-02
-3.615690395236015320e-03
2.541992440819740295e-02
5.980772152543067932e-02
-2.831663191318511963e-02
2.564562112092971802e-02
3.642671182751655579e-02
4.606178402900695801e-02
-8.069612085819244385e-02
8.617924153804779053e-02
1.430486142635345459e-02
-2.705212868750095367e-02
-1.381532996892929077e-01
7.213541120290756226e-02
3.401164896786212921e-03
-8.971776813268661499e-02
-8.441655337810516357e-02
-5.846068263053894043e-02
-1.132846772670745850e-01
-3.872491046786308289e-02
-2.652613632380962372e-02
4.213379696011543274e-02
-4.927406832575798035e-02
1.258167903870344162e-02
-1.236038282513618469e-02
2.680240757763385773e-02
-5.011674761772155762e-02
-2.121048606932163239e-02
-1.188141480088233948e-02
-6.150652188807725906e-03
1.336107868701219559e-02
5.246520973742008209e-03
3.668477060273289680e-03
3.616112517192959785e-03
-4.186684731394052505e-03
3.215674310922622681e-02
4.172417148947715759e-02
8.241795003414154053e-02
5.019290372729301453e-02
3.131734579801559448e-02
-8.126813173294067383e-02
-3.718035994097590446e-03
3.700418397784233093e-02
-9.460028260946273804e-03
-1.851382292807102203e-02
2.100896835327148438e-02
-4.068717733025550842e-02
-9.100315161049365997e-03
-3.639494255185127258e-02
-2.654764428734779358e-02
2.849587053060531616e-02
3.884692490100860596e-02
3.107047080993652344e-02
2.136398851871490479e-02
-6.456409394741058350e-02
2.082959981635212898e-03
-4.028664436191320419e-03
3.946094773709774017e-03
-1.625390537083148956e-02
2.266690693795681000e-02
-5.177873186767101288e-03
-4.230392351746559143e-02
4.487935453653335571e-02
2.331810444593429565e-02
1.157662086188793182e-02
1.984088495373725891e-02
-8.320031687617301941e-03
2.413640543818473816e-02
3.210184723138809204e-02
-6.182695552706718445e-02
-3.437422588467597961e-02
-1.464704424142837524e-02
5.677340552210807800e-02
3.061893396079540253e-02
-1.694130897521972656e-02
-7.931356877088546753e-02
-7.146311551332473755e-02
6.098075956106185913e-02
-1.638582580198999494e-05
-9.389876574277877808e-02
2.569347061216831207e-02
2.656511031091213226e-02
-8.008861541748046875e-02
-8.040927350521087646e-02
-4.616139829158782959e-02
-1.982013136148452759e-02
8.292571641504764557e-03
-9.196484088897705078e-02
6.658531259745359421e-03
5.187464877963066101e-02
5.217483267188072205e-02
4.306560009717941284e-02
-1.227374598383903503e-01
-3.782236948609352112e-02
1.343683525919914246e-02
2.228689566254615784e-02
-2.067060209810733795e-03
2.767400257289409637e-02
-2.788552455604076385e-02
1.830729655921459198e-02
2.020604908466339111e-02
-7.417031377553939819e-02
-4.150889813899993896e-02
4.543438181281089783e-02
-1.115629542618989944e-02
-2.877702377736568451e-02
4.268256574869155884e-02
3.158374875783920288e-02
2.776694484055042267e-02
-5.733888968825340271e-02
4.942345619201660156e-02
9.635898284614086151e-03
2.268465980887413025e-02
1.369841955602169037e-02
2.252035774290561676e-02
-6.993558257818222046e-03
-1.211846694350242615e-01
-1.339291688054800034e-02
4.169497638940811157e-03
-1.329250913113355637e-02
9.491291642189025879e-02
1.922815106809139252e-02
-5.725758522748947144e-02
-2.934537641704082489e-02
-4.072264209389686584e-02
-2.319768443703651428e-02
-3.742064535617828369e-02
-4.924985766410827637e-02
-1.633125357329845428e-02
-4.564707726240158081e-02
6.108060479164123535e-03
1.029960736632347107e-01
1.496251672506332397e-02
-2.113784663379192352e-02
1.256902143359184265e-02
1.973810233175754547e-02
-8.577103167772293091e-02
9.532207250595092773e-02
3.083336167037487030e-02
-1.262660603970289230e-02
