0.02185849
-0.00462668
-0.03307249
0.00830948
0.02012537
0.03807982
0.01314384
-0.05870898
0.00117071
0.02600275
-0.02763810
0.01540395
-0.00930333
0.03604173
-0.02200012
-0.01938701
-0.02424733
-0.00517620
0.19009450
0.02792274
0.00396491
0.01092669
0.00712815
0.01253019
0.00851751
-0.01583408
-0.03413514
-0.02305056
-0.03487575
0.01410815
0.12061775
-0.01679107
0.00857923
-0.00247361
0.01465350
0.00951368
-0.01174768
0.01389425
0.00848195
0.00511134
-0.02285337
0.01816598
-0.10893349
-0.04293701
-0.02630572
-0.04075421
-0.03697548
-0.01347936
0.01540645
-0.00416062
0.01120897
-0.03408490
0.04426407
-0.00618185
-0.02687371
-0.01333631
-0.00291751
0.00418165
0.38472405
0.10456478
-0.01544437
0.00040730
-0.01429840
0.00091065
0.02164428
0.00240326
0.02328679
-0.01732603
0.06793880
-0.01232208
0.01678926
-0.00530163
-0.03054332
-0.01246081
0.00211782
0.00985150
-0.02246023
-0.03446966
0.02225614
0.11308838
-0.01056645
0.02805816
-0.00169332
0.07393499
0.01317930
0.00597361
0.00810599
0.01036231
0.03123140
0.00119682
-0.01827904
-0.03093194
0.03624921
0.01323943
-0.01638523
-0.00460532
0.03230375
-0.01610237
0.05414231
0.01254342
-0.00599259
0.01240299
-0.01561583
-0.00533339
-0.00678131
-0.02764908
0.04127207
-0.00475954
0.03240943
-0.03711499
-0.01639560
0.01551385
-0.01178394
0.00316322
-0.02158462
-0.00357903
0.00467549
-0.01672767
-0.00911104
-0.00248929
-0.01498730
-0.00572552
-0.00852405
-0.01717343
-0.06002530
-0.00016570
0.00870472
0.00030567
0.01096244
-0.00674969
-0.06831097
-0.00341501
-0.02461321
0.01232584
-0.05665174
0.00497336
0.00820300
-0.00283696
-0.09401928
0.02217734
-0.06227767
0.00861244
-0.02341754
0.00274882
-0.01518103
0.18609306
0.00515325
-0.02381263
-0.00358913
-0.02605475
0.03590667
0.03979044
-0.01207231
0.02513226
0.00531719
0.00747450
-0.00936465
-0.00557038
-0.06007506
-0.01971059
0.01668108
-0.04982205
0.05498070
0.02724197
-0.00623728
0.04119158
0.02308261
-0.01338434
-0.00605352
-0.04009113
-0.00049663
-0.01339701
-0.00712182
0.00367816
0.03143155
0.01204580
0.00159866
0.01523495
-0.01451384
-0.00511781
0.01192907
-0.00612640
-0.01519310
0.03195094
0.02298666
0.10432513
-0.01905814
0.01133806
0.00485835
-0.00588276
0.00770242
0.05546547
0.01196453
-0.02106049
0.00119824
0.01330692
-0.04351155
0.02170613
0.07186285
-0.01229742
0.04487142
0.03092214
0.01774573
-0.01899487
-0.00139316
-0.02824560
0.02931916
-0.01465462
0.00896058
-0.08438138
0.01781186
-0.02693067
0.01836994
0.01259109
-0.01189579
-0.04016577
-0.00132245
0.03050214
0.01258419
-0.01212963
-0.00629036
-0.74539167
-0.01032266
-0.04903585
0.00295420
-0.00633953
-0.00054627
0.02037558
-0.00714145
0.00032961
-0.01446600
0.02085409
-0.00578888
-0.01704171
-0.03330519
0.02052086
-0.00442353
0.00115504
-0.01391501
-0.01492140
0.00381394
0.00290204
-0.11216073
-0.03470208
-0.00167294
0.03136649
0.00612587
-0.00441264
-0.00812466
-0.00828801
-0.00789481
0.00708089
0.04370717
-0.00598123
-0.02295438
-0.00613367
0.17823976
-0.03357113
-0.08129164
0.04384032
-0.02487169
-0.16363700
-0.00507943
-0.07617851
-0.02005070
-0.09302285
0.18309148
0.06407376
0.01172737
-0.04989561
-0.11003587
-0.03388066
0.02053572
0.02228348
0.06143787
0.04511385
0.06251303
0.01541378
-0.11721832
0.05763374
0.10170322
-0.14334151
0.00662219
-0.11210542
-0.07605696
-0.13340132
0.19067132
0.02925080
-0.05951652
0.05351818
-0.01280819
0.09854157
0.09746610
0.04969609
-0.07896741
-0.05225696
-0.02664491
0.06110254
0.01565481
-0.08867565
0.04356339
0.04903482
0.78746140
-0.07691912
0.07720845
-0.02819009
0.02837185
0.09965336
0.02785830
0.03184856
-0.03706060
-0.07200991
0.06618463
-0.06916840
-0.00775367
-0.02846154
-0.09368638
-0.03956588
-0.03945535
0.05191952
-0.05626744
-0.02717054
-0.05513318
0.03817061
-0.00405687
-0.03034926
-0.01040161
0.01136320
0.00122279
0.01896406
-0.04899696
-0.03958403
0.01187129
0.00097564
0.01825422
0.02498011
-0.02263307
-0.07266409
0.01557851
-0.01971086
-0.05814106
-0.02071152
0.00327144
-0.02353315
0.06805436
-0.01667503
-0.03864075
-0.03219366
0.02939637
-0.03938335
0.05756234
-0.05055627
0.02751954
0.05332115
-0.01664968
0.13595147
-0.04946104
0.02618356
0.04224147
0.06027526
-0.01747770
0.00065069
-0.03148802
0.00271895
0.04337586
-0.05274728
-0.03129102
0.08140737
0.03832272
-0.03378329
0.00152371
0.03041403
0.01410337
-0.07792564
0.06283701
-0.08479707
-0.12383277
-0.00983795
-0.00201790
-0.02330334
-0.08141153
0.01528433
0.03613231
0.03186249
0.03987361
-0.00625386
0.00483742
0.00297445
0.08298588
-0.03642264
0.02355418
0.04115679
0.06354751
-0.01566771
-0.02807214
0.02404948
0.03602373
0.04171582
0.03237503
-0.04213512
0.05400269
-0.07788556
-0.11501486
-0.01911784
0.01760828
0.06780844
0.00347288
-0.05372319
0.09931355
0.04285146
-0.01242265
-0.00512707
-0.02701527
0.05222211
-0.03086543
-0.01332678
-0.04604752
-0.05617911
0.08723038
-0.03432548
0.00433560
-0.03496461
0.02842249
-0.04473620
-0.00717138
-0.02175367
-0.00142810
-0.00412032
0.04201254
-0.01815914
-0.01258043
0.02280455
0.01787833
-0.02517316
0.02905628
0.03031880
-0.09190190
-0.03119392
0.04459099
0.03190471
0.01143655
0.01604407
0.04700281
0.01403041
-0.12405962
0.03059389
0.01007454
-0.06967159
0.02257732
0.00508340
0.00062264
-0.04247157
0.08780997
-0.06137963
0.06672017
-0.00108135
0.02706659
0.02585286
-0.05836402
0.03903410
0.03204153
0.04074311
-0.03104502
-0.04300372
0.07530542
0.00435025
0.04321807
0.02166492
-0.00861844
0.03281726
0.00800125
-0.01802609
0.03351755
-0.01919197
0.00127786
-0.02082016
0.05991973
-0.04737373
0.08428975
-0.04738331
0.02918376
0.02600883
-0.08259007
-0.04254956
-0.00054678
-0.04529131
-0.01287646
-0.01608704
-0.06933668
-0.00972966
0.06749970
-0.02930027
0.00201127
0.01495070
0.03628884
-0.03893857
0.00102630
0.01810130
0.14033701
0.01556831
0.01924054
-0.06135868
0.04978399
0.02793743
-0.06367481
-0.08177488
0.03404693
-0.05186766
-0.00738557
-0.05416544
0.00789991
0.01043550
-0.02788960
-0.05140420
-0.00435908
0.03349537
-0.02905407
-0.00111549
0.02322998
-0.01065905
0.01268868
-0.02225066
-0.11339722
0.07768738
-0.03985946
0.04689243
-0.08557270
0.05948298
-0.02549394
0.01030536
0.02764728
0.07390638
0.00320101
0.06375349
0.04967570
-0.03007942
-0.05762257
-0.01372804
-0.00447076
-0.01373338
-0.07663709
-0.09001490
-0.03773170
0.02912570
-0.04748619
0.08891740
0.05875538
-0.03953641
-0.00425911
-0.03056754
-0.01565764
0.02919799
0.04867059
0.00935767
-0.00934449
-0.10255183
-0.04101536
0.01937929
-0.04765086
0.00482446
-0.01995346
-0.03186872
0.06165202
-0.01653382
-0.03902102
-0.01075221
0.03889586
0.06472559
0.02122531
0.00534378
0.03784429
0.01331169
0.01290826
-0.03987481
0.08391296
-0.03549756
0.03167259
0.02576916
-0.05049852
0.02410896
0.05830848
-0.03671534
-0.03819123
0.03856639
0.02604680
-0.03003730
0.01051601
-0.03846106
0.00138990
-0.04112508
0.01153341
0.03472507
-0.03373545
0.08409194
-0.08598974
0.01049825
-0.03502585
0.07356242
-0.02278417
-0.01717475
-0.05593345
0.11536878
-0.01768856
0.04014535
-0.02646104
-0.04569127
0.03690338
0.03316764
0.00457499
-0.05682341
0.01912757
0.00911037
-0.00063561
-0.05024158
-0.08673612
-0.03736699
0.03600952
-0.00598790
0.04585041
-0.04812172
0.03453453
0.02296540
0.01526276
0.00545068
0.01509394
0.01871992
0.04028351
-0.06871778
0.00899108
0.01803258
0.05337885
-0.16838533
0.00879335
-0.06547046
-0.01270282
0.00540539
-0.06761821
0.05113897
0.05986612
-0.00395235
0.05442986
-0.03303244
-0.01119225
0.02833884
0.02652588
-0.00010837
-0.01137284
-0.01670127
-0.04663537
-0.00034118
0.00327567
-0.01071440
-0.01703523
-0.08289525
0.01599096
-0.08730175
0.04964188
-0.00662068
-0.00384905
-0.09845261
0.05500829
0.00753619
-0.04942833
0.04801993
0.02625256
0.01483023
0.04413642
0.04360206
0.03037377
-0.02277651
0.00689121
0.01670114
-0.03483446
-0.03818260
-0.01255291
-0.04498778
0.02388166
-0.04402716
-0.02191028
0.01685789
-0.02616061
-0.03195333
0.02958361
-0.05285658
0.01961003
-0.02524713
-0.05924204
-0.01707385
-0.02498027
0.01072555
-0.01370495
-0.00579133
0.00255311
0.01064036
0.01706506
0.04750791
-0.06075392
0.04564506
0.02345221
0.00718022
-0.04446810
0.07131623
0.01290468
0.00471559
-0.12204222
0.05702311
0.00620033
-0.09519706
-0.09085488
-0.02750964
-0.09014399
-0.02957477
-0.01388160
0.05094372
-0.03661957
0.02756555
-0.01694023
0.02098228
-0.01025285
-0.02595267
-0.03911095
-0.00349895
0.03877379
-0.00739423
-0.00830541
-0.04672765
0.02419395
0.03297220
0.01570470
0.08998088
0.04736292
0.04408747
-0.06942427
0.00778210
0.06270455
-0.01344800
-0.01542460
0.03858640
-0.03991382
-0.05069743
-0.01037885
-0.03198441
-0.00181656
0.05127889
0.03685006
0.01353783
-0.05630185
0.04207195
0.02536999
0.02881348
0.02633305
0.03088686
-0.03264303
-0.03949864
0.04901813
0.02029623
0.04022032
0.03203902
0.00179834
-0.01044749
0.03765027
-0.05798094
-0.01080857
0.00693212
0.04845320
0.02348353
-0.03505282
-0.07154462
-0.05587103
0.04719136
-0.00746243
-0.06702812
0.06703266
0.02701565
-0.06146329
-0.06310853
-0.05698711
-0.00589224
0.01668250
-0.06752070
-0.00662758
0.02030145
0.03385650
0.05962358
-0.10033556
-0.00715558
0.00530447
-0.00081610
-0.00580501
0.04226118
-0.01841703
0.03240737
0.01363533
-0.09096848
-0.05082139
0.03205772
0.00062131
0.00073896
0.02591072
0.02253392
0.04130905
-0.04974833
0.07888860
-0.01146655
0.01906873
0.02451929
0.04153219
0.02517349
-0.10137209
-0.03174102
0.02040709
-0.00508426
0.07664167
0.04719954
-0.04608527
0.01221659
-0.02785809
-0.04481360
-0.03596372
-0.03086984
-0.00863627
-0.00569773
0.01219981
0.05429402
0.00829371
0.02025612
0.00899789
0.07353390
-0.03934133
0.09351078
0.02920103
-0.02337957
