0.00890306
0.00701795
-0.04426395
-0.00830310
0.01896931
0.03865919
0.00606628
-0.06436498
-0.00673277
0.02546994
-0.03236723
0.01197407
-0.00534682
0.02171360
-0.02062114
-0.02952519
-0.01931616
-0.01652765
0.18114515
0.02960951
-0.00294061
0.00907821
0.01108315
0.00413579
0.00642558
-0.00633537
-0.01600632
-0.00774509
-0.01875792
0.01876930
0.09672123
-0.02715396
0.00240317
0.00614936
0.00390782
0.00809899
-0.00826958
0.01869867
-0.00372854
0.00505562
-0.02648081
0.01793104
-0.11401873
-0.04426287
-0.02766411
-0.02736592
-0.03848928
-0.00938418
0.02271895
-0.00186839
0.00839134
-0.03135804
0.02618426
0.00715498
-0.03139675
-0.00753924
0.00200117
0.00546738
0.39090490
0.10737529
-0.01167147
-0.00910318
-0.01772742
-0.00469836
0.02356282
-0.00645610
0.01778184
-0.01508938
0.07860190
0.00012534
0.01714426
-0.00831662
-0.03803807
-0.00089911
-0.00021202
-0.01123021
-0.03749406
-0.04123381
0.03294212
0.10143198
-0.01297652
0.02874458
0.00282254
0.07985087
-0.00149313
0.00701993
0.00806375
0.01512390
0.02866585
0.00694900
-0.00898448
-0.04332658
0.05932295
0.01757894
-0.01834475
-0.01045912
0.03447529
-0.01606194
0.06815279
0.00805541
-0.01409490
0.00134381
-0.01364017
-0.01245223
-0.01621036
-0.03273533
0.04300486
0.00949087
0.02085704
-0.04493359
-0.02706134
0.00914259
-0.00789348
-0.00611802
-0.01368836
-0.00183383
0.00151488
-0.01638569
-0.02180741
-0.00525872
-0.02026235
-0.01757385
0.00250144
-0.01185630
-0.05249703
-0.00585219
0.02015012
-0.00018423
0.01696314
0.00173365
-0.06687208
-0.00923803
-0.02369299
0.01086320
-0.05695711
-0.00101321
0.00680623
0.00026023
-0.12490184
0.02755112
-0.04546595
0.00102536
-0.01934476
-0.00451225
-0.01765121
0.18097146
0.00469628
-0.02662873
-0.01033481
-0.02208843
0.03991417
0.03138974
-0.01292212
0.01520801
0.00782154
0.01001079
-0.01390197
-0.00064200
-0.05902222
-0.00656337
0.00086704
-0.04398366
0.07300958
0.02488245
-0.01137154
0.04233150
0.03368752
-0.00717305
0.00308523
-0.02787304
-0.00985698
-0.00787329
-0.01122000
-0.00112629
0.01793561
0.00945142
0.00434159
0.01432595
-0.02382553
-0.00407961
-0.00112590
-0.00856075
-0.00329585
0.03365311
0.03592522
0.07308739
0.00969514
0.01499234
0.00104811
0.01174706
0.00082479
0.05757999
0.02897321
-0.02180364
0.00274398
0.01139614
-0.04463761
0.01635770
0.06700060
-0.00541090
0.07745861
0.02862783
0.03674306
-0.01140428
-0.00807095
-0.04556327
0.03607227
-0.02787647
0.00434269
-0.07301271
0.01424460
-0.02472845
0.02803635
0.01062597
-0.01847507
-0.03056589
-0.00072609
0.01758186
0.01784573
-0.01015200
-0.00068640
-0.74040008
-0.01216217
-0.05172713
0.00810788
-0.00240681
-0.00441467
0.01004150
-0.00913909
-0.01202778
-0.01825223
0.01887176
0.00551743
-0.02675758
-0.03719470
0.01625861
-0.01045165
0.00368743
-0.01874236
-0.01316595
0.00969066
0.01541695
-0.10030522
-0.05775211
-0.00004130
0.03314741
0.01393841
-0.01266701
-0.00088946
-0.00634475
0.00003301
0.00991638
0.05623846
0.00171961
-0.01439272
-0.00564419
0.17358176
0.00908053
-0.07879391
0.06171846
-0.00919079
-0.07465657
-0.04112181
-0.05092716
-0.03735932
-0.09183576
0.14406723
0.14976579
0.02013654
-0.08709368
-0.09002765
-0.04928117
0.02519765
-0.03947194
0.05482097
0.00576718
0.08538081
0.07217470
-0.13316619
0.01600612
0.06437504
-0.11526975
-0.02003800
-0.14079726
-0.04302022
-0.07918725
0.12911898
-0.00551378
0.01544220
0.01989193
-0.03590997
0.05018517
0.09538645
0.08317257
-0.12959176
-0.03594621
-0.01444156
0.08819934
-0.06541344
-0.03797252
-0.06437558
-0.02023365
0.81045878
-0.12025155
0.07092972
-0.05178986
0.03224873
0.11218797
0.03558670
-0.00446914
-0.00665369
-0.09008276
0.05118794
-0.04587465
-0.06465150
-0.00404591
-0.05901670
-0.03385707
-0.05030142
0.07149397
-0.03024027
-0.04269718
-0.05668837
0.04849396
-0.00938002
-0.03507903
-0.01210977
0.00429520
0.00761731
0.00926997
-0.04039396
-0.04516892
-0.00675892
-0.00003273
0.02727345
0.04143702
-0.01531026
-0.06839912
0.03191314
-0.01440307
-0.05820635
-0.02793122
0.01827435
-0.00035513
0.04392099
0.00277841
-0.03993102
-0.02607629
0.03278715
-0.04416769
0.03013968
-0.03080939
0.01487004
0.04417130
-0.01331202
0.13214920
-0.05864957
0.03198624
0.04195160
0.04680843
-0.02706200
-0.02017417
-0.03218075
0.01235343
0.05963844
-0.05728016
-0.03076863
0.07392374
0.03518298
-0.03990411
-0.01327012
0.02784656
0.01198631
-0.06713942
0.05051789
-0.07994677
-0.14841066
-0.00435199
-0.00624139
-0.02112762
-0.10338340
0.02629128
0.04255808
0.05096171
0.02737194
-0.00585206
0.00159367
0.02041850
0.10180032
-0.03072453
0.00867076
0.03735860
0.07027723
-0.01880376
-0.03610456
0.00872997
0.01604897
0.03113764
0.04529130
-0.02518754
0.05252789
-0.06780127
-0.10891191
-0.01815270
0.01211845
0.05483468
0.00432763
-0.04691884
0.09844100
0.04205391
-0.00214685
-0.01959231
-0.02203275
0.05004507
-0.03561120
-0.00976244
-0.05915621
-0.04706543
0.08482785
-0.04629041
0.00402763
-0.05366334
0.01354127
-0.04517941
-0.00200649
-0.01288315
-0.00275565
-0.00766854
0.04030487
-0.01808883
-0.01404200
-0.00593150
0.02778525
-0.02108393
0.03380923
0.01542851
-0.08681021
-0.03079159
0.05285798
0.03191288
0.00866293
0.01444466
0.04452590
0.02238053
-0.11170371
0.00394627
-0.00259858
-0.07737049
0.00637315
0.01701482
-0.00740747
-0.05367325
0.07774887
-0.06359929
0.07560697
0.00760496
0.03565448
0.02895626
-0.05681117
0.01845934
0.01950448
0.05105675
-0.04072258
-0.04365811
0.08274980
0.00367280
0.05381635
0.03246610
-0.01608628
0.03157764
0.02141806
-0.00619005
0.02236767
-0.00621285
-0.01528999
-0.02131440
0.06992164
-0.05251259
0.09220219
-0.02655942
0.02713676
0.01485481
-0.06683384
-0.04891171
-0.01552586
-0.03709724
-0.01069685
-0.03449044
-0.05394895
-0.00396538
0.05868294
-0.00884321
0.00628217
0.01120918
0.02571771
-0.03304564
0.00803889
0.01306344
0.13473755
0.01830414
0.00416935
-0.04765386
0.05822458
0.03696130
-0.07466915
-0.07436940
0.02710738
-0.04829040
-0.01864238
-0.06308358
0.01067510
-0.01152011
-0.03136879
-0.07241011
0.01224057
0.03703699
-0.03603955
-0.00573427
0.01391250
-0.02442048
0.02645476
-0.00706474
-0.08833882
0.08125826
-0.04462881
0.03767676
-0.10047974
0.06565378
0.02285330
0.00900023
0.02429575
0.08249496
0.01640902
0.05211962
0.05412035
-0.02868859
-0.08162808
-0.01454694
0.01128560
-0.00441179
-0.08338053
-0.08795229
-0.03801039
0.01449531
-0.06455143
0.07068945
0.07154874
-0.03596209
-0.01103154
-0.00485474
-0.01036454
0.03733199
0.05110132
0.00119621
0.01424575
-0.10603923
-0.03018460
0.01779296
-0.06202348
0.00086665
0.00275526
-0.03396900
0.04867103
-0.03528594
-0.03561883
0.00038964
0.03862577
0.06804251
0.01788615
-0.00036604
0.04241222
0.01613117
0.02266010
-0.03197989
0.07155228
-0.04411501
0.03251811
0.02869751
-0.04391645
0.02505971
0.06100140
-0.03141206
-0.04644385
0.03939494
0.04398110
-0.00910194
-0.00064320
-0.04487021
0.00620271
-0.05456549
0.01610463
0.03146560
-0.03267201
0.08999427
-0.06251089
0.02478312
-0.04555376
0.05332451
-0.03039062
-0.02132753
-0.05272940
0.09842917
-0.03278026
0.04088845
-0.01398681
-0.03264762
0.02519363
0.02278965
0.00318169
-0.07436544
-0.00302009
0.01174438
0.00443484
-0.03678991
-0.09291094
-0.04992122
0.02662666
-0.00334478
0.08177134
-0.04459332
0.03571457
0.01903678
0.01471553
0.01074748
0.02061629
-0.02250206
0.03914739
-0.06022972
-0.00574148
0.02157011
0.05876405
-0.14209068
0.01290813
-0.06156035
0.00513661
0.01802436
-0.07680245
0.04637690
0.03298555
-0.00561700
0.05773875
-0.01251756
-0.00899703
0.04230344
0.02805317
-0.00027449
-0.00433161
-0.00069228
-0.02508693
-0.00592361
-0.00580958
0.00757409
-0.00952045
-0.07812189
0.00979189
-0.10137257
0.03521201
0.00216882
-0.01164950
-0.10902716
0.04033565
-0.00273854
-0.06841938
0.03627142
0.03434518
0.04268515
0.02464725
0.04551995
0.01571479
-0.02491074
0.01216747
0.00573722
-0.02983282
-0.05553995
-0.01532059
-0.03480412
0.02790822
-0.02353899
-0.01728393
0.02431963
-0.06217019
-0.04385408
0.02602316
-0.05449378
0.01460002
-0.01242033
-0.04906851
-0.01736755
-0.00653244
-0.00980822
-0.01367689
-0.01461520
-0.00901080
0.02018456
0.01925830
0.04204137
-0.05040174
0.03505371
0.03861630
-0.00937778
-0.06044246
0.06834406
0.00593133
0.02244139
-0.12005299
0.06155173
0.01072649
-0.12042177
-0.07751097
-0.03069201
-0.06506570
-0.05074354
-0.03831312
0.05871611
-0.03424323
0.02956350
-0.02768893
0.02633511
-0.04812315
-0.03687133
-0.02123676
-0.01175749
0.03734184
0.01149733
-0.00773257
-0.06266050
0.03876438
0.01858846
0.01631048
0.07973561
0.04374766
0.04009241
-0.08239977
0.00682531
0.06881179
-0.00900816
-0.00431621
0.02293645
-0.05138953
-0.04990720
-0.02573869
-0.02397284
-0.00076228
0.04493928
0.03738979
0.01058370
-0.04286737
0.04364005
0.03783793
0.03492566
0.03442634
0.01878099
-0.03858871
-0.05024814
0.03397259
-0.00096853
0.04151660
0.04770624
-0.00503567
0.00509365
0.02280773
-0.04484997
0.01166041
0.01065882
0.04216439
0.04257502
-0.02722185
-0.06127279
-0.03924312
0.07980507
-0.03047719
-0.05107440
0.07040325
0.02170293
-0.07523640
-0.05597119
-0.03852493
-0.00699941
0.02632132
-0.06142709
0.01248564
0.02668550
0.04782737
0.06546165
-0.07949582
-0.00309642
-0.01310341
-0.00515611
0.00758912
0.02522127
-0.01054673
0.02073636
0.01479133
-0.09144488
-0.04742326
0.02253649
-0.01336565
0.00364207
0.03302148
0.01305817
0.05324042
-0.04942289
0.05644037
-0.02759017
0.00774654
0.03016599
0.05381847
0.03238293
-0.11590552
-0.02784226
0.01343233
0.01050397
0.08660284
0.04290603
-0.04079965
0.02385646
-0.03111621
-0.03985723
-0.03303894
-0.00903002
-0.02406435
-0.00508800
0.04056956
0.07830586
0.00502374
-0.00527275
0.00486875
0.06859840
-0.01729986
0.08055321
0.04305558
-0.03436825
