0.01717809
0.00340012
-0.02575403
-0.00953746
0.01972358
0.03353167
0.01369620
-0.03956796
-0.00010713
0.01157584
-0.01584306
0.00304520
0.00127291
0.01586358
-0.02111202
-0.02086777
-0.00876561
-0.00662936
0.17242406
0.03613547
0.00407744
0.02457765
-0.00490914
0.01015937
0.00962774
-0.01032757
-0.01497359
-0.01218026
-0.03077447
0.01056961
0.09016341
-0.01448712
0.00939891
-0.00955130
0.00700053
0.01473252
-0.01868063
0.01508673
0.00574654
-0.00492171
-0.01483796
0.01140203
-0.10017865
-0.04008674
-0.01911487
-0.01269417
-0.03773301
-0.00902948
0.00800351
0.00413623
0.00535543
-0.03881052
0.03490222
0.01469972
-0.03154176
-0.00958459
0.00118413
0.00446342
0.39851996
0.09158646
-0.01984138
0.02034828
-0.01387420
-0.00552235
0.01965971
-0.00218773
0.01404953
-0.01574093
0.06903002
-0.00014509
0.00902417
-0.00654844
-0.02233915
-0.00559451
0.00199467
0.00051581
-0.03070470
-0.02422329
0.02097341
0.10018352
-0.01868497
0.02557208
0.00518734
0.07884006
0.01724062
0.00904279
0.00798327
0.02064197
0.04119891
-0.00174007
-0.01104232
-0.02123003
0.03253069
0.01371328
-0.01324584
-0.00677179
0.02295422
-0.02057239
0.05563794
0.00034897
-0.00309944
-0.00239891
-0.00399911
-0.00530849
-0.00672867
-0.01788914
0.03283822
0.00242743
0.03205683
-0.03444566
-0.01684751
0.01702191
-0.00599167
-0.00429956
-0.01680606
0.00362043
0.00960276
-0.01293623
0.00337738
-0.00026249
-0.01225616
-0.01095357
-0.00652563
-0.02516610
-0.04715377
0.00541846
-0.00163485
-0.00387113
0.00720918
0.00797315
-0.05228582
-0.01024533
-0.02261310
0.00811819
-0.03853329
0.00017343
0.00690929
0.00832864
-0.09470712
0.01956193
-0.05645978
-0.00687675
-0.01892549
-0.00310962
-0.01731749
0.18185183
0.00044146
-0.01120804
-0.00990234
-0.02641236
0.03204198
0.03412892
-0.01959202
0.01800204
0.00915466
0.00203393
0.00159228
0.00379345
-0.05738579
-0.01052233
0.01156281
-0.06523182
0.05575620
0.02162620
-0.00826915
0.05122975
0.01612636
-0.01664523
0.00300594
-0.01910301
0.00062792
-0.00684648
0.00003999
-0.00925744
0.03750805
0.02495486
0.00548524
-0.00599077
-0.01322451
-0.00475887
-0.00938075
-0.01644052
-0.00825057
0.03369014
0.01773866
0.08583407
-0.02608102
0.00186657
-0.00145853
0.00256988
0.02016241
0.04829280
0.01942794
-0.02535593
-0.00016955
0.01743722
-0.02817193
0.02489448
0.05828237
-0.01115633
0.05357249
0.03522786
0.01947546
-0.01999220
-0.00006797
-0.04234613
0.02897102
-0.01441287
0.01663841
-0.08830999
0.00463422
-0.02154997
0.01369875
0.01639559
-0.00440804
-0.02521950
0.00338892
0.03661133
0.00248995
0.00743757
0.00115147
-0.77064741
0.01195090
-0.04166245
-0.00091828
-0.00067338
-0.00102357
0.00527784
-0.00220288
-0.00355622
-0.01274662
0.00284191
-0.00388869
-0.02081308
-0.02332274
0.00717464
-0.00768985
0.00358164
-0.02303835
-0.01349929
-0.01232564
0.00689115
-0.09611832
-0.03300045
0.00214559
0.02680778
0.00783947
-0.00099753
-0.01401873
-0.01340705
0.00134474
0.00754382
0.04232420
-0.00833727
-0.01858188
-0.01244774
0.13700034
-0.03841269
-0.11484486
0.06680703
-0.01191220
-0.05212079
-0.06596563
-0.04900539
-0.02323106
-0.06819023
0.15842561
0.07307656
0.04631986
-0.07311033
-0.07440558
-0.01582781
-0.00623539
0.06421614
-0.00737573
0.06932241
0.03164368
0.00199597
-0.06501003
0.02021779
0.02325132
-0.05641519
-0.04325121
-0.07177018
-0.09409247
-0.11753028
0.16925064
0.01705637
-0.06984874
0.01125976
-0.01648509
0.06143525
0.03331777
0.08821567
-0.09417726
-0.04168550
0.02765348
0.11546115
0.00966623
-0.07652533
0.04222422
0.02707101
0.85296714
-0.07504894
0.06510723
-0.05027507
0.04558085
0.03913806
0.00868154
0.05019529
-0.00867620
-0.10946387
0.04496714
-0.02389180
-0.03231340
-0.04252349
-0.05950128
-0.07472657
-0.02361896
0.04605342
-0.05017602
-0.01970413
-0.05247872
0.01121429
-0.00587352
-0.03480705
-0.01872222
-0.02766122
0.03032718
0.02029335
-0.05754522
-0.02488775
0.00719184
-0.01507003
0.00862934
0.01380767
-0.02036007
-0.08597293
0.00997043
-0.00087732
-0.09294241
-0.03159144
-0.00253567
-0.06122323
0.06036779
-0.02047705
0.01322823
-0.02166496
0.03052087
-0.03482053
0.06602246
-0.01710497
0.02663747
0.07419603
-0.01089274
0.11483674
-0.02327136
0.01117143
0.05151939
0.03079348
-0.01711141
-0.02850047
-0.03111639
0.00982114
0.05727415
-0.06222779
-0.04141448
0.06315265
0.01430595
-0.01445884
-0.01019121
0.04547916
0.02819456
-0.09454335
0.05606302
-0.07162592
-0.12190837
-0.02155124
-0.03233720
0.00485042
-0.05391535
0.04125400
0.03712720
0.03036636
0.04578082
-0.02013232
0.00433300
-0.01873387
0.05726147
-0.01104437
0.01217711
0.05986003
0.05638498
-0.04241230
-0.04389293
0.01925655
0.02155619
0.04748289
0.04510750
-0.02914418
0.04227992
-0.07380689
-0.10971904
-0.03017641
0.00126400
0.11760125
0.01572230
-0.04089524
0.05747328
0.04348445
-0.06942054
0.00751841
-0.04515663
0.01247122
-0.02272756
-0.03715528
-0.03043703
-0.06624220
0.08310975
-0.04576331
0.01053849
-0.03009576
0.02820132
-0.03970871
-0.04839032
-0.03663448
-0.00910395
-0.02255241
0.05305203
0.00801686
-0.01640848
-0.00812103
0.00453422
-0.01558666
0.03957823
-0.00935173
-0.09517120
-0.04580605
0.04182030
0.05176029
-0.00169828
0.02241731
0.03707269
-0.01093167
-0.15216202
0.04421204
-0.00099341
-0.05172711
0.02265825
0.04434465
-0.00048414
-0.04149906
0.09224859
-0.04583159
0.06101274
-0.03032070
0.03638595
0.04599777
-0.06207768
0.02810393
0.05585134
0.03870795
-0.02008977
-0.03187151
0.04852882
0.00203229
0.04207351
0.03745751
-0.00468413
0.05020559
0.01321684
-0.03109424
0.03487005
-0.02007714
-0.01144206
-0.03382200
0.03717785
-0.03081825
0.05775071
-0.03055217
0.01841412
0.01450283
-0.07243198
-0.00944344
-0.01167796
-0.02994448
-0.01509510
-0.02281407
-0.05238366
-0.04556138
0.05801788
-0.05282146
0.01344101
0.04472029
0.01784103
-0.04289768
-0.03305374
-0.00284343
0.15626064
-0.00235485
0.02831771
-0.04322862
0.02425277
0.02982326
-0.07574563
-0.07088674
0.01528585
-0.05765348
0.00047526
-0.03994781
0.00307755
0.03044046
-0.03260592
-0.03283722
0.00281258
0.00837612
-0.05299609
0.01568723
0.00385208
-0.03858044
-0.02025226
-0.02884641
-0.11664071
0.07190970
-0.02092527
0.02275774
-0.03610455
0.02854930
-0.05498940
0.00912606
0.03763490
0.08989845
-0.00415899
0.06477482
0.08588096
-0.02195978
-0.05245150
-0.03958775
-0.00522570
-0.01672420
-0.07004898
-0.09843694
-0.04097865
0.03342912
-0.04096005
0.09579626
0.04147338
-0.05898700
-0.00095977
-0.01736111
-0.02443940
0.03697605
0.03325694
-0.01462367
0.00787718
-0.08510906
-0.02521181
0.02369392
-0.05507839
0.03255292
-0.04487423
-0.03291076
0.04879477
-0.01462079
-0.02298066
-0.01532162
0.03019073
0.04461357
-0.03597036
-0.01012909
0.01769886
0.00285274
0.00340477
-0.01284152
0.06414001
-0.00749756
0.00778519
0.04141761
-0.04372444
0.02535559
0.04897407
-0.02957281
-0.05047618
0.02647047
-0.00222854
-0.03303357
0.02297379
-0.03580485
-0.00492807
-0.05457835
0.01403270
0.03284459
-0.04479834
0.10257155
-0.09337389
-0.01849896
-0.02662810
0.06066748
-0.02196667
-0.01951854
-0.07151163
0.11714397
-0.01942257
0.05017220
-0.04896934
-0.04179242
0.02123977
0.00999165
-0.02695822
-0.06494205
0.03566732
0.01054072
0.00244260
-0.02460933
-0.04569934
-0.01673741
0.05042326
-0.00388854
0.03977267
-0.07347940
0.03578602
0.00817483
-0.00436524
0.01233037
0.02341934
0.02173394
0.05400670
-0.05382538
0.05948189
0.02121074
0.03301524
-0.15836462
0.01034972
-0.10061623
-0.00758612
0.01929829
-0.04365009
0.06280352
0.02250650
-0.01933881
0.01136049
-0.05122574
-0.01235162
0.01950548
0.00653546
-0.00069971
-0.02732677
-0.00282531
0.00685241
0.02410242
0.02162563
-0.01659538
-0.02199765
-0.06220457
0.00145293
-0.08221409
0.05868703
0.00734243
-0.01339924
-0.11786577
0.07202473
0.02457485
-0.04580693
0.04980304
0.04699540
-0.01515205
0.05940720
0.04153125
0.02043789
-0.00537970
0.02340640
0.03969520
-0.02693863
-0.01766211
-0.00297924
-0.04602455
0.03984012
-0.02141303
-0.02210386
0.00187097
-0.00337473
-0.03943147
0.00094826
-0.05031024
0.00439252
-0.01802468
-0.06604072
-0.00954412
-0.03426399
-0.00329932
0.00189817
-0.01458584
0.03120004
0.00907113
0.01932492
0.05247129
-0.06800757
0.01761490
0.01627268
-0.00445391
-0.04064865
0.06672654
0.02819231
-0.00975288
-0.10851809
0.06326382
0.01235334
-0.07135650
-0.08453397
0.00581716
-0.10097671
-0.04723325
-0.01660534
0.04674208
-0.05688183
0.03563773
-0.03582545
-0.00641533
0.01374964
-0.02098266
-0.06041933
-0.00051152
0.03409277
-0.00715808
-0.03541906
-0.05331867
-0.01588794
0.04841915
0.02896947
0.07183520
0.05130269
0.03391088
-0.06893328
-0.00776026
0.05631682
-0.00825344
-0.02706562
0.01673825
-0.00973851
-0.04024821
-0.02583573
-0.02705982
0.00070184
0.04537930
0.05227498
0.01563365
-0.04989832
0.02673682
-0.00086141
-0.02674734
-0.00708307
0.04971214
-0.03002895
-0.00942433
0.07373264
0.01257810
0.03519443
0.01510430
0.00391104
0.00311703
0.02983509
-0.06862599
-0.03943656
0.00086522
0.04209438
-0.01388264
-0.03759105
-0.07034225
-0.03100826
0.05573912
-0.01856971
-0.04367624
0.05122882
0.02902406
-0.06630072
-0.06591696
-0.05960532
-0.01532701
-0.00088279
-0.10220069
-0.02081039
0.02711830
-0.01710251
0.07290541
-0.13414030
-0.02295304
0.02503118
0.00359776
-0.00851439
0.02622842
-0.03683963
0.02719063
0.02299044
-0.08098562
-0.02676140
0.05275479
0.01027775
-0.02954494
0.01346947
0.01409918
0.04157837
-0.08277064
0.07494549
-0.01854748
0.01142708
0.04490701
0.03195447
0.03123398
-0.07811901
-0.02348929
0.01581691
0.00937636
0.05038077
0.06312832
-0.03023874
0.00405645
-0.01853016
-0.06154853
-0.04464441
0.01944626
-0.01726364
-0.00339084
0.00337686
0.03458201
0.01034421
0.00145037
0.04319954
0.06728735
-0.02622546
0.07098478
0.02912620
-0.00210791
