0.01538964
0.00124354
-0.02959820
-0.01032499
0.01913108
0.03414181
0.00964056
-0.04971518
0.00066397
0.01722849
-0.02119516
0.00777220
-0.00388460
0.02055886
-0.02287340
-0.02414712
-0.01436816
-0.00736761
0.17810437
0.03801111
-0.00155374
0.02283686
0.00239639
0.00758107
0.00870186
-0.00835802
-0.02030044
-0.01280962
-0.02842454
0.01042960
0.09464724
-0.01915936
0.00782381
-0.00872810
0.01033820
0.01359079
-0.01506677
0.01707310
0.00472324
-0.00316696
-0.01611214
0.01111548
-0.10137262
-0.04202148
-0.01876110
-0.01830369
-0.04256580
-0.01417911
0.01699466
0.00177963
0.00896036
-0.02808708
0.03256710
0.00974080
-0.03112344
-0.00712485
0.00070138
0.00441427
0.39465401
0.09805677
-0.01830509
0.01151410
-0.01491841
-0.00492013
0.02423003
-0.00400835
0.01887483
-0.01526296
0.07289363
0.00051928
0.01008425
-0.00909746
-0.02756378
-0.00587788
0.00317337
-0.00321829
-0.03174437
-0.03268809
0.02973310
0.09704451
-0.01552374
0.02458806
0.00543303
0.07626935
0.00841293
0.00567338
0.00829363
0.02030590
0.03767790
0.00527911
-0.00832514
-0.02910255
0.04396806
0.01444888
-0.01254715
-0.00913315
0.02718537
-0.01838471
0.05964269
0.00651454
-0.00852780
-0.00483796
-0.00871391
-0.00451765
-0.00598564
-0.02232956
0.03394849
0.00623521
0.03137434
-0.04067661
-0.01822545
0.01505270
-0.01025777
-0.00872989
-0.01785921
0.00133035
0.01018243
-0.01376908
-0.00195279
-0.00046907
-0.01244737
-0.01041410
-0.00388902
-0.02174523
-0.04798302
0.00388208
0.00499127
-0.00598113
0.01229070
0.00553182
-0.05961375
-0.01041762
-0.02062454
0.00858339
-0.04669898
0.00195623
0.00465865
0.00763289
-0.10167637
0.02044786
-0.05455489
0.00069501
-0.02193559
-0.00024184
-0.01848751
0.17706317
0.00190878
-0.01480435
-0.00595177
-0.02789793
0.04050605
0.03648863
-0.01549400
0.01673552
0.00897974
0.00359294
-0.00348312
0.00280926
-0.05357808
-0.01116565
0.01207530
-0.05846616
0.05896631
0.02193717
-0.00537351
0.05129287
0.02855384
-0.01413749
0.00349479
-0.02101423
-0.00118288
-0.00960368
-0.00289421
-0.00357538
0.03571285
0.02196792
0.00352403
0.00032192
-0.01246391
-0.00438684
-0.00595183
-0.01252013
-0.01049260
0.03224031
0.02451215
0.08064894
-0.01350595
0.00680820
-0.00280858
0.00060474
0.01558568
0.04954120
0.01643674
-0.02321103
-0.00126174
0.01364729
-0.03491037
0.02728467
0.06241086
-0.00966361
0.05925624
0.03348521
0.02420481
-0.01763549
-0.00243846
-0.04673184
0.02815110
-0.01731712
0.01126956
-0.08107481
0.00538927
-0.02447899
0.01493947
0.01613975
-0.00795170
-0.03047299
-0.00017588
0.03443670
0.00677518
0.00106364
0.00486609
-0.76436526
0.00147143
-0.04560771
0.00479418
-0.00144351
-0.00087283
0.00588269
0.00160428
-0.00764309
-0.01163838
0.01282995
-0.00132346
-0.01984701
-0.03035281
0.00647700
-0.01066014
0.00559281
-0.01819898
-0.01254771
-0.00612441
0.00846073
-0.10117386
-0.04221278
0.00166524
0.03049993
0.00961466
-0.00488797
-0.00863325
-0.01565108
-0.00234861
0.00748188
0.04752766
-0.00502436
-0.02180416
-0.00715225
0.15793706
0.03510172
-0.11846323
0.08721615
-0.00916358
0.00512949
-0.08414230
-0.01158196
-0.07360007
-0.08422108
0.12540908
0.13129650
0.06072998
-0.12556073
-0.10557050
-0.04224351
0.01137029
-0.04588607
0.03411306
0.03435846
0.04134026
0.07412215
-0.09722338
0.01724731
0.02113397
-0.05423934
-0.02234310
-0.11581256
-0.09544221
-0.06921758
0.11411989
-0.03568300
-0.00282452
0.00625497
-0.04129940
0.02679509
0.03351965
0.09377900
-0.15155739
0.00353818
0.02556831
0.15057872
-0.07956188
-0.08389399
-0.09752910
-0.07298993
0.79873008
-0.12457794
0.04303351
-0.05309956
-0.00486916
0.03239472
0.00734556
-0.00564096
0.00554973
-0.08690129
0.03446117
-0.00190739
-0.15345247
-0.06689305
-0.04093406
-0.05268141
-0.09483260
0.05919288
-0.05113753
-0.02293525
-0.06129587
0.04101491
0.00113480
-0.04127915
-0.01956378
0.01621262
0.00485821
0.02619082
-0.04768327
-0.04930267
0.00038667
0.00326606
0.00726195
0.02067910
-0.03679716
-0.08268967
0.01709137
-0.01479887
-0.07583975
-0.02802207
-0.00573609
-0.02479544
0.05318553
-0.00119819
-0.03780678
-0.03281009
0.00470258
-0.03797312
0.03545560
-0.03195923
0.02855134
0.04828073
-0.02754853
0.14656775
-0.03852410
0.00411758
0.04172143
0.06274801
-0.02440196
-0.00544288
-0.03232027
0.01449807
0.04360446
-0.04930091
-0.04565767
0.05030745
0.02596892
-0.03754566
-0.00420387
0.03194676
0.01676505
-0.06606474
0.06380473
-0.08317348
-0.12886988
-0.01184261
-0.02363024
-0.02686803
-0.07286513
0.01706593
0.03744460
0.01831123
0.03839954
-0.01891713
0.02622454
-0.01458949
0.07751168
-0.00939351
0.01131661
0.06084203
0.08621721
-0.03186991
-0.02502107
0.01879030
0.04394540
0.03755704
0.01493925
-0.04677383
0.06310102
-0.08615419
-0.11356845
-0.02296120
0.00909474
0.07514098
0.00441515
-0.06135765
0.10823890
0.05558624
-0.01063802
0.01364061
-0.04150639
0.05441800
-0.02141444
-0.01463158
-0.03716829
-0.05651340
0.06163658
-0.01750136
0.00888390
-0.03331513
0.03031045
-0.04776151
-0.04042325
-0.00276337
0.00437423
-0.02426436
0.04595606
-0.01778414
-0.00132927
0.00920506
0.01698389
-0.02600235
0.03550787
0.04642018
-0.08092079
-0.04535897
0.05172636
0.03894930
0.01145836
0.01982519
0.06175038
0.00599967
-0.09988731
0.05779751
0.00119983
-0.06574038
0.00091613
0.00182807
0.02723136
-0.03746637
0.08676969
-0.06043062
0.07220902
-0.00032865
0.03586568
0.01575564
-0.03213539
0.05686777
0.05689893
0.03374280
-0.02437691
-0.04204708
0.08337367
0.00775377
0.04360044
0.03299926
-0.00887943
0.05281007
0.01016896
-0.01607628
0.06298488
-0.02143440
0.02185886
-0.03376682
0.05796555
-0.04482408
0.09143042
-0.05709516
0.01582722
0.02366728
-0.09279218
-0.03058839
0.00013456
-0.03766350
-0.01722439
-0.02608464
-0.04729986
-0.02260573
0.06758168
-0.04424103
0.00103372
0.03812928
0.03342447
-0.05298039
-0.02167648
0.00170094
0.11444172
0.00202821
0.03238793
-0.04981951
0.04426674
0.02685258
-0.07891048
-0.08217001
0.02478390
-0.06648540
0.00283871
-0.03387648
0.00992460
0.03268484
-0.02518235
-0.04326765
-0.01632896
0.01811368
-0.03679756
0.00559389
0.02030143
-0.00659232
-0.00437621
-0.01377817
-0.08279701
0.08128064
-0.04792064
0.03272263
-0.06490689
0.04157085
-0.03582168
0.01379007
0.04607731
0.05318109
-0.01589346
0.06850301
0.03354227
-0.03324038
-0.05264228
-0.00705737
0.00523872
-0.01332882
-0.08292989
-0.08743900
-0.03329610
0.04302253
-0.02893734
0.08689065
0.07409886
-0.03504677
-0.00775185
-0.00523894
-0.01448281
0.02490661
0.03445237
0.00657046
-0.02613792
-0.08559420
-0.03794600
0.02834755
-0.03513169
0.01500498
-0.01979182
-0.04794765
0.06217394
-0.01385928
-0.04178968
-0.02145025
0.02774692
0.05760982
0.00416150
-0.00764787
0.02547663
0.00219040
0.01369203
-0.03835827
0.08235774
-0.03773628
0.00861063
0.04336663
-0.05457049
0.01973195
0.04979534
-0.03710045
-0.04370563
0.04269292
0.01990984
-0.05603187
0.00308742
-0.02792638
-0.00237932
-0.02962030
0.00286314
0.03896577
-0.02886537
0.08185704
-0.07544722
0.00532119
-0.02962830
0.07871589
-0.00871141
-0.03382986
-0.05076909
0.07458351
-0.01441171
0.05374328
-0.02321971
-0.03504199
0.04665592
0.03239395
-0.01262926
-0.05960011
0.03828514
-0.00181407
-0.01613316
-0.05762632
-0.07696461
-0.01220482
0.02286010
-0.00210352
0.04549916
-0.04374132
0.04187464
0.01008717
0.03015000
0.01399795
0.02688847
0.02373848
0.04793642
-0.06427959
0.02873210
0.01368546
0.04045872
-0.14236392
0.03588467
-0.08711650
0.00560688
0.00807250
-0.03407928
0.06231217
0.04645671
-0.01822220
0.04126966
-0.04301790
-0.02697539
0.01900945
0.02219320
0.00055946
-0.00940132
0.00314758
-0.03534994
-0.00034909
0.00933667
-0.00857389
-0.00562698
-0.06885454
0.02907398
-0.08143166
0.04926370
0.01030762
-0.02323021
-0.08693558
0.09651875
0.02640613
-0.05299068
0.03784744
0.03165197
0.00528662
0.06694875
0.04120306
0.03397261
-0.00695072
0.00513088
0.04180006
-0.02207089
-0.03297379
0.00955555
-0.03561631
0.03670858
-0.05215709
-0.03880729
-0.00817523
-0.01827949
-0.03206228
0.02940586
-0.05836319
0.00782564
-0.03120039
-0.05159019
-0.00390498
-0.02940924
0.03091505
-0.01193228
0.01234420
0.01712816
0.02745624
0.03258618
0.04520444
-0.06641503
0.03254933
0.02795477
0.01129552
-0.06036051
0.07895922
0.01686385
0.00110058
-0.11917836
0.06227817
0.00018120
-0.06892973
-0.08672352
-0.01828729
-0.09703121
-0.03365296
-0.00812508
0.05785309
-0.03072056
0.02745710
-0.03649965
0.02538067
-0.01541943
-0.04972738
-0.03762999
-0.00533401
0.03997487
-0.02124057
-0.00506764
-0.02734835
-0.00949607
0.06129439
0.01309544
0.07866231
0.05013492
0.03254783
-0.06415455
0.00559762
0.03258985
-0.02137298
-0.02826851
0.04677000
-0.00884588
-0.02940684
-0.02277322
-0.03347358
-0.00006821
0.06668611
0.03533387
0.01013699
-0.06040489
0.03048033
0.01539008
0.01740122
-0.01225061
0.03818390
-0.02233733
-0.02547542
0.06766994
0.03371879
0.02267319
0.03233353
0.01260411
0.01280697
0.03223521
-0.05446412
-0.04161885
-0.00316778
0.04155231
0.02090225
-0.03617685
-0.06616672
-0.06027570
0.05535733
-0.01309980
-0.06666894
0.03940344
0.05054661
-0.07635538
-0.07466871
-0.06552953
-0.01001176
0.01210255
-0.08608388
-0.02985558
0.04377936
0.01401832
0.06311325
-0.13416623
-0.01025438
-0.00201816
0.01074742
-0.04133841
0.04418569
-0.02216031
0.01757694
0.01205574
-0.07245400
-0.04315798
0.05924020
0.01388155
-0.02077119
0.01610486
0.01291785
0.02704204
-0.05477145
0.07900290
0.00150259
0.02053705
0.02664039
0.03354742
0.02097617
-0.10544480
-0.03583946
0.02697106
-0.00196766
0.09842075
0.04945109
-0.04729467
0.00759673
-0.02863628
-0.04395552
-0.02964471
-0.02663955
-0.02508947
-0.02129259
0.00505339
0.05863636
0.00702247
0.00763109
0.02028733
0.06609438
-0.06013577
0.07543684
0.03413491
-0.00211317
