-0.03244321
0.02134904
-0.03216265
-0.04792047
0.00968020
-0.01741756
-0.02597865
-0.02534990
0.01050130
-0.00766131
0.02078071
-0.01975470
-0.00100051
-0.08855224
-0.05198196
-0.02289449
0.00078381
-0.04171135
0.02289254
0.02510920
-0.00669730
0.02103577
-0.01260436
-0.01505555
0.00689551
0.01541317
0.02605313
0.05590957
0.00036498
0.01033774
-0.06983850
-0.02236006
0.01611192
-0.02436466
-0.03732647
0.04532875
0.01114810
-0.00014566
-0.01674925
-0.02900283
0.03037235
0.00711375
0.00402394
-0.04556419
0.00478682
0.04958948
-0.06292210
-0.00993505
0.01825818
0.02891990
0.03185282
0.02654413
-0.03913076
0.03742354
0.00404355
0.03043504
0.01973494
0.01472674
0.42308906
0.03815643
-0.03080199
0.02902644
-0.01983978
0.00290039
0.03381012
-0.03347198
0.02122299
0.01038794
0.04265121
0.04305997
-0.00066168
-0.00983648
-0.00101593
0.02877187
-0.00380166
-0.05885144
-0.06208989
-0.01693851
0.03972139
-0.07745464
0.00003469
-0.01846212
0.03772232
0.02475354
-0.02299553
-0.02109428
-0.02355702
0.00617281
0.04154379
0.01002907
0.02328192
-0.03072367
0.06621165
0.00375872
0.00245442
0.00603987
0.00838521
-0.05261579
0.03172853
0.02600869
-0.00863892
-0.07580335
-0.01847661
0.01649454
0.00449509
0.02007620
-0.00840146
0.06691901
0.00411951
-0.05896546
0.02729339
0.02920876
0.00645421
-0.01421269
-0.01259222
0.01001885
0.04564228
-0.00793479
0.02658248
0.02303638
0.02407757
0.00570474
0.01921268
-0.00639846
0.02352817
0.01193932
0.02010833
-0.01789426
0.00906756
0.02249097
0.02764915
-0.00046426
0.03259028
0.00481227
-0.01827075
0.01355145
-0.00029656
0.04861343
-0.08392551
0.03344062
0.01300061
-0.01124483
-0.00720843
0.04145940
-0.00047740
-0.02414069
-0.03471527
0.02348534
-0.00670611
-0.01561614
0.06306832
0.02706878
-0.02625486
-0.02097088
0.01136142
-0.01858683
0.02038479
-0.00288211
-0.00832861
0.02877241
-0.00163853
-0.02456647
0.03459167
-0.01674591
-0.02938827
0.05043008
0.04601324
-0.00715410
0.02332615
0.05539159
-0.01196294
0.00403172
0.02843902
-0.01661220
0.04976023
0.02281403
0.02123125
-0.02241891
0.01598977
0.00574863
-0.03802618
-0.00323238
-0.00424774
-0.00203752
0.03917994
-0.11231284
0.06982157
0.01993087
-0.02240467
0.03250679
0.02051822
-0.00208326
-0.01832977
0.01056921
-0.02187045
0.01192147
0.01403117
0.03873143
-0.01790837
-0.02966918
0.06550176
0.01532726
0.06150208
0.00434439
0.02600948
-0.08018816
0.00741932
-0.03403290
-0.03212762
-0.01789764
-0.02627922
0.00751820
0.02055277
0.00617739
0.00923494
0.01417460
-0.00636604
0.04057525
-0.00295861
0.04634699
0.00698052
-0.76656425
0.02940775
-0.03703827
0.00311123
0.00345581
0.04052043
-0.05259638
0.03032253
-0.00918883
-0.01158891
0.00858099
-0.00719805
0.00641407
-0.01587662
-0.01061136
-0.00427745
0.00136625
-0.00854158
0.00505912
0.01289138
0.00295666
0.01299782
-0.06907393
0.02951129
-0.03286604
0.03499854
0.01348986
0.02983529
0.00847569
-0.02096028
0.03245292
0.03170540
0.01970327
-0.00040558
0.00288913
0.03158635
-0.09651131
0.02676277
0.02211199
0.04711833
0.02945976
0.15086578
-0.03437504
0.05340522
-0.01919168
0.17388408
0.01385895
0.02139595
-0.03036609
0.00334659
0.05795405
0.10222696
0.09298196
0.01541750
0.00682468
-0.01992663
-0.01807516
-0.02790341
0.17516445
0.02262455
-0.02321804
0.12092925
-0.01109938
-0.00520225
0.03317978
0.17954971
0.03001804
0.02602948
-0.08585079
0.13977422
-0.09650074
0.03336582
0.05899242
0.03931829
0.03360672
-0.13678806
-0.07308303
-0.07149730
-0.04134808
0.16675559
-0.00139861
0.75077581
-0.07149202
-0.03378986
-0.17555583
0.14725751
0.06117521
0.04150130
0.09993224
-0.02410124
-0.02093995
0.22521210
-0.04290597
-0.06324056
-0.07464805
-0.09450606
-0.03373799
0.04633608
-0.07302925
-0.03063205
-0.00896143
-0.01243600
-0.03142331
0.07675675
0.01091380
-0.00324140
0.00104792
-0.03762649
-0.02291610
-0.03773235
0.02726320
-0.00457421
0.00445206
0.02715127
-0.02282870
-0.00974401
-0.02355675
0.01458817
0.02530931
-0.03793175
-0.04579059
-0.02533056
-0.04186054
0.09616158
-0.01562850
-0.01890107
-0.03540354
-0.00074268
-0.02228951
0.05122896
0.05312673
-0.02528311
0.07466372
0.02285478
0.11626562
-0.00749522
-0.00392339
0.09322061
-0.00736722
-0.04254638
-0.00755785
-0.01333758
0.00780141
0.03092770
-0.01028556
-0.00069153
-0.01348110
0.00769060
-0.05647280
-0.00224342
0.03786085
0.02661858
-0.02857233
0.05303876
-0.06741505
-0.02225929
-0.03534517
-0.08187108
-0.02483708
-0.05011848
0.03844897
0.02147422
0.02900177
0.03041452
0.04808114
0.02877054
0.01876275
0.01136577
0.01542295
-0.04064564
0.04954278
0.12212495
0.05597058
0.01582805
0.05087134
0.05358399
0.01804614
-0.00940360
-0.04437008
0.02428041
-0.09774105
-0.08353876
-0.00550922
0.04402193
0.07518508
0.07208164
0.00292911
0.09802823
0.04482850
-0.00873018
-0.00754983
0.04413299
0.08115294
-0.00016672
0.00144707
-0.05882959
-0.04622331
0.03143711
-0.02039243
-0.02300712
0.00145347
0.03595824
-0.04636024
-0.01445342
0.00903767
0.00407014
0.07264080
-0.00852207
-0.02575235
-0.00463744
0.02731912
0.01606489
-0.03161392
0.03130195
-0.02412745
-0.00646276
-0.07651734
0.05460720
-0.00169693
0.01585836
0.00289321
0.01706550
-0.05636745
-0.11627346
0.01141719
0.02558199
-0.14110516
0.05457061
0.05709957
0.00985269
-0.01478446
0.05976731
-0.01060174
0.02026008
0.04749418
0.01805683
-0.02326822
-0.00611337
0.08260515
0.11715317
0.01656969
-0.03248136
-0.06017662
0.07734171
0.04772992
0.03496043
0.01334823
0.00963651
0.04866235
-0.03955260
-0.02816252
0.05260584
-0.03583758
-0.05275462
-0.04893157
0.06736626
-0.03768655
0.03803009
0.00770659
0.01752495
0.04327258
-0.06010965
-0.01967198
0.01221187
-0.00033076
-0.00429255
-0.03193856
-0.02953717
-0.02877562
0.08323659
-0.07963156
-0.02081192
0.08228920
-0.01861318
0.02308307
-0.07339486
0.00258578
0.10381796
-0.00842735
0.02258665
-0.06517538
-0.03115568
0.03404572
-0.01297163
-0.05507029
0.02427759
-0.08810036
0.01032258
-0.07722995
0.03977768
-0.00685902
-0.11233385
0.04180297
-0.04194377
-0.01275926
-0.01442344
-0.04023750
-0.01167925
-0.02453039
0.03264698
-0.04024609
-0.04343241
0.07991169
-0.09388094
-0.05122853
-0.05207481
0.03574964
-0.05556085
-0.03373485
0.02361055
-0.00704969
-0.04089759
0.04290236
0.10746544
-0.03454670
-0.01549179
-0.01826095
-0.00758271
-0.00015011
-0.04805151
-0.04172737
-0.01976105
0.02164019
-0.03533338
0.07435293
0.07703567
-0.06944828
-0.01522951
-0.00128454
0.02689526
-0.00992777
-0.01206247
-0.05118912
-0.01968081
-0.00307022
0.07947799
-0.03133693
-0.04176325
-0.00574038
-0.01910557
-0.11687226
0.03480332
0.03600112
0.00043984
0.00290501
0.02689131
0.04611708
-0.01972234
0.02911281
-0.03811077
0.00162544
-0.00423510
0.04423574
0.02885482
0.00134863
-0.03268431
-0.00032786
-0.00496679
0.03212503
-0.00836396
0.02779230
0.03737351
0.00857984
-0.00167824
-0.07048140
-0.00314290
0.00945297
-0.04243717
0.01171102
0.02467726
-0.00192595
-0.02608936
0.05528499
-0.08162739
-0.00104754
0.03742120
0.01302072
-0.02682616
0.01657738
-0.04817078
0.03396094
-0.04981355
0.01097537
-0.05006535
-0.03319997
-0.00943081
0.04863553
-0.00369168
-0.01593024
0.01702675
0.02468486
-0.02536042
0.00490700
-0.17170072
-0.00311267
0.05548867
0.01306651
-0.00062157
-0.05126562
0.02090496
0.03279723
0.03923279
0.02459580
0.00063599
0.03831637
0.02745085
-0.04382194
0.03303178
0.01643034
-0.02174542
-0.08703270
-0.03831260
-0.07789577
-0.02581805
0.06345766
0.01762377
0.05120366
-0.00691290
0.03729485
0.00917794
-0.04772899
0.01285178
-0.01286559
-0.00740648
-0.04490335
-0.03303660
0.00101273
0.05013409
-0.01588844
0.01804195
0.04567716
-0.02541487
0.04873018
0.04370192
-0.10719188
0.03633032
-0.01341281
-0.02785372
-0.01505421
0.07297222
0.03869268
-0.08014158
0.02712401
0.00388414
0.03389750
0.02916289
0.05413923
0.03031871
-0.06646694
0.03340784
0.00131091
-0.05713314
-0.01131645
0.02343970
-0.04283741
-0.00368563
0.01899299
-0.00982853
-0.05539446
0.06606858
-0.01966361
-0.00459426
0.03477012
0.02938349
-0.00951955
-0.00175841
-0.06603317
-0.04157238
0.04425653
0.05534324
0.03467416
0.00300301
0.01055158
-0.01793842
0.02548977
-0.05854326
0.05380743
0.05765961
-0.06912649
0.05023196
0.05757213
-0.00019368
-0.04167065
-0.10709181
0.04412748
-0.00855874
-0.10436249
-0.11770089
0.00538338
-0.11016227
-0.05508612
0.02218302
0.02735989
-0.03451346
-0.02458999
-0.02327502
0.00465840
0.03743844
-0.00992401
-0.04618362
0.00217812
-0.02715395
0.01062277
0.04189407
-0.07154819
0.00120514
0.07757606
0.01074637
0.01074937
0.03048813
-0.02814133
-0.04091229
0.01902453
0.01612622
-0.07176220
-0.05846372
0.06501313
0.04572241
0.00308135
0.03645514
-0.02147220
0.01993509
0.03190779
0.01298365
0.03859314
-0.03096049
-0.04557961
-0.03121194
0.03082576
-0.00796764
0.03846749
-0.01773771
-0.00150964
0.08559942
0.09040629
0.00565502
0.00315452
0.05473788
0.00827536
-0.05180527
-0.03657123
-0.03992675
-0.02268101
-0.03346732
0.01617913
-0.04646524
-0.07129920
-0.06803685
0.07038266
0.01189930
-0.02479698
0.02365540
0.05351982
-0.04300271
-0.07192915
-0.04477900
0.01077926
-0.01458502
-0.07246803
0.02194511
-0.00057325
-0.03542840
0.03403371
-0.11114886
0.02022301
-0.01473244
0.01488290
0.03280586
-0.00084870
-0.05843925
-0.02892078
0.01653787
-0.03051393
-0.02688305
0.00998086
0.05971262
0.02336903
0.03539443
-0.03591656
0.02874195
-0.02825847
0.04302284
-0.00551077
-0.03137583
-0.00189366
-0.00788413
-0.00893944
-0.06599552
0.02963306
-0.00760803
-0.04367077
0.00416375
0.05809806
-0.00435963
0.05840660
-0.08000909
-0.05201119
-0.00567778
0.03565714
-0.03743040
0.00567826
-0.03589741
0.06150394
-0.03511219
-0.07646699
-0.04005418
0.07279238
0.02485184
0.09231532
0.06202892
-0.05426322
