-0.00150770
-0.00864836
-0.03618012
-0.05724180
0.00616271
0.00580465
-0.01613058
-0.02401682
-0.02219592
0.00217195
0.00463943
0.00271312
0.01368664
-0.07103688
-0.05168124
-0.03298393
0.01156657
-0.03302487
0.07062113
0.04144061
-0.00178178
0.04051794
-0.03673982
-0.01436560
-0.00781322
0.01637018
0.02099401
0.03932100
-0.01817988
0.01856673
-0.03806249
-0.01555053
0.00461324
-0.01979475
-0.02307689
0.04863397
0.00171034
0.02139453
-0.00437770
-0.03531036
-0.00945919
-0.01105436
-0.05651500
-0.05330577
-0.01378932
0.03863946
-0.06038456
0.00534746
0.03064240
0.01509192
0.01965944
-0.03150829
-0.02766603
0.02435995
-0.03413407
0.00076995
0.00885267
-0.00657162
0.42932966
0.05380960
-0.03373364
0.03016695
0.00444005
-0.00971997
0.01861437
-0.01050314
0.00994485
-0.00490158
0.04762502
0.05259216
0.01929026
-0.01059449
-0.01298762
0.02318564
-0.00900818
-0.03813151
-0.07231511
-0.02781322
0.03869385
-0.00375991
-0.01403358
0.00037052
0.02000412
0.06324443
0.00856070
0.00685234
-0.00086259
0.00340527
0.05051135
0.01540837
0.03384223
-0.01290303
0.05276904
0.01339164
-0.01526838
-0.00234054
0.01648465
-0.03678769
0.04204085
-0.00115425
-0.01035690
-0.05385714
-0.02050100
0.02331249
0.01458181
-0.00743902
0.00434906
0.03808996
0.01320436
-0.06142510
0.01633289
0.03054410
0.00878663
-0.01130397
-0.00650166
-0.00098530
0.03234479
-0.02133866
0.02305816
0.00491813
0.00801924
-0.01131321
0.01855550
-0.00777380
0.01119138
0.02613993
0.01808432
-0.00666500
0.01386429
0.03959225
0.01196215
-0.02133206
-0.01118727
0.00174384
-0.02062216
0.01252559
-0.01324740
0.05423338
-0.11830704
0.03053971
-0.00331816
-0.01909319
-0.01982745
0.01601622
-0.02563623
0.06559205
-0.04155473
0.00862068
-0.01379616
-0.03769765
0.04948043
0.02583110
-0.03020640
-0.00545132
0.02254947
-0.02654916
0.01978764
0.01172739
-0.04083329
0.02068191
0.00778492
-0.04876823
0.03249567
0.00972229
-0.01497248
0.05764677
0.02176229
-0.00687337
0.01087501
0.04479005
0.01024879
-0.00292889
0.02628445
-0.01480237
0.05851408
0.03137236
0.04054683
-0.02666826
-0.02263661
0.00118450
-0.05369397
-0.03466813
-0.00496316
0.02418079
0.03502651
-0.06223246
0.03833938
-0.00744080
-0.00985802
0.04948810
0.03530755
0.03903320
-0.00496674
-0.01460465
-0.01691602
0.02888581
0.02480353
0.03767157
0.00250020
-0.03970321
0.07938997
0.02356948
0.06995038
-0.00908207
0.01778805
-0.06906603
0.00241116
-0.01502158
-0.00811289
-0.06552424
-0.02132089
0.00859128
0.01572691
0.01469751
0.00073314
-0.00237715
-0.00108927
0.06153335
-0.01190712
0.03144362
0.00287499
-0.76744241
0.02190311
-0.05181279
-0.00892461
-0.00895397
0.02578467
-0.04582975
0.02355007
-0.00440479
-0.01211115
-0.02646725
-0.00115157
0.00792987
-0.02317149
-0.00300176
-0.01223224
0.00491070
-0.00425158
-0.00183201
0.01024014
0.01813280
-0.00586886
-0.05918362
0.01423864
0.00058453
0.04315485
0.02190904
0.01294645
0.00110761
-0.00709058
0.01248549
0.03964411
0.01019238
-0.01175765
-0.01170633
0.03966228
0.03919984
-0.07877016
0.06543525
-0.01048489
-0.09483199
-0.03837884
0.03737024
0.05322611
0.01639040
0.00129795
0.02697065
0.01746650
0.10400947
-0.06909955
0.00507111
-0.13857555
0.07029809
-0.09573118
-0.06214397
-0.00667569
0.08308764
-0.15074916
-0.08960906
0.00679784
0.00143809
-0.10333693
-0.11425707
-0.02778325
0.02795073
0.07894885
0.07006725
0.05420139
0.02208678
0.00798383
0.12765597
-0.04700820
0.01295662
0.00237532
0.00508852
0.01312024
0.02636409
0.00355832
-0.04812464
0.03732055
0.04884844
0.85590690
-0.05098096
0.09969621
0.03049293
0.06297617
0.04387297
0.00281614
0.04714831
-0.03384380
-0.14045827
-0.00754234
0.08249381
0.00291313
0.03306511
-0.12286595
0.11347403
-0.01579737
0.05412580
-0.04940472
-0.01395124
-0.05648722
0.02869816
0.00529998
-0.02546755
-0.00465407
0.00380322
0.00202361
0.03335815
-0.04135534
-0.03707698
0.02681915
0.00493289
0.00983043
0.00920125
-0.01773996
-0.08334573
0.00290185
-0.00324675
-0.07057981
-0.03348363
-0.00659240
-0.01092297
0.06675830
-0.02685206
-0.02602054
-0.03551304
0.01652723
-0.03906988
0.06172338
-0.06291687
0.00438298
0.03942093
-0.02096087
0.13834029
-0.03316243
0.03076884
0.03278255
0.07163022
-0.00782221
0.00778638
-0.03102079
0.01283489
0.02913229
-0.03194461
-0.02621186
0.04785850
0.04112413
-0.03836837
0.01558408
0.03840900
0.00804251
-0.07584686
0.05769857
-0.07910210
-0.11208904
-0.00895032
-0.00797545
-0.05451945
-0.06631821
-0.00487494
0.03021691
0.00961824
0.04149063
-0.02145151
0.01636064
-0.02070167
0.06903303
-0.02434594
0.03117217
0.04365609
0.07488583
-0.02442074
-0.04324547
0.02846283
0.04847477
0.05336181
-0.00377717
-0.04453831
0.05619793
-0.06546045
-0.12407719
0.00341166
0.02327842
0.05669213
0.00113020
-0.04447037
0.09289671
0.01921727
0.00986488
0.00819534
-0.00852950
0.05935720
-0.02474150
0.00359431
-0.02067155
-0.03966355
0.06427822
-0.02874827
0.00001043
-0.01034098
0.04065969
-0.05710126
-0.01873754
-0.00643507
-0.00226356
-0.00000347
0.04195611
-0.01264027
0.00489006
0.02536218
0.01212171
-0.02693420
0.03287391
0.03279721
-0.07099617
-0.01246979
0.04988791
0.02170387
0.01888443
0.01116457
0.03095644
0.02547262
-0.09812685
0.05192396
0.00765916
-0.08124489
0.00515733
0.00540082
0.03583381
-0.02969158
0.09227078
-0.05232520
0.05907942
-0.00435891
0.02619512
0.01759708
-0.04703002
0.05924951
0.06397348
0.02059552
-0.02541328
-0.05524779
0.06062174
0.02357741
0.04947294
0.01301241
-0.00705926
0.03846566
0.01159617
-0.00309688
0.02789908
-0.03066814
0.01349641
-0.02340992
0.06790219
-0.03398180
0.08088183
-0.03989208
0.03268110
0.04798798
-0.08651487
-0.03325873
0.02407321
-0.04958072
-0.01084214
-0.01102975
-0.07316022
-0.02335988
0.06236680
-0.03784351
-0.00449761
0.01390676
0.03654299
-0.02961658
-0.01479921
0.00650241
0.12517004
-0.02400319
0.04969703
-0.05750203
0.01418225
0.02508692
-0.06352840
-0.09539508
0.03276591
-0.07091543
0.00046255
-0.04448860
0.01120068
0.02792567
-0.05152087
-0.03788349
-0.03008983
0.02751165
-0.00203671
-0.02332373
0.03495559
-0.01918391
-0.00336499
-0.01785445
-0.09755736
0.08344890
-0.05811435
0.04016536
-0.08507437
0.05951345
-0.05242946
-0.00089580
0.02134065
0.04848287
-0.00650226
0.05045759
0.03651680
-0.04253707
-0.03654214
0.01358426
-0.00900656
-0.01133756
-0.07989711
-0.08594923
-0.03316940
0.04794658
-0.02200238
0.09265332
0.07892897
-0.03759579
-0.00951312
-0.02736968
0.00811672
0.00220773
0.03288315
0.00625696
-0.02126513
-0.05997510
-0.02813940
0.01257133
-0.04510699
0.00828590
-0.03711534
-0.05578206
0.06456828
-0.00254600
-0.02762857
-0.00927095
0.03066312
0.05752917
0.01125853
0.00782111
0.01358046
0.00610576
-0.00916858
-0.04952750
0.06692757
-0.03980335
0.02259502
0.04880951
-0.06046741
0.02185104
0.04136439
-0.03646713
-0.01967886
0.03619914
0.00625722
-0.04426390
0.01120797
-0.02998663
0.00019821
-0.03070782
0.00421866
0.02766541
-0.04556512
0.07005852
-0.07011028
-0.00538913
-0.03208322
0.08989841
-0.00772722
-0.02706088
-0.06429346
0.09655941
-0.01944703
0.05510531
-0.02395061
-0.04847686
0.05456445
0.02017870
-0.00152081
-0.04527709
0.03413232
0.00889375
-0.01805813
-0.06596854
-0.09714556
-0.01180504
0.01433937
-0.00758785
0.01776631
-0.05124000
0.03940912
0.00199960
0.02852196
0.01429226
0.01875632
0.04803528
0.05697996
-0.07960949
0.01256208
0.02592000
0.04977544
-0.17013226
0.02396248
-0.09347462
-0.00040778
0.01332178
-0.04351446
0.05004352
0.06785023
-0.00524765
0.04873423
-0.04540792
-0.01727213
0.00234603
0.01935591
-0.00092533
-0.02977166
-0.02191128
-0.06248271
-0.00913648
0.01127923
-0.00383224
-0.01423245
-0.04890721
0.01464409
-0.06991550
0.03764432
-0.01322097
-0.02061341
-0.06014443
0.07967860
0.00341062
-0.04190717
0.05300394
0.01882038
0.00934454
0.05852396
0.03285969
0.04257769
-0.01935999
0.00512906
0.03773762
-0.02035292
-0.04562495
0.00760170
-0.05124177
0.03748434
-0.05338078
-0.01545188
0.00179063
-0.00403176
-0.02916693
0.02469096
-0.05421099
0.01421196
-0.03976598
-0.04869239
-0.00921441
-0.02123548
0.03467571
-0.03360943
-0.01478741
-0.00750502
-0.00287821
0.01972363
0.04333363
-0.05512625
0.05483182
0.00667550
0.02416326
-0.05074104
0.08934299
0.02977636
-0.01107648
-0.14354725
0.06381665
0.00270307
-0.07675605
-0.08856172
-0.03169442
-0.12292106
-0.03510524
0.00091344
0.05332512
-0.04875278
0.00964249
-0.01110800
0.03376752
-0.01347549
-0.03834979
-0.02348772
0.01145597
0.01616813
-0.01363796
-0.00274840
-0.02106140
0.00706958
0.06167910
0.01746033
0.10272288
0.04586871
0.02796064
-0.06774949
0.00563800
0.03713612
0.00448308
-0.01472256
0.03407390
-0.01003173
-0.01911949
-0.02119139
-0.04691784
0.01397238
0.05581599
0.03920564
0.02412956
-0.06251999
0.01463560
-0.00926562
0.01834947
-0.00349716
0.04145545
-0.01334580
-0.03286488
0.06214907
0.03098765
0.02397165
0.01735683
0.02301806
-0.00501274
0.04121622
-0.07043121
-0.03676190
-0.00512126
0.05946543
0.01933156
-0.02612203
-0.08023399
-0.07037437
0.05065351
0.01203051
-0.08408270
0.04579256
0.03975516
-0.07109659
-0.07839997
-0.05840251
-0.00305949
-0.01149639
-0.09275073
-0.01798136
0.02890856
0.01469112
0.04956086
-0.13279605
-0.02691403
0.00888698
0.00391791
-0.01159398
0.04637696
-0.02442390
0.02367314
0.01854015
-0.09121042
-0.05368076
0.06077834
-0.00398488
-0.02178682
0.01951629
0.02080673
0.02251024
-0.05796400
0.07988751
0.01464794
0.02495993
0.02001019
0.02647867
0.01278657
-0.11721926
-0.01852214
0.00750861
-0.01952419
0.07821690
0.04013464
-0.04077869
-0.01404168
-0.02036480
-0.03428748
-0.03064034
-0.05184022
0.00517280
-0.01614274
0.01375688
0.06175840
0.00766837
0.00144186
-0.00051496
0.05660935
-0.06644013
0.10019118
0.02852434
-0.00914375
