-0.00367237
-0.02384934
-0.03701039
-0.03089136
0.00401824
0.04046614
-0.00741004
-0.01741116
-0.01436066
0.01597757
-0.01035626
0.01063667
0.01595729
-0.04071870
-0.02869986
-0.01818473
0.01310642
-0.00190968
0.11871860
0.02301817
-0.00302469
0.02880087
-0.02243917
0.00086286
-0.01547206
0.01350509
-0.01078825
0.01693001
-0.01385352
0.00747620
0.01358134
-0.00825893
0.00686287
-0.03712849
-0.01321846
0.03476546
-0.01268637
0.03475878
0.02092185
-0.02788062
-0.01612918
-0.01326493
-0.06769309
-0.05345352
-0.00831569
0.02143365
-0.05912376
-0.01785130
0.02026486
0.01617044
0.00860219
-0.05686812
0.00330042
0.02517945
-0.03836695
0.00287163
0.01717426
0.00474744
0.46046907
0.08451745
-0.03290405
0.02252194
0.01116847
-0.01287269
0.01307300
0.02758987
0.01461440
-0.02263574
0.02912097
0.03437645
0.01698210
-0.01431261
-0.03097216
0.00539387
-0.02262766
-0.01019893
-0.03384923
-0.02910944
0.01874812
0.01136434
-0.01349274
0.01481873
0.00506219
0.06906915
0.04560618
0.01213120
0.00207929
-0.00116840
0.03882943
0.02497763
0.02123039
0.00629597
0.02906759
-0.00352166
-0.00782271
-0.01039497
0.02549517
-0.03194914
0.04300393
0.00122996
-0.02216984
-0.02337907
-0.00176255
0.02064650
0.01235413
-0.01536822
0.02373789
0.01731878
0.01252856
-0.05252856
-0.01114188
0.02399153
0.01607217
-0.01363527
-0.00946894
-0.01387818
0.05324665
-0.02080547
0.01272071
0.00443968
0.00351564
-0.00252250
0.00461847
0.00097522
-0.02603347
-0.00180759
-0.00104666
0.00260501
0.01882035
0.04950624
-0.00235060
-0.02194376
-0.01138568
-0.00528507
-0.03033686
-0.00537604
0.00385876
0.03086767
-0.13489766
0.03815858
-0.03204545
-0.03478595
-0.00583944
0.00220823
-0.01884891
0.12086534
-0.02690837
0.01177413
-0.00718568
-0.03138486
0.05347484
0.01213143
-0.01052067
0.00886391
-0.00380546
-0.03801801
0.01806857
-0.00121375
-0.04637102
0.01074904
0.01497208
-0.04941381
0.01638406
0.01573097
0.00063209
0.06035839
0.00963555
0.00176702
-0.00983664
0.01968166
0.02206670
-0.01179123
0.02188393
0.01152272
0.04103820
0.01507294
0.03185019
-0.02746726
-0.04647867
-0.01418473
-0.03577290
-0.03943245
-0.00483139
0.02789349
0.04905574
-0.03601173
0.07754237
-0.00655822
-0.00439031
0.03507913
0.02664705
0.03892132
0.00921409
-0.01908930
-0.01261821
0.01699925
0.02384258
0.04440651
0.02916900
-0.02215180
0.04574482
0.02555168
0.11594366
-0.01237328
0.01337528
-0.04097809
0.00198556
0.01069504
-0.00419551
-0.06931921
-0.02820615
0.00872337
0.01262762
0.01836455
-0.01587795
-0.03091633
0.00223051
0.03198436
-0.01426549
0.02260067
0.00720255
-0.75201225
0.00980082
-0.04073049
-0.01224903
-0.00372211
0.02843274
-0.02257027
0.02140364
-0.00482791
0.00905074
-0.02580408
0.00057880
0.01361114
-0.04799041
-0.00477213
-0.01292672
0.01924058
0.00453825
-0.01068711
-0.00141468
0.01487588
-0.02568950
-0.03765720
0.00283657
0.01705392
0.03782655
0.01834554
-0.00241826
0.01113013
-0.00093003
0.01335373
0.03615003
0.00599135
-0.01272005
-0.00819678
0.08207325
0.05718795
-0.03561745
0.02755564
-0.00807015
-0.04323070
-0.03169467
-0.00910203
0.03683110
0.00902140
0.09061697
-0.02768067
-0.01880605
0.00035114
0.01435333
0.10030568
0.01252097
0.11750279
-0.03702470
0.01143816
-0.05879086
0.02594020
0.05705133
0.03727545
0.03776526
0.00307537
0.03032451
0.00124136
-0.04651250
0.07153689
0.04499124
0.07296441
0.01275660
-0.05658923
0.09162861
-0.04584343
-0.04788880
0.02961721
0.01209820
-0.00989890
-0.14823189
0.06363635
0.07860354
-0.04855420
0.05699622
0.06451862
0.89968538
0.03113037
-0.08065615
-0.05091522
0.00429389
0.12779991
-0.06855275
0.05726501
-0.02556160
-0.08476254
0.05022705
0.03931814
-0.03516883
-0.02863811
-0.00511534
-0.07011075
-0.02516965
0.00815454
-0.03289783
-0.00293566
-0.00706507
0.06697660
0.02416687
-0.00469984
-0.00268689
-0.01365608
0.01278376
0.00761152
-0.05159926
-0.01616064
0.02324138
0.00451172
0.02042227
-0.02332904
-0.05809380
-0.05196769
0.02768914
-0.02207649
-0.12955265
-0.06670453
-0.03726234
-0.02553861
0.01338044
0.01182996
0.00534074
-0.08164944
-0.02764217
-0.00725487
0.01305749
0.01371518
0.04415400
0.08008759
-0.07728230
0.14869608
-0.03226505
0.00509564
0.01507459
0.05186889
-0.00678239
-0.00469559
-0.05411093
0.04081812
0.03824603
-0.02933313
-0.03700437
0.03274533
-0.01168431
-0.04250883
-0.00370817
0.04372212
0.01104032
-0.05582879
0.04446535
-0.09074269
-0.10475787
-0.01769522
-0.05067798
-0.04214758
-0.03477937
0.03431425
0.01720587
-0.04603362
0.08490637
-0.04696142
0.01114629
-0.02862138
0.05144089
0.03993292
0.04735601
0.06232949
0.08771998
-0.05069086
-0.02136954
0.01202806
0.05858592
0.05250676
0.00091506
-0.02909409
0.02348612
-0.08802430
-0.07931261
-0.02988411
0.01603308
0.09473285
-0.01323042
-0.07712819
0.08992568
0.03747139
-0.05142746
0.01708270
-0.00324054
0.00790289
0.00192611
-0.02570136
-0.03549657
-0.02768060
0.00098761
-0.02083387
-0.03837797
0.01322004
0.00372243
-0.03003896
-0.03678323
-0.02477639
0.00545716
-0.02735659
0.04421857
-0.01326730
0.01249169
0.01660011
0.00696884
-0.06046335
0.02971432
0.01934250
-0.06330924
-0.06470853
0.04979675
-0.01115541
0.00891553
0.03390270
0.04708216
-0.01393259
-0.07965215
0.06733987
0.01391462
-0.07151504
-0.02800925
0.00487387
0.03379792
-0.00406390
0.09033673
-0.03048273
0.03654160
-0.01554054
0.01951719
0.00936354
0.03341416
0.05288859
0.07094951
0.02365727
-0.01284961
-0.02261880
0.04223455
0.02279171
0.01776206
0.05139084
0.00269429
0.06226965
-0.03029187
-0.01488441
0.07506359
-0.00524592
0.03528629
-0.05834417
0.04525225
-0.02924719
0.06452188
-0.06512774
-0.00380723
0.00234553
-0.11673892
0.01791894
0.00698627
0.00289707
-0.00970622
-0.02145799
-0.00245719
-0.04348516
0.03846506
-0.06452096
-0.01526933
0.08677939
-0.00015020
-0.05787484
-0.09650148
-0.01252622
0.04020089
-0.03145786
0.06297365
-0.01814958
-0.02994207
-0.01405445
-0.08128028
-0.10571583
0.00734111
-0.10964336
0.02388328
-0.00704102
-0.02147433
0.03505637
-0.04688298
-0.01704426
-0.07622122
-0.02184328
-0.02466684
0.04658480
0.00545464
-0.00309523
-0.00690942
-0.00414001
-0.00893217
0.06377602
-0.03324836
-0.01746018
-0.03398779
0.00307509
-0.07892763
0.00333117
0.03220501
0.00608073
-0.04174901
0.07921081
0.00531825
-0.03541704
-0.00722039
0.01465470
0.01396596
-0.01006845
-0.06816065
-0.05043989
-0.01426452
0.04421396
0.00296301
0.06483223
0.11076206
-0.08877765
0.01326291
0.04048173
0.02870115
-0.01049673
-0.00856055
-0.03224584
0.00435075
-0.04531618
0.01004082
0.03188795
-0.02373280
0.02359438
0.00673626
-0.06495209
0.00273090
0.00517346
-0.03512228
-0.03028133
0.00661613
0.02051365
-0.02666118
-0.02668558
-0.03700767
0.00278043
-0.01126094
-0.01270601
0.03658628
-0.06719164
-0.01898539
0.06878689
-0.02883889
0.02583800
0.04972608
-0.00881001
-0.02505543
-0.01642086
-0.01053845
-0.04273123
0.03583523
-0.01782808
-0.01618071
-0.03953928
-0.00978002
0.01999026
-0.07947216
0.03000762
0.01836760
0.01320421
-0.00243704
0.05529161
0.04095416
-0.03871702
-0.09285457
0.00602163
0.02956644
0.03325363
-0.02254447
-0.03395085
0.09729520
0.01915461
-0.00545288
-0.02953939
0.04739914
0.01842976
0.00302032
-0.05099976
-0.00132266
0.00263055
0.00259179
-0.03216654
0.00334192
-0.04661795
0.04001484
-0.03012093
0.04645841
0.02285221
0.05233988
0.04345841
0.01951374
-0.05836929
0.04204448
0.00630831
-0.00218993
-0.06004657
0.04070589
-0.10588273
0.06430034
0.05031992
-0.01006744
0.06737264
0.01132424
-0.00896616
-0.03557605
-0.04705589
-0.01596230
0.02458418
-0.04478751
0.02298523
-0.04058833
0.00064266
-0.01912132
-0.04014483
0.03562642
-0.00420817
-0.02818373
-0.03649147
0.01909536
-0.07420284
0.01037857
0.00878268
-0.02186294
-0.04522654
0.11582063
0.00970544
-0.05731190
0.02867269
0.04036971
-0.04926110
0.10363117
-0.00479933
0.06061875
0.00561075
0.01179687
0.06410910
0.03912401
-0.02791215
0.06132459
-0.01334255
0.04177349
-0.05457161
-0.05801056
-0.05809883
0.05139422
-0.00201249
0.03716813
-0.03653789
0.00722147
-0.02100972
-0.03302732
0.01064375
-0.02705078
0.05199442
0.00392675
0.01083452
0.05415011
0.02602313
0.00884454
0.01812858
-0.02407312
0.03819863
0.03806467
-0.00200948
-0.05067831
0.08850943
0.04751198
-0.02592871
-0.12181307
0.06211436
-0.00241185
0.00761925
-0.05313473
-0.01925044
-0.09690456
-0.03192933
-0.00362441
0.04824038
-0.01220790
0.00998897
-0.03662573
-0.00314555
-0.10079350
-0.02093804
-0.00247576
0.00821434
0.01773241
0.01118740
-0.02023455
-0.04409989
-0.06780921
0.11309513
0.04618755
0.04482935
0.06735466
0.00108454
-0.05733442
-0.01795697
-0.02911613
-0.04688024
-0.07318067
0.04072483
0.00753222
-0.00400340
-0.01192721
0.01370160
0.01057539
0.06080751
0.01423190
0.01352063
-0.06251510
0.01964401
-0.03147277
-0.01129343
-0.04746370
0.02785044
-0.01052984
0.03630000
0.07007589
-0.01392592
-0.00937847
-0.01955922
0.01300542
0.05239941
-0.00455422
-0.06755757
-0.06313256
-0.02771987
0.00039375
-0.06947542
-0.07833137
-0.07925542
-0.05308095
0.02804685
-0.01842262
-0.03355009
-0.06112060
0.06750850
-0.06146684
-0.07175852
-0.05286729
-0.00804092
-0.00352640
-0.11757867
-0.00938582
0.07400436
-0.00267492
0.03040610
-0.15276781
-0.01565224
-0.00192596
0.04182095
-0.06679070
0.01141742
-0.03253054
0.01637175
-0.00751365
-0.00933983
-0.00520035
0.05955847
0.01533873
-0.04561961
0.01715159
0.01042202
0.02569364
-0.04400071
0.04394949
0.03689408
0.01317229
0.05670261
-0.00719426
-0.03202440
-0.09168144
0.01065543
-0.03504755
-0.01750733
0.06763846
0.05005208
-0.01859775
-0.04434323
-0.02809103
-0.03266880
-0.00360674
-0.01074619
-0.07285278
-0.02227984
-0.01901888
0.08471791
-0.01254421
-0.05204218
0.06668772
0.01471293
-0.08131567
0.05006058
0.04063118
0.01234177
