0.00743535
-0.01236705
-0.03858525
-0.03906406
0.01242935
0.04324051
-0.00453261
-0.02676900
-0.00668333
0.01134481
-0.01313978
0.01244172
0.00392635
-0.03642073
-0.03644951
-0.02950153
0.00624086
-0.02186967
0.11352891
0.03073262
0.00365720
0.03532686
-0.02728989
-0.00912357
-0.00357972
0.01262066
-0.00038901
0.01726789
-0.02541382
0.00841269
-0.00942065
-0.02076143
0.00755742
-0.02814170
-0.01361388
0.04558443
-0.01779920
0.02764308
0.00139006
-0.04253333
-0.01779019
-0.01333786
-0.07722597
-0.06615414
-0.01281140
0.01050836
-0.05643522
-0.01428566
0.01807988
0.01822287
0.00369144
-0.05844539
-0.01968646
0.02124398
-0.03378133
-0.00222019
0.01657193
0.00090327
0.44581419
0.08721350
-0.02868310
0.01306925
0.00267773
-0.00847435
0.01512812
0.00702869
0.01680472
-0.01812612
0.04920970
0.02545718
0.01066790
-0.01544166
-0.04648488
0.01025515
-0.00453230
-0.02754252
-0.04939822
-0.02157597
0.03117754
0.02163677
-0.01276637
0.01668848
0.01739211
0.05925709
0.03742886
0.01021013
0.00243945
0.00778801
0.04565302
0.02632671
0.00854572
-0.01871688
0.04514651
0.00572475
-0.01035231
-0.00581053
0.02651094
-0.03449886
0.03639636
0.00401953
-0.00665855
-0.02292005
-0.00734525
0.01404395
0.01097880
-0.02678221
0.01162724
0.02186503
0.01821267
-0.06246203
-0.00997197
0.01896868
-0.00147309
-0.00772236
-0.00580103
-0.01192481
0.04328004
-0.02390619
0.01511140
0.00920993
-0.00432155
-0.00742082
0.00343799
-0.01271597
-0.02755324
-0.00244309
0.01914657
-0.00787155
0.01657376
0.05845117
-0.02104884
-0.02037729
-0.01108044
-0.00747096
-0.02365965
-0.00339326
-0.02311420
0.02997771
-0.16457130
0.03757092
-0.04252150
-0.02600554
-0.02154878
0.00646245
-0.03239688
0.11733480
-0.02846533
0.00494026
-0.00560370
-0.02969264
0.04444760
0.02847171
-0.02416296
-0.00682846
0.00675773
-0.02270373
0.00800080
0.00421744
-0.05428769
0.01448365
0.01510828
-0.04943842
0.03940656
0.02501942
-0.00840799
0.05364771
0.02226821
0.00150609
-0.00673443
0.01676402
0.01269151
-0.00228548
0.01481821
-0.00579086
0.04332881
0.02093410
0.03176383
-0.02843437
-0.05194031
-0.01424685
-0.03852623
-0.02695343
-0.01105966
0.03085816
0.04049876
-0.04716268
0.06280304
-0.00379553
-0.00511473
0.04419182
0.04305809
0.04730598
0.00543434
-0.02137375
-0.00749646
0.00831119
0.00706493
0.04206982
0.00223157
-0.02357362
0.08310091
0.03758890
0.11762273
-0.02716320
0.00003150
-0.05578227
0.01116672
-0.00747942
-0.00341515
-0.06854504
-0.02718597
-0.00001465
0.02428049
0.01728657
-0.01625094
-0.01924300
-0.00615536
0.03985303
-0.01376653
0.02007492
-0.00113878
-0.74135798
0.00995688
-0.04696982
-0.01038990
-0.01664163
0.00841160
-0.02644102
0.01127033
-0.01518135
-0.00442325
-0.01898206
-0.00088144
0.00577713
-0.04377006
-0.00855626
-0.01767655
0.01559866
-0.00568094
-0.00922925
-0.00794118
0.01986649
-0.02878123
-0.06328440
0.01384953
0.02193877
0.03532646
0.02243593
-0.01210588
-0.00591101
-0.00131943
0.01665422
0.03867051
-0.00154500
-0.01045111
-0.00756341
-0.00225748
0.05447536
-0.12035978
0.10559213
-0.00566229
0.04282756
-0.08694468
0.05070983
0.03739967
0.07584527
0.06476635
0.09290657
0.07383370
0.00173193
-0.03716835
0.10084634
0.01089268
0.04604837
-0.03674363
-0.00758933
-0.05230844
0.06517993
-0.02884356
0.00910192
0.02736579
0.08736534
-0.01228310
-0.09273378
-0.09260803
0.04281981
0.13008177
0.04686377
0.03749415
-0.10404694
0.08046276
-0.08459451
-0.05051073
0.01510617
-0.02934334
0.11793458
0.04421904
0.17552666
-0.02300236
-0.11167137
-0.00076774
-0.05693101
0.81052828
-0.09267439
-0.00479013
-0.08291505
-0.02352602
0.07551673
-0.12842281
0.13988891
0.03151594
-0.13424578
0.11117397
0.05169764
-0.11553597
-0.05004236
-0.01142315
-0.06121519
-0.01036207
0.05605414
-0.03583883
-0.03071256
-0.05204839
0.04843975
0.02345011
-0.02070787
-0.01082272
-0.00125920
0.02413196
0.01360125
-0.07200616
-0.03898188
0.01498784
0.01859851
0.02211423
0.00185436
-0.05110415
-0.07302749
0.02622637
-0.02491209
-0.09518012
-0.05339491
-0.00932438
-0.00274368
0.01752461
-0.01503091
-0.02086889
-0.05844921
-0.01404424
-0.01919907
0.05301108
-0.02472634
0.02525506
0.05360785
-0.04998051
0.16007277
-0.05355868
0.02804772
0.04588873
0.07384016
-0.01258776
0.00238691
-0.05361161
0.01605849
0.04039453
-0.03216033
-0.04294183
0.05731442
0.01968740
-0.04731965
-0.00086933
0.02941919
0.02050349
-0.07295179
0.04188430
-0.09762464
-0.08616105
-0.01624574
-0.01122783
-0.04826790
-0.06081365
0.01547346
0.02257774
-0.00621015
0.06700618
-0.03226965
-0.00097358
-0.03359665
0.04683139
0.00267989
0.03732950
0.05315427
0.10793914
-0.04273307
-0.03864570
-0.00125110
0.05735433
0.04049768
0.00809314
-0.03533843
0.04555367
-0.09801135
-0.09802832
-0.02564139
0.03519418
0.06762013
0.00530987
-0.05156542
0.10782405
0.03197319
-0.03623101
0.01283720
-0.01092017
0.03595655
-0.02147771
-0.00558179
-0.03205187
-0.03858159
0.04572819
-0.03801849
-0.01614288
-0.01131364
0.03900549
-0.03478150
-0.02202890
-0.00199707
0.00763196
-0.01336619
0.03327657
-0.01060491
-0.01948491
0.01902443
0.00419314
-0.04082477
0.04810771
0.02733171
-0.07741240
-0.03417772
0.03275583
0.00390567
0.00824262
0.01202643
0.05461007
0.01016011
-0.09142169
0.04725340
0.02489766
-0.03908728
-0.03707020
-0.01158126
0.02019770
-0.03894693
0.07013045
-0.05381911
0.05696915
0.00608476
0.01671615
0.00602689
-0.01135931
0.07734013
0.08402058
0.02484969
-0.01143842
-0.02499546
0.06888793
0.02104377
0.04093320
0.04320690
-0.02145121
0.02879794
-0.02419480
-0.03094560
0.07315140
-0.00722944
0.01084097
-0.04114677
0.06324715
-0.04980778
0.06532662
-0.06654491
0.02486882
0.02594777
-0.11444168
-0.02110260
0.00273196
-0.01161064
-0.01073960
-0.02147194
-0.04500564
-0.03080579
0.06173578
-0.06222970
-0.02692829
0.06661156
0.02503849
-0.05251979
-0.07431521
0.02143276
0.10431188
-0.02529390
0.04683911
-0.01081525
0.00280673
0.02070682
-0.07275467
-0.09027567
0.02571518
-0.07722627
0.01758249
-0.02734372
-0.00861821
0.03404002
-0.04491807
-0.00479208
-0.05029369
0.00420555
-0.01957861
0.03060557
0.02929977
-0.00264214
-0.01519427
-0.01200275
-0.03428638
0.06574519
-0.02964407
0.02265373
-0.06169926
0.03362785
-0.06838401
0.02364413
0.03042493
0.04592736
-0.03118108
0.06541678
0.02816950
-0.05057539
-0.03760828
0.00100759
0.01065433
-0.01082010
-0.07628484
-0.06250431
-0.03938959
0.05111098
-0.01692792
0.07722885
0.09521201
-0.08448868
0.00913034
-0.00012384
0.01207429
0.01666012
0.02865005
-0.00391037
0.00170490
-0.08896193
-0.00202805
0.03703038
-0.03665636
0.00561679
-0.02270354
-0.05299474
0.04369196
-0.01676188
-0.04219127
-0.02289805
0.02971721
0.06278906
0.01223865
-0.01787550
-0.00377124
0.01193685
-0.00764227
-0.04256918
0.07349203
-0.06931695
0.01231947
0.07241606
-0.04775016
0.02244654
0.05279559
-0.03364896
-0.03647482
0.01881566
0.03992540
-0.03731525
0.03140465
-0.03359083
-0.01497120
-0.03331529
-0.00082484
0.01518115
-0.05943246
0.06098870
-0.03058256
0.02033593
-0.01537401
0.08363393
0.00892986
-0.04108467
-0.08000559
0.04543921
0.02573695
0.06498092
-0.02952897
-0.04420485
0.08021765
0.03403195
0.01749098
-0.04405760
0.03958576
0.01724925
-0.00716390
-0.05634659
-0.00786313
-0.00944077
0.01662389
-0.02807491
0.01750932
-0.03445321
0.03199807
0.00648529
0.03861721
0.02719503
0.01162442
0.02893468
0.01404589
-0.05315597
0.02928641
0.02146077
0.04144538
-0.12946144
0.05291782
-0.09792526
0.02394076
0.02311010
-0.05308469
0.06140400
0.03908404
-0.01320341
-0.00542368
-0.03977126
-0.02290960
0.01622331
-0.00199036
0.01590792
-0.03924252
-0.02014428
-0.02652472
-0.05002768
0.02204058
-0.02773310
0.00292036
-0.07083850
0.01194601
-0.08307979
0.03406424
0.00288170
-0.02133069
-0.05151147
0.10476624
-0.00941690
-0.05095288
0.03507430
0.02008353
-0.02573982
0.08403586
0.02272053
0.03463221
0.00011469
-0.00043247
0.04685218
0.00277175
-0.03270920
0.03113926
-0.04154958
0.04786208
-0.05832909
-0.03174062
-0.03338937
-0.00858281
-0.02515055
0.05124265
-0.04316729
0.01602655
-0.03320655
-0.05398069
-0.00517639
-0.02582360
0.03004072
-0.00167509
0.00312344
0.01730034
0.00975962
0.01386184
0.04582705
-0.04442897
0.06579597
0.03586471
0.02296279
-0.07552662
0.09829292
0.03393223
-0.02018959
-0.11822467
0.06904458
-0.00777400
-0.02616445
-0.08469660
-0.03960417
-0.13333547
-0.02121567
-0.00586409
0.05975736
-0.01198193
0.02342819
-0.03595218
-0.00862067
-0.03809008
-0.03047422
-0.01727632
-0.02166786
0.02181524
0.01201571
-0.01303770
-0.05016209
-0.02513759
0.07373777
0.02867107
0.06359109
0.04602472
0.01413158
-0.06425966
-0.00109806
0.02983481
-0.04095995
-0.03722071
0.02611177
-0.02319371
-0.02640938
-0.03046883
0.00093550
0.01502934
0.06363982
0.02740997
0.02127450
-0.06254616
0.03711123
-0.01906984
0.01734968
-0.01865278
0.03906321
-0.02386050
-0.00853351
0.06398255
0.04174337
0.00396272
-0.01077561
-0.01679108
0.02861977
0.01630267
-0.05003775
-0.04826961
-0.01201059
0.00577425
-0.02549408
-0.07707130
-0.06695164
-0.06306223
0.04867088
-0.01309571
-0.08182354
0.01347321
0.06181842
-0.04898062
-0.08862370
-0.05336036
-0.01869892
0.01523716
-0.08648355
-0.00513597
0.06900181
0.04156014
0.06097794
-0.15214677
-0.00709468
-0.00163439
0.01866860
-0.03121008
0.02673812
-0.01589893
0.00925863
-0.00277277
-0.05759886
-0.03762107
0.05914331
0.01065723
-0.02225567
0.02104021
0.02726907
0.03306613
-0.07580657
0.06280507
0.00473459
0.03457852
0.04287091
0.00791313
0.00100956
-0.09362458
-0.01614680
-0.01429987
-0.01742038
0.10036893
0.03061143
-0.02998753
-0.02433152
-0.00914223
-0.05256533
-0.01693699
-0.03661661
-0.04218843
-0.02741241
-0.00923936
0.05267455
-0.00635665
-0.00444212
0.03541249
0.04451194
-0.08001987
0.07597771
0.04110403
0.00014140
