-0.02029909
0.02139655
-0.04492546
-0.04930038
-0.00438783
0.01824954
-0.00780217
-0.02085851
-0.01353307
-0.00328448
-0.00309341
-0.02267534
0.01441023
-0.06366432
-0.05109832
-0.02974764
-0.01094018
-0.01135495
0.08133151
0.02212998
-0.01073643
0.01596606
-0.02266376
0.00052943
0.02080533
0.00683987
0.01407479
0.03985224
0.00044273
0.03716714
-0.00582221
-0.00553032
0.00997508
-0.02309102
-0.03294227
0.02568444
0.00400161
0.00648799
-0.00080716
-0.01057753
0.00743678
0.01443022
-0.04984485
-0.04114783
-0.00309709
0.03429437
-0.05543321
-0.01786082
0.01939600
0.01034532
0.03393339
-0.04827748
0.00065507
0.05070360
-0.00162707
0.03583035
0.00132144
0.01291302
0.45321614
0.06053420
-0.02641006
0.04080869
-0.02600179
-0.00680871
0.04240846
0.00145553
0.00828043
0.00468461
0.03036251
0.02735875
-0.00231528
0.00414222
-0.00954878
0.04357265
-0.03284691
-0.04674910
-0.05905688
-0.02198785
0.01662663
-0.00783144
-0.00631425
0.00103925
0.04064949
0.05963136
0.01658004
-0.02652029
-0.01442277
-0.01197590
0.04420188
0.00237901
0.02369649
-0.01715851
0.02627611
-0.01270876
-0.00115791
-0.00229314
0.02115055
-0.04259265
0.04866495
0.01545623
-0.01037346
-0.04411476
-0.00014910
0.00816064
0.01070892
0.01330883
0.02757353
0.05767682
0.01342877
-0.04873003
0.00089675
0.03333139
0.03665933
-0.00232136
-0.01007292
0.01956976
0.04531271
-0.00725792
0.01673065
0.00730860
0.01837701
-0.00162923
0.00381518
0.01268889
0.00074312
0.01046181
0.00902735
0.00519450
0.02537533
0.03099949
0.03440430
-0.00232203
0.00753955
-0.00188140
-0.02261511
-0.00961887
0.02728945
0.02820457
-0.09834419
0.04265410
-0.00615300
-0.00778426
0.00045796
0.04328135
-0.00656853
0.08801518
-0.03834200
0.01653047
-0.00509917
-0.00742951
0.06454967
0.02110323
-0.01252814
-0.00090495
0.00606894
-0.04135328
0.01885379
-0.00522173
-0.04358156
0.02653190
-0.01101062
-0.04882377
0.02726856
-0.01696862
-0.03457762
0.05586896
-0.00390497
-0.00820286
0.00277105
0.04180400
-0.00596908
-0.00412057
0.02221609
0.00792753
0.04824804
0.02993610
0.04194741
-0.03019377
-0.02930217
0.00082153
-0.01867964
-0.02509768
0.00541891
0.01104574
0.05495214
-0.04999084
0.06618772
0.00139237
-0.02125842
0.04490633
0.00886470
0.01078950
-0.00759286
-0.01426561
-0.00412718
0.01161898
0.02811061
0.03007929
0.01779615
-0.02656518
0.04075323
0.02156059
0.08961526
0.01311485
0.01067752
-0.04009403
0.02253579
-0.02313390
-0.00588429
-0.06306631
-0.02023274
0.01278755
0.01992062
-0.00031180
0.00784651
0.01168784
0.00546038
0.03818534
-0.00675835
0.04013710
-0.00320311
-0.76694673
0.02122262
-0.03887470
0.00296865
0.00102059
0.04439853
-0.02953606
0.02167456
-0.01060853
-0.00119895
-0.01763797
-0.00061554
0.01122564
-0.03491072
0.01589140
-0.00353722
-0.00043419
-0.00891078
-0.00447552
0.01969709
-0.00669115
0.00004279
-0.03988237
0.01184045
-0.01033061
0.04393149
-0.00342026
0.04198101
0.02887357
0.00414495
0.01985544
0.04011176
0.02342530
-0.00516473
-0.01834437
0.02722515
-0.04786202
-0.11178685
0.12342431
0.02561305
-0.11127404
0.07100137
-0.05601427
-0.01340958
-0.03671791
0.18739611
0.09087197
0.05682496
-0.01983506
-0.07983419
0.00176585
0.01396319
0.02543977
-0.03751543
0.00853006
0.02133985
0.00694103
-0.20335600
0.07969040
0.09534394
-0.08230401
-0.00572332
-0.11388709
-0.11783399
-0.08141884
0.23843130
-0.02210491
-0.02713014
0.05076543
0.08760580
0.10522365
0.00795839
0.02714118
-0.07795731
0.04911686
-0.09349871
0.10208947
-0.06171097
-0.13189565
0.08434897
-0.00559283
0.71739763
-0.16612627
0.06693501
-0.12710978
0.03972071
0.07619160
0.05385183
0.12766503
-0.05907747
-0.05898182
0.17790468
-0.03649805
-0.05563861
-0.02172790
-0.13531595
0.01536610
-0.06452639
0.03605799
-0.02176266
-0.00676516
-0.03712686
0.00388666
0.04437981
-0.01136000
-0.01827110
-0.00257138
-0.01128059
0.02316230
-0.05042161
-0.02513561
0.00126838
-0.01306568
0.00601054
0.00178754
-0.02466191
-0.05286122
0.00304912
0.01614591
-0.06036463
-0.03821655
-0.02887590
-0.00334404
0.08431634
-0.04386874
-0.01159269
-0.01757154
0.00731399
-0.03290204
0.04741158
-0.01254544
-0.02279505
0.05370735
-0.00503872
0.13615008
-0.03594122
0.03398580
0.05010673
0.03660608
-0.03144656
-0.00973685
-0.02739429
0.00792508
0.03433227
-0.00601639
-0.02664424
0.00339523
0.03073729
-0.04407450
0.00414505
0.06276776
0.03582518
-0.05832906
0.04847742
-0.06144270
-0.08207740
-0.00449592
-0.02969064
-0.02888004
-0.05633679
0.00640573
0.02789113
0.01634566
0.05181645
-0.02847552
0.02923475
-0.02836941
0.04441455
-0.00630052
-0.00602200
0.05571344
0.10702842
-0.00399326
-0.03532338
0.03543514
0.05769012
0.05015979
-0.03927424
-0.04542966
0.03048092
-0.05476462
-0.12423327
0.00734079
0.01386181
0.04805104
0.02180346
-0.02138617
0.10626623
0.02235182
0.00433098
0.00640599
0.01958741
0.06118175
-0.03117537
0.03983765
-0.02925687
-0.03676833
0.04780440
-0.03054616
0.00911593
-0.02242112
0.07694846
-0.05032514
-0.01217647
0.00419585
0.00666064
0.03799558
0.04125990
-0.03226524
0.02164136
0.02988990
0.01995575
-0.02337669
0.05443189
0.02134683
-0.03348717
-0.02720507
0.06738265
-0.00358306
0.01090835
-0.00408174
0.05309493
0.00024382
-0.07473093
0.04652596
0.00911427
-0.10154446
0.00737239
0.03209792
0.04630503
-0.03397558
0.07824182
-0.03294566
0.06306245
0.01027532
0.03547690
-0.00117371
-0.01784256
0.09047449
0.10471588
0.02451987
-0.04555739
-0.03570861
0.06723557
0.05293265
0.04288306
-0.00579600
-0.00578515
0.05399731
-0.01931222
-0.00541856
0.03087106
-0.01609734
-0.02638614
-0.03625099
0.07883464
-0.03059729
0.05474775
-0.05305438
0.03736956
0.06358865
-0.09172732
-0.03327661
0.03320132
-0.03807563
-0.01722502
-0.01245844
-0.05603577
-0.03835146
0.06824201
-0.05169774
-0.00985241
0.03790565
0.00461047
-0.02271068
-0.04529281
0.01468064
0.09973830
-0.04885766
0.04065042
-0.04992896
-0.01060664
0.05884683
-0.05460501
-0.10025198
0.02165971
-0.09190459
0.00829455
-0.06443067
0.02548243
0.03564445
-0.07444227
-0.01684959
-0.02988685
0.00174174
-0.00049110
-0.02003315
0.03406773
-0.02507540
-0.00386631
-0.01927797
-0.06645057
0.09938744
-0.07219242
0.00706612
-0.05159782
0.03861570
-0.07043157
-0.00438228
0.00902238
0.03248424
0.01215428
0.03936126
0.05995499
-0.03135848
-0.04439387
0.01955881
0.00380888
0.00712427
-0.06231891
-0.06413762
-0.04202695
0.04904428
-0.00435701
0.08688650
0.09379288
-0.03629035
0.00085570
0.00635839
0.01256061
0.00617232
0.01396342
-0.01783996
-0.02810299
-0.02279338
0.00276672
-0.01187810
-0.03824957
-0.01976943
-0.05060080
-0.09040359
0.03840507
0.00886453
-0.03038946
-0.01055608
0.03707231
0.05390606
-0.01964334
0.00232333
-0.03493270
-0.02093781
-0.00232887
-0.01624724
0.06636703
-0.02520508
-0.00876923
0.05049228
-0.04050796
0.02182438
0.01566646
-0.00158096
0.00175783
0.01998940
0.01743521
-0.04030108
-0.00449922
-0.00931641
-0.00508039
-0.02066917
0.01890967
0.02535553
-0.03941493
0.08380665
-0.08673730
0.01799014
0.00809253
0.08261083
-0.01704064
-0.02448313
-0.06046095
0.07186496
-0.03941834
0.06335468
-0.01903297
-0.04245846
0.01855935
0.02049297
0.00132363
-0.01874075
0.01597590
0.02322282
-0.02038847
-0.03505117
-0.13375980
-0.00961770
0.04133138
0.03155344
0.00842719
-0.02185987
0.04918430
0.00026832
0.04473980
0.01809036
0.02816639
0.06084505
0.08156097
-0.08994981
0.03754592
0.02845072
0.01198740
-0.14622895
0.02021056
-0.12074555
0.01089149
0.02723138
0.01260520
0.06251045
0.04315348
0.01633972
0.03301411
-0.04028769
-0.03891982
-0.03037461
0.00213887
-0.01205480
-0.04381169
0.00255389
-0.00864332
-0.00242341
0.00612146
0.00816373
-0.01586917
0.01068659
0.02292798
-0.08493257
0.05229728
-0.00240375
-0.03847763
-0.04099252
0.10246057
0.02854659
-0.07049233
0.05321651
-0.00454655
0.02193402
0.05555389
0.02443113
0.02633207
-0.01876070
0.02497007
0.02644318
-0.02863047
-0.03170108
0.03221700
-0.05785409
0.03253799
-0.01116060
-0.00014039
-0.01806105
0.02565186
-0.02350633
0.00338632
-0.01343417
0.00298403
-0.02506974
-0.04930360
-0.00810206
-0.01703704
0.04360314
-0.00779393
-0.00587758
-0.00097862
0.00710211
0.00210509
0.05073503
-0.04855030
0.03140020
0.03973771
0.00341936
-0.03585418
0.06903945
0.02307030
-0.04841373
-0.14206155
0.05232758
-0.00502786
-0.06797047
-0.12589034
-0.01124764
-0.12100554
-0.06367359
0.00170179
0.04573483
-0.02859870
-0.00429312
-0.02196616
0.04831702
0.01090262
-0.03792286
-0.02387794
0.03910693
0.00722241
-0.00506229
0.03181075
-0.01406983
-0.01643717
0.05830348
0.02617724
0.06973376
0.04809770
0.00282337
-0.05885357
0.01567911
0.01124393
-0.00477849
-0.03189752
0.05192963
0.05132110
-0.00614661
-0.00820152
-0.04326875
0.03342554
0.06009856
0.03219857
0.03968657
-0.04892064
-0.02724243
-0.03429552
0.01455782
-0.01858696
0.06199788
-0.02097575
-0.01411750
0.07538830
0.03963749
0.01421959
0.02000065
0.02423753
0.00636720
-0.01625149
-0.08512238
-0.04533076
-0.02037222
0.04193746
0.02765352
-0.01922478
-0.07929592
-0.08138993
0.07617401
0.03518315
-0.07320645
0.01223883
0.05669602
-0.08922295
-0.10786327
-0.04680213
-0.02916102
-0.00925211
-0.10999051
0.01440673
0.03375680
-0.03713972
0.05371087
-0.15830471
-0.01405414
0.01533406
0.01042566
-0.00395773
0.01556458
-0.03282193
-0.00433907
0.03349489
-0.05758894
-0.02820067
0.07030965
0.02561934
-0.01784479
0.02647690
-0.00503587
0.02247620
-0.04647816
0.06370050
0.02822813
0.03368622
-0.00096836
-0.00791554
0.00974212
-0.10074735
-0.01115307
0.00224732
-0.02410764
0.06691174
0.05700931
-0.04735526
-0.00411677
-0.05009904
-0.04114569
-0.01528602
-0.01918502
-0.01782858
-0.03364399
0.00427538
0.07001141
0.00562799
-0.05254284
-0.00986320
0.04248264
-0.04760459
0.08535954
0.02807617
-0.01564745
