-0.00936809
-0.03003875
-0.01037650
-0.03323269
-0.00579436
0.03509463
0.00406367
0.02431426
0.00917593
0.01249101
-0.00633391
-0.00628959
0.02545257
-0.04546168
-0.03295346
-0.01578856
0.02208469
-0.00258328
0.01873441
0.02265197
0.01502451
0.04727338
-0.05144119
-0.00267640
-0.02078613
0.01927045
0.00868598
0.02962352
-0.00762881
0.01752788
-0.08915290
0.01170795
0.01770537
-0.02952013
-0.02557817
0.05978546
-0.02667411
0.02934802
0.01631331
-0.07814264
-0.01539398
-0.01084961
-0.01025247
-0.04853669
0.00000387
0.02723794
-0.03759235
0.00177226
0.01357470
0.01491559
0.02751739
-0.07857005
-0.03075998
0.02137400
-0.02810598
-0.00467445
0.00479851
0.00524179
0.45629877
0.02915815
-0.03198466
0.02927374
0.00350595
-0.02613014
0.00540987
0.03698165
0.00662224
-0.01246200
0.00015022
0.02836213
0.01731311
-0.00988507
-0.02214148
0.01489073
-0.00881056
-0.00935403
-0.03426148
0.01755479
-0.00761363
-0.03360797
-0.01648054
0.00476788
0.00095505
0.01835864
0.07502232
-0.00060298
0.00722115
-0.00473681
0.03138934
0.00866744
0.02306090
0.01465238
-0.01094556
-0.00146455
-0.00886965
-0.00504237
0.01806864
-0.03772591
-0.00436975
-0.00996106
-0.01583327
0.00101702
0.01198910
0.02570909
0.00882983
0.00609954
0.00064004
0.01465641
0.01516184
-0.02667675
-0.00394647
0.03024521
0.00933737
0.00263282
-0.00925924
-0.01037899
0.04894454
-0.02871266
0.02603697
-0.00750771
-0.00016903
0.00443266
-0.00979660
0.00549269
-0.01096178
0.01389877
-0.00796882
0.00716440
0.00961627
0.08919742
0.01396372
0.00197811
-0.01479483
-0.00542110
0.02336315
-0.01073474
-0.03202821
0.02865938
-0.11983635
0.02491118
-0.05559309
-0.03450388
0.00611922
0.01429477
-0.00956775
0.02671533
-0.02496433
0.00279017
-0.02251872
-0.01793505
0.01865500
0.01549801
-0.03140379
-0.00574021
0.00394938
-0.03187672
0.01081824
-0.01385514
-0.05517875
0.02400494
0.00523194
-0.04174885
0.00333472
0.00885780
-0.00248101
0.04820238
-0.01068231
-0.00376363
-0.01129092
0.03542433
0.02132507
-0.00427896
0.03082585
-0.00366656
0.04202827
0.00964419
0.04282699
-0.03284466
-0.06668533
-0.00156427
-0.02199873
-0.04842092
0.00227463
0.02799428
0.03070596
-0.08778121
0.00765020
-0.01348681
0.00037704
0.05677769
0.07408562
0.02747255
-0.00790115
-0.01394583
-0.00832462
0.00719418
0.04971772
0.02959509
-0.05889870
-0.04419717
0.03169328
0.02014699
0.11280373
-0.01669600
0.01638514
-0.01723955
-0.00484499
0.01623791
0.00428040
-0.05315458
-0.05463871
0.01929091
0.01385045
0.00532583
0.00968446
0.00139374
0.00182534
0.03771628
-0.02448636
0.02358332
-0.03042111
-0.76417685
0.01926510
-0.02823476
-0.01342913
-0.00027522
0.00850415
-0.03489879
0.01646584
0.00504836
-0.00396623
-0.05838603
0.01278352
0.02241772
-0.01644122
-0.00828194
-0.01641941
0.00282518
0.00665932
-0.01082192
0.01353918
0.01341774
0.03762232
-0.03026547
0.00864435
0.01000130
0.02541111
0.05012114
0.01037905
-0.00170075
0.00210308
0.01214136
0.00665995
0.00665166
-0.00094073
-0.01969947
0.11125688
0.03171566
0.00526715
-0.02313415
0.02731560
0.03392787
0.01606726
-0.06911625
0.02501190
-0.01455654
0.08397549
-0.01056019
-0.01903616
-0.07077166
0.03130707
0.04327222
0.00742987
0.04765251
0.02393585
-0.04712483
-0.03412466
0.00032960
0.08857492
0.07171107
-0.00822953
0.02706056
0.08161301
-0.00248331
0.00276579
0.11943797
0.04189240
0.05324368
0.04637325
-0.11128066
0.07938351
-0.12310164
-0.00657876
0.07936957
0.02126930
-0.02471185
-0.19063587
-0.01488076
0.03902002
0.01769903
0.05921990
0.00579114
0.87871397
0.04985578
-0.07111920
-0.12473495
0.05023535
0.13215357
0.02892064
0.06137205
0.01031629
-0.03685044
0.05487402
-0.00414479
-0.02134401
-0.03143719
-0.00230552
-0.07370566
-0.00425132
-0.02710391
-0.03596352
0.00129835
0.00519734
0.06235580
-0.00214399
0.01383397
0.00650321
-0.02207951
-0.00781231
-0.00859920
-0.03740122
-0.02306973
0.01388954
-0.01884155
0.01749343
-0.02742753
-0.05906456
-0.05600648
0.01454273
-0.03064338
-0.15099247
-0.06550429
-0.05874205
-0.03021240
0.03781788
0.00910608
-0.00135918
-0.08802139
-0.03659142
-0.02882144
-0.00833229
0.00857635
0.04140772
0.09336710
-0.08732956
0.14318244
-0.04233899
0.01766851
0.02851610
0.01504346
0.01896252
-0.02949546
-0.05996719
0.05099179
0.04005494
-0.03017185
-0.01948256
0.04893706
-0.01160340
-0.02760955
-0.02971726
0.05532157
0.02554737
-0.06596679
0.05862015
-0.08724526
-0.10943701
-0.03093483
-0.03667111
-0.01379477
-0.04256589
0.04331270
0.02575908
-0.03411987
0.09836048
-0.04800144
-0.00596692
-0.03084991
0.04655389
0.04449871
0.05392271
0.06693230
0.09654098
-0.05290799
-0.02959516
0.02794595
0.05748290
0.05272344
0.02846838
-0.03084859
0.01324326
-0.09729350
-0.08302816
-0.02404992
0.01319609
0.10287850
-0.03547058
-0.08141326
0.08804106
0.02496934
-0.06500994
0.02577335
0.00063117
-0.02461088
0.00737561
-0.04765877
-0.01695379
-0.01255000
0.00164781
-0.04238847
-0.02589688
0.02049181
0.00905626
-0.01892959
-0.04108660
-0.01498453
-0.01096987
-0.04525269
0.06537352
-0.01844940
-0.00564499
0.02268128
0.00259549
-0.05551683
0.03479783
0.00955283
-0.07109363
-0.05817275
0.05825837
-0.00072726
-0.01111218
0.05515812
0.07136878
-0.01565035
-0.07599568
0.05793287
-0.00430699
-0.07853049
-0.00751996
0.01263594
0.01640934
-0.02135210
0.08932057
-0.03378238
0.03681668
-0.01561631
0.02577111
0.01018590
0.01998902
0.04386111
0.06664678
0.04429561
-0.03095236
-0.00345696
0.04540301
-0.00345195
0.02266662
0.07025538
-0.01290018
0.05282067
-0.03283536
-0.01261514
0.06075412
-0.01379695
0.04497073
-0.06850980
0.02470751
-0.01587043
0.05326040
-0.06687104
-0.02144891
-0.00632721
-0.11257683
0.00777137
0.00795923
0.01163041
-0.00778102
-0.03210498
0.01876658
-0.04030462
0.03809146
-0.06559554
0.00090523
0.08799379
0.00660137
-0.06748784
-0.08852582
-0.00221106
0.02555359
-0.00382019
0.05669056
-0.01166377
-0.01024362
-0.00304739
-0.08366470
-0.09520208
0.02781317
-0.09403703
0.01339925
-0.00261590
-0.02280074
0.04000599
-0.03289795
-0.02408056
-0.05966339
-0.01483453
-0.04393353
0.05669431
-0.02361231
-0.00930400
-0.00950600
0.00550814
-0.02819346
0.08032057
-0.03919166
-0.00577213
-0.00589815
-0.01358787
-0.10667656
0.00954265
0.02007965
0.02680971
-0.03646550
0.09168499
-0.00121066
-0.03332588
-0.00731109
0.01772881
0.00108551
-0.02928805
-0.06412586
-0.06132843
0.00013687
0.03959171
0.00321820
0.06648576
0.09395570
-0.08667120
0.03921248
0.04651115
0.01948546
0.01281805
0.01170042
-0.05095137
0.00947896
-0.07583329
-0.00179179
0.01233149
-0.01763285
0.03943036
-0.00248193
-0.04683240
0.00490119
-0.02425670
-0.05028493
-0.03237851
0.02008452
0.01922110
-0.03709044
0.00183365
-0.00226205
-0.00738554
-0.01296834
-0.00028586
0.04127745
-0.04264741
-0.05014591
0.05691361
-0.01840391
0.02935533
0.06326045
-0.00634824
-0.02072477
-0.00168475
-0.00544335
-0.06109067
0.03712754
-0.02248770
-0.01476226
-0.03990762
-0.01532159
0.02904823
-0.07983135
0.04283377
-0.03087729
-0.00075599
-0.00606518
0.04867817
0.02784399
-0.03757681
-0.07121455
-0.00335413
0.03404731
0.03410370
-0.03501206
-0.04438354
0.06947406
0.02355831
-0.00294689
-0.04879027
0.04467046
0.01178112
-0.00715162
-0.03663348
-0.00955496
0.00023040
0.01798519
-0.03722166
-0.01031943
-0.06722232
0.06297415
-0.02758989
0.04055889
-0.00112515
0.03877834
0.05053155
-0.00530364
-0.05125479
0.05029630
0.00137250
-0.01460041
-0.04431250
0.01662436
-0.10510132
0.04722317
0.03836180
-0.00040991
0.06889644
0.01277877
0.01361042
-0.01900234
-0.05307377
-0.02217875
0.01675882
-0.05821255
0.02156504
-0.03261213
0.01734243
-0.02589678
-0.02175210
0.02472473
-0.01747061
-0.02184503
-0.04428135
-0.00438988
-0.06222930
0.01699294
0.02878538
-0.01328517
-0.04135370
0.11310317
0.01223127
-0.06164961
0.03512792
0.04232733
-0.04329708
0.10696332
0.00316770
0.05217738
-0.00813950
0.00165807
0.07190891
0.02894037
-0.00387012
0.06962867
-0.01031065
0.02768927
-0.05116193
-0.03542813
-0.05839218
0.05833835
-0.00981975
0.05539935
-0.04157789
0.00760389
-0.00780906
-0.02117359
0.00367759
-0.03139382
0.01750916
-0.01066402
0.00569615
0.08203842
-0.00550582
0.00697806
0.00062714
-0.01868182
0.02203679
0.05998741
-0.00000777
-0.03178415
0.06953263
0.02996124
-0.03283880
-0.09806744
0.05496595
0.01145695
0.01308030
-0.05991657
-0.02672384
-0.06530860
-0.01656470
-0.00815896
0.05798725
-0.01433504
0.01334345
-0.02301931
0.01626677
-0.09178457
-0.00452923
-0.03083668
0.01984418
-0.00190370
0.01910089
-0.01382847
-0.05863750
-0.06961767
0.07694320
0.05542855
0.03382653
0.05686248
0.00893439
-0.02690591
0.02560801
-0.02802475
-0.05961636
-0.05966097
0.02013767
0.01259324
0.00305774
-0.00501387
0.00933833
-0.00672429
0.05440202
0.01752018
-0.01311227
-0.04838890
0.01578255
-0.01026695
-0.02869433
-0.02503390
0.03941609
-0.02567372
0.02934052
0.08032478
0.00039525
-0.01484296
-0.01592687
-0.00054497
0.05068131
0.01495920
-0.06906006
-0.06257886
-0.03220530
-0.02181647
-0.05137787
-0.07749037
-0.07779870
-0.02713569
0.00963207
0.00108965
-0.02819951
-0.07741450
0.05237446
-0.07466102
-0.07815556
-0.05631773
0.01132031
-0.00530015
-0.11277603
-0.01397657
0.05610080
-0.00947452
0.02879611
-0.16179198
-0.01622795
0.00928785
0.00022523
-0.07497539
0.00977413
-0.04286093
0.03721988
0.00246932
-0.00833027
-0.00492440
0.06243004
-0.00059988
-0.03039992
0.02379810
0.01127828
0.01354861
-0.02124731
0.04628982
0.04601936
-0.00433849
0.04051566
-0.03380687
-0.02785784
-0.07845908
0.00936926
-0.02249658
-0.01894490
0.05608950
0.05980792
-0.03957797
-0.04631387
-0.03830690
-0.01968260
-0.02086989
-0.01796615
-0.08015820
-0.01982617
-0.02237513
0.08568338
-0.01521306
-0.04834526
0.08210904
0.00637783
-0.07961820
0.04615109
0.01969416
0.00923968
