-0.01062134
-0.00864093
-0.03841623
-0.06219481
-0.00176090
0.00607030
-0.00778721
-0.02678474
-0.03725334
0.00599164
-0.00546425
-0.01539657
0.01787828
-0.06357025
-0.04879228
-0.03282671
-0.00074050
-0.00992049
0.06528957
0.02666457
-0.00305044
0.03546447
-0.03430190
-0.00798381
-0.00244103
0.01894015
0.02289480
0.04435585
-0.01198968
0.02102689
-0.01500797
-0.00355814
0.01417921
-0.02525316
-0.02727616
0.04789323
0.00901623
0.01962213
0.00648915
-0.02834314
-0.01142011
-0.00486963
-0.06959844
-0.04392619
-0.00813658
0.02965636
-0.06554472
0.00119544
0.03382769
0.01490169
0.02976640
-0.04283496
-0.01119891
0.03790344
-0.01807507
0.00706203
0.00070801
0.00038109
0.42663556
0.04012099
-0.02050745
0.03676535
0.00234073
-0.02050659
0.01860009
-0.00160451
0.00299835
0.00339425
0.03850278
0.04935238
0.00515780
-0.01284716
-0.00059935
0.03195195
-0.01982248
-0.03728013
-0.07611243
-0.02668282
0.02041307
0.02069974
-0.01916785
0.00523959
0.02008158
0.06657454
0.01093331
-0.00583907
-0.00691304
-0.01196115
0.04817578
0.01150579
0.03479471
-0.01317249
0.03761212
0.00434775
-0.02200061
-0.01238458
0.01882929
-0.03685978
0.05018890
0.00319551
-0.01746073
-0.04725034
-0.01341928
0.01667382
0.01146104
0.00410435
0.02086196
0.03753249
0.02023811
-0.04682342
-0.00312299
0.02217501
0.02000718
-0.01223730
-0.00811306
-0.00189633
0.02982289
-0.01424264
0.01346222
0.00881093
0.01649439
0.00393169
0.01325290
-0.00012280
0.01965501
0.01451668
0.00719994
0.00320049
0.01739884
0.03001832
0.02717848
-0.01054921
-0.00585725
0.00537226
-0.01812861
0.01010897
0.00151377
0.04094482
-0.09951136
0.03260702
0.00796043
-0.00814518
-0.01658561
0.02918698
-0.02146069
0.07422156
-0.04274875
0.00199805
-0.01111666
-0.01498096
0.05516795
0.02563230
-0.02389144
0.00461812
0.01249422
-0.03138678
0.02591588
-0.00406786
-0.04759181
0.02184720
-0.00161856
-0.04145184
0.03067292
0.00096128
-0.01972058
0.05941522
0.00454619
-0.01234463
0.00153045
0.05595485
0.00499030
-0.00169604
0.02189017
0.00219911
0.05086603
0.02470304
0.04465796
-0.02597471
-0.02768614
0.00624353
-0.03418049
-0.02865712
0.01359086
0.02348744
0.04357052
-0.03505808
0.01626851
-0.00573080
-0.01185658
0.05746385
0.02641546
0.03384271
-0.01064350
-0.01540279
-0.01404554
0.01929705
0.02926783
0.03126026
0.01960513
-0.03982683
0.05997790
0.01966206
0.04432977
-0.00098899
0.01193655
-0.05228670
0.00311325
-0.01066034
-0.00172698
-0.07146006
-0.02717056
0.01394492
0.01366540
0.01170348
0.00532175
-0.00084139
0.00362142
0.05147930
-0.01908839
0.03980585
-0.00986532
-0.78484583
0.01771557
-0.05154406
-0.00719544
-0.00470794
0.03843191
-0.04773476
0.03013873
-0.00355350
-0.01917094
-0.03659931
0.00161769
0.01218142
-0.01953885
0.01309381
-0.01576759
0.00553527
-0.00598721
-0.00644667
0.01525724
0.01982200
-0.00181203
-0.04393056
0.01005183
0.01462327
0.05158475
0.00436935
0.02457057
0.01253358
-0.00256897
0.01807171
0.03711674
0.02418177
-0.00846603
-0.01493522
-0.01905682
-0.03416552
-0.07729393
0.10051478
0.00820705
-0.14737713
0.08584531
-0.03526988
0.00930893
0.03359361
0.12216319
-0.00576548
0.03199230
0.05005001
-0.08513086
0.04801271
0.00798166
0.07112169
-0.05022401
0.00713067
-0.04126227
0.00289005
-0.16718113
0.09805372
0.08492648
-0.05625192
-0.02137800
-0.07670555
-0.11309385
-0.06427439
0.22605762
0.02258610
-0.05142586
0.01497753
0.12032826
0.08646294
-0.01124666
-0.04486226
-0.00426579
0.08766274
-0.08286964
0.07411474
-0.04318682
-0.16179892
0.14007439
0.02438470
0.74205893
-0.18286343
0.02505782
-0.09700265
0.00832862
0.03185130
-0.02358853
0.17132655
-0.04488512
-0.06708423
0.19236560
0.00071416
-0.05910386
-0.02355886
-0.13299690
0.02569093
-0.00463838
0.06459077
-0.02107630
-0.00601810
-0.02797506
0.02793389
0.04917566
-0.00256669
-0.01540710
0.01082873
-0.01203878
0.03803367
-0.06318663
-0.01210264
0.00029596
-0.00356768
0.03410149
0.02464361
-0.01287279
-0.05353398
0.02198859
0.00684483
-0.06699946
-0.04245874
-0.04828365
-0.01542534
0.08881658
-0.04325994
-0.01862434
-0.05751682
0.00053209
-0.00187170
0.05020047
-0.00856448
-0.01021212
0.03195031
-0.02672563
0.14564286
-0.04780200
0.03688747
0.07176334
0.05175493
-0.01870868
0.01423994
-0.06210510
0.00713628
0.03576783
-0.03363124
-0.02375377
0.02944263
0.02294938
-0.05847779
0.00424963
0.05245174
0.00650696
-0.05885779
0.04765777
-0.06988128
-0.07718414
-0.00888312
-0.02117510
-0.03797911
-0.05043286
0.01646990
0.02920901
0.01487004
0.04930443
-0.02218151
0.01543937
0.00560836
0.06225210
-0.00940728
0.01566837
0.07283499
0.10654109
0.01184520
-0.04204928
0.01731762
0.05304934
0.04871332
-0.01372921
-0.04888494
0.03784360
-0.07658677
-0.11392356
-0.01104994
0.03735202
0.04250630
0.03272271
-0.03730806
0.11914852
0.04597290
-0.01384452
-0.01172407
0.00894006
0.05902724
-0.01477179
0.03032149
-0.05196061
-0.04791041
0.04304831
-0.02323296
0.00534843
-0.02336422
0.04055648
-0.03197825
-0.03153998
-0.02726404
0.03220024
0.01906842
0.03986722
-0.01993327
-0.00490105
0.00043538
0.03312419
-0.02024462
0.03951319
0.01272884
-0.05736122
-0.02327715
0.06918693
-0.01943831
0.01306515
-0.00810945
0.04341428
-0.00198369
-0.10339124
0.03242552
0.03712983
-0.10417993
0.01570054
0.01253350
0.03809599
-0.03097822
0.07112744
-0.04489717
0.06809795
0.00793253
0.03125809
0.00050886
-0.01893252
0.07152481
0.09466408
0.01769239
-0.02501114
-0.02905831
0.06577946
0.05535885
0.04734490
0.01572767
-0.00995638
0.02891082
-0.02660150
-0.00206567
0.06085040
-0.00630809
-0.04156983
-0.03582250
0.06530154
-0.05669361
0.09414001
-0.06778169
0.03941625
0.02701363
-0.11177679
-0.03846163
0.02366322
-0.03417539
-0.00155774
-0.01607699
-0.06661089
-0.02219155
0.07143538
-0.06683662
-0.01167845
0.04761219
0.00861594
-0.02761984
-0.06090939
0.02348908
0.10835174
-0.02507202
0.02372728
-0.05167375
-0.00102170
0.06071971
-0.06669085
-0.09399933
0.00519513
-0.07845540
0.02291096
-0.06083441
0.01243427
0.02244174
-0.06326606
-0.00022149
-0.03413726
0.01136459
-0.01059905
-0.00799559
0.04595973
-0.01424296
0.00995015
-0.04054306
-0.05755442
0.08056857
-0.06115805
-0.02489364
-0.04976118
0.04322384
-0.09427455
-0.00568215
0.02819764
0.01524329
-0.00002252
0.03173808
0.06773408
-0.02595597
-0.05105221
0.00151853
0.00737015
-0.00985396
-0.06595472
-0.05825946
-0.04306661
0.05233583
-0.03120392
0.07320099
0.08862566
-0.06911567
0.01294336
-0.01521689
0.01240992
0.01800792
0.02690339
-0.01635186
-0.02784733
-0.06062220
-0.01492214
0.00494276
-0.05849854
-0.01510824
-0.04188290
-0.06521635
0.00874709
0.01742093
-0.01812775
-0.02020781
0.02971942
0.06980204
0.01782342
-0.00875356
-0.01725046
0.00838696
0.00624494
-0.04210582
0.07178833
-0.07287341
0.00893658
0.03728739
-0.03586493
0.01845394
0.01040849
-0.00335489
-0.00977530
0.01833259
0.03672160
-0.03637620
0.00909387
-0.01745205
-0.01262999
-0.04802675
0.02164989
0.03636125
-0.04748791
0.05059744
-0.08882989
0.03577885
0.00675154
0.07385422
0.00897550
0.01384579
-0.07922166
0.06041579
-0.03182582
0.04391510
-0.01893692
-0.02886655
0.03671827
0.03060997
-0.00871547
-0.01996807
0.01693348
0.02992647
-0.00653212
-0.05943461
-0.10212287
-0.01400332
0.07712880
0.00645689
0.03065522
-0.02696084
0.04709665
0.01638790
0.05057606
0.01042366
0.03286512
0.06121438
0.06873750
-0.07459420
0.03253581
0.02746745
-0.00326257
-0.13103448
0.02048038
-0.09163040
-0.00922857
0.04090319
-0.02280206
0.06863768
0.01502085
0.01272126
0.00166543
-0.02989521
-0.01510688
-0.01314519
0.00677906
0.00443798
-0.05002524
-0.01977799
0.02037376
-0.02920584
-0.01112125
-0.00716254
-0.01408145
-0.02764929
0.02254246
-0.08767998
0.02955095
-0.01923303
-0.01983655
-0.03870885
0.10470236
0.01517380
-0.07157566
0.03592161
0.01120316
-0.00596919
0.05616244
0.01792716
0.03399238
-0.02479073
0.02962760
0.01075196
-0.01928094
-0.04753645
0.04621695
-0.04120490
0.02626122
-0.04796426
-0.00868387
-0.00926319
0.03282294
-0.00847333
0.02621596
-0.00445191
0.00962994
-0.05396350
-0.05602868
-0.02245077
-0.01412806
0.04268592
-0.00334001
0.01955386
-0.00082061
0.02007107
0.00381612
0.04767933
-0.04455006
0.07006081
0.03993065
0.00777123
-0.03453762
0.08482029
0.01811069
-0.03444389
-0.13825215
0.07515270
-0.01559521
-0.04357617
-0.14146496
-0.02153220
-0.12688965
-0.04797224
0.00280494
0.05384978
-0.02687844
0.00293469
-0.03213323
-0.00690969
0.03592618
-0.04400751
-0.01837068
0.02158039
0.02285120
0.00374658
0.01273610
-0.05005488
-0.00493144
0.06401564
0.02266898
0.06200854
0.05117800
0.00250916
-0.06701646
0.00076378
0.02086423
-0.02735138
-0.04672442
0.06482533
0.02292753
-0.03717188
0.01773773
-0.04364227
0.01409558
0.05195122
-0.00429937
0.05339001
-0.03483215
-0.00576301
-0.03808373
0.02826036
-0.00596856
0.02775617
-0.02658758
-0.03398221
0.06377868
0.04125413
0.02240413
0.01482840
0.02152065
0.03602407
0.01200692
-0.07929230
-0.02348143
-0.00988087
0.03068574
0.00377910
-0.04530195
-0.07852335
-0.07465187
0.03079410
-0.00865334
-0.05268225
0.01071958
0.06565156
-0.04551074
-0.09414302
-0.04480843
-0.01979194
0.00411695
-0.08697236
-0.00563731
0.05238886
-0.01184975
0.05826020
-0.15823092
0.01044403
0.00885324
0.01974691
0.00969151
0.02063924
-0.01998463
0.00345729
0.02125572
-0.04523964
-0.03426139
0.02374630
0.02756879
-0.01208977
0.02785233
-0.01154854
0.03996014
-0.06035763
0.05894307
0.02089446
0.04460222
0.01959081
-0.00438164
0.00217698
-0.10767587
-0.00916076
-0.01093864
-0.03182610
0.06440668
0.03291510
-0.04410234
-0.00640259
-0.05202590
-0.04219917
-0.02141047
-0.01145293
-0.01904892
0.00460245
-0.00962067
0.06357376
-0.01436081
-0.01251026
-0.00611280
0.05624587
-0.03606978
0.09125284
0.05539825
-0.00967330
