3.561623767018318176e-02
-6.968261208385229111e-03
5.510581657290458679e-03
2.509921602904796600e-02
-4.516140092164278030e-03
3.430018573999404907e-02
2.634513005614280701e-02
2.982589940074831247e-04
-1.580628193914890289e-02
1.012276113033294678e-02
-1.736293360590934753e-02
-8.864855393767356873e-03
1.470952015370130539e-02
3.320281207561492920e-02
4.188247956335544586e-03
-3.207292407751083374e-03
2.810450037941336632e-03
1.077375747263431549e-02
1.508439779281616211e-01
4.919783025979995728e-02
-6.846619653515517712e-04
4.794684052467346191e-02
-3.728361427783966064e-02
-6.307242438197135925e-03
6.484922487288713455e-03
4.121452104300260544e-03
-1.664174720644950867e-02
-3.878330066800117493e-02
-1.461004745215177536e-02
9.361849166452884674e-03
5.808095261454582214e-02
1.182196009904146194e-02
2.218214794993400574e-02
-1.062050275504589081e-02
2.128525078296661377e-02
3.007952356711030006e-03
-2.355012111365795135e-02
1.461608335375785828e-02
1.401391346007585526e-02
-2.253925614058971405e-02
-9.509165771305561066e-03
-4.308670759201049805e-03
-9.769693017005920410e-02
-2.620748616755008698e-02
-5.083433818072080612e-03
-3.056129440665245056e-03
-6.228002253919839859e-03
-6.360529456287622452e-03
-2.780264767352491617e-04
1.707787858322262764e-03
1.945678889751434326e-02
-9.599489718675613403e-02
3.826652467250823975e-02
3.807156812399625778e-03
-3.318429365754127502e-02
-1.400588918477296829e-02
-1.238800399005413055e-02
9.295529685914516449e-03
4.207676947116851807e-01
5.691270157694816589e-02
-2.265098504722118378e-02
2.093020081520080566e-02
3.393096383661031723e-03
-3.268307447433471680e-02
2.233901247382164001e-02
4.983213543891906738e-02
-2.199337817728519440e-02
-2.362022548913955688e-02
4.148994758725166321e-02
-3.412277903407812119e-03
1.480667293071746826e-02
1.680273748934268951e-02
-1.297428458929061890e-02
3.170891199260950089e-03
5.977517459541559219e-03
1.643782854080200195e-02
8.533313870429992676e-03
7.729742210358381271e-03
-1.065241085598245263e-04
1.457759290933609009e-01
-2.227494120597839355e-02
3.049914911389350891e-02
2.770825289189815521e-03
8.342279493808746338e-02
4.531768709421157837e-02
-9.442911483347415924e-03
1.384369190782308578e-02
1.080961991101503372e-02
3.903502598404884338e-02
-5.240248050540685654e-03
-9.582182392477989197e-03
2.162940427660942078e-02
7.136723957955837250e-03
3.035349305719137192e-03
-1.424844725988805294e-03
-1.686293445527553558e-02
4.902514163404703140e-03
-1.959253847599029541e-02
2.129805274307727814e-02
-1.362899970263242722e-02
-1.384595758281648159e-03
3.190188854932785034e-02
2.328734472393989563e-02
5.720853805541992188e-03
8.642620407044887543e-03
-2.393649518489837646e-02
2.087993919849395752e-02
-1.331713609397411346e-02
4.306943714618682861e-02
-1.809524372220039368e-02
-2.117213420569896698e-02
2.145102806389331818e-02
5.550790578126907349e-03
4.729284439235925674e-03
-1.875959150493144989e-02
4.900421481579542160e-03
-6.072138436138629913e-03
-1.065341848880052567e-02
1.574640348553657532e-02
-6.402359344065189362e-03
-6.802476476877927780e-03
6.092117168009281158e-03
-3.067662380635738373e-02
-6.683437619358301163e-03
-5.570556595921516418e-02
1.233665156178176403e-03
-2.102424390614032745e-02
-2.600673586130142212e-03
2.059266716241836548e-02
5.183689296245574951e-02
-3.748311102390289307e-02
-1.486594881862401962e-02
-2.294783852994441986e-02
-1.504930201917886734e-02
-3.228206420317292213e-03
-2.561787143349647522e-02
1.029361411929130554e-02
1.182333566248416901e-02
-1.098494082689285278e-01
9.373395703732967377e-03
-7.140419632196426392e-02
-8.150263689458370209e-03
-2.900469582527875900e-03
-3.379302844405174255e-02
-8.734512142837047577e-03
1.989560723304748535e-01
-6.184516008943319321e-03
3.033563029021024704e-03
-6.458954419940710068e-03
-2.376723103225231171e-02
2.219379320740699768e-02
7.388033438473939896e-03
-1.089196465909481049e-02
5.334874615073204041e-03
-7.269377820193767548e-03
-3.516178578138351440e-02
2.254224848002195358e-03
1.028547994792461395e-02
-6.728765368461608887e-02
-2.407197654247283936e-02
8.830603212118148804e-03
-8.982027322053909302e-02
4.210198298096656799e-02
5.551858805119991302e-03
1.193887181580066681e-02
5.577253177762031555e-02
-2.780372835695743561e-02
-1.169722061604261398e-02
-7.368252612650394440e-03
-3.506499808281660080e-03
1.402747444808483124e-02
-1.486837863922119141e-02
1.347754802554845810e-02
1.596854999661445618e-03
4.758037626743316650e-02
3.529137745499610901e-02
5.993332248181104660e-03
-1.366401650011539459e-02
-6.486798077821731567e-02
-9.222438558936119080e-03
1.972286403179168701e-02
-3.387650474905967712e-02
2.550902718212455511e-04
2.538258582353591919e-02
5.077851936221122742e-03
8.431836217641830444e-02
-7.614719867706298828e-02
-1.005818042904138565e-02
-1.160632912069559097e-02
1.261421572417020798e-02
5.939323082566261292e-02
2.762167155742645264e-02
1.247579324990510941e-02
-4.031061008572578430e-02
3.009162098169326782e-02
2.883300557732582092e-02
1.646761596202850342e-02
2.295021340250968933e-02
4.889100790023803711e-02
-1.392569486051797867e-02
1.915001682937145233e-02
3.312257304787635803e-02
3.394655138254165649e-02
-2.731365710496902466e-02
6.225828081369400024e-03
-1.433536224067211151e-02
2.279618941247463226e-02
1.874688081443309784e-02
2.601840160787105560e-02
-1.177656054496765137e-01
-8.300146873807534575e-05
-1.229244749993085861e-02
1.759834401309490204e-02
3.302712226286530495e-03
1.297501567751169205e-02
1.405841484665870667e-02
-5.190331023186445236e-03
3.427881374955177307e-02
-1.277108117938041687e-02
-7.325103506445884705e-03
-1.320254406891763210e-03
-7.326576709747314453e-01
4.320828709751367569e-03
-1.376417651772499084e-02
6.226606201380491257e-03
2.042766660451889038e-03
-1.117386296391487122e-02
1.963203027844429016e-02
5.505087785422801971e-03
1.406933646649122238e-03
1.543578412383794785e-02
-3.977944701910018921e-02
3.838153090327978134e-03
1.422232016921043396e-04
-3.324303030967712402e-02
-2.286530099809169769e-03
-1.453068573027849197e-02
6.540905684232711792e-03
-1.670479588210582733e-02
-3.645867574959993362e-03
-6.636832840740680695e-04
-2.494042040780186653e-03
-8.929627388715744019e-02
1.820475328713655472e-03
-1.658005081117153168e-02
3.230506181716918945e-02
-7.917766459286212921e-03
2.227704599499702454e-02
-7.674917113035917282e-03
-2.541298978030681610e-02
8.703274652361869812e-03
-7.187642157077789307e-03
4.271816462278366089e-02
-1.540781091898679733e-02
-1.750077679753303528e-02
-1.501589454710483551e-02
-9.184902161359786987e-02
-7.360742893069982529e-04
-1.288046389818191528e-01
6.581351906061172485e-02
3.916955611202865839e-04
1.135998144745826721e-01
-1.239288523793220520e-01
-1.027933973819017410e-02
-3.693335165735334158e-04
1.515519688837230206e-03
-2.460601739585399628e-02
1.379139423370361328e-01
1.445184797048568726e-01
-9.109556674957275391e-02
8.039212226867675781e-02
-8.367756009101867676e-02
3.844087710604071617e-03
-5.369790270924568176e-02
-2.325751073658466339e-02
-1.940324716269969940e-02
8.179778233170509338e-03
2.106857299804687500e-02
-2.713766321539878845e-02
-2.367970906198024750e-02
-5.336308968253433704e-04
7.815738767385482788e-02
-9.116546064615249634e-02
-1.114552468061447144e-02
-6.189886480569839478e-02
-3.362340852618217468e-02
1.353557221591472626e-02
-1.302821934223175049e-01
-8.960669860243797302e-03
1.120475959032773972e-02
3.730032593011856079e-02
-2.343971654772758484e-02
-5.453671887516975403e-02
9.100416302680969238e-02
-1.306671500205993652e-01
-5.222015082836151123e-02
3.162815049290657043e-02
1.647373884916305542e-01
-1.580131053924560547e-01
1.145577654242515564e-01
-1.082940027117729187e-01
-1.134490519762039185e-01
7.911507487297058105e-01
-1.097705662250518799e-01
-5.813154578208923340e-02
-9.068762883543968201e-03
-6.572777777910232544e-02
3.323585167527198792e-02
3.120651096105575562e-02
-1.823888719081878662e-02
9.282740205526351929e-02
8.034589700400829315e-03
-2.175931073725223541e-02
8.007124811410903931e-02
6.263080518692731857e-03
1.933823339641094208e-02
1.576646268367767334e-01
-1.857505924999713898e-02
-5.350540950894355774e-02
1.465230584144592285e-01
-2.365942299365997314e-02
-2.773349173367023468e-03
-2.707784809172153473e-02
6.275279074907302856e-02
1.488212123513221741e-02
-1.335448957979679108e-02
-1.869850239017978311e-04
-2.637907676398754120e-02
1.487970817834138870e-02
1.146835274994373322e-02
-6.318627297878265381e-02
-5.049624294042587280e-02
2.695474587380886078e-02
2.217333391308784485e-02
5.394808948040008545e-03
6.521750241518020630e-03
-4.866595193743705750e-02
-8.203845471143722534e-02
1.137331128120422363e-02
1.584833022207021713e-03
-1.017717048525810242e-01
-6.318744271993637085e-02
-2.851638011634349823e-02
-2.222262788563966751e-03
3.220266476273536682e-02
3.510505333542823792e-02
3.612351836636662483e-03
-7.543878257274627686e-02
-1.077719870954751968e-02
-3.190816566348075867e-02
3.151189908385276794e-02
-1.713110692799091339e-02
1.415036525577306747e-02
3.817589581012725830e-02
-5.624289065599441528e-02
1.224971488118171692e-01
-3.507908806204795837e-02
4.334760829806327820e-02
2.283590380102396011e-03
5.189895257353782654e-02
5.690910387784242630e-03
1.005896460264921188e-02
-5.888089165091514587e-02
3.356295451521873474e-02
4.687323793768882751e-02
-2.214132808148860931e-02
-2.755536697804927826e-02
5.504715070128440857e-02
1.044860109686851501e-02
-3.159090876579284668e-02
1.300509646534919739e-02
3.005786053836345673e-02
2.517421171069145203e-02
-7.622949033975601196e-02
3.360322490334510803e-02
-7.621587067842483521e-02
-1.034435927867889404e-01
-1.063966751098632812e-02
-3.009808622300624847e-02
-4.215860366821289062e-02
-4.512985423207283020e-02
9.969566017389297485e-03
4.259494692087173462e-02
-2.255457453429698944e-02
3.288596495985984802e-02
-3.311315551400184631e-02
-3.422983863856643438e-04
-4.038421809673309326e-02
7.892110198736190796e-02
9.736912325024604797e-03
6.158000603318214417e-02
4.855920746922492981e-02
8.649005740880966187e-02
-5.360089987516403198e-02
-5.329397693276405334e-02
-8.537397719919681549e-03
5.089045688509941101e-02
4.539011418819427490e-02
3.843250218778848648e-03
-5.345590412616729736e-02
4.905219003558158875e-02
-7.778720557689666748e-02
-9.818378090858459473e-02
-9.849275462329387665e-03
2.590937726199626923e-02
6.635774672031402588e-02
-5.822087638080120087e-03
-5.113226920366287231e-02
7.545175403356552124e-02
8.733216673135757446e-03
-7.453946862369775772e-03
6.004008464515209198e-03
9.663474746048450470e-03
2.973786927759647369e-02
-8.726722560822963715e-03
-1.131113339215517044e-02
-8.151903748512268066e-03
-2.144364640116691589e-02
1.451205462217330933e-02
-3.875754401087760925e-02
-1.800416596233844757e-02
9.752363897860050201e-03
1.021970529109239578e-02
-4.157457500696182251e-02
-2.670466899871826172e-02
-4.083178471773862839e-03
1.933912746608257294e-03
-1.255924906581640244e-02
2.236516587436199188e-02
-7.032159715890884399e-03
-1.527385041117668152e-02
2.333214692771434784e-02
1.627991907298564911e-02
-2.672369405627250671e-02
4.116085916757583618e-02
2.882607840001583099e-02
-5.937309935688972473e-02
-2.989223785698413849e-02
4.839871823787689209e-02
-3.416522871702909470e-03
7.785619818605482578e-04
9.800359606742858887e-03
4.300428926944732666e-02
4.986637737601995468e-03
-6.512048840522766113e-02
6.304446607828140259e-02
3.213821724057197571e-02
-9.731689095497131348e-02
-3.452860563993453979e-02
8.292430080473423004e-03
3.447250649333000183e-02
-2.140124514698982239e-02
4.660910740494728088e-02
-2.189830504357814789e-02
5.002157017588615417e-02
-2.973438426852226257e-02
3.165593743324279785e-02
7.911997847259044647e-03
6.465812679380178452e-03
8.032125234603881836e-02
1.207548603415489197e-01
2.026498876512050629e-02
-8.647297509014606476e-03
-3.220280632376670837e-02
3.567038848996162415e-02
2.293366193771362305e-02
4.070654138922691345e-02
3.714754432439804077e-02
1.192844007164239883e-02
5.026317760348320007e-02
-2.221306972205638885e-02
-8.537537418305873871e-03
4.200717806816101074e-02
-1.333477627485990524e-02
2.332218736410140991e-02
-4.105740040540695190e-02
6.941046565771102905e-02
-2.396456897258758545e-02
6.241680681705474854e-02
-5.761468037962913513e-02
2.461953647434711456e-02
3.785328939557075500e-02
-8.708703517913818359e-02
3.128906479105353355e-03
8.851525373756885529e-03
-1.846691966056823730e-02
-8.856567554175853729e-03
1.294608926400542259e-03
-5.914240702986717224e-02
-4.807364940643310547e-02
3.515370935201644897e-02
-7.010226696729660034e-02
-2.081043086946010590e-02
5.839155986905097961e-02
3.000001981854438782e-02
-3.381464630365371704e-02
-7.023741304874420166e-02
1.041053049266338348e-02
7.890770584344863892e-02
-4.779624566435813904e-02
7.690765708684921265e-02
-6.766440812498331070e-03
-2.983620762825012207e-02
1.035794056951999664e-02
-8.303590118885040283e-02
-9.578036516904830933e-02
3.399157151579856873e-02
-6.162418797612190247e-02
8.917139843106269836e-03
-3.145401552319526672e-02
-1.094164326786994934e-02
4.384525865316390991e-02
-4.214105010032653809e-02
5.210665054619312286e-03
-3.979491814970970154e-02
2.323424443602561951e-02
1.104227500036358833e-03
7.007602136582136154e-03
2.640591748058795929e-02
-2.758367545902729034e-02
-1.936372742056846619e-02
-1.776129193603992462e-02
-3.457634523510932922e-02
5.320589616894721985e-02
-5.809592828154563904e-02
1.192144490778446198e-02
-7.188062369823455811e-02
6.210574507713317871e-02
-4.662618786096572876e-02
2.005043439567089081e-02
2.615456096827983856e-02
3.343701735138893127e-02
-1.076865475624799728e-02
5.401545390486717224e-02
-1.945676654577255249e-02
-4.374294728040695190e-02
-1.550124958157539368e-02
1.423306204378604889e-02
7.555232848972082138e-03
-1.585857942700386047e-02
-6.855922192335128784e-02
-6.352619081735610962e-02
-3.085001371800899506e-02
5.990245193243026733e-02
2.681431360542774200e-04
6.334082037210464478e-02
7.257413119077682495e-02
-6.318146735429763794e-02
2.259703911840915680e-02
1.089902035892009735e-02
2.530894614756107330e-02
-6.591726094484329224e-03
8.374398574233055115e-03
-1.261392980813980103e-02
-9.707697667181491852e-03
-7.223981618881225586e-02
-1.558719668537378311e-02
2.617678418755531311e-02
-4.577042162418365479e-02
1.989211328327655792e-02
-1.863465830683708191e-02
-3.845843300223350525e-02
3.376832604408264160e-02
-1.379050407558679581e-02
-2.664357423782348633e-02
-4.221853613853454590e-02
3.440536186099052429e-02
2.873702719807624817e-02
-1.293776184320449829e-02
-2.001234330236911774e-02
-2.112262323498725891e-02
2.935221232473850250e-02
-3.139267116785049438e-02
-4.384099319577217102e-02
4.759600013494491577e-02
-6.784191727638244629e-02
1.040354464203119278e-02
7.133341580629348755e-02
-5.203977227210998535e-02
1.851392723619937897e-02
5.175397172570228577e-02
-3.581040725111961365e-02
-1.898958720266819000e-02
1.793605159036815166e-03
6.491917185485363007e-03
-5.398540943861007690e-02
4.142335802316665649e-02
-3.071668744087219238e-02
8.414315059781074524e-03
-2.069143205881118774e-02
9.408831596374511719e-03
9.064434096217155457e-03
-8.387412130832672119e-02
5.252727493643760681e-02
-4.197555035352706909e-02
-1.178912352770566940e-02
-3.408604487776756287e-02
1.028072312474250793e-01
3.649964183568954468e-02
-4.237126931548118591e-02
-8.270214498043060303e-02
4.017495363950729370e-02
1.128998398780822754e-02
5.480035394430160522e-02
-3.132355958223342896e-02
-5.351142957806587219e-02
7.984652370214462280e-02
1.811970584094524384e-02
2.400445193052291870e-02
-4.373957216739654541e-02
4.180942475795745850e-02
3.152799233794212341e-02
6.053007091395556927e-04
-6.970219314098358154e-02
-9.566022455692291260e-02
1.732558826915919781e-03
8.333289995789527893e-03
-3.061817772686481476e-02
-1.258724275976419449e-02
-5.233833193778991699e-02
3.944627568125724792e-02
-1.633340306580066681e-02
3.613270819187164307e-02
2.269038930535316467e-02
3.063591942191123962e-02
3.164558112621307373e-02
3.793865069746971130e-02
-6.718055903911590576e-02
2.233935520052909851e-02
2.612788788974285126e-02
3.652175515890121460e-02
-1.458632051944732666e-01
6.403018534183502197e-02
-1.088943108916282654e-01
4.759245365858078003e-02
2.311579883098602295e-02
-5.256635695695877075e-02
6.568862497806549072e-02
3.360774740576744080e-02
-2.275463892146945000e-03
-1.175671257078647614e-02
-3.784163296222686768e-02
-1.135142426937818527e-02
5.444311071187257767e-03
-5.048827733844518661e-03
1.962466910481452942e-02
-3.790618106722831726e-02
-1.536566670984029770e-02
-4.514261707663536072e-02
-2.660456672310829163e-02
3.698700666427612305e-02
-3.641816228628158569e-02
-3.852947428822517395e-02
-5.570545047521591187e-02
-1.277636736631393433e-02
-7.229121029376983643e-02
1.086393464356660843e-02
-1.567729189991950989e-02
-5.132266506552696228e-02
-3.450226038694381714e-02
1.079796329140663147e-01
3.037282498553395271e-03
-6.642374396324157715e-02
6.042683869600296021e-02
3.545151278376579285e-02
-2.513725496828556061e-02
5.357773602008819580e-02
7.646613288670778275e-03
3.168111294507980347e-02
-1.349486410617828369e-02
5.837847013026475906e-03
4.616837203502655029e-02
2.254318632185459137e-02
-3.561765328049659729e-02
4.491014033555984497e-02
-2.994432672858238220e-02
4.879026114940643311e-02
-5.014638975262641907e-02
-2.537859417498111725e-02
-3.071064129471778870e-02
1.122428290545940399e-02
-2.321996726095676422e-02
1.039587799459695816e-02
-4.399245604872703552e-02
1.628365740180015564e-02
-3.667503595352172852e-02
-3.161894530057907104e-02
2.193505642935633659e-03
-1.703626476228237152e-02
2.855277992784976959e-02
-1.827824488282203674e-02
-1.647892408072948456e-02
-1.312440540641546249e-02
-1.889124512672424316e-02
-1.407283474691212177e-03
1.952220872044563293e-02
-3.012867458164691925e-02
5.059135705232620239e-02
3.980721160769462585e-02
3.400368243455886841e-02
-6.623955816030502319e-02
9.677077829837799072e-02
3.057583048939704895e-02
-3.384423255920410156e-02
-1.285536587238311768e-01
8.168423920869827271e-02
-1.239777076989412308e-02
-8.262997865676879883e-02
-8.641290664672851562e-02
-5.395471304655075073e-02
-1.616124808788299561e-01
-2.957138419151306152e-02
-8.733324706554412842e-03
4.417047277092933655e-02
-4.697302728891372681e-02
7.933684624731540680e-03
-3.190468996763229370e-02
-1.474281214177608490e-02
-1.839358173310756683e-02
-2.109083905816078186e-02
-1.997507922351360321e-02
-2.647224254906177521e-02
-1.384864654392004013e-02
1.537798531353473663e-02
-2.130165323615074158e-02
-2.068405412137508392e-02
-4.301796853542327881e-02
7.502942532300949097e-02
4.785795509815216064e-02
6.793963909149169922e-02
4.742744565010070801e-02
1.288602501153945923e-02
-7.360547035932540894e-02
1.994842663407325745e-03
2.000274509191513062e-02
-1.235133130103349686e-02
-4.511824995279312134e-02
1.036396156996488571e-02
-2.623711340129375458e-02
-4.009924829006195068e-03
-3.151512145996093750e-02
-1.405007764697074890e-02
1.185482554137706757e-02
4.654432460665702820e-02
3.273669257760047913e-02
1.942491717636585236e-02
-7.482174038887023926e-02
7.892949506640434265e-03
-4.363027960062026978e-02
-6.041792221367359161e-03
-3.998928517103195190e-02
2.952455729246139526e-02
-7.087647449225187302e-03
-9.594978182576596737e-04
6.818658858537673950e-02
4.330058023333549500e-02
-1.012695394456386566e-02
-2.931995503604412079e-02
7.884941995143890381e-03
3.965231031179428101e-02
1.348413527011871338e-02
-4.683539643883705139e-02
-5.711159482598304749e-02
-2.449177205562591553e-02
4.707325249910354614e-02
-1.294969348236918449e-03
-5.015875399112701416e-02
-7.562537491321563721e-02
-6.059584394097328186e-02
5.565043166279792786e-02
-4.603522829711437225e-03
-7.787582278251647949e-02
7.482597604393959045e-03
3.846816346049308777e-02
-5.070312321186065674e-02
-8.575954288244247437e-02
-6.737505644559860229e-02
-1.681768707931041718e-02
1.938058063387870789e-02
-1.001206412911415100e-01
-1.516529545187950134e-02
6.691055744886398315e-02
4.766620695590972900e-02
3.745562210679054260e-02
-1.447458714246749878e-01
-3.436843305826187134e-02
1.154306344687938690e-02
1.893571391701698303e-02
-2.722929604351520538e-02
3.784459829330444336e-02
-3.195808827877044678e-02
1.078291796147823334e-02
4.933007527142763138e-03
-5.547241494059562683e-02
-3.138405084609985352e-02
5.822454392910003662e-02
-4.624256864190101624e-03
-4.166537895798683167e-02
2.513817884027957916e-02
3.240830451250076294e-02
2.116496488451957703e-02
-9.101260453462600708e-02
6.386985629796981812e-02
2.158654481172561646e-02
2.850855886936187744e-02
4.263937473297119141e-02
-2.234803512692451477e-03
-9.042352437973022461e-03
-1.183106154203414917e-01
8.183488971553742886e-04
-1.032317336648702621e-02
-3.093005716800689697e-02
9.417705237865447998e-02
1.643702946603298187e-02
-3.288724645972251892e-02
-3.848156332969665527e-02
-2.751622721552848816e-02
-2.236193791031837463e-02
-3.326327726244926453e-02
-4.623151943087577820e-02
-1.849023066461086273e-02
-3.542003408074378967e-02
-2.794564887881278992e-02
1.073282435536384583e-01
-8.266970515251159668e-03
4.691642243415117264e-03
5.012675747275352478e-02
2.433123625814914703e-02
-8.530297875404357910e-02
8.931932598352432251e-02
2.463789843022823334e-02
5.712634418159723282e-03
