-5.635843146592378616e-03
-6.512707099318504333e-03
-2.632303908467292786e-02
-4.538398236036300659e-02
2.113379887305200100e-04
3.257483243942260742e-02
8.879268541932106018e-03
1.143374759703874588e-02
3.701104223728179932e-02
4.276127554476261139e-03
-1.745221950113773346e-02
-1.512700784951448441e-02
6.710590794682502747e-03
-5.294877290725708008e-02
-3.745595738291740417e-02
-2.418059855699539185e-02
7.393123582005500793e-03
-2.319309674203395844e-02
2.944736182689666748e-02
4.059744253754615784e-02
8.939345367252826691e-03
4.958987608551979065e-02
-3.880371153354644775e-02
-1.141158398240804672e-02
2.198805566877126694e-03
2.177844196557998657e-02
1.518645044416189194e-02
2.638278529047966003e-02
-1.919099688529968262e-02
1.763514801859855652e-02
-1.016149967908859253e-01
-7.280156947672367096e-03
2.218329161405563354e-02
-2.103362791240215302e-02
-1.354796625673770905e-02
7.275085896253585815e-02
-2.859357185661792755e-02
2.196887321770191193e-02
-2.469864557497203350e-05
-9.085487574338912964e-02
3.394955419935286045e-04
-1.097288355231285095e-02
-4.584191739559173584e-02
-5.992213636636734009e-02
-5.058698356151580811e-03
3.215916454792022705e-02
-4.116509109735488892e-02
-1.316859573125839233e-02
3.366653993725776672e-02
2.025617659091949463e-02
2.522131055593490601e-02
-5.606783181428909302e-02
-6.488674879074096680e-02
4.686342924833297729e-02
-1.884582638740539551e-02
4.545767791569232941e-03
9.375463239848613739e-03
5.655059590935707092e-03
4.012720286846160889e-01
4.536276310682296753e-02
-2.210256829857826233e-02
2.284298650920391083e-02
-1.378810126334428787e-02
-2.196296863257884979e-02
2.000122517347335815e-02
-8.645216934382915497e-03
2.232733415439724922e-03
-9.211739525198936462e-03
6.105034425854682922e-02
2.176254615187644958e-02
1.029102690517902374e-02
-1.374042034149169922e-02
-3.679530695080757141e-02
2.460906095802783966e-02
1.848465879447758198e-03
-4.605977237224578857e-02
-4.980737343430519104e-02
1.269119139760732651e-02
1.612978428602218628e-02
5.149886710569262505e-04
-1.783703826367855072e-02
2.314968593418598175e-02
2.458911575376987457e-02
2.548842318356037140e-02
3.450826555490493774e-02
-2.799898386001586914e-03
4.697230178862810135e-03
7.483121939003467560e-03
4.299513995647430420e-02
2.578027732670307159e-02
2.273115329444408417e-02
-2.572845853865146637e-02
4.176972433924674988e-02
1.972506986930966377e-03
-1.164014451205730438e-02
-1.298838853836059570e-02
1.260090339928865433e-02
-3.964140266180038452e-02
1.538214832544326782e-02
4.013211466372013092e-03
-4.141916520893573761e-03
-2.126975916326045990e-02
1.720508909784257412e-03
1.148811820894479752e-02
6.316442042589187622e-03
-5.161023698747158051e-03
-2.964690793305635452e-03
3.036651201546192169e-02
1.940223202109336853e-02
-4.676641896367073059e-02
-1.532507035881280899e-02
2.057766169309616089e-02
-1.566515862941741943e-02
-1.223604101687669754e-02
-1.384392194449901581e-02
-5.489402610692195594e-05
4.233498871326446533e-02
-1.349188759922981262e-02
1.774345897138118744e-02
7.808205671608448029e-03
1.463619293645024300e-03
5.174345802515745163e-03
-1.596266031265258789e-02
-1.428897492587566376e-02
-2.349121868610382080e-02
-3.433038014918565750e-03
2.144315838813781738e-02
-7.570134475827217102e-03
1.856307312846183777e-02
7.786867767572402954e-02
-3.028388321399688721e-02
-9.358968585729598999e-03
-6.785030476748943329e-03
-1.404559053480625153e-02
2.557699941098690033e-02
-2.470835857093334198e-02
-5.790080875158309937e-02
2.371512539684772491e-02
-1.558211594820022583e-01
2.445182390511035919e-02
-5.711476877331733704e-02
-2.577636018395423889e-02
-3.742238739505410194e-03
3.088927478529512882e-04
-1.528966519981622696e-02
4.838817194104194641e-02
-1.828141696751117706e-02
5.267791450023651123e-03
-1.314238738268613815e-02
-1.834839023649692535e-02
2.802896127104759216e-02
1.541672553867101669e-02
-4.220693185925483704e-02
-3.083897195756435394e-02
1.722312183119356632e-03
-1.108467672020196915e-02
-2.230360545217990875e-02
-3.605688922107219696e-03
-6.169543415307998657e-02
1.626074500381946564e-02
-1.438328617950901389e-04
-5.767957866191864014e-02
6.878333538770675659e-02
-3.197455778717994690e-03
-5.492019467055797577e-03
4.586631059646606445e-02
2.951957099139690399e-02
-1.042120810598134995e-02
-1.809128676541149616e-03
3.364679962396621704e-02
3.110762918367981911e-03
2.062070881947875023e-03
2.556809969246387482e-02
-9.398113936185836792e-03
4.731542617082595825e-02
2.832164801657199860e-02
3.060802258551120758e-02
-2.949640713632106781e-02
-4.009772092103958130e-02
-1.802420301828533411e-04
-3.268488124012947083e-02
-2.650374174118041992e-02
1.278000883758068085e-02
3.967988491058349609e-02
3.367586061358451843e-02
-7.918762415647506714e-02
-2.197183109819889069e-02
2.544953022152185440e-03
-1.271986775100231171e-02
6.193188205361366272e-02
7.843038439750671387e-02
3.440534323453903198e-02
3.297439834568649530e-04
-1.625266857445240021e-02
6.736610084772109985e-03
-6.898437626659870148e-03
-5.909306462854146957e-03
2.958964183926582336e-02
-8.363337069749832153e-02
-3.667858615517616272e-02
1.146122589707374573e-01
3.374479711055755615e-02
9.079205244779586792e-02
-3.030171617865562439e-02
-9.403712116181850433e-03
-5.982926487922668457e-02
1.189297251403331757e-02
-1.183097437024116516e-02
-1.252775546163320541e-02
-4.199085012078285217e-02
-6.010955944657325745e-02
4.413844551891088486e-03
3.143011406064033508e-02
1.181116048246622086e-02
6.282679387368261814e-04
1.391136366873979568e-02
-5.978532135486602783e-03
3.618224710226058960e-02
-8.685195818543434143e-03
4.804465547204017639e-02
-2.747940272092819214e-02
-7.544208168983459473e-01
1.369401440024375916e-02
-3.718673810362815857e-02
-8.095188997685909271e-03
-4.136487375944852829e-03
-1.584077998995780945e-02
-3.162691742181777954e-02
1.680238172411918640e-02
-1.902587898075580597e-02
-2.000294439494609833e-02
-2.709709480404853821e-02
6.230149883776903152e-03
-7.298820419237017632e-04
-1.787275448441505432e-02
-1.298041269183158875e-02
-2.944936044514179230e-02
1.442168839275836945e-02
-8.253172971308231354e-03
-1.279549766331911087e-02
3.616851521655917168e-03
2.626473642885684967e-02
7.165630231611430645e-04
-8.694836497306823730e-02
1.719648577272891998e-02
1.896208524703979492e-02
3.350640460848808289e-02
5.224362015724182129e-02
3.869579872116446495e-03
-1.587537676095962524e-02
2.493662759661674500e-03
2.417158521711826324e-02
3.755066916346549988e-02
1.053774729371070862e-02
-8.586612530052661896e-03
-1.216785982251167297e-02
-3.887459635734558105e-01
-4.648562520742416382e-02
-8.414064347743988037e-02
1.290946360677480698e-02
4.931407049298286438e-03
1.391938328742980957e-01
-6.293921917676925659e-02
1.268118172883987427e-01
3.144374489784240723e-02
1.304444372653961182e-01
-1.076254993677139282e-01
3.978081420063972473e-02
1.258361935615539551e-01
4.665438458323478699e-02
1.711266338825225830e-01
4.379078373312950134e-02
4.623532667756080627e-02
-2.989008650183677673e-02
-7.689456641674041748e-02
-4.560645669698715210e-03
-8.303881436586380005e-02
-6.340681016445159912e-02
-4.007751867175102234e-02
-1.164013743400573730e-01
-5.222032591700553894e-02
1.880011856555938721e-01
-9.870384633541107178e-02
-4.637318477034568787e-02
-2.065774984657764435e-02
4.758254811167716980e-02
4.414405673742294312e-02
-9.120059013366699219e-02
4.945190623402595520e-02
-4.512651264667510986e-02
1.663321852684020996e-01
-7.380877435207366943e-02
-7.386898994445800781e-02
-4.318873211741447449e-02
5.193315073847770691e-02
1.314469277858734131e-01
1.704934686422348022e-01
1.079283058643341064e-01
-5.707293376326560974e-02
6.210049241781234741e-02
-2.330003120005130768e-02
-1.013812795281410217e-01
5.996169447898864746e-01
-1.059716120362281799e-01
-4.603393375873565674e-02
6.284986436367034912e-02
-1.208461076021194458e-01
-3.742371127009391785e-02
-1.230747625231742859e-01
5.986995622515678406e-02
1.176020428538322449e-01
6.921331584453582764e-02
9.041333198547363281e-02
6.503314524888992310e-02
-6.808507256209850311e-03
-3.283975645899772644e-02
1.676779538393020630e-01
2.030285075306892395e-02
6.253732740879058838e-02
1.482485681772232056e-01
-2.802433073520660400e-02
-4.937374498695135117e-03
-4.945772141218185425e-02
6.835193932056427002e-02
-1.142759714275598526e-02
-2.297074906527996063e-02
-6.813998334109783173e-03
-1.859202422201633453e-02
1.781440898776054382e-02
3.192072035744786263e-03
-7.170371711254119873e-02
-6.720729172229766846e-02
1.133522670716047287e-02
2.353408932685852051e-02
-1.564238406717777252e-02
2.114023454487323761e-02
-4.596978053450584412e-02
-6.295478343963623047e-02
5.321798380464315414e-03
-8.296488784253597260e-03
-1.086222603917121887e-01
-6.277464330196380615e-02
-9.327525272965431213e-03
2.687099855393171310e-03
3.025031834840774536e-02
2.058391273021697998e-02
-3.627131445682607591e-05
-5.631102621555328369e-02
1.545125036500394344e-03
-3.415000066161155701e-02
1.200093235820531845e-02
-2.850838005542755127e-02
3.067776560783386230e-02
6.686608493328094482e-02
-6.099094077944755554e-02
1.236530393362045288e-01
-5.245424807071685791e-02
3.304515779018402100e-02
1.590531691908836365e-02
6.814751774072647095e-02
-9.769661352038383484e-03
6.346046924591064453e-03
-2.995168417692184448e-02
2.803622372448444366e-02
4.161590710282325745e-02
-3.486685454845428467e-02
-2.381269820034503937e-02
9.274563938379287720e-02
2.622169069945812225e-02
-2.891793288290500641e-02
-7.562309037894010544e-03
7.718461565673351288e-03
3.231831267476081848e-02
-8.300551772117614746e-02
3.647611290216445923e-02
-6.449695676565170288e-02
-9.279248118400573730e-02
-5.007957806810736656e-04
-1.027583237737417221e-02
-5.133572593331336975e-02
-3.509612753987312317e-02
1.506998320110142231e-03
3.982029482722282410e-02
-1.580475829541683197e-02
5.723148584365844727e-02
-5.761507526040077209e-02
-1.445888727903366089e-02
-2.133453264832496643e-02
7.637104392051696777e-02
-4.445581696927547455e-03
5.493277311325073242e-02
5.022305250167846680e-02
8.860474824905395508e-02
-4.452542215585708618e-02
-5.684307217597961426e-02
1.366331428289413452e-02
4.293974488973617554e-02
7.390540093183517456e-02
1.387224718928337097e-02
-3.776863962411880493e-02
4.255834594368934631e-02
-6.548868119716644287e-02
-9.665530920028686523e-02
-2.633279375731945038e-02
-3.799765836447477341e-04
4.675298929214477539e-02
-1.958595030009746552e-02
-5.009081214666366577e-02
8.558438718318939209e-02
-8.889787830412387848e-03
1.079516485333442688e-02
-2.143985405564308167e-02
1.626825146377086639e-02
4.083020240068435669e-02
-2.481739595532417297e-02
1.010749954730272293e-02
-6.951834540814161301e-03
-2.457320131361484528e-02
2.411200478672981262e-02
-5.964597314596176147e-02
-2.850380539894104004e-02
-3.568025678396224976e-02
2.331444062292575836e-02
-3.159514814615249634e-02
-2.746697328984737396e-02
-1.872034184634685516e-02
-7.125572301447391510e-03
-9.143116883933544159e-03
2.449900470674037933e-02
-1.423610281199216843e-02
3.224708139896392822e-03
1.476206164807081223e-02
1.370279211550951004e-02
-3.308728709816932678e-02
5.233428254723548889e-02
4.802827164530754089e-02
-5.380684137344360352e-02
-6.637085694819688797e-03
6.525701284408569336e-02
-1.099884626455605030e-03
7.333105313591659069e-04
3.346469718962907791e-03
6.412912160158157349e-02
2.455274946987628937e-02
-4.148632660508155823e-02
7.289189845323562622e-02
1.623694598674774170e-02
-8.339887857437133789e-02
-4.627508670091629028e-02
1.973235607147216797e-02
3.848969936370849609e-02
-1.591128297150135040e-02
4.889604076743125916e-02
-3.038387000560760498e-02
7.248746603727340698e-02
-2.316171303391456604e-02
3.860441967844963074e-02
3.191864117980003357e-02
-2.525002695620059967e-02
5.560181662440299988e-02
9.428897500038146973e-02
4.629431664943695068e-02
-4.767084494233131409e-02
-1.868271827697753906e-02
3.690929710865020752e-02
1.491631381213665009e-02
1.342060975730419159e-02
2.390087768435478210e-02
1.671515754424035549e-03
6.748922169208526611e-02
4.887847695499658585e-03
-2.561386302113533020e-02
2.588848583400249481e-02
-2.030771225690841675e-03
7.115987129509449005e-03
-2.127761393785476685e-02
6.326990574598312378e-02
4.304754547774791718e-04
3.614796698093414307e-02
-6.695830076932907104e-02
2.452893927693367004e-02
5.430565401911735535e-02
-8.235710859298706055e-02
-1.236838381737470627e-02
-7.674346561543643475e-04
-2.191375195980072021e-02
-1.354155503213405609e-02
-2.077917009592056274e-02
-5.943450704216957092e-02
-3.889526426792144775e-02
3.447761386632919312e-02
-3.733917325735092163e-02
-1.760300062596797943e-02
2.048867009580135345e-02
2.053065411746501923e-02
-6.687386333942413330e-02
-3.835032507777214050e-02
2.707961574196815491e-02
7.312697172164916992e-02
-4.487618058919906616e-02
7.641348242759704590e-02
-2.962554432451725006e-02
5.747541435994207859e-04
1.084612496197223663e-02
-8.704961836338043213e-02
-1.143922284245491028e-01
4.612099006772041321e-02
-5.071108415722846985e-02
-2.182411961257457733e-03
-3.949132934212684631e-02
-1.281677186489105225e-02
4.601068049669265747e-02
-4.923077300190925598e-02
-4.505766555666923523e-03
-2.818327397108078003e-02
3.108976222574710846e-02
1.321090571582317352e-02
2.498764358460903168e-02
2.484236843883991241e-02
-1.679002307355403900e-02
5.550461821258068085e-03
-3.120843134820461273e-02
-4.686732590198516846e-02
8.608889579772949219e-02
-4.458448290824890137e-02
3.483596071600914001e-02
-9.760440886020660400e-02
6.436099112033843994e-02
-4.446964710950851440e-02
1.108567696064710617e-02
-1.757612824440002441e-02
4.122902825474739075e-02
2.857814729213714600e-02
3.941156715154647827e-02
-1.277088560163974762e-02
-2.838435955345630646e-02
-2.935410849750041962e-02
4.162385314702987671e-02
2.119937352836132050e-02
4.585306160151958466e-03
-6.295694410800933838e-02
-6.539741158485412598e-02
-3.805509582161903381e-02
2.527638897299766541e-02
-1.366253662854433060e-02
4.092391580343246460e-02
6.784895807504653931e-02
-6.675705313682556152e-02
2.939604036509990692e-02
2.595208957791328430e-02
1.405889820307493210e-02
1.467163488268852234e-02
2.969086170196533203e-02
-9.821952320635318756e-03
-8.228027261793613434e-03
-1.008313298225402832e-01
-2.903281338512897491e-02
3.046935983002185822e-02
-5.506440997123718262e-02
-1.538488548249006271e-03
4.263123497366905212e-03
-3.008219972252845764e-02
3.514622896909713745e-02
-2.395109087228775024e-02
-3.253278136253356934e-02
-4.814293608069419861e-02
3.493857011198997498e-02
5.585790053009986877e-02
-3.379700705409049988e-02
-2.955830469727516174e-02
-1.503143087029457092e-02
3.094667755067348480e-02
-2.252794988453388214e-02
-6.406078487634658813e-02
3.815510869026184082e-02
-5.861282348632812500e-02
4.681914299726486206e-02
7.110168039798736572e-02
-7.255355268716812134e-02
2.528786286711692810e-02
7.467084378004074097e-02
-4.583558812737464905e-02
-2.110413648188114166e-02
3.985465504229068756e-03
2.172253094613552094e-02
-3.035921789705753326e-02
4.094589501619338989e-02
-3.475311398506164551e-02
2.401996403932571411e-02
-2.478521130979061127e-02
1.231232844293117523e-02
-6.793356151320040226e-04
-8.289064466953277588e-02
5.746473744511604309e-02
-3.058200143277645111e-02
-1.592471823096275330e-02
-1.054766401648521423e-02
1.089775189757347107e-01
1.977966912090778351e-02
-6.171680241823196411e-02
-8.900436013936996460e-02
4.654820635914802551e-02
2.154074050486087799e-02
2.680309675633907318e-02
-6.228914018720388412e-03
-6.559538096189498901e-02
7.578816264867782593e-02
1.300768181681632996e-02
3.726660460233688354e-02
-4.043081030249595642e-02
1.838953606784343719e-02
3.113151155412197113e-02
2.020875737071037292e-02
-7.419264316558837891e-02
-6.406130641698837280e-02
-1.038456056267023087e-02
1.429892145097255707e-02
-2.294697798788547516e-02
-1.880709268152713776e-02
-4.249290376901626587e-02
3.767854347825050354e-02
-3.176132217049598694e-02
4.952946305274963379e-02
1.360637135803699493e-02
4.709063097834587097e-02
4.931419156491756439e-03
2.514411136507987976e-02
-8.505815267562866211e-02
-1.252203248441219330e-03
1.881837844848632812e-02
6.098978966474533081e-02
-1.327037364244461060e-01
5.396956577897071838e-02
-9.322009980678558350e-02
5.301389098167419434e-02
-6.200479809194803238e-03
-9.507593512535095215e-02
5.885867029428482056e-02
4.355634376406669617e-02
-4.272476304322481155e-03
1.025190483778715134e-02
-3.942803293466567993e-02
-1.497621927410364151e-02
2.640991099178791046e-02
5.999595858156681061e-03
1.020070631057024002e-03
-3.615338355302810669e-02
-2.723934128880500793e-03
-8.064756542444229126e-02
-8.921612985432147980e-03
2.681243605911731720e-02
-6.030010804533958435e-02
-2.122291736304759979e-02
-7.242770493030548096e-02
-1.679205335676670074e-02
-7.993138581514358521e-02
1.013981923460960388e-02
-3.213917464017868042e-02
-3.887761756777763367e-02
-3.295306861400604248e-02
7.901680469512939453e-02
1.014628633856773376e-02
-5.452603846788406372e-02
7.063619792461395264e-02
1.706078276038169861e-02
-6.030076183378696442e-03
5.144332349300384521e-02
-6.985784508287906647e-03
1.629394479095935822e-02
-1.098221819847822189e-02
2.320786938071250916e-02
2.675328031182289124e-02
8.367357775568962097e-03
-5.595367401838302612e-02
2.999735064804553986e-02
-2.632818184792995453e-02
5.099457874894142151e-02
-4.189876839518547058e-02
-3.789749369025230408e-02
-1.898120902478694916e-02
-2.146862260997295380e-02
2.230209764093160629e-03
5.659203045070171356e-03
-5.378165841102600098e-02
1.221967861056327820e-02
-2.940601855516433716e-02
-3.278080001473426819e-02
1.781811006367206573e-02
-3.082721680402755737e-02
3.968834131956100464e-02
-3.272619470953941345e-02
-4.558977112174034119e-02
3.282508114352822304e-03
-1.925183273851871490e-02
1.522190403193235397e-02
5.132232606410980225e-02
-8.888580836355686188e-03
2.653311192989349365e-02
4.046002030372619629e-02
4.384596645832061768e-02
-8.644397556781768799e-02
8.955292403697967529e-02
8.664226159453392029e-03
-4.144565761089324951e-02
-1.265203505754470825e-01
7.415428012609481812e-02
1.506216707639396191e-03
-7.729394733905792236e-02
-7.952528446912765503e-02
-5.777905136346817017e-02
-1.212931051850318909e-01
-4.397295787930488586e-02
-2.064716815948486328e-02
2.697539329528808594e-02
-5.574151873588562012e-02
2.105714380741119385e-02
-1.709102839231491089e-02
1.711158826947212219e-02
-4.656193405389785767e-02
-1.365256402641534805e-02
-6.453996989876031876e-03
-2.046309784054756165e-02
-1.091441488824784756e-03
8.465193212032318115e-03
-1.252410560846328735e-02
9.400210343301296234e-03
-3.226283565163612366e-02
4.041292145848274231e-02
5.874994769692420959e-02
7.327843457460403442e-02
6.407813727855682373e-02
3.500986844301223755e-02
-7.272037863731384277e-02
-1.075875107198953629e-02
3.084079548716545105e-02
-3.303801640868186951e-02
-2.694211527705192566e-02
1.629407145082950592e-02
-5.009981244802474976e-02
2.271944656968116760e-03
-4.292880743741989136e-02
-6.901558488607406616e-03
6.528003141283988953e-03
3.306915611028671265e-02
2.363103255629539490e-02
1.265971362590789795e-02
-8.109434694051742554e-02
5.132440477609634399e-03
-1.681319251656532288e-02
-6.211348809301853180e-03
-2.766507305204868317e-02
1.703583262860774994e-02
-7.148243457777425647e-05
-1.523704268038272858e-03
5.827529728412628174e-02
1.976059563457965851e-02
1.449868455529212952e-02
-1.550609059631824493e-02
-2.115063928067684174e-02
1.204227190464735031e-02
7.915543392300605774e-03
-5.312803760170936584e-02
-4.553615301847457886e-02
-1.900669746100902557e-02
4.126445949077606201e-02
-3.164608962833881378e-03
-4.657284915447235107e-02
-8.733936399221420288e-02
-6.801444292068481445e-02
3.978337720036506653e-02
-8.944833651185035706e-03
-9.399896115064620972e-02
8.054029196500778198e-03
1.533767580986022949e-02
-5.386273935437202454e-02
-6.620645523071289062e-02
-5.754487216472625732e-02
-1.756963878870010376e-02
2.940635196864604950e-02
-9.364207834005355835e-02
1.153674325905740261e-03
5.791492387652397156e-02
7.092937082052230835e-02
5.462986603379249573e-02
-1.229317560791969299e-01
-4.672062769532203674e-02
1.705327071249485016e-02
2.735152654349803925e-02
-1.537303207442164421e-03
3.079308569431304932e-02
-3.620881959795951843e-02
1.424707565456628799e-02
6.883268710225820541e-03
-6.218482553958892822e-02
-2.478414960205554962e-02
3.509363159537315369e-02
-1.766404509544372559e-02
-4.253417998552322388e-02
4.950702935457229614e-02
4.113008454442024231e-02
3.016534633934497833e-02
-5.335510149598121643e-02
4.662871733307838440e-02
9.440604597330093384e-03
1.513865683227777481e-02
2.216910012066364288e-02
1.249279081821441650e-02
-1.651238836348056793e-02
-1.138000488281250000e-01
-5.520172882825136185e-03
7.398401852697134018e-03
-1.826203800737857819e-02
9.618395566940307617e-02
2.131536044180393219e-02
-4.991037026047706604e-02
-4.601407423615455627e-02
-3.402321785688400269e-02
-3.264888003468513489e-02
-3.862620517611503601e-02
-3.981130197644233704e-02
-4.244543239474296570e-02
-4.839404672384262085e-02
-1.473441898269811645e-06
9.541396796703338623e-02
-3.186389803886413574e-03
-1.868542656302452087e-02
3.372430801391601562e-02
2.403768012300133705e-03
-7.662362605333328247e-02
9.129530191421508789e-02
3.172755613923072815e-02
-9.913401678204536438e-03
