-8.149701170623302460e-03
-1.084660086780786514e-02
-3.431096300482749939e-02
1.628880389034748077e-02
2.463657874614000320e-03
2.753892540931701660e-02
-9.145793505012989044e-03
-1.763726770877838135e-02
-6.297095213085412979e-03
-5.994107108563184738e-03
8.503462187945842743e-03
-2.068377099931240082e-02
-1.684029400348663330e-02
-1.865547336637973785e-02
-7.103340700268745422e-03
1.080657821148633957e-03
-7.239078171551227570e-03
1.410890650004148483e-02
-4.531162232160568237e-02
3.354109590873122215e-03
7.930891588330268860e-03
8.273891173303127289e-03
4.785595834255218506e-02
-1.081031002104282379e-02
7.024144288152456284e-03
3.662152215838432312e-03
-1.880064792931079865e-02
-8.586850948631763458e-03
2.744084456935524940e-03
-1.739213126711547375e-03
-8.722770214080810547e-02
2.102082828059792519e-03
3.343044593930244446e-02
-2.943833917379379272e-02
-6.669770809821784496e-04
2.309424802660942078e-02
4.507063701748847961e-02
-8.897806517779827118e-03
9.184555150568485260e-03
-7.848219946026802063e-03
2.161686494946479797e-02
-2.030892530456185341e-03
2.770348079502582550e-02
-1.400483399629592896e-02
1.204443816095590591e-02
9.667840786278247833e-03
-3.970477357506752014e-02
-3.058477491140365601e-02
-1.252410840243101120e-02
3.291448578238487244e-02
3.156039118766784668e-02
7.795199751853942871e-02
-3.926498070359230042e-02
-1.803577691316604614e-02
2.208077348768711090e-02
-8.237711153924465179e-03
1.315030734986066818e-02
4.634994547814130783e-03
4.442681670188903809e-01
4.530038684606552124e-02
-2.967891981825232506e-03
6.454849062720313668e-05
-6.526067387312650681e-03
-8.075194433331489563e-03
1.809214241802692413e-02
6.642425432801246643e-05
-1.333257649093866348e-02
1.951815001666545868e-02
-1.214460935443639755e-02
5.621396470814943314e-03
-1.433377340435981750e-02
1.416033878922462463e-02
-2.310007065534591675e-02
7.459454704076051712e-03
-3.447851166129112244e-02
-1.856411807239055634e-02
-5.931011866778135300e-03
-2.831072919070720673e-02
1.169264968484640121e-02
-1.670745313167572021e-01
5.834423471242189407e-03
1.147806644439697266e-03
1.019526366144418716e-02
-6.315649021416902542e-03
-4.346543177962303162e-02
-3.951109945774078369e-02
-2.740931883454322815e-02
-3.480622544884681702e-02
1.630405522882938385e-02
-8.734139555599540472e-05
-2.733307890594005585e-02
-5.193604901432991028e-02
1.127199158072471619e-01
5.298689473420381546e-03
-1.794198527932167053e-02
8.388220332562923431e-03
-1.729757711291313171e-02
-3.947436809539794922e-02
1.266651973128318787e-02
3.343821316957473755e-02
2.179113682359457016e-03
-2.330139093101024628e-02
-2.932956628501415253e-02
2.873860299587249756e-03
5.877622752450406551e-04
2.176519948989152908e-03
4.561422858387231827e-03
3.229365870356559753e-02
1.620498485863208771e-02
-3.071977198123931885e-02
2.658309973776340485e-02
6.652475800365209579e-03
1.263159699738025665e-02
5.492711439728736877e-03
-1.284385565668344498e-02
-8.458980359137058258e-03
4.892238229513168335e-02
7.126183249056339264e-03
6.401104386895895004e-03
2.618215046823024750e-02
3.505291417241096497e-02
3.793030604720115662e-02
4.898883402347564697e-03
-7.846071384847164154e-03
-5.853443872183561325e-03
-9.230912663042545319e-03
-1.217486057430505753e-02
-1.989106088876724243e-02
-7.076000329107046127e-04
2.770180627703666687e-02
1.929216086864471436e-02
1.269950065761804581e-02
3.497660532593727112e-02
1.757310819812119007e-04
-1.923208497464656830e-02
-2.598906680941581726e-02
1.500568259507417679e-02
1.749182492494583130e-02
-8.191143721342086792e-02
1.356850005686283112e-02
7.933101058006286621e-02
1.575569808483123779e-02
-4.364200402051210403e-03
2.712209336459636688e-02
1.536407228559255600e-02
-1.433109194040298462e-01
-1.686569117009639740e-02
1.421690173447132111e-02
-5.458063911646604538e-03
3.847500076517462730e-03
7.988885045051574707e-02
2.981342747807502747e-02
-1.227050088346004486e-03
-5.351879168301820755e-03
-9.262649342417716980e-03
-4.144527390599250793e-02
2.329453639686107635e-02
-1.221075281500816345e-02
3.166809305548667908e-02
1.789456792175769806e-02
4.755923058837652206e-03
9.121151268482208252e-02
3.081494476646184921e-03
-9.425089694559574127e-03
7.332067005336284637e-03
1.287569012492895126e-02
5.810274183750152588e-02
-2.042071893811225891e-02
7.219641935080289841e-03
3.503111749887466431e-02
-5.338782444596290588e-03
-2.146439254283905029e-02
1.697880774736404419e-02
6.583258509635925293e-03
3.020125254988670349e-02
2.273924089968204498e-02
-1.307674776762723923e-02
1.633057720027863979e-03
6.393312942236661911e-03
1.153800729662179947e-02
2.940908633172512054e-02
2.368137054145336151e-02
2.209902368485927582e-02
-1.468107011169195175e-02
5.635519698262214661e-02
-2.266836166381835938e-01
1.841703504323959351e-01
2.941924892365932465e-02
-1.652975007891654968e-02
3.639008477330207825e-02
-1.477823033928871155e-02
-2.227242477238178253e-02
-3.786767274141311646e-02
7.376896217465400696e-03
-1.421519648283720016e-02
-4.996427800506353378e-03
2.137622330337762833e-03
3.501283377408981323e-02
1.156068500131368637e-02
-1.696877367794513702e-02
1.947523653507232666e-02
1.224769372493028641e-02
7.417019456624984741e-02
7.753722835332155228e-03
2.506669051945209503e-02
-6.677792221307754517e-02
9.897508658468723297e-03
8.639744482934474945e-03
-2.720941603183746338e-02
6.117033958435058594e-02
-3.587323706597089767e-03
-1.331702806055545807e-02
1.839199103415012360e-02
5.238875281065702438e-03
-5.372968502342700958e-03
3.626299090683460236e-03
-1.987054757773876190e-02
3.132743760943412781e-02
-2.145721390843391418e-02
8.485246449708938599e-03
-2.599838888272643089e-03
-6.955340504646301270e-01
1.317906193435192108e-02
1.244541490450501442e-03
1.189424842596054077e-02
4.304695874452590942e-03
4.450926557183265686e-02
-6.332155899144709110e-04
4.528033360838890076e-02
1.801126636564731598e-02
-1.031472627073526382e-02
3.357728943228721619e-02
-8.078471757471561432e-03
4.040079656988382339e-03
-8.147997409105300903e-02
2.320796018466353416e-03
1.187244057655334473e-02
8.289792574942111969e-03
-5.951841827481985092e-03
1.056852191686630249e-02
2.978140255436301231e-03
-3.266563871875405312e-04
4.299930855631828308e-02
-5.042354017496109009e-02
-1.797125674784183502e-02
-1.606289111077785492e-02
3.124929964542388916e-02
-2.465282008051872253e-02
2.283651195466518402e-02
2.930758707225322723e-02
-2.922936342656612396e-02
2.578168921172618866e-02
5.478729680180549622e-02
3.030623309314250946e-02
-7.973982021212577820e-03
3.581159189343452454e-02
5.423577502369880676e-02
-2.154510468244552612e-03
-4.514347016811370850e-02
9.610836952924728394e-02
-4.498780891299247742e-02
-4.398735612630844116e-02
9.093508869409561157e-02
3.816144540905952454e-02
6.807571626268327236e-04
-1.127210557460784912e-01
1.902321130037307739e-01
1.094292551279067993e-01
3.389769420027732849e-02
-2.410683222115039825e-02
6.562007591128349304e-03
4.448614642024040222e-02
4.852999374270439148e-02
4.519688710570335388e-02
-1.121210027486085892e-02
-3.094091080129146576e-03
-5.547284148633480072e-03
7.778118550777435303e-02
-1.051197424530982971e-01
8.268135786056518555e-02
9.745210409164428711e-02
-8.363076299428939819e-02
3.659518808126449585e-02
-9.957754611968994141e-02
-1.682043075561523438e-02
3.747217124328017235e-04
1.398384422063827515e-01
-4.749066662043333054e-03
8.718141913414001465e-02
-3.327912837266921997e-02
5.375716462731361389e-02
-2.313184551894664764e-02
6.546314689330756664e-04
6.603998690843582153e-02
-6.861285120248794556e-02
7.509146630764007568e-02
-5.766012147068977356e-02
8.546558767557144165e-02
-7.127370685338973999e-02
-9.178034961223602295e-02
3.325847536325454712e-02
1.492431038059294224e-03
8.116450905799865723e-01
-1.189283132553100586e-01
-1.910903677344322205e-02
-1.225579306483268738e-01
8.953353762626647949e-02
8.683814853429794312e-02
9.030156768858432770e-03
7.536999881267547607e-02
-8.332499861717224121e-02
-5.165319144725799561e-02
1.136585399508476257e-01
-7.146839797496795654e-02
-1.269667446613311768e-01
-9.419581294059753418e-02
-1.096840649843215942e-01
-3.915015608072280884e-02
-5.892422422766685486e-02
1.313506858423352242e-03
-1.971131935715675354e-02
9.218011982738971710e-03
2.489785850048065186e-02
-4.371264204382896423e-02
5.667870864272117615e-02
1.665716990828514099e-03
1.211288943886756897e-02
2.047093026340007782e-02
-6.116084009408950806e-02
6.025383248925209045e-03
3.696414455771446228e-02
4.374657198786735535e-02
1.192203443497419357e-02
-4.248483851552009583e-02
1.760394778102636337e-03
-5.642130598425865173e-02
-1.253407215699553490e-03
-2.422809228301048279e-02
-3.831149265170097351e-02
8.223880082368850708e-03
-7.533493917435407639e-03
-1.424826122820377350e-02
-6.349538266658782959e-02
-1.756609790027141571e-02
8.885914087295532227e-02
-9.494433552026748657e-02
-2.749263541772961617e-03
-6.612609140574932098e-03
-6.279215216636657715e-03
-1.878232695162296295e-02
1.110745370388031006e-01
4.748512059450149536e-03
-5.068556591868400574e-02
3.139136359095573425e-02
8.295691572129726410e-03
5.678895860910415649e-02
1.222949102520942688e-02
1.443082280457019806e-02
2.247143164277076721e-02
-2.334897965192794800e-02
1.743732579052448273e-02
-2.074128761887550354e-02
1.381628494709730148e-02
-3.079758957028388977e-02
-2.159577794373035431e-02
2.734300307929515839e-02
1.017723605036735535e-02
-1.008903160691261292e-01
-9.949140250682830811e-03
3.481035586446523666e-03
2.981847384944558144e-03
1.114977076649665833e-01
3.290693461894989014e-02
7.874323055148124695e-03
3.788946941494941711e-02
-2.719536796212196350e-02
-3.128603473305702209e-02
-9.946571663022041321e-03
-5.418049916625022888e-02
-1.438993401825428009e-02
-1.342104468494653702e-02
2.862673997879028320e-02
3.610589355230331421e-02
1.995959086343646049e-03
2.759115397930145264e-02
1.842473074793815613e-02
5.980370938777923584e-02
-1.557977870106697083e-02
-2.206799387931823730e-02
-8.408774156123399734e-04
-1.040181051939725876e-02
3.235839307308197021e-02
1.549459062516689301e-02
2.460296452045440674e-02
8.467148989439010620e-03
6.153160333633422852e-02
3.201586380600929260e-02
9.600160643458366394e-03
-7.413978129625320435e-02
3.783783176913857460e-03
-9.026960469782352448e-03
-4.058864433318376541e-03
-9.245605766773223877e-02
3.190296888351440430e-02
2.440153248608112335e-02
5.036030709743499756e-02
4.782406613230705261e-02
-7.038518320769071579e-03
4.920616000890731812e-02
2.593390271067619324e-02
-4.173769056797027588e-02
2.782565541565418243e-02
3.156468272209167480e-02
2.784153074026107788e-02
9.882002137601375580e-03
7.972512394189834595e-03
1.105556450784206390e-02
-2.767559885978698730e-02
5.258989334106445312e-02
3.939063102006912231e-02
1.267233048565685749e-03
4.972428828477859497e-02
7.433158159255981445e-02
-8.220802247524261475e-02
6.179294083267450333e-03
1.164551731199026108e-02
1.092371065169572830e-02
5.944119766354560852e-02
5.821603909134864807e-02
-2.360603585839271545e-02
7.941752672195434570e-03
8.113912492990493774e-02
2.774547087028622627e-03
-5.205946043133735657e-03
3.495165146887302399e-04
-9.919846430420875549e-03
2.652175491675734520e-03
-4.539178311824798584e-02
2.669708058238029480e-02
1.721389219164848328e-02
3.629052545875310898e-03
3.664780035614967346e-02
-3.609098121523857117e-02
-4.023220762610435486e-02
-8.496613800525665283e-02
-6.490149069577455521e-03
-2.219305559992790222e-02
-8.181933313608169556e-02
6.533556431531906128e-02
2.874044142663478851e-02
3.623995184898376465e-02
2.661398425698280334e-02
6.251089274883270264e-02
4.920962732285261154e-03
-3.574501024559140205e-03
1.392909046262502670e-02
9.006273932754993439e-03
-2.194122970104217529e-02
-9.394191205501556396e-03
6.328562647104263306e-02
5.120198428630828857e-02
-9.694159380160272121e-04
3.299255855381488800e-03
-4.601542279124259949e-02
1.889665797352790833e-02
3.775468468666076660e-02
1.104503683745861053e-02
-1.428710017353296280e-02
8.805473335087299347e-03
2.196101285517215729e-02
-1.163527462631464005e-02
2.055757679045200348e-03
2.693216130137443542e-02
-2.342180348932743073e-02
-2.757081016898155212e-02
-4.343343526124954224e-02
4.025873914361000061e-02
-6.143243983387947083e-03
3.769423440098762512e-02
6.167589221149682999e-03
-1.404090784490108490e-03
6.132183130830526352e-03
-4.022801667451858521e-02
-5.713211372494697571e-03
6.919287890195846558e-02
-1.574406772851943970e-02
-1.301943440921604633e-03
1.879779063165187836e-02
-9.895777329802513123e-03
-1.648329757153987885e-02
4.076770693063735962e-02
-5.058073997497558594e-02
-1.633185520768165588e-02
4.254976287484169006e-02
-1.786327688023447990e-03
4.102395474910736084e-02
-3.422046452760696411e-02
-4.901215806603431702e-02
5.669206380844116211e-02
-2.710486948490142822e-02
-2.366736717522144318e-02
-3.560953959822654724e-02
-4.500638321042060852e-02
4.341958090662956238e-02
1.287043280899524689e-02
-2.680276893079280853e-02
1.685991184785962105e-03
-8.516827970743179321e-02
1.959462091326713562e-02
-8.514335751533508301e-02
2.871731296181678772e-02
-2.376453205943107605e-02
-5.108822137117385864e-02
7.346754427999258041e-04
-1.847126334905624390e-02
-2.322380617260932922e-02
-1.825308986008167267e-02
-4.948630183935165405e-02
-1.128446776419878006e-02
1.041363272815942764e-02
-3.752747923135757446e-02
3.286397084593772888e-03
-3.742485120892524719e-02
4.650570452213287354e-02
-4.091774299740791321e-02
-6.477368623018264771e-02
4.083433374762535095e-02
-4.644095525145530701e-02
-9.027007222175598145e-02
-4.066297039389610291e-02
5.133110657334327698e-02
-1.665980741381645203e-02
-1.026936061680316925e-02
3.782059624791145325e-02
1.188196018338203430e-01
-5.987785384058952332e-02
2.300364710390567780e-02
2.866431605070829391e-03
-2.616808004677295685e-02
-1.686296239495277405e-02
-3.122857958078384399e-02
-2.752987481653690338e-02
1.480967178940773010e-02
4.731645062565803528e-02
5.083858594298362732e-02
7.802189141511917114e-02
4.057364165782928467e-02
-3.184930980205535889e-02
-3.342900425195693970e-02
-5.794343352317810059e-02
3.060082346200942993e-02
-6.366640329360961914e-02
-2.561098709702491760e-02
-2.904331311583518982e-02
-6.000199541449546814e-02
9.441529959440231323e-02
4.596183076500892639e-02
-3.595033288002014160e-02
-4.575224593281745911e-03
2.175090648233890533e-02
-8.452185243368148804e-02
-1.062676236033439636e-01
2.103910036385059357e-02
5.635365098714828491e-02
7.597956340759992599e-03
7.402126491069793701e-02
1.819430850446224213e-02
-2.613999880850315094e-02
-4.163619130849838257e-03
4.245867580175399780e-02
-1.664693653583526611e-02
-7.277847826480865479e-02
-2.349554747343063354e-02
5.637466907501220703e-02
3.368639573454856873e-02
3.052711300551891327e-02
-3.814857080578804016e-02
-9.177707135677337646e-03
1.980523206293582916e-02
2.819151058793067932e-02
-4.351464286446571350e-02
2.588320337235927582e-02
2.381134964525699615e-02
-1.564398990012705326e-03
-6.721533089876174927e-02
-5.237165093421936035e-02
-2.995727024972438812e-02
1.875999383628368378e-02
-5.117105692625045776e-02
1.772581599652767181e-02
-1.957362517714500427e-03
1.995502784848213196e-02
3.974470496177673340e-02
1.351154595613479614e-02
-2.972938492894172668e-02
-2.714509144425392151e-03
6.888110656291246414e-03
-9.562076069414615631e-03
-3.412163257598876953e-02
2.089634537696838379e-02
5.131559446454048157e-04
4.225809127092361450e-02
-5.460923537611961365e-02
3.667102381587028503e-02
-2.480040863156318665e-02
-3.012439049780368805e-02
-2.546100690960884094e-02
-1.245670765638351440e-02
-5.217650160193443298e-02
1.160373911261558533e-02
5.179046839475631714e-02
3.066685236990451813e-02
-5.780147016048431396e-02
2.267400175333023071e-02
-1.510711759328842163e-01
2.964420802891254425e-02
-9.423647075891494751e-03
1.670614071190357208e-02
-1.413973979651927948e-02
-3.063005954027175903e-02
2.356119267642498016e-02
2.691987343132495880e-02
1.686405204236507416e-02
-2.511154301464557648e-02
-3.875694423913955688e-02
1.376864016056060791e-01
7.434723526239395142e-02
-5.903115496039390564e-02
7.798600941896438599e-02
1.142135448753833771e-02
-8.079678565263748169e-02
-5.455945432186126709e-02
-4.697782918810844421e-02
-6.817239522933959961e-02
-2.292899601161479950e-02
7.829192280769348145e-02
1.558948904275894165e-01
2.870316244661808014e-02
-1.523965504020452499e-03
1.492821983993053436e-02
-1.166613679379224777e-02
-3.604461625218391418e-02
-1.807204261422157288e-02
-6.681925803422927856e-02
-2.269298955798149109e-02
-9.228909388184547424e-03
-9.693169966340065002e-03
-3.969483450055122375e-02
8.456573635339736938e-02
-3.461753658484667540e-04
2.939632162451744080e-02
9.633830934762954712e-02
-5.020172894001007080e-02
1.054728254675865173e-01
4.830092191696166992e-02
-3.594397008419036865e-02
5.831613019108772278e-02
3.244040533900260925e-02
2.502554329112172127e-03
-1.339906360954046249e-02
8.927049487829208374e-02
-8.955351077020168304e-03
-3.501551598310470581e-02
2.566058933734893799e-02
1.866637542843818665e-02
1.712160557508468628e-02
9.460151195526123047e-03
3.023320250213146210e-02
6.546217948198318481e-02
-1.367951394058763981e-03
-1.135632768273353577e-02
4.284153878688812256e-02
-5.935905873775482178e-02
2.824956178665161133e-02
4.357667267322540283e-02
-5.939070507884025574e-02
2.856013132259249687e-03
1.599969924427568913e-03
1.255074329674243927e-02
-1.888911984860897064e-02
1.329058259725570679e-01
-4.372825473546981812e-02
-2.101246081292629242e-02
3.507957234978675842e-02
-2.076511457562446594e-02
1.312207896262407303e-03
-3.013373119756579399e-03
-3.136059269309043884e-02
-1.920234411954879761e-02
2.711680158972740173e-02
1.223679259419441223e-02
6.234319135546684265e-02
2.522729150950908661e-02
1.883514598011970520e-02
-4.264949634671211243e-02
-1.312212273478507996e-02
-6.805507838726043701e-02
4.919215291738510132e-02
4.404999781399965286e-03
-2.336643449962139130e-02
9.505566954612731934e-02
3.520633652806282043e-02
4.988987743854522705e-02
-2.950608357787132263e-02
-8.738479763269424438e-02
7.045142818242311478e-03
-4.922361578792333603e-03
-4.281462728977203369e-02
-5.791930854320526123e-02
3.949122875928878784e-02
-5.656142532825469971e-02
-2.513764426112174988e-02
4.360952600836753845e-02
2.289655804634094238e-02
-1.088060997426509857e-02
-2.459258958697319031e-02
-4.374039417598396540e-04
9.259880334138870239e-02
1.601401530206203461e-02
-1.698814146220684052e-02
-2.990270219743251801e-02
1.061555296182632446e-01
-1.058989763259887695e-02
5.564390681684017181e-03
3.352807834744453430e-02
-2.620576508343219757e-02
-2.512360550463199615e-02
1.061015874147415161e-01
-6.423512008041143417e-03
4.367901757359504700e-02
5.483380053192377090e-03
-4.843015223741531372e-02
2.186437323689460754e-02
4.788437485694885254e-02
-2.877996861934661865e-02
2.958094887435436249e-02
-2.732342854142189026e-02
5.475322157144546509e-02
1.893589049577713013e-01
2.522321976721286774e-02
1.359979808330535889e-02
-5.176215618848800659e-02
1.531328260898590088e-02
4.129098355770111084e-02
1.082054525613784790e-02
4.110636189579963684e-03
4.766612779349088669e-03
-3.913870453834533691e-02
-5.179337039589881897e-02
2.692988328635692596e-02
-2.323265187442302704e-02
8.299072086811065674e-02
5.691146943718194962e-03
2.347631193697452545e-02
5.408924818038940430e-02
-1.017414126545190811e-02
-1.819914393126964569e-02
-7.526759523898363113e-03
7.294378429651260376e-02
-1.287424284964799881e-02
-3.274455294013023376e-02
-9.448921680450439453e-02
-5.603788048028945923e-02
-2.129067666828632355e-02
1.985470950603485107e-02
-1.783824339509010315e-02
4.243622068315744400e-03
-1.743295043706893921e-02
-4.505430534482002258e-02
1.468642950057983398e-01
6.178839504718780518e-02
1.140063628554344177e-02
-2.768560685217380524e-02
7.962061464786529541e-02
-6.617772579193115234e-02
-6.647857278585433960e-02
-4.582409560680389404e-02
8.601803710917010903e-05
-5.552148073911666870e-02
-6.215114891529083252e-02
-1.241333223879337311e-02
-4.270304739475250244e-02
-2.129212319850921631e-01
-6.103539373725652695e-03
-1.171134933829307556e-01
7.783106528222560883e-03
-4.189183935523033142e-03
-1.232782658189535141e-02
-1.158428750932216644e-02
-4.675142001360654831e-03
-1.208311133086681366e-02
-8.440306410193443298e-03
3.970513865351676941e-02
-1.647244766354560852e-02
-3.867956623435020447e-02
8.151926100254058838e-02
4.595539718866348267e-02
8.487168699502944946e-03
-1.360080554150044918e-03
-6.660088151693344116e-02
-1.577850989997386932e-02
1.548480521887540817e-02
3.050574101507663727e-02
7.034534960985183716e-02
1.093978062272071838e-02
-1.610468886792659760e-02
-4.799642413854598999e-02
8.103181608021259308e-03
-3.472549468278884888e-02
-1.550370920449495316e-02
-4.159029573202133179e-03
-3.547329828143119812e-02
-2.102483250200748444e-02
4.654081165790557861e-02
7.489948999136686325e-03
1.743109460221603513e-04
-2.978881075978279114e-02
-2.930689975619316101e-02
1.095422264188528061e-02
1.002700906246900558e-02
3.477553278207778931e-02
1.741347275674343109e-02
-3.120724856853485107e-02
-1.511105429381132126e-02
1.075001549907028675e-03
-6.432802230119705200e-02
-2.470354363322257996e-02
4.695925489068031311e-02
2.225151285529136658e-02
5.603313073515892029e-02
1.013451814651489258e-02
-9.457685984671115875e-03
