2.717926725745201111e-02
1.701537892222404480e-02
-6.816087407059967518e-04
-3.768170252442359924e-02
2.667947299778461456e-02
2.218904905021190643e-02
7.852103561162948608e-03
1.901733223348855972e-03
-5.593011528253555298e-02
-1.756066270172595978e-02
-4.827478900551795959e-03
-4.030689597129821777e-03
-2.680974081158638000e-02
-5.404111929237842560e-03
-1.707008294761180878e-02
-3.102290257811546326e-02
-1.250845938920974731e-02
-6.342981941998004913e-03
-1.691569536924362183e-01
-1.467519206926226616e-03
2.384657785296440125e-02
2.903464995324611664e-02
1.548295095562934875e-02
-2.336370199918746948e-02
1.831249147653579712e-02
1.005103439092636108e-02
4.540881142020225525e-02
-4.797339905053377151e-03
-3.438813611865043640e-02
8.305982919409871101e-04
-1.501811146736145020e-01
-1.277429051697254181e-02
4.854344762861728668e-03
-8.872622624039649963e-03
-1.574154198169708252e-02
1.405126298777759075e-03
2.442729659378528595e-02
-1.703537069261074066e-02
-1.949635893106460571e-02
-3.107514698058366776e-03
-1.158098317682743073e-02
-1.368085574358701706e-02
4.915520176291465759e-02
-5.928952246904373169e-03
-1.145715452730655670e-02
-2.357924729585647583e-02
1.150431763380765915e-02
-7.820606231689453125e-03
-1.562273036688566208e-02
2.006236277520656586e-02
-1.358232810162007809e-03
2.486274391412734985e-02
-7.266865670680999756e-02
-4.257218912243843079e-03
2.578704059123992920e-02
-3.513256087899208069e-02
-4.076659679412841797e-03
-7.520224316976964474e-04
4.458458721637725830e-01
-4.851990193128585815e-02
1.365711446851491928e-02
-2.442928589880466461e-02
1.346381753683090210e-02
-2.672822773456573486e-02
-1.596605591475963593e-02
3.926836885511875153e-03
-3.268045932054519653e-02
2.135292626917362213e-02
-7.303066551685333252e-02
-2.110017230734229088e-03
-3.166741132736206055e-02
-9.033485315740108490e-03
-4.089072719216346741e-02
1.859400048851966858e-02
-1.266588456928730011e-02
-2.805588766932487488e-02
-2.662470936775207520e-02
-1.182943210005760193e-02
7.366124074906110764e-03
-1.416392624378204346e-01
-5.697433371096849442e-03
-1.458219811320304871e-02
2.750376053154468536e-02
-4.826036095619201660e-02
-3.984493762254714966e-02
-2.112993411719799042e-02
-3.317834436893463135e-02
-2.052139677107334137e-02
8.788308128714561462e-03
2.971593057736754417e-03
-3.786129131913185120e-02
-4.716359451413154602e-02
5.509892478585243225e-02
1.390259433537721634e-02
-2.569745294749736786e-02
-2.181736286729574203e-03
1.133734709583222866e-03
-1.790463738143444061e-02
-4.674021527171134949e-02
1.284757279790937901e-03
3.340647369623184204e-02
1.818298175930976868e-02
-1.577910967171192169e-02
-1.491624116897583008e-02
-1.651107892394065857e-02
-1.911574043333530426e-02
-2.014742419123649597e-02
6.487967912107706070e-03
2.539070090278983116e-03
-1.095815747976303101e-02
-1.144292019307613373e-02
-1.302850339561700821e-02
-1.013263687491416931e-02
1.277094800025224686e-02
6.786166690289974213e-03
-1.600981131196022034e-02
-1.470180973410606384e-02
-8.234860375523567200e-03
-9.678899659775197506e-04
3.147777915000915527e-02
7.966487668454647064e-03
7.926911115646362305e-03
-8.667316287755966187e-03
-2.611994743347167969e-02
6.306201964616775513e-02
-3.938849549740552902e-03
2.066441439092159271e-02
-1.070165634155273438e-02
-1.046018302440643311e-02
6.577683240175247192e-02
3.982095047831535339e-02
2.711105719208717346e-02
1.170499157160520554e-02
1.685818843543529510e-02
2.039974927902221680e-02
-3.113962337374687195e-02
-2.561614476144313812e-02
-2.032062970101833344e-03
-8.565386384725570679e-02
4.068661481142044067e-03
1.087427958846092224e-01
2.383586205542087555e-02
-2.062931656837463379e-02
3.058515861630439758e-02
-3.196337074041366577e-02
-2.077697217464447021e-01
-9.292799979448318481e-03
-6.485125981271266937e-03
-1.669369265437126160e-02
1.363681349903345108e-02
5.724910297431051731e-04
4.682452604174613953e-02
-2.477628365159034729e-02
-1.451245881617069244e-02
5.235312040895223618e-03
2.255975734442472458e-03
-5.123332608491182327e-03
6.521877832710742950e-03
3.976206853985786438e-02
4.570270702242851257e-02
-1.122147683054208755e-02
1.249250993132591248e-01
-3.904738277196884155e-02
2.371199242770671844e-02
-1.290599163621664047e-02
-2.925709821283817291e-02
3.586287610232830048e-03
-5.839415825903415680e-04
5.221296101808547974e-03
2.228955551981925964e-02
-2.650369517505168915e-02
7.534245960414409637e-03
-1.715363375842571259e-02
-2.066430822014808655e-02
-7.586412131786346436e-03
-2.450966741889715195e-03
2.335914177820086479e-03
9.296141564846038818e-03
-5.705586820840835571e-02
1.473341975361108780e-02
3.682687412947416306e-03
3.132933005690574646e-02
1.763248257339000702e-02
-8.206473663449287415e-03
1.625625416636466980e-02
-2.433228045701980591e-01
1.120398566126823425e-01
1.477853395044803619e-02
3.519912483170628548e-03
6.749368458986282349e-02
-1.108377426862716675e-02
-4.107669927179813385e-03
-2.918747439980506897e-02
-3.311934648081660271e-03
6.084004882723093033e-03
-2.623914927244186401e-02
6.564743816852569580e-02
8.447385393083095551e-03
-2.613168023526668549e-02
-1.575708948075771332e-02
1.614166796207427979e-02
1.172490138560533524e-02
3.350971639156341553e-02
-1.183215156197547913e-02
-3.833822533488273621e-02
-1.090067718178033829e-02
8.211087435483932495e-03
-7.479767315089702606e-03
1.558561529964208603e-02
6.390836089849472046e-02
1.144857052713632584e-02
-6.834001280367374420e-03
2.272229269146919250e-02
2.557837171480059624e-03
-1.237226650118827820e-02
3.455149009823799133e-02
-2.086784504354000092e-02
1.943266578018665314e-02
-2.022282779216766357e-02
8.918629027903079987e-03
-4.777986556291580200e-03
-6.503511071205139160e-01
1.314830780029296875e-02
2.458890900015830994e-02
-7.603139150887727737e-03
-2.972074970602989197e-02
1.892066065920516849e-04
-2.830619737505912781e-02
1.207612920552492142e-02
4.105951171368360519e-03
-1.713288575410842896e-02
-1.355808693915605545e-02
2.394193410873413086e-02
-4.639763385057449341e-03
-3.820909559726715088e-02
-7.220649160444736481e-03
7.203747984021902084e-03
1.419041398912668228e-02
-2.258866652846336365e-02
1.178606785833835602e-02
-2.800228074193000793e-02
2.742458134889602661e-02
1.411000937223434448e-01
-2.821317128837108612e-02
-1.235471200197935104e-02
1.636469364166259766e-02
1.641040109097957611e-02
-2.294216118752956390e-02
-1.076180767267942429e-02
-4.583027213811874390e-03
-8.106024004518985748e-03
2.223132178187370300e-02
1.986737921833992004e-02
1.536233350634574890e-02
1.331664435565471649e-02
1.226205844432115555e-02
-1.206543110311031342e-02
9.237669408321380615e-02
-4.641823098063468933e-02
9.284343570470809937e-02
1.720633357763290405e-02
-2.550461515784263611e-02
-5.309941992163658142e-02
-7.398205995559692383e-02
-6.446112412959337234e-03
7.965723425149917603e-02
-6.616223603487014771e-02
1.300367712974548340e-01
6.097280606627464294e-02
3.745435550808906555e-02
8.410914242267608643e-02
2.843249030411243439e-02
-5.682706832885742188e-02
-9.175880812108516693e-03
-9.085801988840103149e-02
-5.230208486318588257e-02
5.594908073544502258e-02
1.657381951808929443e-01
-1.541323363780975342e-01
-5.842155963182449341e-02
3.974383324384689331e-02
-2.170987427234649658e-02
-4.360070452094078064e-02
-5.165965110063552856e-02
-6.919697672128677368e-02
5.645619332790374756e-02
-5.702089890837669373e-02
2.113407244905829430e-03
6.099959462881088257e-02
-7.223943620920181274e-02
-2.146641258150339127e-03
2.887042053043842316e-02
-8.058861643075942993e-02
-2.595373429358005524e-03
-6.645164918154478073e-03
9.294035285711288452e-02
-7.577476650476455688e-02
1.296467334032058716e-01
-6.826186925172805786e-02
4.077570140361785889e-02
-9.619447588920593262e-02
-8.521250635385513306e-02
8.331430554389953613e-01
-1.011079475283622742e-01
-1.419328525662422180e-02
-8.715171366930007935e-02
1.967451907694339752e-02
4.232143238186836243e-02
-6.521749310195446014e-03
2.874876186251640320e-02
-1.762376748956739902e-03
-9.735272824764251709e-02
-9.899552166461944580e-02
9.868294000625610352e-02
-5.128877609968185425e-02
1.168825775384902954e-01
-3.030949085950851440e-02
4.819709062576293945e-02
-6.135107204318046570e-02
5.334270745515823364e-02
-1.493732631206512451e-02
3.356343135237693787e-02
5.747918039560317993e-03
4.392584320157766342e-03
2.324110642075538635e-02
-1.073720958083868027e-02
-9.049397893249988556e-03
2.328768372535705566e-02
-5.445494502782821655e-02
-8.935441263020038605e-03
2.300143986940383911e-02
2.292306907474994659e-02
-3.845099592581391335e-03
-5.942001193761825562e-02
-1.157221384346485138e-02
-4.383854568004608154e-02
-2.489155391231179237e-03
-1.137141603976488113e-02
-1.278395298868417740e-02
-1.117378473281860352e-02
-1.329632126726210117e-03
-1.813214085996150970e-02
-4.916504025459289551e-02
1.234472263604402542e-02
7.555472850799560547e-02
-7.695729285478591919e-02
-1.685238070785999298e-02
2.127303974702954292e-03
-3.438334539532661438e-02
-3.643817454576492310e-02
7.978418469429016113e-02
1.090807653963565826e-02
-4.854868724942207336e-02
2.480571530759334564e-02
-2.866891026496887207e-02
5.650822818279266357e-02
-3.198849444743245840e-04
4.943077452480792999e-03
4.780376330018043518e-02
-1.580640114843845367e-02
2.703189849853515625e-02
-1.678147539496421814e-02
-4.827191121876239777e-03
-4.013318195939064026e-02
-2.668090164661407471e-02
1.927941106259822845e-02
2.083103731274604797e-02
-4.660363495349884033e-02
2.170199528336524963e-02
4.253474995493888855e-02
-1.282294746488332748e-02
1.213879212737083435e-01
3.652716428041458130e-02
2.522856555879116058e-02
3.746395930647850037e-02
-3.120991215109825134e-02
-6.110942922532558441e-03
-1.137106493115425110e-02
-2.529787085950374603e-02
-6.311447941698133945e-04
-1.471406314522027969e-02
2.239507995545864105e-02
9.282913058996200562e-02
2.251551859080791473e-02
5.395086109638214111e-02
4.274826962500810623e-03
4.770520329475402832e-02
2.732325810939073563e-03
-1.963371597230434418e-02
2.373432368040084839e-02
-3.005414083600044250e-02
6.989721208810806274e-02
2.934789517894387245e-03
1.613310910761356354e-02
2.708101645112037659e-02
6.700941175222396851e-02
3.405512496829032898e-02
3.719229623675346375e-02
-8.699857443571090698e-02
9.625946171581745148e-03
-5.942669883370399475e-02
-2.802698500454425812e-02
-1.034787744283676147e-01
-1.145663298666477203e-02
2.107527479529380798e-02
3.789332229644060135e-03
7.011540234088897705e-03
-3.253364190459251404e-02
7.478500902652740479e-02
2.240723557770252228e-02
-1.014653146266937256e-01
3.029120340943336487e-02
2.337490580976009369e-02
-1.133334729820489883e-02
2.094889059662818909e-03
9.155915118753910065e-03
4.077527299523353577e-02
-5.015278235077857971e-02
4.091328009963035583e-02
4.116696864366531372e-02
3.143524983897805214e-03
1.990943588316440582e-02
7.364894449710845947e-02
-5.650600045919418335e-02
-1.211578957736492157e-03
2.267469465732574463e-02
1.946177892386913300e-02
1.113627292215824127e-02
9.094167500734329224e-02
-3.943267464637756348e-02
-1.945384405553340912e-02
7.564726471900939941e-02
2.075984701514244080e-02
1.420600060373544693e-02
4.561825841665267944e-02
1.893184892833232880e-02
1.947518438100814819e-02
1.181649509817361832e-02
5.361438170075416565e-02
-5.915146321058273315e-03
-1.398673164658248425e-03
2.788726054131984711e-02
2.511093765497207642e-02
-3.544995933771133423e-02
-6.735885888338088989e-02
1.575706712901592255e-02
-2.782730944454669952e-02
-1.770297586917877197e-01
4.081376269459724426e-02
3.244858607649803162e-02
2.867093123495578766e-02
3.959837555885314941e-02
2.863177563995122910e-03
2.053468720987439156e-03
2.422132343053817749e-02
1.399986818432807922e-02
1.682404056191444397e-02
-5.100360140204429626e-03
-1.464585773646831512e-03
3.653389215469360352e-02
6.949545443058013916e-02
2.034906670451164246e-02
1.046688389033079147e-02
-3.983773756772279739e-03
4.223924502730369568e-02
1.575697096996009350e-03
-2.233287878334522247e-02
4.438344854861497879e-03
-2.753330208361148834e-02
2.762912400066852570e-02
5.454301368445158005e-03
1.965803653001785278e-02
3.642190620303153992e-02
1.056012138724327087e-02
-4.874816909432411194e-02
-5.432225018739700317e-02
-2.617063233628869057e-03
1.429212745279073715e-02
4.277212172746658325e-02
9.726073592901229858e-03
-3.331169486045837402e-02
2.452879026532173157e-02
-4.825604334473609924e-02
-3.830685093998908997e-02
6.497755646705627441e-02
-1.173351239413022995e-02
1.447330228984355927e-02
3.720814362168312073e-02
-1.685082912445068359e-02
-9.454530081711709499e-04
1.670180819928646088e-02
-5.797785148024559021e-02
2.071096934378147125e-02
5.125688016414642334e-02
7.116089691407978535e-04
-1.871642656624317169e-02
-1.406305469572544098e-02
-4.377192258834838867e-02
8.335206657648086548e-02
-2.192060276865959167e-02
-4.476070031523704529e-02
-2.622047625482082367e-02
-7.521067745983600616e-03
2.752715535461902618e-02
-2.569513022899627686e-02
-5.557346716523170471e-02
-6.609884556382894516e-03
-4.700222983956336975e-02
6.827249657362699509e-03
-1.029116436839103699e-01
7.215967401862144470e-03
-1.294268760830163956e-02
-1.066991942934691906e-03
6.221217289566993713e-02
-9.612122550606727600e-03
-2.940411865711212158e-02
-7.314451038837432861e-02
1.891522295773029327e-02
-1.545321312732994556e-03
3.277457132935523987e-02
-3.615487366914749146e-02
-1.943994499742984772e-02
-2.650944143533706665e-02
3.198402747511863708e-02
-1.754925027489662170e-02
-6.733947992324829102e-02
6.864389777183532715e-02
-5.836325138807296753e-02
-4.048354178667068481e-02
-3.492158651351928711e-02
3.521129116415977478e-02
-1.108312793076038361e-02
2.676523849368095398e-02
3.779596462845802307e-02
1.088794767856597900e-01
-1.097277738153934479e-02
1.911674998700618744e-02
1.499985996633768082e-02
-3.576614428311586380e-03
-1.954379677772521973e-02
-4.472842440009117126e-02
-2.715360186994075775e-02
3.459487110376358032e-03
1.731373369693756104e-02
6.420256197452545166e-02
5.641970410943031311e-02
1.833726279437541962e-02
-6.566019356250762939e-02
4.391664639115333557e-03
-4.691304638981819153e-02
2.984831109642982483e-02
-2.241355739533901215e-02
1.869911327958106995e-02
-1.530532632023096085e-02
-4.255033656954765320e-02
-9.689697995781898499e-03
1.839647069573402405e-02
-3.284445405006408691e-02
1.468734070658683777e-02
2.192721888422966003e-02
-9.138649702072143555e-02
-4.464215412735939026e-02
5.150247365236282349e-03
1.773483306169509888e-02
-9.217486716806888580e-03
1.226154621690511703e-02
3.992283344268798828e-02
4.544891882687807083e-03
-8.767412975430488586e-03
2.913229167461395264e-02
2.402016706764698029e-02
-7.929284870624542236e-02
-1.801135763525962830e-02
4.901799559593200684e-02
6.864743679761886597e-02
-1.580657064914703369e-02
-2.113302052021026611e-02
-3.804497048258781433e-02
2.126691117882728577e-02
4.289045929908752441e-03
-2.448619343340396881e-02
2.369886077940464020e-02
1.325459015788510442e-04
2.102025039494037628e-02
-4.491728916764259338e-02
-2.682835794985294342e-02
-2.933172881603240967e-02
4.079619050025939941e-02
-2.242738008499145508e-02
6.736225914210081100e-03
-1.033225748687982559e-02
3.548854216933250427e-02
3.577752411365509033e-02
2.550895884633064270e-02
-6.998728960752487183e-02
4.466020502150058746e-03
1.732405275106430054e-02
-2.102135866880416870e-02
-3.069877438247203827e-02
8.906430564820766449e-03
-2.624939009547233582e-02
3.931285813450813293e-02
-3.493323922157287598e-02
3.443033993244171143e-02
-1.717169582843780518e-02
-4.918542504310607910e-02
-6.985865533351898193e-02
7.989484816789627075e-03
-1.345451083034276962e-02
5.509577691555023193e-03
9.869690984487533569e-03
4.384407773613929749e-02
-4.082527011632919312e-02
1.492248289287090302e-02
-2.923866510391235352e-01
8.397553116083145142e-03
2.999506890773773193e-02
-1.431609853170812130e-03
2.526475116610527039e-03
9.427900426089763641e-03
6.680831313133239746e-02
1.808350905776023865e-02
3.056151978671550751e-02
-5.438020080327987671e-02
-9.032443049363791943e-04
1.108058691024780273e-01
4.700094461441040039e-02
-5.032847076654434204e-02
8.570478856563568115e-02
2.338646911084651947e-03
-4.978914186358451843e-02
-6.992648541927337646e-02
-3.850854560732841492e-02
-6.235924363136291504e-02
-5.231032520532608032e-02
4.654954746365547180e-02
1.072948426008224487e-01
3.858550637960433960e-02
-6.137407850474119186e-03
1.096049416810274124e-02
-5.057955533266067505e-02
-3.474323078989982605e-02
-5.043745785951614380e-02
-4.554205015301704407e-02
-8.150611072778701782e-03
-5.683860741555690765e-03
1.460137194953858852e-03
-1.864859461784362793e-02
9.193959832191467285e-02
4.188030492514371872e-03
-2.788608893752098083e-03
7.080771774053573608e-02
-2.412110753357410431e-02
2.617098018527030945e-02
5.124402046203613281e-02
-2.178640570491552353e-03
8.801101893186569214e-02
4.238703846931457520e-02
4.942408204078674316e-02
1.634765975177288055e-02
9.846244007349014282e-02
-1.302229706197977066e-02
-5.357196554541587830e-02
2.211535163223743439e-02
4.237724060658365488e-04
-1.092910952866077423e-02
-1.518657896667718887e-02
2.955896034836769104e-02
4.177454113960266113e-02
4.969563335180282593e-03
-8.278700523078441620e-03
3.213740512728691101e-02
-4.312661290168762207e-02
2.458427287638187408e-02
4.098003730177879333e-02
-5.950515344738960266e-02
-1.614491268992424011e-02
2.039172500371932983e-02
8.924911729991436005e-03
-1.423131022602319717e-02
7.417879998683929443e-02
-3.132780641317367554e-02
1.149113569408655167e-02
8.408718556165695190e-02
-3.895390033721923828e-02
2.713997475802898407e-02
4.431121982634067535e-03
-2.724344842135906219e-02
-3.631619364023208618e-02
-1.688619493506848812e-03
-1.965255662798881531e-02
6.858550757169723511e-02
2.373292110860347748e-02
1.648966409265995026e-02
-1.506727468222379684e-02
-2.262648753821849823e-02
-3.782773390412330627e-02
2.648843452334403992e-02
1.724197529256343842e-02
-5.540705751627683640e-03
5.059641227126121521e-02
-5.378992762416601181e-03
3.725197538733482361e-02
-3.084275126457214355e-02
-7.066824287176132202e-02
-1.274432521313428879e-02
1.572570390999317169e-02
-1.591829061508178711e-01
-1.213307082653045654e-01
2.590528875589370728e-02
-9.185075759887695312e-03
-2.987979911267757416e-03
3.845815360546112061e-02
-2.162076532840728760e-02
1.455672923475503922e-02
2.726443856954574585e-02
-3.686846233904361725e-03
9.837989509105682373e-02
7.497443258762359619e-02
-4.194122552871704102e-02
-2.904067374765872955e-02
1.137236356735229492e-01
-8.409367874264717102e-03
-1.396134146489202976e-03
4.190951958298683167e-02
-1.305415946990251541e-02
-3.588439151644706726e-02
2.795874141156673431e-02
4.266244545578956604e-02
3.211133182048797607e-02
1.314237248152494431e-02
-5.503970012068748474e-02
4.696960747241973877e-02
5.820293352007865906e-02
-1.666983962059020996e-02
2.025816962122917175e-02
-3.292587026953697205e-02
4.243380203843116760e-02
1.907544285058975220e-01
2.656093984842300415e-02
1.528026256710290909e-02
-4.364185780286788940e-02
-1.333688478916883469e-02
3.875726461410522461e-02
-9.620066732168197632e-03
-8.659518323838710785e-03
2.718455344438552856e-02
-6.464311853051185608e-03
-2.406472899019718170e-02
3.678151220083236694e-02
-1.033692620694637299e-02
6.409300118684768677e-02
-7.251997943967580795e-03
-2.333902008831501007e-02
3.945264965295791626e-02
-1.210932061076164246e-02
-1.037543988786637783e-03
1.478800456970930099e-02
3.426503762602806091e-02
-2.323658764362335205e-02
-2.005265280604362488e-02
-1.122223138809204102e-01
-4.391701146960258484e-02
-1.268851663917303085e-02
-4.733138252049684525e-03
-1.612349785864353180e-02
-4.266910627484321594e-02
-2.726242691278457642e-02
-4.841752722859382629e-02
1.598509401082992554e-01
5.986339226365089417e-02
-2.663841284811496735e-02
-6.188766285777091980e-02
8.550196886062622070e-02
-3.122023865580558777e-02
-6.380249559879302979e-02
-3.171032294631004333e-02
1.596848107874393463e-02
-2.817706577479839325e-02
-6.057584658265113831e-02
-1.826459169387817383e-02
-2.801770344376564026e-02
-1.907571852207183838e-01
-3.411156823858618736e-03
-1.333875358104705811e-01
1.177792553789913654e-03
-1.354685146361589432e-02
-7.356131915003061295e-03
-5.063571035861968994e-03
-9.716810658574104309e-03
-1.632612571120262146e-02
1.598778739571571350e-02
4.458581283688545227e-02
-2.753157541155815125e-02
-1.159744057804346085e-02
6.553480774164199829e-02
4.205281287431716919e-02
-2.388546243309974670e-03
-9.546632878482341766e-03
-5.231855809688568115e-02
-1.139066740870475769e-02
1.513945683836936951e-02
2.233482524752616882e-02
5.031140148639678955e-02
7.253766525536775589e-03
-3.288343176245689392e-02
-6.162357330322265625e-02
-3.448577364906668663e-03
-3.116364590823650360e-02
-4.264020919799804688e-02
1.948946341872215271e-02
6.666493136435747147e-04
-1.503079012036323547e-02
2.406209334731101990e-02
-1.069945748895406723e-02
-5.942622199654579163e-03
-3.926686570048332214e-02
-8.472062647342681885e-03
-1.347526069730520248e-02
-5.347935017198324203e-03
4.858594853430986404e-03
-1.561780809424817562e-03
-3.352380823343992233e-03
8.624999970197677612e-02
-6.881019216962158680e-04
7.814608514308929443e-03
2.666175831109285355e-03
3.896961733698844910e-02
3.042517416179180145e-02
1.979737542569637299e-02
-2.261787652969360352e-02
-1.446182001382112503e-02
