1.508182566612958908e-02
-1.234438363462686539e-02
1.110847759991884232e-02
5.560662131756544113e-03
-7.915361784398555756e-03
2.228512987494468689e-02
-2.664757659658789635e-03
2.332052774727344513e-02
-1.556716300547122955e-02
-1.019020471721887589e-02
1.398728322237730026e-02
-2.582720667123794556e-02
-1.748104207217693329e-02
1.880097948014736176e-02
3.024717560037970543e-03
-2.969310153275728226e-03
7.622313220053911209e-03
7.797470781952142715e-03
-9.845031052827835083e-02
1.063018944114446640e-02
1.504581701010465622e-02
5.481818318367004395e-02
-1.426527556031942368e-02
-2.304667420685291290e-02
-7.718964945524930954e-03
1.669653318822383881e-02
1.999058574438095093e-02
-4.024239256978034973e-02
4.692135378718376160e-03
-8.805761113762855530e-03
-1.796260327100753784e-01
2.718119323253631592e-02
4.590031504631042480e-02
-3.290407592430710793e-03
2.300781570374965668e-02
4.950885102152824402e-02
3.459072485566139221e-02
3.202457213774323463e-03
-1.004945300519466400e-02
-6.369959563016891479e-02
-4.812822677195072174e-03
-2.865316346287727356e-03
6.526095420122146606e-02
-1.813203562051057816e-03
1.544123515486717224e-02
7.017710711807012558e-03
7.991424645297229290e-04
8.006485179066658020e-03
-3.859730903059244156e-03
2.123271301388740540e-02
3.715691715478897095e-02
1.051856856793165207e-02
-5.010572075843811035e-02
-4.091962799429893494e-02
2.712950669229030609e-02
-3.736318275332450867e-02
1.723520806990563869e-03
4.695957526564598083e-03
4.536943137645721436e-01
-1.327318418771028519e-02
1.286335475742816925e-02
-5.145306698977947235e-03
1.801870949566364288e-02
-4.693518579006195068e-02
-7.953812368214130402e-03
4.696010053157806396e-02
-4.312072321772575378e-02
2.713489904999732971e-02
-5.049729719758033752e-02
1.399301271885633469e-02
-1.306057628244161606e-02
1.117134466767311096e-02
-3.796152397990226746e-02
7.658895105123519897e-03
-4.091979004442691803e-03
-9.609143598936498165e-04
-4.648704081773757935e-03
2.663105726242065430e-02
-5.112185026519000530e-04
-1.537341475486755371e-01
-2.000697143375873566e-02
4.718084819614887238e-03
-1.049830671399831772e-02
-4.277279973030090332e-02
3.050109930336475372e-02
-1.541615556925535202e-02
-3.590880951378494501e-04
-2.110076136887073517e-02
7.250157650560140610e-04
-3.357130289077758789e-02
-1.463024690747261047e-02
-3.651421517133712769e-03
3.378217667341232300e-02
2.132794074714183807e-02
-2.099246904253959656e-02
-6.243769079446792603e-03
-2.915239706635475159e-02
5.182329914532601833e-05
-3.168779611587524414e-02
7.082785479724407196e-03
1.130094751715660095e-02
3.444446995854377747e-02
-2.852953411638736725e-02
1.028781291097402573e-03
-1.258601434528827667e-02
-1.083456911146640778e-02
-2.346698194742202759e-02
1.592873968183994293e-02
1.740170642733573914e-02
-1.769778318703174591e-03
1.919767633080482483e-02
2.802719129249453545e-03
-7.169625721871852875e-03
-3.237991128116846085e-03
-9.507201611995697021e-03
2.084126463159918785e-03
1.204765494912862778e-02
-5.163126159459352493e-03
5.559881217777729034e-03
-5.117219407111406326e-03
1.632466912269592285e-02
2.196916937828063965e-02
1.883018389344215393e-02
-2.425727248191833496e-02
7.384575437754392624e-03
9.709424339234828949e-03
-4.065127670764923096e-02
-5.171256489120423794e-04
4.467601422220468521e-03
1.091162487864494324e-01
4.798211157321929932e-03
2.643917873501777649e-02
1.814810372889041901e-02
1.975227147340774536e-02
5.117601528763771057e-02
-2.911274507641792297e-02
-4.558945447206497192e-02
2.422584779560565948e-02
-8.773345500230789185e-02
-9.404610842466354370e-03
-7.532992865890264511e-03
3.800642490386962891e-02
-1.936733722686767578e-02
-1.323280576616525650e-02
1.356039475649595261e-02
-1.561454683542251587e-01
-8.448757231235504150e-03
-1.742396503686904907e-02
-2.155123278498649597e-02
9.105917066335678101e-03
2.519868873059749603e-02
1.324709691107273102e-02
-2.463897131383419037e-02
-2.744453959167003632e-02
4.419599659740924835e-03
-1.428259536623954773e-02
1.107870787382125854e-02
-2.474620705470442772e-03
9.103598073124885559e-03
2.161309123039245605e-02
-1.833209767937660217e-02
4.883021116256713867e-02
-8.557097986340522766e-03
3.920109942555427551e-03
1.776310428977012634e-02
2.139515243470668793e-02
2.320799604058265686e-02
-2.070855349302291870e-02
1.158725470304489136e-02
3.623680025339126587e-02
-1.654456369578838348e-02
-1.096657756716012955e-02
4.445318132638931274e-03
-1.698706857860088348e-02
1.304880622774362564e-02
5.928636062890291214e-03
-1.413729880005121231e-02
1.448289118707180023e-02
-6.603042036294937134e-02
2.026296965777873993e-02
1.686638034880161285e-02
6.320961285382509232e-03
3.056005947291851044e-02
-4.589257005136460066e-04
2.182127535343170166e-02
-2.425593435764312744e-01
7.782091945409774780e-02
1.176753919571638107e-02
-1.482071727514266968e-02
7.080332189798355103e-02
5.765216797590255737e-02
-1.138663943856954575e-02
-2.515295334160327911e-02
7.613874040544033051e-03
-8.500892668962478638e-03
5.075884982943534851e-03
6.047333031892776489e-02
9.905441664159297943e-03
-7.552715390920639038e-02
-2.078859880566596985e-02
1.495727617293596268e-02
-5.886025726795196533e-03
1.073883324861526489e-01
-1.511756982654333115e-02
7.603814359754323959e-03
-4.033063352108001709e-02
-4.515866748988628387e-03
1.500000897794961929e-02
-2.289048163220286369e-03
4.288999363780021667e-02
-3.028963506221771240e-02
-3.325972333550453186e-02
3.557745367288589478e-02
1.806321367621421814e-02
3.858527168631553650e-02
2.955780364573001862e-02
-2.284871041774749756e-02
3.745682537555694580e-02
-2.925821207463741302e-02
-1.899952255189418793e-02
-3.304251283407211304e-02
-6.798270940780639648e-01
2.291223406791687012e-02
2.807236649096012115e-02
2.977215871214866638e-02
1.012241467833518982e-02
9.628435946069657803e-04
-1.231072191148996353e-02
4.246672987937927246e-02
3.191604837775230408e-02
-3.695715591311454773e-02
-2.216535806655883789e-02
3.217551857233047485e-02
-4.243421833962202072e-03
-3.984519466757774353e-02
-2.221165038645267487e-02
-8.647036738693714142e-03
-8.018961176276206970e-03
-3.496134420856833458e-03
-1.088029937818646431e-03
1.529224310070276260e-02
8.898857049643993378e-03
7.967694103717803955e-02
-2.633839286863803864e-02
-1.597159355878829956e-02
5.637421272695064545e-03
3.490719711408019066e-03
1.359010301530361176e-02
1.467428635805845261e-02
-1.648983173072338104e-02
-2.772223437204957008e-03
-2.791462698951363564e-03
2.196242101490497589e-02
1.642010547220706940e-02
1.575959473848342896e-02
7.686469703912734985e-03
1.431455016136169434e-01
3.493145480751991272e-02
-5.266745761036872864e-02
5.709785223007202148e-02
-2.116395346820354462e-02
-9.266450256109237671e-02
-9.574987925589084625e-03
-2.044376730918884277e-02
1.359950285404920578e-02
-1.014346927404403687e-01
1.492344141006469727e-01
3.382628038525581360e-02
-1.205944549292325974e-02
-5.249037221074104309e-02
-4.382765293121337891e-02
2.916689030826091766e-02
-4.423318430781364441e-03
1.261558532714843750e-01
-4.366179555654525757e-02
5.247430130839347839e-02
1.322226133197546005e-02
4.414879530668258667e-02
-7.983684539794921875e-02
-5.305073410272598267e-02
-1.321221143007278442e-02
-5.968157202005386353e-02
-2.311638742685317993e-02
-7.518798857927322388e-02
-4.596472159028053284e-02
-3.463301062583923340e-02
1.604228317737579346e-01
5.244205892086029053e-02
5.975332856178283691e-02
-3.894981741905212402e-02
-5.504891276359558105e-03
1.894183270633220673e-02
-2.822975628077983856e-02
4.178761318325996399e-02
-1.312573626637458801e-02
3.841233905404806137e-03
-3.381783142685890198e-02
3.889637440443038940e-02
4.363739490509033203e-02
-5.480904132127761841e-02
7.986932247877120972e-02
4.751469939947128296e-02
8.498532772064208984e-01
-5.480971932411193848e-02
3.219670802354812622e-02
-1.100817397236824036e-01
8.310037106275558472e-02
9.484876692295074463e-02
2.699620462954044342e-02
7.190376520156860352e-02
-9.369006752967834473e-02
-7.313018292188644409e-02
1.295251846313476562e-01
-4.031723365187644958e-02
-8.818065375089645386e-02
-6.344703584909439087e-02
-1.160766184329986572e-01
-4.068619757890701294e-02
-7.151522487401962280e-02
-1.813615672290325165e-02
-9.375274181365966797e-03
-2.005531638860702515e-02
2.453612536191940308e-02
-3.768481686711311340e-02
4.479580745100975037e-02
3.107403591275215149e-02
7.923183031380176544e-03
-2.227560151368379593e-03
-3.240338712930679321e-02
-4.325975663959980011e-03
-2.493562363088130951e-02
1.566292904317378998e-02
-3.371625393629074097e-02
-1.139462459832429886e-02
2.431905269622802734e-02
-2.910715900361537933e-02
-7.519202306866645813e-03
3.692839061841368675e-03
-2.136038243770599365e-02
2.536126971244812012e-02
7.067708298563957214e-03
-2.763175964355468750e-02
-4.920109361410140991e-02
1.022725924849510193e-02
8.238971233367919922e-02
-2.879839390516281128e-02
1.334953354671597481e-03
5.896193906664848328e-03
-4.678494855761528015e-02
-4.176683723926544189e-02
6.023795157670974731e-02
6.279640644788742065e-02
-6.306509673595428467e-02
1.369544118642807007e-02
3.491897508502006531e-02
6.871922314167022705e-02
1.138045359402894974e-02
4.286133125424385071e-02
7.751885801553726196e-02
-4.089868441224098206e-02
-2.449761889874935150e-02
-1.164825633168220520e-02
-3.735775826498866081e-03
-1.202202867716550827e-02
3.715944662690162659e-02
1.305483374744653702e-02
1.878454163670539856e-02
-7.312691211700439453e-02
8.019093424081802368e-03
-2.460233494639396667e-02
-3.454156685620546341e-03
6.118246912956237793e-02
3.143116459250450134e-02
-2.022007945924997330e-03
2.271837368607521057e-02
-3.083175793290138245e-02
-1.755479490384459496e-03
-2.163904160261154175e-02
-1.335150469094514847e-02
2.502496540546417236e-02
-4.266358911991119385e-02
4.185708984732627869e-02
7.192188501358032227e-02
-1.277369796298444271e-03
2.966254949569702148e-02
3.493075445294380188e-02
2.980988658964633942e-02
-3.284832090139389038e-02
-3.209011256694793701e-02
5.041490867733955383e-02
-4.233544692397117615e-02
5.712971091270446777e-02
5.611974000930786133e-02
4.324703291058540344e-02
-1.733964122831821442e-02
6.513053178787231445e-02
-3.935673832893371582e-02
-6.688721012324094772e-03
-3.120346926152706146e-02
2.819167217239737511e-03
-7.683327421545982361e-03
-9.332178533077239990e-02
-1.210396140813827515e-01
6.514947861433029175e-03
3.924887627363204956e-02
4.374650120735168457e-02
5.827655270695686340e-02
1.434030197560787201e-02
3.036435134708881378e-02
5.007382109761238098e-02
-6.584085524082183838e-02
3.297590091824531555e-02
4.014725983142852783e-02
2.110153995454311371e-02
1.088517066091299057e-02
4.493046179413795471e-02
9.568539098836481571e-04
-2.323005162179470062e-02
7.132745534181594849e-02
2.790615195408463478e-03
2.911218069493770599e-02
2.065351232886314392e-02
7.448178529739379883e-02
-4.352173954248428345e-02
-3.939981386065483093e-02
5.606901273131370544e-02
4.892584308981895447e-02
7.474897801876068115e-02
8.601742982864379883e-02
-1.359921600669622421e-02
-8.460843563079833984e-02
4.792178049683570862e-02
2.542621083557605743e-02
7.565840333700180054e-02
4.953994229435920715e-02
-2.653935551643371582e-02
2.218402549624443054e-02
-3.240514546632766724e-02
3.829661011695861816e-02
-1.261368673294782639e-02
9.446723386645317078e-03
3.039110638201236725e-02
-3.372584655880928040e-02
-6.240265816450119019e-02
-1.118101403117179871e-01
-6.481245160102844238e-03
-9.752684272825717926e-03
-8.402179181575775146e-02
4.269376024603843689e-02
2.070567011833190918e-02
2.115861885249614716e-02
-1.456292625516653061e-02
1.514327526092529297e-02
1.204262394458055496e-02
1.189725007861852646e-02
2.236777730286121368e-02
-2.836493030190467834e-02
-3.541270643472671509e-02
-3.519448265433311462e-02
6.348805129528045654e-02
7.739733159542083740e-02
2.173901908099651337e-02
2.120893634855747223e-02
-4.256904125213623047e-02
1.932542398571968079e-02
4.174916818737983704e-02
1.260574720799922943e-02
-9.761573746800422668e-03
1.095249317586421967e-03
-6.565331568708643317e-05
-6.755330413579940796e-02
-1.691623777151107788e-02
5.073985084891319275e-02
-1.384747400879859924e-02
-1.049405857920646667e-01
-4.147835820913314819e-02
2.920750295743346214e-03
-1.647026045247912407e-03
2.037621848285198212e-02
-2.821056917309761047e-02
7.815734483301639557e-03
7.868858054280281067e-03
-1.230735145509243011e-02
1.656422764062881470e-02
8.151266956701874733e-04
-2.975807990878820419e-03
-8.833240717649459839e-03
-5.416198473540134728e-05
3.268988057971000671e-02
-3.548615053296089172e-02
2.402285858988761902e-02
-6.120516732335090637e-02
1.914320141077041626e-02
4.791380837559700012e-02
-1.137762796133756638e-02
3.772013261914253235e-02
-6.520072370767593384e-02
-1.756946556270122528e-02
5.692121759057044983e-02
-1.273638941347599030e-02
-4.679067432880401611e-02
-3.159246873110532761e-03
-5.388233065605163574e-02
6.435818970203399658e-02
6.644620443694293499e-04
2.614991506561636925e-03
-1.285653281956911087e-02
-6.303080171346664429e-02
5.508778244256973267e-02
-4.255463927984237671e-02
-2.903111162595450878e-04
-9.029929526150226593e-03
-5.393156781792640686e-02
8.839531242847442627e-02
-2.997726202011108398e-02
-2.332147955894470215e-02
-8.061859756708145142e-02
-1.882159523665904999e-02
-6.641390267759561539e-03
-6.551697850227355957e-03
-5.018064007163047791e-02
-7.590248715132474899e-03
-6.347084883600473404e-03
7.462070137262344360e-02
-2.996837347745895386e-02
-4.822048172354698181e-02
2.567350491881370544e-02
-5.556061863899230957e-02
2.156012319028377533e-02
-9.556994773447513580e-03
7.562168687582015991e-02
1.082496717572212219e-02
-5.477643571794033051e-03
7.084963843226432800e-03
7.932315021753311157e-02
-4.226794838905334473e-02
1.648459932766854763e-03
-3.623961284756660461e-02
1.480760145932435989e-02
-2.657547034323215485e-02
-4.151923954486846924e-02
-1.703514717519283295e-02
-5.120886024087667465e-03
4.504878818988800049e-02
4.122079536318778992e-02
8.650766313076019287e-02
1.874446496367454529e-02
-7.958264648914337158e-02
-2.142847329378128052e-02
-1.287697628140449524e-02
3.442856669425964355e-02
-2.648329548537731171e-02
-1.274204440414905548e-02
-4.037130624055862427e-02
-3.854172304272651672e-02
-1.662169210612773895e-02
5.677838996052742004e-02
-3.805141523480415344e-02
-3.549743443727493286e-02
7.835728465579450130e-04
-2.823073603212833405e-02
-6.325047463178634644e-02
1.777530275285243988e-02
4.038915038108825684e-02
-2.441173605620861053e-02
5.401232838630676270e-02
2.435270510613918304e-02
-4.139290656894445419e-03
-2.090026438236236572e-02
1.097574271261692047e-02
1.374349347315728664e-03
-9.519863873720169067e-02
-2.587857097387313843e-02
5.517818033695220947e-02
6.836198270320892334e-02
2.004229463636875153e-03
-6.632693856954574585e-02
-1.246058940887451172e-02
5.179669708013534546e-02
4.521883279085159302e-02
-6.827723234891891479e-02
1.588960364460945129e-02
-8.653355762362480164e-03
-1.870035380125045776e-02
-1.190433185547590256e-02
-7.852011919021606445e-02
-2.823359332978725433e-02
-9.077412076294422150e-03
-4.014977440237998962e-02
5.168115254491567612e-03
7.709578610956668854e-03
4.249926283955574036e-02
4.130216687917709351e-02
1.142309978604316711e-02
-1.034648269414901733e-01
5.786008015275001526e-02
-2.494536340236663818e-03
-2.770794555544853210e-02
-3.200081363320350647e-02
2.718227170407772064e-02
-8.116871467791497707e-04
-2.066839486360549927e-02
-8.734090253710746765e-03
3.938012942671775818e-02
-3.669291362166404724e-02
-2.179626002907752991e-02
-5.358247831463813782e-02
2.264233492314815521e-02
-2.691381797194480896e-02
-2.546574920415878296e-02
1.717778481543064117e-02
4.616974666714668274e-02
-6.704434752464294434e-02
-3.056580014526844025e-02
-1.790682971477508545e-01
4.386131092905998230e-02
5.791383609175682068e-02
-7.246729452162981033e-03
6.050392054021358490e-03
1.581688784062862396e-02
1.730848848819732666e-02
1.703138649463653564e-02
1.903501339256763458e-02
-4.546849057078361511e-02
-1.776946708559989929e-02
2.870009094476699829e-02
1.366160530596971512e-02
7.571346126496791840e-03
1.219905689358711243e-01
2.925804816186428070e-02
-6.023258343338966370e-02
-2.342218905687332153e-02
-2.484892122447490692e-02
-4.707613214850425720e-02
-9.114142507314682007e-02
6.723402440547943115e-02
1.322425752878189087e-01
8.533353358507156372e-02
-2.536083385348320007e-02
3.107164287939667702e-03
-2.545424178242683411e-02
-2.170244418084621429e-02
-2.935708872973918915e-02
-5.161066353321075439e-02
5.690698977559804916e-03
-4.657345265150070190e-02
-3.662948682904243469e-02
8.179215714335441589e-03
1.340486407279968262e-01
-2.157663553953170776e-02
-2.213864959776401520e-02
2.194703184068202972e-02
4.705824423581361771e-03
5.490043386816978455e-02
2.407089993357658386e-02
-2.881021238863468170e-02
4.755783081054687500e-02
6.723085045814514160e-02
3.438926488161087036e-02
-9.820885956287384033e-03
5.694314837455749512e-02
2.829918870702385902e-03
-8.089778572320938110e-02
-7.226089946925640106e-03
1.870235428214073181e-02
-2.479990944266319275e-02
3.448183462023735046e-02
4.985833168029785156e-02
2.625585719943046570e-02
-7.076135836541652679e-03
-1.046755909919738770e-02
6.291978806257247925e-02
-1.450422033667564392e-02
2.002447657287120819e-02
1.742591150104999542e-02
-8.423672057688236237e-03
4.159467667341232300e-02
2.994647715240716934e-03
4.427894204854965210e-02
1.334709580987691879e-02
5.607033520936965942e-02
-8.058191090822219849e-02
7.099149748682975769e-03
7.633782178163528442e-02
-1.982453651726245880e-02
-2.635562978684902191e-02
-3.242967650294303894e-02
-1.034287735819816589e-03
-1.636701170355081558e-03
-1.241421140730381012e-02
3.796992450952529907e-02
6.613530218601226807e-02
3.145337849855422974e-02
1.074821874499320984e-02
-1.839490793645381927e-02
3.137950086966156960e-03
-4.559767618775367737e-02
4.036641493439674377e-02
2.957190014421939850e-02
-5.807656794786453247e-02
6.588565558195114136e-02
1.857923157513141632e-02
2.626565285027027130e-02
-1.876294799149036407e-02
-3.562771156430244446e-02
4.998643696308135986e-02
-2.536833286285400391e-02
-1.125047132372856140e-01
-1.371737420558929443e-01
2.730208076536655426e-02
-3.637172654271125793e-02
-2.671708911657333374e-02
4.658697545528411865e-02
3.032983280718326569e-02
2.217886038124561310e-03
4.138744436204433441e-03
-5.159784108400344849e-02
7.487063854932785034e-02
8.248522132635116577e-02
-7.464762777090072632e-03
-4.008254036307334900e-02
4.390231519937515259e-02
1.043336931616067886e-03
2.927262149751186371e-02
5.675146356225013733e-02
-4.428419843316078186e-02
-3.341686353087425232e-02
7.164746522903442383e-02
7.258307188749313354e-03
-3.630002215504646301e-02
-4.355323687195777893e-02
-3.066868893802165985e-02
2.240403182804584503e-02
4.088813066482543945e-02
7.203265093266963959e-03
-1.546967960894107819e-02
-2.544723264873027802e-02
4.598504677414894104e-02
1.967966854572296143e-01
4.021564498543739319e-02
5.421913042664527893e-02
-3.476024419069290161e-02
-1.390730123966932297e-02
3.945387899875640869e-02
-5.581176839768886566e-03
2.584734931588172913e-02
4.734475165605545044e-02
3.103143899352289736e-05
-1.236923690885305405e-02
8.948903530836105347e-03
-7.365850731730461121e-03
7.506316900253295898e-02
-3.131213411688804626e-02
-4.489814117550849915e-02
3.291485831141471863e-02
2.003171108663082123e-02
-2.776508778333663940e-02
1.714088581502437592e-02
5.222716554999351501e-02
-7.585191633552312851e-03
1.628231443464756012e-02
-8.454668521881103516e-02
-4.036225378513336182e-02
-3.784598410129547119e-02
-4.287482798099517822e-02
-1.276522129774093628e-02
-2.358791418373584747e-02
2.142190374433994293e-02
-3.950800746679306030e-02
1.628829389810562134e-01
3.945790231227874756e-02
-2.642907388508319855e-02
-2.964497543871402740e-02
6.139234825968742371e-02
-4.130148515105247498e-02
-6.663374602794647217e-02
-1.843693479895591736e-02
-1.218931376934051514e-02
-4.324940964579582214e-02
-1.887516491115093231e-02
-2.519915439188480377e-02
5.468893330544233322e-03
-1.964604705572128296e-01
8.239326067268848419e-03
-1.076949238777160645e-01
6.952761113643646240e-02
-4.047466441988945007e-02
-3.432069346308708191e-02
2.795356884598731995e-02
-1.716563105583190918e-02
3.297270834445953369e-02
-5.267981812357902527e-02
2.132351323962211609e-02
-1.744974590837955475e-02
-4.118292778730392456e-02
4.800629243254661560e-02
6.881772726774215698e-02
4.060635715723037720e-02
1.160627417266368866e-02
-4.663230106234550476e-02
-1.685600541532039642e-02
1.078846398741006851e-02
-2.734953071922063828e-03
-2.958592772483825684e-02
2.954253740608692169e-02
-2.928062342107295990e-02
-5.052268132567405701e-02
2.114751376211643219e-02
-3.705122275277972221e-03
-2.411138266324996948e-02
-1.428744569420814514e-02
-4.437569528818130493e-02
3.505284432321786880e-03
2.776427194476127625e-02
-3.005121462047100067e-02
1.763879694044589996e-02
-6.534299254417419434e-02
-2.568886801600456238e-02
8.810419589281082153e-03
2.005527727305889130e-02
1.729980111122131348e-02
7.793392520397901535e-03
-5.431597679853439331e-02
1.206371467560529709e-02
-3.655983507633209229e-02
-4.256075248122215271e-02
1.543700695037841797e-02
6.597732007503509521e-02
4.330829530954360962e-02
1.842362247407436371e-02
2.206266485154628754e-02
2.114227414131164551e-02
