4.733445122838020325e-03
-6.044206209480762482e-03
-2.341558784246444702e-02
-2.444132696837186813e-03
6.449155975133180618e-03
2.836115844547748566e-02
-2.066240459680557251e-02
-2.239723131060600281e-02
-4.479727521538734436e-02
-2.545830560848116875e-03
2.596336416900157928e-02
-2.096721291309222579e-04
-2.322929166257381439e-02
5.998726934194564819e-03
-2.478203922510147095e-02
-1.909881643950939178e-02
-5.152660887688398361e-03
-1.852873247116804123e-04
-9.595733880996704102e-02
7.829364389181137085e-03
1.659717969596385956e-02
-7.508234586566686630e-03
3.245303779840469360e-02
-2.109462395310401917e-02
-4.102873150259256363e-03
-1.610476872883737087e-03
-1.218358706682920456e-02
5.445138085633516312e-03
-9.121876209974288940e-04
1.197058614343404770e-02
-9.796452522277832031e-02
6.914791185408830643e-03
1.901837065815925598e-02
-5.873532500118017197e-04
-1.430264301598072052e-02
9.805682115256786346e-03
4.600828140974044800e-02
-1.557384617626667023e-02
-6.347441114485263824e-03
1.698996871709823608e-02
-7.961001247167587280e-03
-2.211846003774553537e-04
4.207611829042434692e-02
-1.570453494787216187e-02
-3.566902130842208862e-03
-1.082732714712619781e-02
-1.967942528426647186e-02
4.030485637485980988e-03
-7.552359718829393387e-03
8.407882414758205414e-03
3.081145323812961578e-02
7.945141196250915527e-02
-3.858417645096778870e-02
-5.271208286285400391e-02
7.018499076366424561e-03
-2.941057458519935608e-02
-5.196342244744300842e-03
-8.647481910884380341e-03
4.452674686908721924e-01
2.206794917583465576e-02
-2.035584487020969391e-02
6.077781319618225098e-03
-5.486497539095580578e-04
1.012935303151607513e-02
8.672107942402362823e-03
-6.062709260731935501e-03
-1.090025808662176132e-02
3.703733906149864197e-02
-4.591237381100654602e-02
9.072234854102134705e-03
3.934149164706468582e-03
1.697493903338909149e-02
-1.580896973609924316e-02
2.089562639594078064e-02
-2.289017476141452789e-02
-9.968704544007778168e-04
-2.960963919758796692e-02
-3.241021931171417236e-02
7.826460525393486023e-03
-1.957292556762695312e-01
7.863576523959636688e-03
-1.682871021330356598e-02
-9.854403324425220490e-03
-2.208787202835083008e-02
-5.266312137246131897e-02
-2.661984227597713470e-02
-2.035018056631088257e-02
-3.223636746406555176e-02
8.217290975153446198e-03
-2.115731127560138702e-02
-7.781701628118753433e-03
-5.120429769158363342e-02
9.294760972261428833e-02
1.616379246115684509e-02
-3.225328028202056885e-02
1.764778606593608856e-02
2.158197108656167984e-03
-2.546988427639007568e-02
-4.340029787272214890e-03
6.746341474354267120e-03
4.496912471950054169e-03
-1.266502961516380310e-02
-2.911670319736003876e-02
1.311487611383199692e-02
-7.303987629711627960e-03
-1.034060027450323105e-02
-1.316930074244737625e-02
2.111016400158405304e-02
2.175067365169525146e-02
-2.057863585650920868e-02
4.546809196472167969e-02
1.071680616587400436e-02
1.456823851913213730e-02
3.250914439558982849e-02
-1.003199070692062378e-02
-1.100198645144701004e-02
1.967135630548000336e-02
-8.523316122591495514e-03
1.479248609393835068e-02
-2.631077542901039124e-03
1.562459301203489304e-02
2.764806337654590607e-02
2.998372353613376617e-02
-7.618195377290248871e-03
3.223596885800361633e-02
2.624156139791011810e-02
-1.350694801658391953e-03
1.336912740953266621e-03
-1.636526547372341156e-02
1.653092168271541595e-02
4.169229045510292053e-02
2.082439325749874115e-02
7.610409520566463470e-03
2.874270826578140259e-02
-2.055019885301589966e-02
-4.813465289771556854e-03
8.320987224578857422e-03
2.881306968629360199e-02
-5.126324295997619629e-02
6.995372008532285690e-03
1.129361614584922791e-01
4.160689935088157654e-02
-3.068999387323856354e-02
4.522986337542533875e-02
-2.105891238898038864e-03
-1.978316009044647217e-01
-2.708582580089569092e-02
-1.641800440847873688e-02
-2.528876997530460358e-02
-9.865564294159412384e-03
5.122523754835128784e-02
4.109165444970130920e-02
1.485453685745596886e-03
-1.288599567487835884e-03
1.142929960042238235e-02
-2.948978543281555176e-02
4.017313569784164429e-02
-2.755079185590147972e-03
3.960127010941505432e-02
2.804328873753547668e-02
3.210793714970350266e-03
1.261928975582122803e-01
-3.476701676845550537e-02
2.058749087154865265e-02
-1.131443399935960770e-02
-1.886133849620819092e-02
3.247079625725746155e-02
-1.046968903392553329e-02
1.254028291441500187e-03
1.981933228671550751e-02
-1.400546263903379440e-02
-2.123930491507053375e-02
1.134805660694837570e-02
-2.336798422038555145e-02
6.668608635663986206e-03
1.183808781206607819e-03
1.274678856134414673e-02
1.441964413970708847e-02
-3.857777453958988190e-03
3.052329272031784058e-02
2.967535145580768585e-02
1.483826618641614914e-02
9.717241860926151276e-03
-2.150323614478111267e-02
4.335401952266693115e-02
-2.513714432716369629e-01
1.932961195707321167e-01
7.914247922599315643e-03
-2.221857430413365364e-03
3.796720877289772034e-02
-3.161152079701423645e-02
5.604899954050779343e-03
-3.728027641773223877e-02
2.615071600303053856e-03
-2.366673946380615234e-02
1.143617834895849228e-02
3.100272826850414276e-02
1.360184885561466217e-02
1.384191960096359253e-02
-2.579732425510883331e-02
-7.485192269086837769e-03
2.819903427734971046e-03
5.889286473393440247e-02
1.679394766688346863e-02
2.821223996579647064e-02
-4.447680711746215820e-02
-4.712215741164982319e-04
-4.982676822692155838e-03
7.786282338201999664e-03
7.001549750566482544e-02
2.394415438175201416e-02
4.580469336360692978e-03
1.458388473838567734e-02
1.129790325649082661e-04
2.661024965345859528e-02
2.204072428867220879e-03
-2.602402307093143463e-02
3.871549665927886963e-02
-2.844778075814247131e-02
-3.455474227666854858e-02
-8.151604793965816498e-03
-6.525011062622070312e-01
8.980892598628997803e-03
-3.701340639963746071e-03
4.863287322223186493e-03
-5.489856936037540436e-03
2.904503419995307922e-02
-5.413380451500415802e-03
1.738588139414787292e-02
3.740875795483589172e-02
-2.521245740354061127e-02
1.443903800100088120e-02
4.556507803499698639e-03
6.069703958928585052e-03
-6.767061352729797363e-02
1.907013729214668274e-02
1.999786309897899628e-02
-2.424073964357376099e-02
-2.080038003623485565e-02
2.370169200003147125e-02
3.583570197224617004e-02
1.536469557322561741e-03
8.582207560539245605e-02
-2.190602011978626251e-02
-1.302992273122072220e-02
-1.079549081623554230e-02
2.730118483304977417e-02
-3.569631278514862061e-02
2.958403900265693665e-02
3.352243453264236450e-02
-2.318879775702953339e-02
1.520509598776698112e-03
3.238034620881080627e-02
1.994561590254306793e-02
3.323170589283108711e-03
1.953024044632911682e-02
-1.850075460970401764e-02
2.280063740909099579e-02
1.709205843508243561e-02
1.265913993120193481e-02
-9.686959907412528992e-03
-1.691360585391521454e-02
6.857247650623321533e-02
-4.259756766259670258e-03
7.464293390512466431e-02
-2.242698334157466888e-02
1.259372662752866745e-02
7.732662558555603027e-02
-2.081030048429965973e-02
-5.110674072057008743e-03
5.008311569690704346e-02
3.983052074909210205e-02
2.384737133979797363e-02
2.006242051720619202e-02
7.296243309974670410e-02
-7.585068047046661377e-02
2.048753760755062103e-02
3.069704771041870117e-02
-3.434610739350318909e-02
5.243819206953048706e-02
6.191775202751159668e-02
2.806736715137958527e-02
9.624054282903671265e-02
-5.370008945465087891e-02
4.258292540907859802e-02
6.616631150245666504e-02
6.973544135689735413e-03
3.509644046425819397e-02
7.665603607892990112e-02
-5.976806581020355225e-02
3.078599087893962860e-02
-1.079296320676803589e-01
3.290828317403793335e-02
8.021924644708633423e-03
2.493711002171039581e-02
1.679234392940998077e-02
-5.392670631408691406e-02
-2.160722389817237854e-02
-7.955860346555709839e-03
8.923448622226715088e-02
-4.292868543416261673e-03
-6.118939490988850594e-04
9.306653141975402832e-01
2.163988910615444183e-02
-3.049873188138008118e-02
5.568140652030706406e-03
1.908692531287670135e-02
1.476471573114395142e-01
2.431617677211761475e-02
3.466384857892990112e-02
-4.172927886247634888e-02
-2.299624308943748474e-02
5.644186958670616150e-02
-1.551617588847875595e-02
1.060164812952280045e-02
3.569237515330314636e-02
-1.029154285788536072e-03
2.586780302226543427e-02
-5.826820153743028641e-03
-2.031734026968479156e-02
-4.790381528437137604e-03
-4.987851250916719437e-03
-7.402647752314805984e-03
-5.385044962167739868e-02
-5.046755541115999222e-03
-1.160612143576145172e-02
1.109761768020689487e-03
3.609623014926910400e-02
-3.667556121945381165e-02
-1.208072062581777573e-02
1.965752616524696350e-02
4.577520489692687988e-02
3.316437453031539917e-02
-5.744596011936664581e-03
1.690133288502693176e-02
-2.936206571757793427e-02
-6.088658049702644348e-02
-1.056455448269844055e-02
5.794522911310195923e-02
3.245861828327178955e-02
3.383923321962356567e-02
-6.878194864839315414e-03
-3.212894499301910400e-02
-2.422171831130981445e-02
6.862371414899826050e-02
-4.307809844613075256e-02
-3.547469154000282288e-02
-6.755923852324485779e-03
9.109001606702804565e-03
-3.492524102330207825e-02
1.039637550711631775e-01
4.770246520638465881e-02
4.559471271932125092e-03
1.080199331045150757e-02
1.032590214163064957e-02
3.493932774290442467e-03
-4.949413239955902100e-03
-5.120494216680526733e-02
5.794699490070343018e-02
2.937517710961401463e-04
-1.531827077269554138e-02
7.634184509515762329e-02
-5.224779993295669556e-02
-1.168055646121501923e-02
2.225915715098381042e-02
-7.833402603864669800e-03
-2.453020401298999786e-02
-5.385794490575790405e-02
-6.003988534212112427e-02
7.703990489244461060e-02
1.204215921461582184e-02
7.549346238374710083e-02
5.689308047294616699e-02
3.753362968564033508e-02
3.174297511577606201e-02
-5.792560800909996033e-02
5.377316474914550781e-02
8.662975393235683441e-03
-1.068987604230642319e-02
-2.385541051626205444e-02
-3.441647440195083618e-02
4.589263722300529480e-02
6.242687255144119263e-02
2.972948178648948669e-02
1.658681035041809082e-02
3.658357262611389160e-02
2.068327926099300385e-02
1.113991905003786087e-02
-6.256081629544496536e-03
-1.316349208354949951e-02
-4.775884374976158142e-02
7.341978489421308041e-04
-2.141252532601356506e-02
6.032491475343704224e-02
4.467833787202835083e-02
-2.795360982418060303e-02
-1.831954158842563629e-02
-3.977457433938980103e-02
-4.157835990190505981e-02
5.887584760785102844e-02
-5.494130309671163559e-03
-9.878788841888308525e-04
-5.073790624737739563e-02
4.064554348587989807e-02
9.138807654380798340e-03
2.644293755292892456e-02
-1.224287971854209900e-02
-5.981377325952053070e-03
4.569616168737411499e-02
-5.310537759214639664e-03
-6.409075111150741577e-02
1.750556379556655884e-02
7.924736477434635162e-03
1.616417057812213898e-02
2.438713796436786652e-02
-1.056697778403759003e-02
-3.078599832952022552e-02
-1.170093193650245667e-03
1.088062487542629242e-02
3.028564713895320892e-02
-1.394457276910543442e-02
2.320032566785812378e-02
-3.400131687521934509e-02
-1.085359305143356323e-01
3.601053729653358459e-02
5.078920628875494003e-03
-5.068995058536529541e-02
-1.071893610060214996e-02
2.665577828884124756e-02
-6.909794360399246216e-02
4.383748397231101990e-02
3.206346929073333740e-02
2.375548332929611206e-02
-3.214779868721961975e-02
4.727471154183149338e-03
3.542482852935791016e-02
-2.788122370839118958e-02
-8.376352488994598389e-03
1.002203300595283508e-02
-6.094725802540779114e-02
1.860903762280941010e-02
-1.741338171996176243e-03
1.950152218341827393e-02
-4.051868803799152374e-03
-3.107166104018688202e-02
6.089621409773826599e-02
3.490317985415458679e-02
-1.345931440591812134e-01
6.595303118228912354e-02
5.690058693289756775e-02
-2.479728683829307556e-02
-3.140066191554069519e-02
3.307478502392768860e-02
-3.370281681418418884e-02
-5.900439620018005371e-02
-6.366394460201263428e-03
-1.895636878907680511e-02
-7.332404609769582748e-03
-1.201585587114095688e-02
5.096218734979629517e-02
6.575928628444671631e-02
-7.111267000436782837e-02
2.014466561377048492e-02
-3.496731817722320557e-02
1.389519404619932175e-02
-2.079071104526519775e-02
1.158804912120103836e-02
7.892862893640995026e-03
1.910923421382904053e-02
5.836163461208343506e-02
-9.714282117784023285e-03
3.097900655120611191e-03
2.124681137502193451e-02
-2.745023183524608612e-02
7.285706233233213425e-04
-5.753885488957166672e-03
5.718088708817958832e-03
1.532064937055110931e-02
6.589720398187637329e-02
3.207141906023025513e-02
2.098605036735534668e-02
-2.808686532080173492e-02
-5.167552456259727478e-02
-2.129727415740489960e-02
2.732332237064838409e-02
-4.574890807271003723e-02
2.928495639935135841e-03
-5.780389532446861267e-02
-6.142273545265197754e-02
-7.982586510479450226e-03
-1.415487285703420639e-02
-6.569797545671463013e-02
-5.336779728531837463e-02
7.442972064018249512e-02
1.023767516016960144e-02
3.891264647245407104e-02
-4.043793678283691406e-02
-1.768857054412364960e-02
4.659677669405937195e-02
-3.886361792683601379e-02
-1.008139029145240784e-01
3.567629307508468628e-02
-2.034971304237842560e-02
-6.967403739690780640e-02
2.141124010086059570e-02
8.483209647238254547e-03
-4.062593728303909302e-02
-3.681387752294540405e-02
-1.152959652245044708e-02
-1.098207682371139526e-01
-3.972939681261777878e-03
-3.761292994022369385e-02
-3.353474661707878113e-03
7.919521629810333252e-02
1.070602051913738251e-02
-8.419932797551155090e-03
-1.968750171363353729e-02
3.830988425761461258e-03
2.209284575656056404e-03
-3.619624674320220947e-02
-3.642021620180457830e-04
-2.143457159399986267e-02
-4.748726263642311096e-02
-2.728007547557353973e-02
-2.659649401903152466e-02
-1.689925193786621094e-01
6.846877932548522949e-02
2.337528951466083527e-02
-5.622049793601036072e-02
1.370106823742389679e-02
6.399237364530563354e-02
-4.778557270765304565e-02
-4.036806058138608932e-03
2.651586569845676422e-02
1.380806416273117065e-01
-2.346312254667282104e-02
-6.401892285794019699e-03
5.304995574988424778e-04
-2.920394390821456909e-02
2.948378026485443115e-02
2.547903172671794891e-02
-1.295921299606561661e-02
-1.046873256564140320e-02
4.081512615084648132e-02
-3.624525293707847595e-02
2.507747896015644073e-02
2.294181101024150848e-02
-2.694185078144073486e-02
-1.662922278046607971e-02
-6.741327047348022461e-02
3.197017824277281761e-03
2.776350360363721848e-03
-1.434485428035259247e-02
4.226196184754371643e-02
-2.071176096796989441e-02
1.005422472953796387e-01
3.887309134006500244e-02
-9.235705249011516571e-03
3.355985879898071289e-02
-5.317755416035652161e-02
-6.829498708248138428e-02
-2.342489175498485565e-02
3.793909028172492981e-02
-3.063989803194999695e-02
-3.372782142832875252e-03
6.773590296506881714e-02
1.513679418712854385e-02
1.248653698712587357e-02
1.281911740079522133e-03
-2.810669131577014923e-03
-2.071310766041278839e-02
1.551334280520677567e-02
5.471265688538551331e-02
1.788774505257606506e-02
3.762315586209297180e-02
4.191759228706359863e-02
-1.213863212615251541e-02
-2.114422619342803955e-02
1.895270682871341705e-02
-3.652889281511306763e-02
-2.125533111393451691e-02
3.995556011795997620e-02
3.914069756865501404e-02
-6.858018040657043457e-02
-1.866014860570430756e-02
-4.247315227985382080e-02
2.141201868653297424e-02
-1.613510772585868835e-02
-7.119149714708328247e-02
2.983701974153518677e-02
-9.982299059629440308e-03
-3.467879071831703186e-02
4.147743806242942810e-03
-3.041802672669291496e-03
-5.210911110043525696e-02
-1.618292927742004395e-02
1.324650482274591923e-03
-1.728254742920398712e-02
8.405898697674274445e-03
-4.407708067446947098e-03
5.475251004099845886e-03
3.850484639406204224e-02
-6.915542483329772949e-02
3.709262236952781677e-02
-4.903220385313034058e-02
-3.569483757019042969e-02
-8.245147764682769775e-02
2.167757600545883179e-02
2.213730011135339737e-03
4.121942445635795593e-02
4.602216649800539017e-03
1.076776757836341858e-01
-2.035463601350784302e-02
3.208565339446067810e-02
-1.850382387638092041e-01
-5.508746951818466187e-02
6.652987003326416016e-02
5.978804081678390503e-02
-6.673803087323904037e-03
-4.508852586150169373e-02
-1.781033724546432495e-02
5.625607818365097046e-02
-3.470400988589972258e-04
1.327689364552497864e-02
-2.141449414193630219e-02
7.121653854846954346e-02
4.834438860416412354e-02
-4.822103306651115417e-02
5.249841883778572083e-02
2.466585114598274231e-02
-5.992207303643226624e-02
-2.732351794838905334e-02
-3.942025825381278992e-02
1.037546084262430668e-03
-4.990574344992637634e-02
1.020840927958488464e-01
1.044740602374076843e-01
3.608642145991325378e-02
-4.546257480978965759e-02
2.101688459515571594e-02
-7.408759742975234985e-02
-6.127945147454738617e-03
2.900665253400802612e-02
-5.607175827026367188e-02
-3.488915041089057922e-02
-8.990087546408176422e-03
-2.078157477080821991e-02
-5.984479188919067383e-02
1.307111978530883789e-01
1.233660615980625153e-02
1.330108847469091415e-02
9.911581873893737793e-02
-3.224344924092292786e-02
7.476079463958740234e-02
-7.305914070457220078e-03
2.345997840166091919e-02
5.273723229765892029e-02
-1.680671609938144684e-02
-2.942943247035145760e-03
8.721975609660148621e-03
3.494828194379806519e-02
-5.500735342502593994e-02
-2.857626788318157196e-02
7.045389711856842041e-02
-3.475928306579589844e-02
8.094378747045993805e-03
-3.801121935248374939e-02
7.021871209144592285e-02
6.494296342134475708e-02
-3.766954690217971802e-02
8.892679587006568909e-03
-6.135545670986175537e-03
-1.088006645441055298e-01
-1.748077385127544403e-02
6.896373629570007324e-02
-5.847594514489173889e-02
-7.877562195062637329e-02
3.667839244008064270e-02
-2.280633151531219482e-02
-4.597300663590431213e-02
8.450365811586380005e-02
6.093166768550872803e-03
1.362341269850730896e-02
1.039643064141273499e-01
4.303914681077003479e-02
-1.705600321292877197e-02
2.527257613837718964e-02
2.676431322470307350e-03
-4.211694374680519104e-02
2.361776120960712433e-02
1.541842520236968994e-02
2.747702971100807190e-02
-2.102140523493289948e-02
1.806405559182167053e-02
-6.143686920404434204e-02
-4.909917712211608887e-02
-2.438717149198055267e-02
4.479146003723144531e-02
3.317212685942649841e-03
-5.883033853024244308e-03
1.115941181778907776e-01
-3.805148229002952576e-02
-8.777281269431114197e-03
-2.439470961689949036e-02
-7.142056524753570557e-02
-1.713182218372821808e-02
-3.564452007412910461e-02
-8.651333302259445190e-02
-1.323641538619995117e-01
3.376963734626770020e-02
-6.399647146463394165e-02
-3.179111704230308533e-02
-3.033515764400362968e-03
-1.693413034081459045e-02
-3.972335532307624817e-02
-3.208538517355918884e-02
5.564160179346799850e-03
3.210266120731830597e-03
1.579518169164657593e-01
-1.086248643696308136e-02
-3.388774022459983826e-02
2.975779026746749878e-02
-2.245367690920829773e-02
-3.258689492940902710e-02
-6.297170650213956833e-03
1.706459000706672668e-02
1.238306635059416294e-03
2.495033480226993561e-02
-4.544686060398817062e-03
4.124850966036319733e-03
7.059851195663213730e-04
-4.050096124410629272e-02
-2.551168762147426605e-02
2.152618579566478729e-02
-3.728556912392377853e-03
1.520701218396425247e-02
-4.178969562053680420e-02
7.480815052986145020e-02
1.540421098470687866e-01
1.552827376872301102e-02
2.432241663336753845e-02
-2.870527096092700958e-02
-2.357229962944984436e-02
2.519890898838639259e-03
4.846032336354255676e-02
4.323760792613029480e-02
1.123795099556446075e-02
-5.994566902518272400e-02
-8.117792755365371704e-02
1.124573592096567154e-02
-2.249119244515895844e-02
-2.840449847280979156e-02
-6.658677756786346436e-02
3.445041179656982422e-02
2.253325469791889191e-02
1.881121471524238586e-02
-2.898913621902465820e-02
-4.381555598229169846e-03
1.980033703148365021e-02
7.380975037813186646e-02
-9.932194650173187256e-02
-6.609696149826049805e-02
-6.101375445723533630e-03
-1.266124378889799118e-02
1.483220234513282776e-02
-2.541733905673027039e-02
-5.259070172905921936e-02
-6.499783601611852646e-03
-5.837902799248695374e-02
9.659713506698608398e-02
3.526290133595466614e-02
1.667089574038982391e-02
4.945515096187591553e-02
4.771155491471290588e-02
4.643465578556060791e-02
-2.109240181744098663e-02
-6.195072084665298462e-02
1.361101120710372925e-02
-2.070133388042449951e-02
3.121168166399002075e-02
-4.183309152722358704e-02
-4.163674265146255493e-02
-1.679469197988510132e-01
-4.460798949003219604e-02
-3.738942369818687439e-02
-1.366946753114461899e-02
1.948775537312030792e-02
-1.253427378833293915e-02
2.288320846855640411e-02
-2.471744455397129059e-02
-2.699332498013973236e-02
1.087454147636890411e-02
4.402353987097740173e-02
1.021994370967149734e-02
-3.262572363018989563e-02
-7.444049697369337082e-03
3.630969673395156860e-03
3.630058094859123230e-02
2.482584305107593536e-02
-1.528896391391754150e-02
-3.692421689629554749e-02
-1.342854183167219162e-02
5.855325981974601746e-02
4.497728124260902405e-02
4.759989678859710693e-03
-2.366461604833602905e-02
-1.405144855380058289e-02
3.120559640228748322e-02
-3.096641227602958679e-02
1.016880758106708527e-02
5.921594798564910889e-02
-5.077719688415527344e-02
-5.846199020743370056e-02
1.313387509435415268e-02
5.846779327839612961e-03
5.996803939342498779e-02
-1.529375906102359295e-03
2.898202836513519287e-02
-1.667554862797260284e-02
-4.579855129122734070e-02
9.529480710625648499e-03
-4.067713767290115356e-02
-2.705737762153148651e-02
-5.017662886530160904e-03
-9.208573028445243835e-03
1.982900872826576233e-02
1.907875761389732361e-02
2.182566374540328979e-02
1.722528785467147827e-02
7.724541425704956055e-02
8.201494812965393066e-03
-4.696878418326377869e-02
