-1.335014868527650833e-02
7.304083555936813354e-04
-4.078246280550956726e-02
1.460189092904329300e-02
-1.137406798079609871e-03
2.123643457889556885e-02
1.656282693147659302e-03
-2.210997045040130615e-02
-9.394396096467971802e-03
-7.650193874724209309e-04
1.831205794587731361e-03
-1.869313791394233704e-02
5.712551996111869812e-03
-2.763607725501060486e-02
-1.071903109550476074e-02
1.365115749649703503e-03
-1.102880388498306274e-02
3.102171933278441429e-03
-5.475596711039543152e-02
-5.718334577977657318e-03
1.531260833144187927e-02
-1.477372832596302032e-02
4.635386914014816284e-02
-2.774438448250293732e-02
3.211243543773889542e-03
1.509545277804136276e-02
-8.329207077622413635e-03
6.277942564338445663e-03
9.830362163484096527e-03
-6.929435301572084427e-03
-6.873105466365814209e-02
-1.193339005112648010e-02
8.982382714748382568e-03
-2.207592315971851349e-02
-2.294276840984821320e-02
6.605043075978755951e-03
3.010741993784904480e-02
-2.102315984666347504e-02
-1.148578431457281113e-02
1.108306460082530975e-02
1.207565143704414368e-02
-7.921597920358181000e-03
1.805772818624973297e-02
-1.128441281616687775e-02
6.742212921380996704e-03
1.021625474095344543e-02
-2.146268822252750397e-02
-1.399247348308563232e-02
-1.937278360128402710e-02
2.516706660389900208e-02
1.265962608158588409e-02
7.932236045598983765e-02
-4.609400406479835510e-02
4.396175965666770935e-03
1.339524984359741211e-02
-9.373511187732219696e-03
4.798018373548984528e-03
1.710545038804411888e-03
4.519087970256805420e-01
4.000618308782577515e-02
-1.024455204606056213e-02
-1.097179669886827469e-02
-1.165651343762874603e-02
9.820315986871719360e-03
2.081926912069320679e-02
-1.426911260932683945e-02
-3.922364674508571625e-03
1.744969375431537628e-02
-1.684127375483512878e-02
-6.660660728812217712e-03
-1.627630554139614105e-02
1.190648507326841354e-02
-6.589339114725589752e-03
9.431120008230209351e-03
-2.270258404314517975e-02
-3.203349187970161438e-02
-1.180028915405273438e-02
-1.331939548254013062e-02
6.926636211574077606e-03
-1.572892367839813232e-01
2.434772625565528870e-02
-1.535709295421838760e-02
2.151191793382167816e-02
-1.400234270840883255e-02
-5.753328651189804077e-02
-3.337443992495536804e-02
-4.962452873587608337e-02
-2.370944432914257050e-02
1.327877305448055267e-02
-4.726881161332130432e-03
-2.761942707002162933e-02
-6.477048248052597046e-02
1.126633286476135254e-01
-1.146754249930381775e-03
-1.786954514682292938e-02
1.335980184376239777e-02
-3.781570121645927429e-04
-4.770662635564804077e-02
1.977777341380715370e-03
1.798466593027114868e-02
7.730757817625999451e-03
-1.850477606058120728e-02
-2.133680135011672974e-02
5.805472377687692642e-03
-2.631531795486807823e-03
-8.997431956231594086e-03
-1.319923670962452888e-03
2.216044068336486816e-02
8.443522267043590546e-03
-2.532281354069709778e-02
1.108975615352392197e-02
-1.534619461745023727e-02
3.014692338183522224e-04
1.638763467781245708e-03
3.105535171926021576e-03
-1.983521319925785065e-02
4.718295857310295105e-02
-8.762164041399955750e-03
-9.624311700463294983e-03
2.083831839263439178e-02
3.033633902668952942e-02
2.114124782383441925e-02
-4.652028437703847885e-03
1.497310772538185120e-02
2.462805248796939850e-03
1.916971756145358086e-03
1.961616426706314087e-02
-1.952452585101127625e-02
-1.366325654089450836e-02
4.262863192707300186e-03
2.573196962475776672e-02
4.583321046084165573e-03
3.068952634930610657e-02
3.626020392403006554e-03
-1.915233023464679718e-02
-1.283517759293317795e-02
5.260908510535955429e-03
-3.536198753863573074e-03
-6.566674262285232544e-02
7.629660889506340027e-03
9.760671854019165039e-02
1.571763679385185242e-02
3.727288683876395226e-03
3.142908960580825806e-02
1.041159313172101974e-02
-1.449409127235412598e-01
-1.835560984909534454e-02
1.284865778870880604e-03
-1.571534201502799988e-02
3.901509102433919907e-03
6.284631043672561646e-02
3.040299750864505768e-02
8.136319927871227264e-03
-1.249409653246402740e-02
6.338118109852075577e-03
-2.809168212115764618e-02
1.977638900279998779e-02
-1.379510387778282166e-02
3.431033715605735779e-02
8.693278767168521881e-03
1.361316419206559658e-03
1.057399064302444458e-01
-2.422274556010961533e-03
-1.992446742951869965e-02
-9.673002175986766815e-03
-1.810766197741031647e-02
4.727022722363471985e-02
-1.585613004863262177e-02
5.734554491937160492e-03
3.727926686406135559e-02
-3.980733919888734818e-03
-2.127187140285968781e-02
1.191799342632293701e-02
-1.111502759158611298e-02
1.464880909770727158e-02
2.116618119180202484e-02
-8.194285444915294647e-03
7.942970842123031616e-03
1.863451115787029266e-02
1.004146505147218704e-02
3.045729547739028931e-02
2.737709693610668182e-02
1.923764869570732117e-02
-2.366300858557224274e-02
4.192668944597244263e-02
-2.036129832267761230e-01
1.834684908390045166e-01
2.811441197991371155e-02
-7.195320446044206619e-03
2.493325062096118927e-02
-3.123936243355274200e-02
-1.993632130324840546e-02
-3.728069365024566650e-02
5.036327638663351536e-04
5.962222930975258350e-04
-1.205498352646827698e-02
-1.293520256876945496e-02
1.878526061773300171e-02
9.105460718274116516e-03
-2.048593945801258087e-02
1.671648956835269928e-02
1.336345355957746506e-02
5.195500329136848450e-02
-4.316157661378383636e-03
1.589006744325160980e-02
-3.983995318412780762e-02
2.342054992914199829e-02
4.055770579725503922e-03
-8.752141147851943970e-03
6.898906826972961426e-02
8.484899997711181641e-03
-2.016161597566679120e-04
1.225538365542888641e-02
-1.672897301614284515e-02
-2.481160499155521393e-02
3.967216238379478455e-03
-1.887778192758560181e-02
1.674570515751838684e-02
-2.156625874340534210e-02
2.597605576738715172e-03
-5.892030429095029831e-03
-7.149354219436645508e-01
7.012975984252989292e-04
-7.848006673157215118e-03
9.039559401571750641e-03
-1.056494750082492828e-02
2.380925230681896210e-02
-1.753429323434829712e-02
1.418380439281463623e-02
1.212906092405319214e-02
-4.065910819917917252e-03
3.627262637019157410e-02
-2.047725953161716461e-02
2.231829427182674408e-02
-6.711985915899276733e-02
1.410578563809394836e-02
-5.809810012578964233e-03
2.812912920489907265e-03
-1.746953465044498444e-02
3.399214521050453186e-02
-5.337112583220005035e-03
1.116492226719856262e-02
4.641737416386604309e-02
-4.419061541557312012e-02
-6.908896379172801971e-03
-2.093653380870819092e-02
1.934978179633617401e-02
-1.640141755342483521e-02
3.653188049793243408e-02
3.542681038379669189e-02
-2.931515686213970184e-02
3.554457426071166992e-02
3.212124109268188477e-02
2.182699367403984070e-02
3.214111784473061562e-03
4.065002128481864929e-02
6.785516440868377686e-02
7.379104942083358765e-02
2.869975380599498749e-02
9.139789268374443054e-03
3.325820341706275940e-02
-1.155761554837226868e-01
9.169974923133850098e-02
8.285430260002613068e-03
-2.505012042820453644e-02
-6.134280189871788025e-02
5.178634077310562134e-02
-4.898164793848991394e-02
-1.995299011468887329e-01
-6.174253672361373901e-02
-1.417926419526338577e-02
9.087689220905303955e-02
5.902991816401481628e-02
9.255243092775344849e-02
5.402950942516326904e-02
2.008737064898014069e-02
2.669525332748889923e-03
-6.965280324220657349e-02
8.767565712332725525e-03
-2.817239053547382355e-02
-2.143083512783050537e-02
1.154507976025342941e-03
9.940953552722930908e-02
-1.089080721139907837e-01
7.793641835451126099e-02
3.068837337195873260e-02
7.687924802303314209e-02
7.703021168708801270e-02
1.069067418575286865e-01
-2.824307233095169067e-02
7.155025005340576172e-02
-3.955741599202156067e-02
2.436058595776557922e-02
-5.149962753057479858e-02
2.924637123942375183e-02
-3.055780194699764252e-02
-1.256167739629745483e-01
-6.391572207212448120e-02
1.010611057281494141e-01
-1.609195396304130554e-02
4.910972714424133301e-02
1.970621943473815918e-02
8.388852477073669434e-01
1.288903877139091492e-02
-4.451266303658485413e-02
-1.398306991904973984e-02
-3.719191625714302063e-02
1.653472632169723511e-01
-1.664255000650882721e-02
1.337780803442001343e-02
-1.001890599727630615e-01
-7.042944431304931641e-03
1.346505433320999146e-01
-8.331218361854553223e-02
-6.272639334201812744e-02
-4.711846355348825455e-03
-3.039462305605411530e-02
-6.826186925172805786e-02
-5.991598591208457947e-02
-4.192488640546798706e-02
-1.566810905933380127e-02
2.182720229029655457e-02
2.932271920144557953e-02
-1.779446192085742950e-02
1.611420512199401855e-02
1.976924203336238861e-02
9.827096946537494659e-04
3.276530187577009201e-03
-6.153187900781631470e-02
-1.059643179178237915e-02
9.279089979827404022e-03
2.577774040400981903e-02
-2.941303886473178864e-03
-4.585843905806541443e-02
-1.312748342752456665e-02
-2.996379137039184570e-02
1.313841715455055237e-02
-2.701153419911861420e-02
-2.682192064821720123e-02
9.752294979989528656e-03
-6.112552434206008911e-02
-2.821655943989753723e-02
-9.987348318099975586e-02
-1.788832060992717743e-02
1.167562752962112427e-01
-1.255896966904401779e-02
-4.756927955895662308e-03
-4.136440902948379517e-02
-1.966494321823120117e-02
-3.471839800477027893e-02
1.122088879346847534e-01
1.381140667945146561e-02
-4.586166515946388245e-02
7.803344726562500000e-02
-2.217491716146469116e-02
5.371312797069549561e-02
2.937869355082511902e-02
5.287463776767253876e-03
-1.090550236403942108e-02
-6.457970291376113892e-02
2.705086208879947662e-02
-8.716923184692859650e-03
-2.831349149346351624e-03
-1.195672433823347092e-02
9.767476469278335571e-03
-1.899368129670619965e-02
2.063632942736148834e-02
-2.714776061475276947e-02
-2.821380272507667542e-02
3.104124404489994049e-02
-2.539455890655517578e-02
1.119418069720268250e-01
3.873552381992340088e-02
1.344193890690803528e-02
4.221998527646064758e-02
-2.385053411126136780e-02
-7.170163094997406006e-02
1.537177595309913158e-03
-7.559666037559509277e-02
2.041487582027912140e-02
-9.636793285608291626e-03
3.196664899587631226e-02
5.903740972280502319e-02
2.026903070509433746e-02
1.239483803510665894e-02
3.265102207660675049e-02
3.044902160763740540e-02
3.216412384063005447e-03
2.754270657896995544e-02
-1.497884280979633331e-02
7.145752664655447006e-03
4.690368101000785828e-02
1.347732497379183769e-03
-7.758793653920292854e-04
-4.718899261206388474e-03
5.370903760194778442e-02
-9.414428845047950745e-03
4.679474979639053345e-02
-3.915433213114738464e-02
-1.473230076953768730e-03
2.778298949124291539e-05
-2.156148664653301239e-03
-1.021695882081985474e-01
7.287095650099217892e-05
2.504133060574531555e-02
1.141387447714805603e-01
2.715360559523105621e-02
-2.073516137897968292e-02
1.808967627584934235e-02
1.367100887000560760e-02
-7.419194281101226807e-02
2.248604036867618561e-02
1.232856046408414841e-02
-6.924078799784183502e-03
3.724981099367141724e-02
-9.921729564666748047e-03
2.276392467319965363e-02
-2.645588666200637817e-02
5.992184951901435852e-02
1.223772950470447540e-02
1.927238516509532928e-02
3.425892814993858337e-02
3.055985085666179657e-02
-9.448077529668807983e-02
-3.754910081624984741e-02
-3.305792808532714844e-02
-9.331977926194667816e-03
2.648723870515823364e-02
8.047508448362350464e-02
-1.113036368042230606e-02
-1.608098670840263367e-02
5.037548393011093140e-02
1.331601478159427643e-02
3.556021675467491150e-02
5.351139232516288757e-03
-1.781034655869007111e-02
-1.047965604811906815e-02
-3.199456259608268738e-02
6.142982468008995056e-02
1.147191599011421204e-02
-8.579577319324016571e-03
5.543951690196990967e-02
-3.127854317426681519e-02
-4.955148696899414062e-02
-9.612254053354263306e-02
1.371069252490997314e-02
-1.352052018046379089e-02
-1.475594043731689453e-01
7.191596180200576782e-02
1.072121635079383850e-01
1.125554833561182022e-02
2.524442784488201141e-02
3.325193747878074646e-02
2.272857353091239929e-03
3.833600785583257675e-03
-2.063199318945407867e-02
2.723883464932441711e-02
-9.454078041017055511e-03
-5.614127591252326965e-02
4.523344710469245911e-02
7.117629051208496094e-02
7.261071819812059402e-03
3.764035925269126892e-02
-1.250671967864036560e-02
-4.528283607214689255e-03
6.192134227603673935e-03
1.151549722999334335e-02
3.372424095869064331e-02
2.620959095656871796e-02
1.963812299072742462e-02
-1.975268125534057617e-02
1.272715907543897629e-02
1.532562356442213058e-02
-5.381483957171440125e-02
-2.811779454350471497e-02
-4.325953498482704163e-02
-7.686590310186147690e-03
-1.939943642355501652e-03
4.682591557502746582e-02
6.783416029065847397e-03
-6.303695030510425568e-03
-6.083827465772628784e-04
-8.207115344703197479e-03
1.211939100176095963e-02
4.097095131874084473e-02
-3.076999215409159660e-03
8.667678921483457088e-04
3.641312196850776672e-02
-1.640154607594013214e-02
-3.924256190657615662e-02
1.869679987430572510e-02
-3.710704296827316284e-02
-1.924710720777511597e-02
4.254255071282386780e-02
1.716257259249687195e-02
3.755786642432212830e-02
-1.264906302094459534e-02
-6.613790988922119141e-02
4.307191818952560425e-02
6.540581816807389259e-04
-2.553340233862400055e-02
-3.849070519208908081e-02
-4.203215613961219788e-02
1.349849998950958252e-02
-1.212374679744243622e-02
-2.752302587032318115e-02
-1.346831489354372025e-02
-3.853444382548332214e-02
1.472625508904457092e-02
-8.145355433225631714e-02
-2.151053340639919043e-04
-3.317200765013694763e-02
-2.652399241924285889e-02
1.564154285006225109e-03
9.133871644735336304e-03
-5.331907887011766434e-03
-2.781417965888977051e-02
-2.310797572135925293e-02
-3.660443052649497986e-02
-1.230016816407442093e-02
-4.370268806815147400e-02
-2.047987468540668488e-02
-8.951746672391891479e-02
4.282457008957862854e-02
-3.135959431529045105e-02
-5.717598274350166321e-02
2.981828339397907257e-02
-1.260678283870220184e-02
-5.609808862209320068e-02
-9.141625836491584778e-03
5.553818121552467346e-02
-7.181355729699134827e-03
1.503020897507667542e-02
6.991280615329742432e-02
6.491407006978988647e-02
-4.864425957202911377e-02
7.407780271023511887e-03
4.376828670501708984e-03
-3.180683776736259460e-02
-2.042299322783946991e-02
-3.127281367778778076e-02
-4.208609089255332947e-02
2.005575411021709442e-02
1.726753264665603638e-02
4.176303744316101074e-02
5.527557432651519775e-02
-8.443184196949005127e-04
-5.778074264526367188e-02
2.205727808177471161e-02
-6.687670201063156128e-02
1.712374202907085419e-02
-4.914298281073570251e-02
-7.577529177069664001e-03
-9.774581529200077057e-03
-5.411026999354362488e-02
3.301966190338134766e-02
1.214636582881212234e-02
-5.081852898001670837e-02
-1.018486637622117996e-02
4.116505011916160583e-02
-9.112639725208282471e-02
-6.724825501441955566e-02
3.118065185844898224e-03
5.111083015799522400e-02
9.964707307517528534e-03
6.466165184974670410e-02
8.922519162297248840e-03
-2.789272926747798920e-02
-3.125072270631790161e-02
3.243869543075561523e-02
2.090302109718322754e-02
-5.092299729585647583e-02
-2.145295590162277222e-02
6.531972438097000122e-02
4.439552128314971924e-02
3.866280615329742432e-02
-6.109384819865226746e-02
-7.963099516928195953e-03
6.621745415031909943e-03
1.409600395709276199e-02
-5.367907695472240448e-03
2.677753008902072906e-02
1.909470558166503906e-02
-1.850675232708454132e-02
-6.558855623006820679e-02
-7.864240556955337524e-02
2.526145661249756813e-03
7.458838634192943573e-03
-2.750903181731700897e-02
-2.346111647784709930e-02
1.789396069943904877e-02
2.757282182574272156e-02
1.204915251582860947e-02
8.202089928090572357e-03
-9.862338006496429443e-02
-4.752896726131439209e-03
-2.686403132975101471e-02
2.214919589459896088e-02
-1.056343130767345428e-02
4.575747996568679810e-02
-2.688329666852951050e-02
8.319509029388427734e-02
-4.542744532227516174e-02
2.466197125613689423e-02
-3.226570785045623779e-02
-8.422894775867462158e-02
-3.759257495403289795e-02
-1.955391652882099152e-02
-6.353451311588287354e-02
-3.321031853556632996e-02
2.953585237264633179e-02
5.541819334030151367e-02
-2.348251082003116608e-02
-2.683184295892715454e-02
-2.339746654033660889e-01
1.956538856029510498e-02
9.047820349223911762e-04
-5.165275651961565018e-03
-7.580738980323076248e-03
-3.837944194674491882e-02
1.531222276389598846e-02
2.970816800370812416e-03
6.854575127363204956e-03
-2.670002169907093048e-02
-8.927366696298122406e-03
1.233869716525077820e-01
7.912777364253997803e-02
-3.759733587503433228e-02
7.960833609104156494e-02
-2.970531117171049118e-03
-9.193099290132522583e-02
-6.520963460206985474e-02
-3.863142430782318115e-02
-5.420347303152084351e-02
3.180100349709391594e-03
6.335998326539993286e-02
1.227046549320220947e-01
5.216537788510322571e-02
1.393490470945835114e-02
1.108192931860685349e-02
-5.752662196755409241e-03
-4.121529310941696167e-02
4.830586723983287811e-03
-4.202166944742202759e-02
-2.814060635864734650e-02
9.274506941437721252e-03
-1.088826265186071396e-02
-4.931325092911720276e-02
4.298905283212661743e-02
1.608347520232200623e-02
9.425463154911994934e-03
5.143859237432479858e-02
-8.618362993001937866e-02
5.536697059869766235e-02
1.808543875813484192e-02
-9.358981624245643616e-03
3.125287592411041260e-02
2.291439659893512726e-02
-1.316407602280378342e-02
-4.187016189098358154e-02
6.431356817483901978e-02
-1.046919077634811401e-02
-4.329657927155494690e-02
6.283225864171981812e-02
5.196772888302803040e-02
-2.937260083854198456e-02
1.041408721357584000e-02
1.482710614800453186e-02
5.734078958630561829e-02
-2.280458435416221619e-02
4.098160192370414734e-03
4.688361659646034241e-02
-4.434980452060699463e-02
1.018543355166912079e-02
6.381660699844360352e-02
-5.448089540004730225e-02
-1.486704498529434204e-02
-1.125385053455829620e-03
1.068403664976358414e-02
-3.922141715884208679e-02
1.351819932460784912e-01
-5.015816539525985718e-02
-2.587827481329441071e-02
4.417114425450563431e-03
7.423247443512082100e-04
-1.298375241458415985e-02
-5.518550518900156021e-03
-3.880652785301208496e-02
-4.298616945743560791e-02
-1.923306286334991455e-02
8.831866085529327393e-03
5.301251262426376343e-02
3.772211819887161255e-02
-5.921625532209873199e-03
-7.143979519605636597e-02
-3.560382872819900513e-02
-2.095283195376396179e-02
2.441634424030780792e-02
2.471772022545337677e-02
8.015627041459083557e-03
7.387925684452056885e-02
1.663559675216674805e-02
1.514319237321615219e-02
-3.263270854949951172e-02
-9.067112207412719727e-02
2.405011840164661407e-02
-6.342244334518909454e-03
-1.269273310899734497e-01
-4.837489873170852661e-02
1.456623524427413940e-02
-6.067847833037376404e-02
-2.974908798933029175e-02
1.616041362285614014e-02
7.506628986448049545e-03
-5.000366643071174622e-02
-5.030583590269088745e-03
8.708106353878974915e-03
9.332614392042160034e-02
4.905098304152488708e-02
-1.765657961368560791e-02
-4.087970033288002014e-02
9.403026849031448364e-02
-3.973810002207756042e-02
-1.266289385966956615e-03
2.247040532529354095e-02
-4.037843551486730576e-03
-3.727924451231956482e-02
9.831692278385162354e-02
2.499622479081153870e-02
3.516675531864166260e-02
2.030382491648197174e-02
-3.314284607768058777e-02
9.221596643328666687e-03
3.206456825137138367e-02
3.753668861463665962e-03
3.017807938158512115e-02
-4.963343217968940735e-02
2.760570682585239410e-02
1.711640954017639160e-01
1.767911203205585480e-02
3.788467496633529663e-02
-6.340470165014266968e-02
-2.615049667656421661e-02
3.076138347387313843e-02
4.537800792604684830e-03
-1.281696837395429611e-02
-1.299676205962896347e-02
-3.599844127893447876e-02
-4.335335642099380493e-02
4.535919986665248871e-03
-2.637052349746227264e-02
5.245766788721084595e-02
1.075900439172983170e-02
4.196843132376670837e-02
5.803438276052474976e-02
-2.078595384955406189e-02
-7.021659053862094879e-03
-2.983071841299533844e-02
6.188552454113960266e-02
-7.082871627062559128e-03
-4.390520509332418442e-03
-8.979950100183486938e-02
-5.670290440320968628e-02
-2.967614866793155670e-02
3.988496959209442139e-02
-8.779829367995262146e-03
-2.505072951316833496e-02
-3.569085896015167236e-02
-1.471305545419454575e-02
1.354832500219345093e-01
2.604509890079498291e-02
2.790999971330165863e-02
-2.263412438333034515e-02
3.106536343693733215e-02
-5.778438970446586609e-02
-1.635151915252208710e-02
-7.498845458030700684e-02
-1.012084307149052620e-03
-4.629557579755783081e-02
-6.426859647035598755e-02
-3.993073850870132446e-02
-5.480630695819854736e-02
-2.081337720155715942e-01
-1.631586626172065735e-02
-1.083402708172798157e-01
-9.397683665156364441e-03
2.139105089008808136e-02
-1.245310436934232712e-02
-3.986073716077953577e-04
4.775875248014926910e-03
-1.197967771440744400e-02
3.063648007810115814e-02
5.813385546207427979e-02
-1.231099851429462433e-02
-2.465218305587768555e-02
6.781042367219924927e-02
2.720775455236434937e-02
-1.309842057526111603e-02
1.875739917159080505e-02
-6.607063859701156616e-02
-4.945605061948299408e-03
1.812155544757843018e-02
3.193092346191406250e-02
7.460713386535644531e-02
2.415571128949522972e-03
3.332121064886450768e-03
-4.551820456981658936e-02
-1.311184605583548546e-03
-6.760701537132263184e-02
-1.736170053482055664e-02
4.211525246500968933e-02
-5.028546601533889771e-02
-1.267881132662296295e-02
5.857404693961143494e-02
-1.086743082851171494e-02
-8.593003265559673309e-03
-2.588522806763648987e-02
2.303399890661239624e-02
-4.930701851844787598e-02
5.429513286799192429e-03
8.319290354847908020e-03
2.675285190343856812e-02
-3.365416824817657471e-02
5.606870353221893311e-02
-1.524058403447270393e-03
-3.379189595580101013e-02
1.859315857291221619e-02
1.999005675315856934e-02
2.036269754171371460e-03
8.475510030984878540e-02
8.069378323853015900e-03
-4.469221457839012146e-03
