6.114119291305541992e-02
1.704160124063491821e-02
2.684779837727546692e-02
-6.575804669409990311e-03
3.516658768057823181e-02
-3.218449652194976807e-02
2.207627333700656891e-02
1.640289090573787689e-02
-6.660732626914978027e-02
9.291506372392177582e-03
-4.405602812767028809e-02
3.094692900776863098e-02
-8.256742730736732483e-03
-1.177919469773769379e-02
-4.263788834214210510e-02
-3.474534722045063972e-03
-3.823477774858474731e-02
-1.974990777671337128e-02
-1.723984181880950928e-01
2.074059844017028809e-02
3.099812753498554230e-02
-1.427862909622490406e-03
3.146453946828842163e-02
3.422896936535835266e-02
1.154686696827411652e-02
-4.690564051270484924e-02
5.217291787266731262e-02
-3.949036763515323400e-04
-7.632444798946380615e-02
5.246801674365997314e-02
-7.359709590673446655e-02
-1.318659167736768723e-02
-1.417778711766004562e-02
2.841924130916595459e-02
-1.822095364332199097e-02
-4.289316758513450623e-02
7.768952753394842148e-03
1.601346582174301147e-02
-1.511828601360321045e-02
6.044348701834678650e-02
-4.207510873675346375e-02
-4.929895512759685516e-04
4.549305513501167297e-02
2.731287479400634766e-02
-1.612088270485401154e-02
-4.663947224617004395e-02
5.419228971004486084e-02
2.215041220188140869e-02
3.415750339627265930e-02
-1.633353717625141144e-02
2.652574703097343445e-02
5.537461955100297928e-03
-3.390528634190559387e-02
-1.809767633676528931e-02
2.323855459690093994e-02
-2.208413556218147278e-02
-1.928508840501308441e-02
-2.172004245221614838e-02
3.935028612613677979e-01
-1.053119152784347534e-01
2.240762859582901001e-02
-6.563238054513931274e-02
-5.327467806637287140e-03
-1.172462571412324905e-02
-2.595590613782405853e-02
-6.625518202781677246e-03
-3.135371580719947815e-02
-3.012413717806339264e-02
-9.014303982257843018e-02
-2.167177945375442505e-02
4.677034541964530945e-02
-3.072026185691356659e-02
-1.760765165090560913e-02
-1.642804272705689073e-04
-2.731047384440898895e-02
1.728946715593338013e-02
7.682311348617076874e-03
-4.089476913213729858e-02
-1.331757404841482639e-03
-1.399826630949974060e-02
-1.776396296918392181e-02
3.512014809530228376e-04
1.695611141622066498e-02
-4.236874729394912720e-02
-6.517919898033142090e-02
3.482651710510253906e-02
5.501286592334508896e-03
-1.239709462970495224e-02
2.220392413437366486e-02
-4.245953168720006943e-03
-5.977950524538755417e-03
-3.866171091794967651e-02
-5.268340464681386948e-04
8.509300823789089918e-05
-3.122961521148681641e-02
8.724889717996120453e-03
-6.915330886840820312e-03
1.556323189288377762e-02
-4.424842447042465210e-02
-2.724840492010116577e-02
3.156080096960067749e-02
3.309325873851776123e-02
-2.353829517960548401e-02
-8.473522961139678955e-03
6.939549930393695831e-03
1.633836515247821808e-02
2.945148386061191559e-03
-4.158590361475944519e-02
-3.119831904768943787e-02
3.983979672193527222e-02
-1.666830480098724365e-02
1.884197071194648743e-02
1.394389010965824127e-02
2.384956739842891693e-02
1.023252028971910477e-02
1.136160828173160553e-02
-9.079359471797943115e-02
-2.444433979690074921e-02
-3.061281144618988037e-02
2.223106287419795990e-02
-3.828228265047073364e-02
-1.128678116947412491e-02
-2.444315142929553986e-02
-1.028868742287158966e-02
9.545236080884933472e-02
-1.396836433559656143e-02
2.040299028158187866e-02
-3.454900905489921570e-02
1.272149849683046341e-02
6.697640288621187210e-03
4.312960430979728699e-02
3.679918870329856873e-02
-2.909945324063301086e-02
-9.133173152804374695e-03
9.985395707190036774e-03
4.968084394931793213e-03
1.807200536131858826e-02
-5.235615000128746033e-02
-2.870435826480388641e-02
9.934727568179368973e-04
1.251204460859298706e-01
1.651828922331333160e-02
1.534537994302809238e-03
-2.832083031535148621e-02
-2.738417871296405792e-02
-1.620153635740280151e-01
4.050041735172271729e-02
-2.178000286221504211e-02
3.769825911149382591e-03
-2.208499703556299210e-03
-7.046893984079360962e-02
2.077969349920749664e-02
-1.846512034535408020e-02
2.226108871400356293e-02
3.856318816542625427e-02
3.268938139081001282e-02
-8.454095572233200073e-02
1.081118546426296234e-02
3.252738341689109802e-02
5.181156843900680542e-02
-3.970986604690551758e-02
1.392957568168640137e-01
-7.180077582597732544e-02
1.279982458800077438e-02
-2.367409318685531616e-02
-6.467053294181823730e-02
-3.501863032579421997e-02
-3.779333550482988358e-03
-6.796945235691964626e-04
-1.936948299407958984e-02
-3.356419131159782410e-02
4.102370515465736389e-02
-3.732603415846824646e-02
2.372903050854802132e-03
4.203077405691146851e-02
5.371753592044115067e-03
3.754815086722373962e-02
3.840607777237892151e-02
-4.623053967952728271e-02
-1.270419731736183167e-02
1.541390363126993179e-02
6.076947320252656937e-03
-2.322713844478130341e-02
6.066681351512670517e-03
-2.623633481562137604e-02
-7.269252836704254150e-02
-3.725904971361160278e-02
1.843844726681709290e-02
3.903349116444587708e-02
1.915489137172698975e-02
-8.137359470129013062e-02
1.458312757313251495e-02
-9.253112599253654480e-03
2.830134518444538116e-02
3.980562090873718262e-03
-2.646000683307647705e-02
7.368351519107818604e-02
-3.756491467356681824e-02
-5.229784437688067555e-05
-2.407434023916721344e-02
-1.497097313404083252e-02
-1.161298528313636780e-02
-9.607952833175659180e-02
2.248574048280715942e-02
-6.824129819869995117e-02
3.206335753202438354e-02
-7.235538680106401443e-03
-1.109196105971932411e-03
-9.200345724821090698e-03
5.556402727961540222e-02
4.421339184045791626e-02
1.234413497149944305e-02
-1.643256098031997681e-02
-8.364357054233551025e-03
-1.977210491895675659e-02
2.384681440889835358e-02
-3.753158450126647949e-02
5.611925199627876282e-02
5.046027526259422302e-02
1.678525656461715698e-02
4.125967156141996384e-03
-6.757375001907348633e-01
-1.689518429338932037e-02
3.871907666325569153e-02
-2.160986885428428650e-02
-5.390656739473342896e-02
-2.023266255855560303e-02
-1.077119447290897369e-02
-1.259035710245370865e-02
-1.806969381868839264e-02
-1.104421913623809814e-02
-9.511035867035388947e-03
5.671108514070510864e-02
-1.332708727568387985e-02
3.227621689438819885e-02
1.409939373843371868e-03
5.321095883846282959e-02
-1.835350994952023029e-03
-1.014487911015748978e-02
-2.199924923479557037e-02
2.455652132630348206e-02
-5.707076750695705414e-03
1.457072049379348755e-01
-1.300034113228321075e-02
-2.063776552677154541e-02
-2.833368722349405289e-03
-1.988132111728191376e-02
-3.259957209229469299e-02
-1.711245067417621613e-02
-9.796614758670330048e-04
-9.583004750311374664e-03
8.268557488918304443e-03
9.419972775503993034e-04
-4.349499009549617767e-03
2.253868430852890015e-02
-1.269456185400485992e-02
3.539677336812019348e-02
-9.767645597457885742e-02
-1.152099762111902237e-02
-5.672361236065626144e-03
4.841902107000350952e-02
6.499080359935760498e-02
7.227762043476104736e-02
-8.645749092102050781e-02
1.181066967546939850e-02
2.309510856866836548e-02
1.559626609086990356e-01
-3.387128561735153198e-02
1.530925370752811432e-02
-5.398056283593177795e-02
5.066668614745140076e-02
5.582661554217338562e-02
1.218844577670097351e-01
4.119381681084632874e-02
-2.919132448732852936e-02
4.273595288395881653e-03
-5.935809016227722168e-02
-5.248987302184104919e-02
3.619628399610519409e-02
9.449779242277145386e-02
-3.234589099884033203e-02
-8.846647106111049652e-03
5.751413106918334961e-02
-1.585867069661617279e-02
-3.429724276065826416e-02
5.053268000483512878e-02
1.702376157045364380e-01
1.545622944831848145e-02
-1.521937828510999680e-02
-1.016251593828201294e-01
1.887740492820739746e-01
-1.018286868929862976e-01
2.051160298287868500e-02
8.378012478351593018e-02
3.456903994083404541e-02
1.501765660941600800e-02
-1.867821216583251953e-01
-3.747681900858879089e-02
-8.548666723072528839e-03
-2.870585955679416656e-02
1.568272709846496582e-01
-8.388530462980270386e-03
7.765232324600219727e-01
-6.899709254503250122e-02
-4.924786835908889771e-02
-1.781341433525085449e-01
7.548735290765762329e-02
1.203056350350379944e-01
1.748170144855976105e-02
8.664421737194061279e-02
4.934855550527572632e-02
1.218476705253124237e-02
2.170826047658920288e-01
2.330870600417256355e-03
2.199518727138638496e-03
-6.641625612974166870e-02
-1.636497862637042999e-02
-9.349076449871063232e-02
5.391930043697357178e-02
2.762264106422662735e-03
4.003290459513664246e-02
1.977937854826450348e-02
-3.828201815485954285e-02
4.884818196296691895e-02
1.259936578571796417e-02
-2.514536119997501373e-02
-4.259331151843070984e-03
-4.958658665418624878e-02
4.079582542181015015e-02
2.523575723171234131e-02
-2.112008631229400635e-02
-3.539448231458663940e-02
9.616009891033172607e-03
1.224499940872192383e-02
-1.070657745003700256e-02
-4.450258798897266388e-03
2.298567816615104675e-02
-2.085561491549015045e-02
2.481140382587909698e-02
3.451967611908912659e-02
5.628437176346778870e-02
-2.396498993039131165e-02
6.265817582607269287e-02
6.259897351264953613e-02
-7.416733354330062866e-02
-1.041626930236816406e-01
3.726156055927276611e-02
8.214798755943775177e-03
-5.859657190740108490e-03
1.485169399529695511e-02
5.704991519451141357e-03
-5.268461257219314575e-02
-7.193845510482788086e-02
-1.910932362079620361e-02
-2.062212489545345306e-02
-5.004546791315078735e-02
2.997089363634586334e-02
9.414960630238056183e-03
-4.266257956624031067e-02
-7.778908312320709229e-02
-8.824661374092102051e-03
2.850643545389175415e-02
3.218987584114074707e-02
-2.152129262685775757e-02
2.890465594828128815e-02
-3.159681800752878189e-03
-5.065057426691055298e-02
-3.246620763093233109e-04
4.224727302789688110e-02
5.406380072236061096e-02
4.901335388422012329e-02
1.028665378689765930e-01
-4.385465011000633240e-02
8.050177246332168579e-02
-2.668850868940353394e-02
-5.447423085570335388e-03
-1.012939810752868652e-01
1.862317323684692383e-02
-5.421561002731323242e-02
4.359166696667671204e-02
-2.746333554387092590e-02
-7.021745294332504272e-02
1.724929315969347954e-03
2.783127874135971069e-02
-2.951796911656856537e-02
8.516580611467361450e-02
1.301518175750970840e-02
2.682001888751983643e-02
1.081662438809871674e-02
4.486223682761192322e-03
8.982696454040706158e-04
-4.175871610641479492e-02
-1.337432563304901123e-01
-3.577990084886550903e-02
-2.602675557136535645e-02
-1.220691669732332230e-02
4.585101455450057983e-02
8.358180522918701172e-02
-6.167396903038024902e-02
-7.059394568204879761e-02
-4.032172635197639465e-02
4.830565676093101501e-02
-3.888346254825592041e-02
-1.095401030033826828e-02
1.091089695692062378e-01
3.782348707318305969e-03
-7.374598644673824310e-04
3.488517925143241882e-02
-5.340597033500671387e-02
-4.129694029688835144e-02
-1.067415922880172729e-01
3.145461156964302063e-02
1.547483913600444794e-02
-2.475336194038391113e-03
6.237441301345825195e-02
2.324427664279937744e-02
3.510708734393119812e-02
-3.696392104029655457e-02
-1.071050316095352173e-01
-1.943661086261272430e-02
5.243445187807083130e-02
1.767819630913436413e-03
-7.307235617190599442e-03
-3.057039529085159302e-02
2.235731296241283417e-02
-2.210854925215244293e-02
-2.423084154725074768e-02
-7.808332890272140503e-02
4.884872119873762131e-03
6.861799955368041992e-02
-2.737212344072759151e-04
-3.812187165021896362e-02
3.321598842740058899e-02
4.247686266899108887e-02
-2.509230561554431915e-02
-3.695317357778549194e-02
2.429035492241382599e-02
-8.846516138873994350e-04
-1.714722020551562309e-03
-5.376586690545082092e-02
-2.310356125235557556e-02
-2.033291012048721313e-02
-1.900535193271934986e-03
4.802479222416877747e-02
-2.930168621242046356e-02
2.986578457057476044e-02
9.803626686334609985e-03
-6.929721683263778687e-02
-3.954003378748893738e-02
3.905454277992248535e-02
1.319734938442707062e-02
-3.232587873935699463e-02
-1.890453323721885681e-02
5.009117349982261658e-02
-2.265539718791842461e-03
-5.787679925560951233e-02
6.218630075454711914e-02
-6.068882066756486893e-03
8.704938739538192749e-02
-8.028995245695114136e-02
4.595175012946128845e-02
-7.176756858825683594e-02
4.667679965496063232e-02
1.382808480411767960e-02
-2.782251872122287750e-02
-1.648186147212982178e-02
2.888239733874797821e-02
-8.843297138810157776e-03
-5.787329748272895813e-03
-6.016556546092033386e-02
7.368749380111694336e-02
4.976711049675941467e-02
-2.081483229994773865e-02
8.513672277331352234e-03
4.913973435759544373e-02
-6.018828600645065308e-03
7.255571428686380386e-03
-4.459100589156150818e-02
7.987345010042190552e-02
7.776338607072830200e-02
-1.854649186134338379e-02
8.482977002859115601e-02
3.046085126698017120e-02
-1.133981719613075256e-02
1.278153620660305023e-02
3.097932785749435425e-03
3.976377844810485840e-02
1.100918501615524292e-01
-5.637603998184204102e-02
2.397207543253898621e-02
-2.491675689816474915e-02
-3.879105206578969955e-03
7.395928353071212769e-02
1.605889946222305298e-02
-1.990081655094400048e-04
3.818756714463233948e-02
2.185049699619412422e-03
-9.093716740608215332e-03
-5.407589953392744064e-03
-3.995671868324279785e-02
1.206413730978965759e-01
-2.620216645300388336e-02
-6.304121762514114380e-02
9.811904281377792358e-03
1.063818950206041336e-02
-2.169595286250114441e-02
-2.599286660552024841e-02
-7.359731197357177734e-02
-3.164149075746536255e-02
9.234909899532794952e-03
-1.122589036822319031e-02
-2.432319335639476776e-03
4.969478771090507507e-02
-8.153703063726425171e-02
-1.471108291298151016e-02
-6.686349399387836456e-03
-5.648576095700263977e-02
-9.299010969698429108e-03
1.006808951497077942e-01
1.401331275701522827e-02
-5.527375265955924988e-02
-1.631020009517669678e-02
4.280271753668785095e-02
-8.519753068685531616e-02
-4.660828970372676849e-03
5.130976438522338867e-02
-7.466689217835664749e-03
2.815373614430427551e-02
-1.786146685481071472e-02
-1.971280388534069061e-02
-6.910520046949386597e-02
-1.173075288534164429e-02
-3.295917436480522156e-02
2.802548371255397797e-02
-8.896886557340621948e-02
8.756291121244430542e-02
3.819432109594345093e-03
3.123418800532817841e-02
2.674402296543121338e-02
2.176026813685894012e-02
-1.475652493536472321e-02
-1.167382486164569855e-02
-4.754427820444107056e-03
1.252471935003995895e-02
-1.413551508449018002e-04
5.017747171223163605e-03
-3.180201351642608643e-02
-1.062976475805044174e-02
-1.888093724846839905e-02
1.123849675059318542e-02
-3.717805258929729462e-03
2.802689746022224426e-02
-3.371071442961692810e-02
3.650925308465957642e-02
-9.066441096365451813e-03
7.234375225380063057e-04
-1.341547258198261261e-02
3.997986204922199249e-03
2.486851252615451813e-02
-8.777766488492488861e-03
-2.833947911858558655e-02
8.173841983079910278e-02
-5.293765291571617126e-02
2.169583365321159363e-02
2.913626655936241150e-02
-1.048331409692764282e-01
-1.002068538218736649e-02
-8.876707404851913452e-02
1.948543637990951538e-02
-2.739979512989521027e-02
-2.356429956853389740e-02
1.623440720140933990e-02
-4.762243479490280151e-02
4.314605891704559326e-02
-4.337381944060325623e-02
-1.427601370960474014e-02
-9.172358550131320953e-03
4.229680169373750687e-03
-2.999591641128063202e-02
-4.410682246088981628e-02
2.619634382426738739e-02
2.100966125726699829e-02
1.328894216567277908e-02
5.887012928724288940e-02
1.958858408033847809e-02
5.685811862349510193e-02
1.078807469457387924e-02
6.303381919860839844e-02
4.774169623851776123e-02
-7.625873666256666183e-03
2.132248878479003906e-02
-5.758162587881088257e-02
5.172403180040419102e-04
1.628844038350507617e-04
8.853787928819656372e-02
1.215808466076850891e-02
-1.683085598051548004e-02
-1.855871453881263733e-02
-4.686608165502548218e-02
3.960246685892343521e-03
-9.888944029808044434e-02
8.868134021759033203e-02
-5.822513625025749207e-02
4.741080105304718018e-02
7.490260060876607895e-03
1.616350002586841583e-02
-4.788027144968509674e-03
1.203848747536540031e-03
6.255932897329330444e-02
8.054597303271293640e-03
-5.168756470084190369e-02
-1.687083393335342407e-02
2.063884958624839783e-02
-4.107160121202468872e-02
-4.951744899153709412e-02
-2.280906587839126587e-02
-3.594904020428657532e-02
-4.090855270624160767e-02
1.391988247632980347e-02
2.287062443792819977e-02
-2.965774619951844215e-03
5.488896742463111877e-02
-1.361480448395013809e-02
3.793594986200332642e-02
1.122392639517784119e-01
4.188190028071403503e-02
2.808438614010810852e-02
-2.181942760944366455e-02
-4.790696501731872559e-02
5.342173948884010315e-02
4.273542016744613647e-02
-1.336348652839660645e-01
5.367596447467803955e-02
4.656436294317245483e-02
5.176512151956558228e-02
5.772649310529232025e-03
-4.479153454303741455e-02
6.948221940547227859e-03
7.859353721141815186e-02
-2.774878032505512238e-02
-8.033167570829391479e-02
-4.035477526485919952e-03
1.517150457948446274e-02
2.317321486771106720e-02
-1.965770125389099121e-02
2.179457060992717743e-02
-1.918893307447433472e-02
-8.361406624317169189e-03
-7.134759426116943359e-02
-3.863978385925292969e-02
6.651990115642547607e-03
5.168662220239639282e-02
-1.991707459092140198e-02
-7.177434861660003662e-02
-2.150723524391651154e-02
2.420943602919578552e-02
-9.123098105192184448e-02
-1.725383102893829346e-03
6.599652022123336792e-02
-4.371123388409614563e-02
-3.415554389357566833e-02
-2.825897885486483574e-03
-3.939642384648323059e-02
-2.109876461327075958e-02
4.073273390531539917e-02
-7.827465236186981201e-02
-1.409715600311756134e-02
2.593718469142913818e-02
-4.973063617944717407e-02
5.199754144996404648e-03
2.738205716013908386e-02
-8.703580126166343689e-03
8.800390362739562988e-02
1.576734147965908051e-02
-3.696741536259651184e-02
4.770116508007049561e-02
-2.057139575481414795e-02
4.568697884678840637e-02
5.323375016450881958e-02
3.468761453405022621e-03
-3.348746150732040405e-02
-2.418958954513072968e-02
6.468985695391893387e-03
5.973608419299125671e-02
3.289176151156425476e-02
-4.253229498863220215e-02
4.111202061176300049e-02
-8.689929544925689697e-02
-1.056897640228271484e-02
2.089893678203225136e-03
1.757122017443180084e-02
-6.479774415493011475e-02
-9.523445367813110352e-02
-3.244307637214660645e-02
1.092700846493244171e-02
-4.378062486648559570e-02
8.705517277121543884e-03
5.751336738467216492e-02
-9.768188744783401489e-02
-1.451499387621879578e-02
-6.239881739020347595e-02
-7.222244888544082642e-02
6.252760440111160278e-02
-1.544470200315117836e-03
-8.143659681081771851e-02
-1.922130957245826721e-02
4.812575876712799072e-02
3.094090148806571960e-02
-4.087915644049644470e-03
3.707263246178627014e-02
-3.991679474711418152e-02
5.186069756746292114e-02
-6.500233430415391922e-03
-5.072239320725202560e-03
-2.408755570650100708e-02
1.875890046358108521e-02
1.552553847432136536e-02
-7.046031951904296875e-02
-9.933735430240631104e-02
-2.490152604877948761e-02
7.376757264137268066e-02
-4.463125020265579224e-03
-6.319272797554731369e-03
5.166287347674369812e-02
-3.300051391124725342e-02
2.094993181526660919e-02
2.190146781504154205e-02
-1.377155538648366928e-02
2.368197590112686157e-02
6.991504132747650146e-02
-2.149835415184497833e-02
-3.129702433943748474e-02
-5.593810975551605225e-02
-6.516201887279748917e-03
-3.655827790498733521e-02
1.426231861114501953e-01
2.474906854331493378e-02
-1.028536707162857056e-01
-5.609284341335296631e-02
-3.664896590635180473e-03
-4.254078865051269531e-02
3.484150022268295288e-02
7.394408807158470154e-03
-6.408581137657165527e-02
7.262283004820346832e-03
8.666279725730419159e-03
-5.239548161625862122e-03
5.739866197109222412e-02
-5.065195262432098389e-02
4.574114829301834106e-02
-3.248997032642364502e-02
-5.308465287089347839e-02
3.458230942487716675e-02
7.830397225916385651e-03
1.372640952467918396e-02
-1.010629385709762573e-01
2.418473921716213226e-02
-6.662570685148239136e-02
3.417692147195339203e-03
-3.645076975226402283e-02
8.783943019807338715e-03
-3.412370802834630013e-03
-5.615563597530126572e-03
2.870855480432510376e-02
8.111608028411865234e-02
-8.183327317237854004e-02
-2.978934720158576965e-02
-1.835864596068859100e-02
-2.561986818909645081e-02
-2.082680538296699524e-02
-9.353332221508026123e-03
-1.383926067501306534e-02
-9.437004104256629944e-03
-1.172562222927808762e-02
-2.565654553472995758e-02
5.147147551178932190e-02
-8.974678814411163330e-03
2.703226543962955475e-02
-3.563147410750389099e-02
-3.075237758457660675e-02
-5.336587503552436829e-02
5.519066937267780304e-03
2.181515097618103027e-02
-2.099233306944370270e-02
1.638893969357013702e-02
-5.456661805510520935e-03
-5.470915138721466064e-02
3.041108138859272003e-03
-3.746500611305236816e-02
2.583913132548332214e-02
-2.916448563337326050e-02
-7.156237494200468063e-03
2.579148299992084503e-02
-2.982239529956132174e-04
2.594894357025623322e-02
-1.906514540314674377e-02
-4.939934611320495605e-02
-2.841065637767314911e-02
-5.521694570779800415e-02
5.793149769306182861e-02
-2.767128171399235725e-04
-1.185484975576400757e-01
-7.715335581451654434e-03
-1.406003162264823914e-02
2.025545760989189148e-02
-1.514138281345367432e-02
1.006252598017454147e-02
4.661637544631958008e-02
-4.549350589513778687e-02
3.037542849779129028e-02
-1.081993058323860168e-02
2.810963802039623260e-02
-1.814215816557407379e-02
-2.795759402215480804e-02
6.645213812589645386e-02
5.767964571714401245e-02
-4.386730492115020752e-03
1.869647204875946045e-02
-1.345680374652147293e-02
2.742361277341842651e-03
7.359336316585540771e-02
3.490812843665480614e-03
1.079166606068611145e-01
6.730600446462631226e-02
-5.510248709470033646e-03
2.190859802067279816e-02
-7.878518104553222656e-02
1.348566263914108276e-03
-3.220897540450096130e-02
-2.603008225560188293e-02
-3.602193435654044151e-03
-4.326802492141723633e-02
