4.555659741163253784e-02
9.697134606540203094e-03
-5.442267749458551407e-03
2.819268731400370598e-03
2.637277729809284210e-02
-1.280135381966829300e-02
9.543047286570072174e-03
-7.747007999569177628e-03
-4.497766867280006409e-02
2.584175765514373779e-02
-3.897314146161079407e-02
3.312834724783897400e-02
-7.399122230708599091e-03
6.205393001437187195e-04
-3.393773362040519714e-02
-1.296811085194349289e-02
-3.815379366278648376e-02
-6.109456997364759445e-03
-1.576033532619476318e-01
1.605349034070968628e-02
1.409245305694639683e-03
-1.666872389614582062e-02
6.641373783349990845e-02
2.264604903757572174e-02
7.153007667511701584e-03
-3.594150021672248840e-02
3.383839502930641174e-02
-3.912625834345817566e-03
-6.558623164892196655e-02
3.582219779491424561e-02
-5.689195170998573303e-02
-3.009563125669956207e-02
-1.045380160212516785e-02
1.999437995254993439e-02
-1.955306529998779297e-02
-4.018913954496383667e-02
1.505883131176233292e-02
1.115077175199985504e-02
-1.785770803689956665e-02
6.066045165061950684e-02
-2.971469983458518982e-02
2.006500214338302612e-02
5.672621726989746094e-02
1.010814681649208069e-02
-3.670834749937057495e-02
-5.895571783185005188e-02
2.843464910984039307e-02
-6.770603824406862259e-03
3.535627946257591248e-02
-9.760939516127109528e-03
1.847895607352256775e-02
5.812286213040351868e-02
-3.743756935000419617e-02
-5.356288049370050430e-03
6.253492087125778198e-03
-1.250557601451873779e-02
-1.640707813203334808e-02
-8.847563527524471283e-03
3.752618134021759033e-01
-6.946962326765060425e-02
2.570075355470180511e-02
-5.456894636154174805e-02
-2.439824491739273071e-02
-1.659202855080366135e-03
-9.142032824456691742e-03
-2.666251733899116516e-02
5.006047431379556656e-03
-2.618397027254104614e-02
-7.971020787954330444e-02
-3.071072138845920563e-02
4.250704869627952576e-02
-1.929310709238052368e-02
-3.209354728460311890e-02
-2.573647536337375641e-03
-1.903646625578403473e-02
1.594671607017517090e-02
1.076127681881189346e-02
-5.779287219047546387e-02
1.196823269128799438e-02
-4.184019193053245544e-02
-2.007059007883071899e-02
-1.773824729025363922e-02
1.781407860107719898e-03
-5.830042064189910889e-02
-8.292743563652038574e-02
2.921663224697113037e-02
-6.607153918594121933e-03
-3.033196087926626205e-03
6.737714167684316635e-03
-2.536326937843114138e-04
-4.135159309953451157e-03
-7.602593302726745605e-02
3.156147152185440063e-02
1.699328236281871796e-02
-2.779288217425346375e-02
-4.239638801664113998e-03
9.825683198869228363e-03
9.036001749336719513e-03
-2.837089821696281433e-02
-4.783515818417072296e-03
-4.653321113437414169e-03
2.654799073934555054e-02
-3.220754489302635193e-02
-2.100547403097152710e-02
-1.513198483735322952e-02
3.594597335904836655e-03
9.127948433160781860e-03
-3.041267767548561096e-02
-1.506159454584121704e-02
2.360296994447708130e-02
-3.116986341774463654e-02
1.188628375530242920e-02
5.180064123123884201e-03
2.055840380489826202e-02
5.884511861950159073e-03
3.778066486120223999e-03
-5.838441476225852966e-02
-1.604614593088626862e-02
-4.598102718591690063e-02
2.110927179455757141e-02
-2.322737313807010651e-02
-1.373841520398855209e-02
-1.939607411623001099e-02
-4.696088377386331558e-03
9.777010232210159302e-02
-7.618648931384086609e-03
2.618069387972354889e-02
-1.659055985510349274e-02
8.736290968954563141e-03
-5.863844882696866989e-03
2.906740084290504456e-02
1.996058039367198944e-02
-3.258515894412994385e-02
5.991477984935045242e-03
-1.987307518720626831e-02
2.307628456037491560e-04
1.690790057182312012e-02
-6.670771539211273193e-02
-2.024530433118343353e-02
-2.829956822097301483e-03
1.295429617166519165e-01
1.452286168932914734e-02
-9.653596207499504089e-03
-2.569920010864734650e-02
-3.688736259937286377e-02
-1.883598864078521729e-01
3.347629308700561523e-02
-2.673841826617717743e-02
-3.932850435376167297e-03
6.981176789849996567e-03
-3.338934853672981262e-02
5.121311172842979431e-03
1.141770975664258003e-03
2.904862537980079651e-02
7.588744163513183594e-03
4.553287103772163391e-02
-8.140785247087478638e-02
4.772114567458629608e-03
4.319386929273605347e-02
5.210268124938011169e-02
-3.587994724512100220e-02
1.653569042682647705e-01
-6.015003100037574768e-02
1.229698117822408676e-02
-2.866750955581665039e-02
-6.348657608032226562e-02
1.615003496408462524e-02
-6.194997113198041916e-03
6.284861825406551361e-03
-3.119498305022716522e-02
-2.176120504736900330e-02
8.413210511207580566e-03
-2.866886183619499207e-02
1.570770144462585449e-02
1.238338556140661240e-02
-3.839490236714482307e-03
1.945707947015762329e-02
5.526022613048553467e-02
-1.125689502805471420e-02
2.491093939170241356e-03
3.791122138500213623e-02
7.760341744869947433e-03
-1.424286328256130219e-02
1.148497406393289566e-02
6.303059868514537811e-03
-7.735923677682876587e-02
-1.526441518217325211e-02
2.824223786592483521e-02
2.615685015916824341e-02
2.587361261248588562e-02
-8.735467493534088135e-02
2.095142751932144165e-02
5.528698675334453583e-03
1.287548243999481201e-02
-1.233355607837438583e-03
-4.444768279790878296e-02
4.136076942086219788e-02
-2.507866360247135162e-02
5.554737523198127747e-03
-6.444757804274559021e-03
-6.675719283521175385e-03
-1.643550768494606018e-02
-1.044053286314010620e-01
1.816264167428016663e-02
-5.707919597625732422e-02
2.119290083646774292e-02
-1.191999576985836029e-02
-1.046136021614074707e-02
-6.217897869646549225e-03
7.528156042098999023e-02
3.780706971883773804e-02
8.006215095520019531e-03
-1.264090067707002163e-03
-2.313750796020030975e-03
-1.900156773626804352e-02
-9.982571937143802643e-04
-1.528678741306066513e-02
2.542590163648128510e-02
4.029543325304985046e-02
1.601961255073547363e-02
-2.327983733266592026e-03
-7.083997726440429688e-01
-2.570367604494094849e-02
1.799915358424186707e-02
-1.386048737913370132e-02
-4.078427702188491821e-02
-1.495722495019435883e-02
5.692917329724878073e-05
-2.898643026128411293e-03
-1.394494716078042984e-02
-1.932872459292411804e-02
2.361450903117656708e-02
7.140983641147613525e-02
-2.369292825460433960e-02
1.261638849973678589e-02
4.438092000782489777e-03
4.320024698972702026e-02
1.138459239155054092e-02
-1.748687471263110638e-03
-9.389623999595642090e-03
2.494014054536819458e-02
2.744459314271807671e-03
1.347115039825439453e-01
-3.496096655726432800e-02
-2.279439382255077362e-02
3.005136037245392799e-03
4.626599140465259552e-03
-3.730225563049316406e-02
-4.896204918622970581e-03
6.614939309656620026e-03
-1.195309218019247055e-02
8.872107602655887604e-03
1.571774855256080627e-02
1.837759837508201599e-02
2.379960380494594574e-03
-1.306126173585653305e-02
1.324691176414489746e-01
-1.556539908051490784e-02
-2.966018952429294586e-02
9.509017691016197205e-03
7.857894152402877808e-02
8.202605694532394409e-02
-2.825752645730972290e-02
-1.028608158230781555e-01
-1.324261538684368134e-02
-1.544034923426806927e-03
1.010277792811393738e-01
6.082301214337348938e-02
1.591867581009864807e-02
-1.148642078042030334e-01
8.929647505283355713e-03
8.417653851211071014e-03
6.091288477182388306e-02
2.954173274338245392e-02
3.275823080912232399e-03
-1.870073564350605011e-02
-4.084764048457145691e-03
-3.305643424391746521e-02
2.931389398872852325e-02
3.414048254489898682e-02
-3.958595916628837585e-02
1.855815574526786804e-02
4.371014982461929321e-02
-3.109315410256385803e-02
-4.909748956561088562e-02
4.384778067469596863e-02
8.094791322946548462e-02
-1.094507612287998199e-02
-2.124732732772827148e-02
-3.926922380924224854e-02
1.106834039092063904e-01
-9.315450489521026611e-02
6.402911152690649033e-03
1.101411134004592896e-01
-4.820239171385765076e-02
-5.289639160037040710e-02
-1.666252017021179199e-01
2.763208933174610138e-02
-5.185050144791603088e-02
3.032273799180984497e-02
2.938224375247955322e-02
-5.963027849793434143e-02
8.728368282318115234e-01
-7.616041693836450577e-03
-4.033869877457618713e-02
-1.260563731193542480e-01
2.049814723432064056e-02
1.597698032855987549e-01
5.997378379106521606e-02
1.435714960098266602e-02
3.757149353623390198e-02
-2.228354476392269135e-02
7.815226167440414429e-02
5.050423368811607361e-02
-2.240682952105998993e-02
-1.919056288897991180e-02
4.798833653330802917e-02
-7.214489579200744629e-02
-1.963667944073677063e-02
1.158622372895479202e-02
1.403300743550062180e-02
2.993157133460044861e-03
-5.397820845246315002e-02
3.619994595646858215e-02
4.571487009525299072e-02
-7.910774648189544678e-02
-5.635903216898441315e-03
-5.056076496839523315e-02
3.048586659133434296e-02
2.354470454156398773e-02
-7.345060352236032486e-03
-3.593430668115615845e-02
-4.016530141234397888e-02
5.306039005517959595e-03
-9.116508997976779938e-03
-2.374579198658466339e-02
1.925582811236381531e-02
-2.639162726700305939e-02
2.441660501062870026e-02
4.767465591430664062e-02
1.085893437266349792e-01
-3.298894688487052917e-02
1.333377957344055176e-01
7.027082890272140503e-02
-8.242046087980270386e-02
-1.498349905014038086e-01
2.133524790406227112e-02
3.955103456974029541e-02
-2.544906549155712128e-02
5.784292705357074738e-03
4.436052218079566956e-02
-1.958508789539337158e-02
-3.558630123734474182e-02
-3.654559701681137085e-02
-1.235980726778507233e-02
-2.079940401017665863e-02
6.330969929695129395e-02
1.737705804407596588e-02
1.952187716960906982e-02
-2.447367087006568909e-02
-7.390263956040143967e-03
3.375500440597534180e-02
1.329616736620664597e-02
3.820870071649551392e-03
2.473963983356952667e-02
2.115392126142978668e-02
-7.377472519874572754e-02
-4.773043096065521240e-02
5.973896756768226624e-02
4.041338711977005005e-02
6.568088382482528687e-02
7.094286382198333740e-02
-1.487493421882390976e-02
7.647304236888885498e-02
-4.508800059556961060e-02
-1.444135792553424835e-02
-7.209926098585128784e-02
-2.207539277151226997e-03
-6.707318127155303955e-02
1.101746596395969391e-02
-2.199045941233634949e-02
-6.182336807250976562e-02
2.633255533874034882e-02
2.537267282605171204e-02
-2.975595183670520782e-02
7.170783728361129761e-02
2.405627258121967316e-02
3.061884641647338867e-02
1.093384809792041779e-02
4.058142006397247314e-02
-2.234860509634017944e-02
2.071137074381113052e-03
-6.642624735832214355e-02
-2.783797681331634521e-02
-3.835413977503776550e-02
1.755914068780839443e-03
-2.191522857174277306e-03
5.406708642840385437e-02
-4.082851856946945190e-02
-1.702210865914821625e-02
-2.504901401698589325e-02
-2.880143746733665466e-02
-2.984537556767463684e-02
-2.973737940192222595e-02
1.186557784676551819e-01
2.004149183630943298e-02
3.060246352106332779e-03
2.380461618304252625e-02
-1.558628026396036148e-02
1.408950518816709518e-02
-1.066903769969940186e-01
5.791754648089408875e-02
-9.566250257194042206e-03
4.023284837603569031e-02
4.756206646561622620e-02
1.950310193933546543e-03
-8.287370204925537109e-03
-5.168284848332405090e-02
-5.557866394519805908e-02
3.030579537153244019e-03
6.235533952713012695e-02
6.618400104343891144e-03
5.340060591697692871e-02
-1.076280046254396439e-02
-1.231112866662442684e-03
2.541890554130077362e-02
2.574030868709087372e-02
-7.956610620021820068e-02
-2.174419350922107697e-02
8.110339939594268799e-02
-4.109547287225723267e-02
-5.428555235266685486e-02
3.791017830371856689e-02
6.036101281642913818e-02
-1.297789532691240311e-02
-4.001502320170402527e-02
3.635170310735702515e-02
1.294410042464733124e-02
-2.200665511190891266e-02
-5.217561498284339905e-02
-1.614131405949592590e-02
1.631563343107700348e-02
-3.291454538702964783e-02
1.153778471052646637e-02
-4.549929499626159668e-02
5.087193846702575684e-02
7.994493469595909119e-03
1.890585012733936310e-02
-9.398709051311016083e-03
1.589482463896274567e-02
1.145952963270246983e-03
-4.934505373239517212e-02
-2.556986175477504730e-02
3.612548485398292542e-02
-2.217089058831334114e-03
3.076991764828562737e-03
6.506463885307312012e-02
-3.785180673003196716e-02
5.299216136336326599e-02
-1.005186364054679871e-01
-1.149425096809864044e-02
-8.448481559753417969e-02
6.415685266256332397e-02
-4.622489586472511292e-02
-1.373198349028825760e-02
3.436581045389175415e-02
4.517811909317970276e-02
-1.883496344089508057e-02
-2.040796354413032532e-02
-4.730834811925888062e-02
4.351841285824775696e-02
3.610751405358314514e-02
2.839971147477626801e-02
5.247251130640506744e-03
-1.238245051354169846e-03
-1.098446641117334366e-02
1.563453488051891327e-02
-3.190122917294502258e-02
9.049876034259796143e-02
8.031479269266128540e-02
-1.198740769177675247e-02
7.603402435779571533e-02
2.415651455521583557e-02
1.686891773715615273e-03
6.285755429416894913e-03
6.774124223738908768e-03
2.577857486903667450e-02
7.316911965608596802e-02
-8.592378348112106323e-03
1.937858574092388153e-02
-5.560916662216186523e-02
1.277644652873277664e-02
8.673227578401565552e-02
1.937615498900413513e-02
-1.797939464449882507e-02
5.545035377144813538e-02
2.616198919713497162e-02
6.005366332828998566e-03
5.393816903233528137e-02
1.224499475210905075e-02
8.206465840339660645e-02
-3.990935161709785461e-02
-5.857301130890846252e-02
3.583519160747528076e-02
1.091563887894153595e-02
5.734144710004329681e-03
-3.386046364903450012e-02
-7.410232722759246826e-02
9.437472559511661530e-03
-8.416756987571716309e-03
-3.394899889826774597e-02
-2.145172655582427979e-02
4.598728194832801819e-02
-3.004304319620132446e-02
-2.634154632687568665e-02
-7.747840601950883865e-03
-1.252272725105285645e-01
-2.620092034339904785e-02
1.272733211517333984e-01
-1.562908664345741272e-02
-6.357425451278686523e-02
-5.162069573998451233e-02
2.908180467784404755e-02
-6.692662090063095093e-02
-1.658022403717041016e-02
9.539844095706939697e-02
2.203709632158279419e-02
-2.391486242413520813e-02
-2.923466637730598450e-02
-5.569119751453399658e-02
-2.455791644752025604e-02
-2.073866687715053558e-02
-5.897173658013343811e-02
3.796877339482307434e-02
-1.140503678470849991e-02
1.053881272673606873e-01
-2.494055591523647308e-02
-1.267685182392597198e-02
5.810450389981269836e-02
1.179925445467233658e-02
-4.987454041838645935e-02
-5.611919332295656204e-04
9.332045912742614746e-03
-7.898651063442230225e-03
-1.871041581034660339e-02
-1.854001730680465698e-02
2.044068276882171631e-02
-1.771165803074836731e-02
-8.505375683307647705e-02
-1.490582339465618134e-02
4.018007894046604633e-05
4.185618460178375244e-02
-4.165499284863471985e-02
5.993541702628135681e-02
9.424058720469474792e-03
-1.754938252270221710e-02
2.719056978821754456e-02
3.477977588772773743e-02
2.067174063995480537e-03
-2.019604109227657318e-02
1.017201784998178482e-02
7.491065561771392822e-02
-1.964624971151351929e-02
4.495327174663543701e-02
3.589887637645006180e-03
-7.410080730915069580e-02
-4.636874794960021973e-02
-5.171155557036399841e-02
2.282394468784332275e-02
-2.190783247351646423e-02
-1.162698399275541306e-02
-2.683084830641746521e-02
-6.258498132228851318e-02
3.833611682057380676e-02
-1.964243501424789429e-02
-3.209633380174636841e-02
-1.482946518808603287e-02
1.488902047276496887e-02
-2.621167711913585663e-02
-2.777310647070407867e-02
-2.333302050828933716e-03
-1.935645751655101776e-02
1.321106217801570892e-03
3.838343545794487000e-02
4.101522266864776611e-02
5.598040670156478882e-02
-2.732636034488677979e-02
6.372365355491638184e-02
-2.092900467687286437e-05
-2.875636331737041473e-03
-1.951669901609420776e-02
-3.807519003748893738e-02
2.631578035652637482e-02
-1.675055362284183502e-02
2.076712995767593384e-02
4.946699365973472595e-02
-2.589645795524120331e-03
-6.936638057231903076e-02
-5.678853765130043030e-02
5.139159504324197769e-03
-6.256221979856491089e-02
8.947379887104034424e-02
-1.257901079952716827e-02
3.683779388666152954e-02
-2.957437746226787567e-02
1.969669386744499207e-02
6.836236454546451569e-03
2.182605490088462830e-02
4.103329032659530640e-02
-5.546258017420768738e-02
-1.613532006740570068e-02
1.045178994536399841e-02
-1.551098749041557312e-02
-5.068285390734672546e-02
6.467759609222412109e-02
5.988686159253120422e-02
-6.830478552728891373e-03
-2.119803801178932190e-02
7.357244193553924561e-02
2.141539379954338074e-02
1.041716802865266800e-02
7.553048431873321533e-02
-5.834569036960601807e-02
2.897804602980613708e-02
1.051854863762855530e-01
5.022923648357391357e-02
1.325118914246559143e-02
2.938915975391864777e-02
-2.142872475087642670e-02
8.581451140344142914e-03
8.824498951435089111e-02
-1.388783752918243408e-01
5.072933062911033630e-02
3.805401921272277832e-02
-1.589701324701309204e-02
-1.040539424866437912e-02
-1.721337251365184784e-02
2.194663323462009430e-02
4.357907176017761230e-02
-5.108022317290306091e-02
-4.258944466710090637e-02
-1.132422871887683868e-02
1.264088973402976990e-02
3.797739744186401367e-02
4.831515997648239136e-02
-1.026817117235623300e-04
-3.724758699536323547e-02
-2.443384379148483276e-02
-3.483523428440093994e-02
-4.933290928602218628e-02
1.930532976984977722e-02
8.756821602582931519e-02
-1.450146269053220749e-02
-5.452981218695640564e-02
-9.507248178124427795e-03
1.322356890887022018e-02
-5.391535162925720215e-02
4.343289881944656372e-02
9.406758844852447510e-02
-4.070775210857391357e-02
-5.335563793778419495e-02
-5.985203664749860764e-03
-4.423173144459724426e-02
-5.265785381197929382e-03
5.304181575775146484e-02
-8.813971281051635742e-02
-5.356289912015199661e-03
5.943616852164268494e-02
-7.360651344060897827e-02
4.867600649595260620e-02
3.618524223566055298e-02
9.280800819396972656e-03
8.324588090181350708e-02
1.052820589393377304e-02
-9.244545549154281616e-02
6.280598230659961700e-03
9.746564552187919617e-03
3.907934203743934631e-02
4.254661127924919128e-02
2.514198608696460724e-02
-4.360704123973846436e-02
-1.873599551618099213e-02
4.840956535190343857e-03
1.264079958200454712e-01
8.904828573577105999e-04
-6.130752712488174438e-02
4.145403206348419189e-02
-7.361096143722534180e-02
1.975901797413825989e-02
2.127738110721111298e-02
2.345318160951137543e-02
-2.023718506097793579e-02
-8.383392542600631714e-02
1.546415034681558609e-02
1.228762511163949966e-02
-8.825810626149177551e-03
1.382891647517681122e-02
6.269694864749908447e-02
-1.055957600474357605e-01
-7.727126032114028931e-02
-2.664282545447349548e-02
-4.819034039974212646e-02
4.412754625082015991e-02
6.327913608402013779e-03
-5.588350445032119751e-02
-2.808520384132862091e-02
2.914852835237979889e-02
8.338366448879241943e-02
-2.814202383160591125e-02
7.761663198471069336e-02
3.165744990110397339e-02
5.284601449966430664e-02
-1.472199219278991222e-03
1.380918454378843307e-02
-1.377049647271633148e-02
2.188675291836261749e-02
-1.057380996644496918e-02
-6.425447016954421997e-02
-5.131877586245536804e-02
-3.836224973201751709e-02
7.537493854761123657e-02
2.544114366173744202e-03
2.439776808023452759e-02
2.714315801858901978e-02
5.485500209033489227e-03
5.938035435974597931e-03
3.354320302605628967e-02
4.368405044078826904e-02
-2.514316474844235927e-05
3.797485679388046265e-02
-2.397657744586467743e-02
-5.119698122143745422e-02
-1.172089111059904099e-02
-1.241314411163330078e-02
-2.662925748154520988e-03
8.378624916076660156e-02
2.679893188178539276e-02
-9.917349368333816528e-02
-4.950608313083648682e-02
-1.583271892741322517e-03
-3.066062554717063904e-02
7.692702859640121460e-02
2.093098498880863190e-02
-1.689337380230426788e-02
-4.637702077161520720e-04
1.315382495522499084e-02
4.001762717962265015e-02
8.489963412284851074e-02
8.939934778027236462e-04
3.840624168515205383e-02
-6.428796797990798950e-02
-9.081776440143585205e-02
1.115311309695243835e-02
-7.501648366451263428e-02
1.114656683057546616e-02
-5.744858086109161377e-02
2.317227236926555634e-02
1.114250905811786652e-02
4.509462788701057434e-02
-4.608544334769248962e-02
2.742785774171352386e-02
2.180207986384630203e-03
9.771046228706836700e-03
4.718260839581489563e-02
2.410911582410335541e-02
-6.936810445040464401e-03
-1.543113123625516891e-02
-2.347229048609733582e-02
-6.858427822589874268e-02
-1.367034018039703369e-02
-2.393286861479282379e-02
-5.411073565483093262e-03
-8.902301080524921417e-03
-1.829490880481898785e-03
-4.732692614197731018e-02
2.953043393790721893e-02
-5.029561743140220642e-02
2.504020743072032928e-02
-5.827825516462326050e-02
-2.609048224985599518e-02
-6.258093565702438354e-02
-2.805118449032306671e-02
6.936005316674709320e-03
-1.560099772177636623e-04
1.692253351211547852e-02
3.627894818782806396e-02
-8.820240199565887451e-02
2.057958953082561493e-02
-2.908200770616531372e-02
3.535015881061553955e-02
-1.580433361232280731e-02
-4.353513196110725403e-02
1.953171938657760620e-02
-3.662759810686111450e-02
-8.900386281311511993e-03
-6.479067262262105942e-03
-4.616196081042289734e-02
-7.591492962092161179e-03
-3.573717549443244934e-02
4.548992216587066650e-02
2.493510581552982330e-02
-6.827921420335769653e-02
-2.070960029959678650e-02
-3.560995310544967651e-02
3.884888812899589539e-02
-1.945100841112434864e-03
7.308451831340789795e-02
4.165700823068618774e-02
-4.976414516568183899e-02
1.295327115803956985e-02
-1.041734684258699417e-02
8.851076476275920868e-03
-3.378755226731300354e-02
-4.407168366014957428e-03
7.642873376607894897e-02
8.223328739404678345e-02
-7.825860753655433655e-03
2.972206311824265867e-05
-5.087732803076505661e-03
2.159569598734378815e-02
2.861994318664073944e-02
3.454016055911779404e-03
9.385046362876892090e-02
-1.391542423516511917e-02
-2.578888321295380592e-03
3.922543302178382874e-02
-6.871525943279266357e-02
2.800780162215232849e-02
-2.434329129755496979e-02
-3.448395803570747375e-02
1.481023151427507401e-02
-6.063392758369445801e-02
