3.607545420527458191e-02
7.899512536823749542e-03
-1.168813183903694153e-02
2.237096615135669708e-02
1.174261979758739471e-02
4.142554942518472672e-03
1.460473518818616867e-02
1.105859596282243729e-02
-2.580058388411998749e-02
2.055711857974529266e-02
-4.844354093074798584e-02
2.542279288172721863e-02
9.159291163086891174e-03
2.096445066854357719e-03
-3.304716199636459351e-02
6.166509701870381832e-04
-3.685012459754943848e-02
6.389568559825420380e-03
-1.691663265228271484e-01
1.543776690959930420e-02
7.693522144109010696e-03
-3.389863669872283936e-02
6.421691924333572388e-02
1.517140865325927734e-02
-2.724109450355172157e-03
-3.099745325744152069e-02
1.550898421555757523e-02
-1.526693534106016159e-02
-4.713495075702667236e-02
5.126019194722175598e-02
-8.197642117738723755e-02
-2.498977817595005035e-02
-1.541220955550670624e-02
2.293982170522212982e-02
-1.091151405125856400e-02
-3.973231464624404907e-02
9.467473253607749939e-03
1.286589354276657104e-02
-1.521314866840839386e-02
5.074012279510498047e-02
-3.582344949245452881e-02
1.330088730901479721e-02
4.731696471571922302e-02
1.057786773890256882e-02
-2.025501988828182220e-02
-4.088050127029418945e-02
4.816336184740066528e-02
-3.094312734901905060e-03
3.942406922578811646e-02
-1.395083963871002197e-02
3.584644570946693420e-02
6.485874205827713013e-02
-6.097880750894546509e-02
-2.296646125614643097e-02
1.034795027226209641e-02
-9.949834086000919342e-03
-1.760643720626831055e-02
-2.298397384583950043e-02
3.882410228252410889e-01
-5.095800384879112244e-02
2.195990644395351410e-02
-4.477135837078094482e-02
-3.353033959865570068e-02
1.301624067127704620e-02
5.767679773271083832e-03
-2.723532542586326599e-02
-4.961095750331878662e-03
-2.573712728917598724e-02
-7.457957416772842407e-02
-4.284536093473434448e-02
5.657821893692016602e-02
-8.469806984066963196e-03
-2.866986766457557678e-02
-1.094938270398415625e-04
-3.645819053053855896e-02
2.085146680474281311e-02
2.390107885003089905e-02
-4.274527356028556824e-02
-2.578671555966138840e-03
-6.149062141776084900e-02
-1.642774604260921478e-02
-1.029804069548845291e-02
4.609668627381324768e-03
-5.498224496841430664e-02
-8.569534122943878174e-02
3.135909140110015869e-02
-2.001743996515870094e-03
-1.640484295785427094e-02
1.074574049562215805e-02
-1.717974990606307983e-02
6.481513381004333496e-03
-7.622583955526351929e-02
4.949448630213737488e-02
-2.123770304024219513e-03
-2.849977463483810425e-02
4.890672862529754639e-03
-8.287873119115829468e-03
2.499354816973209381e-02
-3.279707208275794983e-02
-1.542310137301683426e-02
4.053404554724693298e-03
2.749314904212951660e-02
-3.270155936479568481e-02
1.039971612044610083e-04
-1.622951938770711422e-03
5.651650018990039825e-03
-4.123535472899675369e-03
-2.968950010836124420e-02
-2.199931815266609192e-02
3.200428187847137451e-02
-1.586262509226799011e-02
1.783842779695987701e-02
1.796836964786052704e-02
1.619112491607666016e-02
3.422908717766404152e-03
1.023743487894535065e-02
-4.677420109510421753e-02
-1.341397315263748169e-02
-4.684929177165031433e-02
1.379369292408227921e-02
-1.800727099180221558e-02
-1.191395148634910583e-02
-2.203999273478984833e-02
1.386769395321607590e-02
6.812001019716262817e-02
5.478191815200261772e-05
1.933703012764453888e-02
-1.187118608504533768e-02
2.508998662233352661e-02
-1.008867099881172180e-02
2.215665206313133240e-02
2.455791272222995758e-02
-2.876471728086471558e-02
3.941533621400594711e-03
-6.607596296817064285e-03
-1.258709654211997986e-02
9.887870401144027710e-03
-6.805701553821563721e-02
-3.263762220740318298e-02
-1.160919317044317722e-03
1.453136950731277466e-01
1.757043972611427307e-02
6.792831234633922577e-03
-3.567346557974815369e-02
-7.806440349668264389e-03
-1.963972300291061401e-01
3.179984539747238159e-02
-1.848984137177467346e-02
2.800944494083523750e-03
-7.613572292029857635e-03
-3.352638706564903259e-02
-1.331087108701467514e-02
9.450905025005340576e-03
1.058252900838851929e-02
2.223130501806735992e-02
2.349361032247543335e-02
-7.350579649209976196e-02
5.140715744346380234e-03
4.583923518657684326e-02
5.105504766106605530e-02
-2.940917946398258209e-02
1.773853600025177002e-01
-5.853470042347908020e-02
-4.569024604279547930e-04
-2.485614083707332611e-02
-8.822668343782424927e-02
1.355841197073459625e-02
-8.544429205358028412e-03
2.954083262011408806e-03
-2.371729537844657898e-02
-2.714454568922519684e-02
4.160930402576923370e-03
-2.331523224711418152e-02
2.168839797377586365e-02
3.511475399136543274e-02
9.945270605385303497e-03
2.875075489282608032e-02
4.921524971723556519e-02
-2.544667338952422142e-03
-4.993930459022521973e-03
4.156177118420600891e-02
-6.510651670396327972e-03
-1.617759652435779572e-02
9.326927363872528076e-03
5.940294358879327774e-03
-1.109652742743492126e-01
1.448226161301136017e-02
1.854870468378067017e-02
2.263516187667846680e-02
1.716102473437786102e-02
-8.427651226520538330e-02
1.694766804575920105e-02
3.066729987040162086e-03
1.533125620335340500e-02
1.366980653256177902e-02
-3.816694766283035278e-02
1.581379398703575134e-02
-3.099852241575717926e-02
-1.184127666056156158e-02
-1.490303780883550644e-02
1.877947070170193911e-04
-3.237324580550193787e-02
-7.578214257955551147e-02
2.200895547866821289e-02
-4.468847438693046570e-02
1.284291874617338181e-02
-1.292366348206996918e-02
4.442437086254358292e-03
3.559591248631477356e-03
8.924070000648498535e-02
3.612466529011726379e-02
1.571538485586643219e-02
-3.986279189120978117e-04
-9.612285532057285309e-03
-1.703123562037944794e-02
7.155391387641429901e-03
-2.321491204202175140e-02
4.613831639289855957e-02
4.267462342977523804e-02
6.137776188552379608e-03
1.359334564767777920e-03
-6.925296783447265625e-01
-1.878508180379867554e-02
2.205101959407329559e-02
-1.666660234332084656e-02
-3.176273778080940247e-02
-3.252395987510681152e-02
1.068372745066881180e-02
-4.663952626287937164e-03
-9.481666609644889832e-03
-2.730263862758874893e-03
2.302599139511585236e-02
5.121431127190589905e-02
-8.017914369702339172e-03
-3.255335614085197449e-03
5.340451374650001526e-03
3.254918754100799561e-02
5.181288346648216248e-03
-2.173588145524263382e-03
-6.150886416435241699e-03
4.419439658522605896e-02
-1.098964945413172245e-03
1.337371021509170532e-01
-4.152983799576759338e-02
-2.280565351247787476e-02
-1.280220504850149155e-02
1.319158240221440792e-03
-2.842797338962554932e-02
1.788608729839324951e-02
2.246778085827827454e-02
-8.838780224323272705e-03
5.931017454713582993e-03
1.788705959916114807e-02
1.017207466065883636e-02
7.803734857589006424e-03
-1.137598045170307159e-02
1.375950574874877930e-01
-8.290114812552928925e-03
-9.955880045890808105e-02
8.625507354736328125e-02
4.766128957271575928e-02
-4.954588599503040314e-03
-1.165902242064476013e-02
-9.790930896997451782e-02
-2.405401319265365601e-02
2.419674396514892578e-02
1.329311877489089966e-01
7.372316718101501465e-02
-3.690822341013699770e-04
-4.698465764522552490e-02
-1.648460887372493744e-02
1.945996843278408051e-02
5.048761144280433655e-02
3.688905015587806702e-02
-5.511891841888427734e-02
-1.101740170270204544e-02
-1.828137785196304321e-02
6.913652643561363220e-03
-3.422848880290985107e-02
3.035618923604488373e-02
-1.604012097232043743e-03
6.197148934006690979e-03
-2.466431073844432831e-02
-1.028722301125526428e-01
-9.992697089910507202e-02
-1.511036790907382965e-02
1.790643781423568726e-01
6.844353862106800079e-03
-4.289092123508453369e-02
-6.076545268297195435e-02
8.954838663339614868e-02
-5.625798925757408142e-02
-2.686312049627304077e-02
7.676449418067932129e-02
-6.030992045998573303e-02
2.523686923086643219e-02
-1.291344612836837769e-01
1.124692335724830627e-01
-1.799292676150798798e-02
-9.985770285129547119e-02
3.214686736464500427e-02
-4.629612341523170471e-02
8.265628218650817871e-01
-1.319528669118881226e-01
-1.789357699453830719e-02
-1.484349370002746582e-01
-2.271232008934020996e-02
1.277205348014831543e-01
4.942462220788002014e-02
9.908602386713027954e-02
-1.580697298049926758e-02
-5.196194350719451904e-02
1.047106459736824036e-01
2.770509943366050720e-02
-3.434343636035919189e-02
-2.938775159418582916e-02
-5.334584787487983704e-02
-1.154095381498336792e-01
-3.552575781941413879e-02
6.918054074048995972e-02
5.640765279531478882e-02
1.999690756201744080e-02
-5.189426988363265991e-02
6.031299382448196411e-02
2.884024567902088165e-02
-7.513724267482757568e-02
-2.819990739226341248e-02
-4.497772082686424255e-02
-2.523371251299977303e-03
1.011643651872873306e-02
3.278837352991104126e-02
-4.107502847909927368e-02
-3.958468139171600342e-02
1.868992298841476440e-02
-3.807510435581207275e-02
-3.331204131245613098e-02
1.965480484068393707e-02
-6.001386791467666626e-03
5.192086473107337952e-02
6.015705689787864685e-02
5.303345248103141785e-02
-3.099844604730606079e-02
8.793418109416961670e-02
5.132746323943138123e-02
-1.046484410762786865e-01
-1.020013391971588135e-01
1.937638968229293823e-02
1.038213446736335754e-02
-4.074268415570259094e-02
6.076071783900260925e-02
3.700779378414154053e-02
-2.675640210509300232e-02
-4.760507866740226746e-02
-2.248400822281837463e-03
-2.381611429154872894e-02
-4.863246157765388489e-02
6.323663890361785889e-02
2.445776248350739479e-03
-3.515538200736045837e-02
-7.346192002296447754e-02
-2.464529359713196754e-03
2.858125604689121246e-02
4.408810753375291824e-03
-2.112140879034996033e-02
3.904862701892852783e-02
7.826713845133781433e-03
-4.527579993009567261e-02
-6.182269193232059479e-03
2.499531954526901245e-02
7.602134346961975098e-02
4.098784178495407104e-02
7.551420480012893677e-02
-8.336272090673446655e-03
1.190108060836791992e-01
-7.769080996513366699e-02
3.534744679927825928e-02
-6.016281247138977051e-02
1.860537379980087280e-02
-7.853826880455017090e-02
5.668600648641586304e-02
1.234321016818284988e-02
-3.659606724977493286e-02
3.235055878758430481e-02
4.804718494415283203e-02
-5.001233890652656555e-02
8.202116191387176514e-02
3.825249150395393372e-02
5.787230655550956726e-02
1.340876892209053040e-02
6.696804612874984741e-02
-6.260804086923599243e-02
-1.457304414361715317e-02
-9.358581155538558960e-02
-2.406640909612178802e-02
1.265225093811750412e-02
-1.636024750769138336e-02
4.106053337454795837e-02
5.767231062054634094e-02
-5.694146826863288879e-02
-8.253782987594604492e-03
-3.018707409501075745e-02
2.542186342179775238e-02
4.989248234778642654e-03
-2.876453474164009094e-02
8.629679679870605469e-02
-9.739890694618225098e-03
-8.037813007831573486e-03
3.262388333678245544e-02
-3.969980776309967041e-02
1.450468436814844608e-03
-7.257518917322158813e-02
2.311193384230136871e-02
-2.031676098704338074e-02
3.023345954716205597e-02
5.671881139278411865e-02
8.341208100318908691e-03
3.405931405723094940e-03
-2.235132269561290741e-02
-9.984745085239410400e-02
6.719738245010375977e-03
7.644623517990112305e-02
-2.631749957799911499e-03
-1.384618226438760757e-02
2.570219105109572411e-03
-1.606191694736480713e-02
-1.207048632204532623e-02
1.612061448395252228e-02
-1.174975559115409851e-01
-4.205109551548957825e-02
8.120159059762954712e-02
-3.466966794803738594e-03
-5.401333421468734741e-02
4.679706320166587830e-02
5.256955325603485107e-02
-4.977462813258171082e-03
-4.733300581574440002e-02
4.570711404085159302e-02
-6.041009444743394852e-03
1.782876439392566681e-02
-5.479693412780761719e-02
-5.395320057868957520e-02
-2.095162495970726013e-02
5.176497623324394226e-03
2.349735610187053680e-02
3.132890909910202026e-02
5.813476070761680603e-02
-7.030321285128593445e-03
-7.509341835975646973e-02
-2.283152192831039429e-02
5.677450820803642273e-02
2.956980280578136444e-02
-9.504977613687515259e-03
-6.004437804222106934e-02
6.819118559360504150e-02
-5.029346211813390255e-04
-2.840105630457401276e-02
9.722879528999328613e-02
1.178416074253618717e-03
9.493543207645416260e-02
-1.005394086241722107e-01
1.677542924880981445e-02
-1.142745539546012878e-01
6.953171640634536743e-02
1.907865703105926514e-02
-4.118603840470314026e-02
5.619382485747337341e-03
1.221550069749355316e-02
1.379694696515798569e-02
-7.463376969099044800e-03
-3.146359696984291077e-02
6.791853904724121094e-02
6.990431249141693115e-02
8.743220008909702301e-03
6.321887485682964325e-03
3.402988985180854797e-02
-1.200455520302057266e-02
5.925480276346206665e-03
-3.990521654486656189e-03
7.399480789899826050e-02
8.794735372066497803e-02
-1.758692413568496704e-02
4.828676581382751465e-02
3.078968077898025513e-02
-2.228209003806114197e-02
1.876229047775268555e-02
1.338768191635608673e-02
6.524781882762908936e-02
6.181032955646514893e-02
-2.141097374260425568e-02
4.540294408798217773e-02
-7.105756551027297974e-02
1.554659288376569748e-02
6.164620816707611084e-02
7.494393736124038696e-03
-1.954610459506511688e-02
3.666765987873077393e-02
1.982350274920463562e-02
-3.172604367136955261e-02
-1.327597256749868393e-02
-1.991481147706508636e-02
5.687228217720985413e-02
-1.281324308365583420e-02
-5.425610020756721497e-02
-9.249916300177574158e-03
-6.362593732774257660e-03
-1.147023960947990417e-02
-2.544733695685863495e-02
-4.558136314153671265e-02
-1.857140846550464630e-02
-3.812222741544246674e-03
-5.062155798077583313e-02
-2.207578718662261963e-02
5.862159281969070435e-02
-3.684389963746070862e-02
1.972042769193649292e-02
-3.270393004640936852e-03
-7.850340753793716431e-02
-5.549917463213205338e-03
7.303362339735031128e-02
-1.896114833652973175e-02
-2.840334922075271606e-02
-5.749617516994476318e-02
6.263465434312820435e-02
-6.973110139369964600e-02
-2.717586606740951538e-02
1.098519377410411835e-02
2.939762733876705170e-02
1.698959246277809143e-02
-6.042237952351570129e-02
-4.014937207102775574e-02
-4.399668797850608826e-02
-5.929164215922355652e-02
-3.535873815417289734e-02
4.808545857667922974e-02
-4.930840432643890381e-02
1.152271851897239685e-01
-1.253055967390537262e-02
1.469646673649549484e-02
6.838018447160720825e-02
2.698277682065963745e-02
-1.789345405995845795e-02
3.692745789885520935e-02
1.186894811689853668e-02
-3.616407513618469238e-02
-5.328899249434471130e-03
-1.001672521233558655e-01
1.000309363007545471e-02
-1.352633442729711533e-02
-5.048336461186408997e-02
-7.793366909027099609e-03
-4.259420558810234070e-03
4.179277271032333374e-02
-4.976533725857734680e-02
6.107788160443305969e-02
1.165155228227376938e-02
1.585481315851211548e-02
-1.402353285811841488e-03
9.741065092384815216e-03
6.910766009241342545e-03
-3.231842536479234695e-03
2.060801908373832703e-02
9.559813141822814941e-02
-6.430201977491378784e-02
1.160535868257284164e-02
2.791849523782730103e-02
-6.185561791062355042e-02
-2.852006070315837860e-02
-7.204291969537734985e-02
-6.244339980185031891e-03
-4.969519004225730896e-02
-8.572718128561973572e-03
1.868614368140697479e-02
-4.504416882991790771e-02
6.167044490575790405e-02
-4.394014924764633179e-02
-1.476970780640840530e-02
-2.909957244992256165e-02
-1.068517100065946579e-02
-5.245345458388328552e-02
-3.754541650414466858e-02
2.163907699286937714e-02
-1.978844031691551208e-02
1.483943406492471695e-02
3.892795369029045105e-02
2.081757411360740662e-02
7.597381621599197388e-02
5.039263982325792313e-03
7.008664309978485107e-02
3.830713219940662384e-03
-1.466877851635217667e-02
-6.047185976058244705e-03
-4.677667468786239624e-02
1.342459348961710930e-03
-3.231399133801460266e-02
6.719414144754409790e-02
1.453425548970699310e-02
4.236104432493448257e-03
-5.604229867458343506e-02
-2.153855934739112854e-02
-7.215964142233133316e-03
-6.069971248507499695e-02
7.007770985364913940e-02
-3.754641860723495483e-02
-1.238588738488033414e-04
-7.094859145581722260e-03
1.028541754931211472e-02
-1.338959764689207077e-02
-2.005780674517154694e-02
3.855008259415626526e-02
-3.481553494930267334e-02
-4.685318097472190857e-02
3.649761527776718140e-02
2.235623821616172791e-02
7.483068620786070824e-04
-4.070434346795082092e-02
1.909060589969158173e-02
-2.516990527510643005e-02
-1.803117804229259491e-02
6.701721251010894775e-02
3.493433445692062378e-02
9.644423611462116241e-03
3.105869516730308533e-02
-1.826083287596702576e-02
6.234246492385864258e-02
9.608916193246841431e-02
6.657888740301132202e-02
4.180747270584106445e-02
-6.695905467495322227e-04
-7.552581280469894409e-02
1.362910866737365723e-02
5.066022649407386780e-02
-7.847323268651962280e-02
5.277526751160621643e-02
5.601973086595535278e-02
4.008632525801658630e-02
4.805786069482564926e-03
-5.516477301716804504e-02
-3.662721021100878716e-03
2.375645330175757408e-03
-5.202587321400642395e-02
-5.107335746288299561e-02
5.429992917925119400e-03
2.875672094523906708e-02
4.444394260644912720e-02
6.157765910029411316e-02
9.707285091280937195e-03
-1.547637581825256348e-02
-3.113580681383609772e-02
-1.532888971269130707e-02
-1.986255496740341187e-02
3.202099725604057312e-02
7.544700801372528076e-02
-3.771374747157096863e-02
-3.729054704308509827e-02
6.488780491054058075e-03
3.121629543602466583e-02
-9.685925394296646118e-02
-9.133916348218917847e-03
5.022720247507095337e-02
-1.840413548052310944e-02
-5.269845947623252869e-03
-3.443033248186111450e-02
-4.030748084187507629e-02
2.222575433552265167e-02
5.918294563889503479e-02
-8.645687997341156006e-02
-5.932238418608903885e-03
2.523803710937500000e-02
-1.098614186048507690e-01
3.025545179843902588e-02
4.171073809266090393e-02
-2.350847795605659485e-02
8.266265690326690674e-02
-1.815934665501117706e-03
-1.681780815124511719e-02
2.748608775436878204e-02
-1.532411016523838043e-02
6.626732647418975830e-02
2.041612006723880768e-02
-2.376865968108177185e-02
-1.670914888381958008e-02
-1.229648943990468979e-03
5.857219453901052475e-03
1.188235729932785034e-01
-3.598847892135381699e-03
-1.353772729635238647e-02
8.260865509510040283e-02
-1.067208200693130493e-01
-3.099727630615234375e-02
-2.103609032928943634e-02
2.342093735933303833e-02
-2.181203849613666534e-02
-9.078124165534973145e-02
3.067935258150100708e-02
1.445350702852010727e-02
-2.054586075246334076e-02
1.836595125496387482e-02
3.401003405451774597e-02
-6.680109351873397827e-02
-5.274640396237373352e-02
-2.921797707676887512e-02
-7.464610785245895386e-02
-2.753394283354282379e-02
-2.238451875746250153e-02
-4.652338847517967224e-02
-4.904927313327789307e-02
4.217471554875373840e-02
1.530781574547290802e-02
2.631401456892490387e-02
4.984992370009422302e-02
1.521151419728994370e-02
2.885065227746963501e-02
-3.922567889094352722e-02
-4.140224307775497437e-02
-2.502387762069702148e-02
-3.985620569437742233e-03
3.709999844431877136e-02
-1.721735857427120209e-02
-8.204039186239242554e-02
-6.347772479057312012e-02
8.809933066368103027e-02
3.192022815346717834e-02
-1.456090062856674194e-02
4.682259634137153625e-02
6.745767896063625813e-04
5.481337755918502808e-02
2.351311780512332916e-02
-4.522277973592281342e-03
3.296491876244544983e-02
3.455387055873870850e-02
-1.560530508868396282e-03
-4.984929412603378296e-02
-1.767478138208389282e-02
-2.543934434652328491e-02
-1.321307476609945297e-02
7.889392226934432983e-02
2.349189668893814087e-02
-1.127693280577659607e-01
-3.920218348503112793e-02
6.295638624578714371e-03
-4.398551583290100098e-02
6.348912417888641357e-02
-7.174632046371698380e-04
-6.162466481328010559e-02
-2.787863835692405701e-02
8.449369110167026520e-03
7.359027396887540817e-03
5.082158371806144714e-02
-1.664544269442558289e-02
2.894785627722740173e-02
-9.525545686483383179e-02
-1.271167248487472534e-01
3.882801905274391174e-02
-7.173175923526287079e-03
8.770990185439586639e-03
-7.584320753812789917e-02
2.883139997720718384e-03
-3.140620887279510498e-02
1.786924339830875397e-02
1.461887033656239510e-03
-4.093536641448736191e-03
3.355613350868225098e-02
8.195790462195873260e-03
3.774601966142654419e-02
1.608766801655292511e-02
-2.324613928794860840e-02
-2.754998952150344849e-02
-3.946401178836822510e-02
-4.757643491029739380e-02
2.762445248663425446e-02
-2.443794906139373779e-02
-2.451032865792512894e-03
-3.726269677281379700e-02
1.002582442015409470e-02
-2.644568867981433868e-02
4.591287299990653992e-02
-3.891303762793540955e-02
1.063515665009617805e-03
-4.640221968293190002e-02
-1.171998027712106705e-02
-5.232233926653862000e-02
-4.178807511925697327e-02
5.918950308114290237e-03
-3.012258745729923248e-02
-2.352488460019230843e-03
-1.172412186861038208e-02
-7.124339044094085693e-02
4.153584688901901245e-02
-3.229094296693801880e-02
6.754579488188028336e-03
-4.129724204540252686e-02
-2.857842296361923218e-02
2.993242256343364716e-02
1.044022943824529648e-02
6.164221558719873428e-03
-4.428062587976455688e-02
-5.319347605109214783e-02
-3.221381828188896179e-02
-1.945709437131881714e-02
2.312601357698440552e-02
2.879367396235466003e-02
-2.747350372374057770e-02
-4.072862118482589722e-02
1.545784808695316315e-02
2.145367302000522614e-02
2.720993012189865112e-03
8.487862348556518555e-02
2.495267055928707123e-02
-3.507161140441894531e-02
9.604035876691341400e-03
8.307714946568012238e-03
5.663412809371948242e-02
-2.336568012833595276e-02
8.991078473627567291e-03
7.449480891227722168e-02
8.027820289134979248e-02
-1.410287339240312576e-02
2.889817813411355019e-03
-4.025140032172203064e-02
5.408092588186264038e-02
9.801005944609642029e-03
3.048141254112124443e-03
9.544711560010910034e-02
5.104573816061019897e-02
3.990224562585353851e-03
2.016818895936012268e-02
-7.006007432937622070e-02
-1.479173079133033752e-02
-2.449976839125156403e-02
-1.278096903115510941e-02
1.289632357656955719e-02
-6.329337507486343384e-02
