0.04125910
-0.00126348
0.01059542
-0.03029494
0.04117211
-0.00448882
0.00594339
0.00249877
-0.04422390
0.00081569
-0.01171516
0.03810079
-0.02276095
0.00191545
-0.03459466
-0.01911634
-0.02262953
-0.01466528
-0.22676387
0.01464043
0.02070141
0.00488138
0.02273030
0.00398990
0.01402967
-0.02052270
0.03695086
0.00109450
-0.07126345
0.03630201
-0.11779886
-0.03564113
-0.01698798
0.01095891
-0.01846757
-0.02274094
0.00343190
-0.01911124
-0.01537494
0.03888588
-0.00373781
-0.00120309
0.04190613
-0.00846255
-0.03723462
-0.04953979
0.03925316
-0.00493106
0.01691607
-0.00079883
0.00556336
0.03019102
-0.07457329
-0.00639130
-0.00210536
-0.02717373
-0.00109761
-0.01092010
0.37960851
-0.09969603
-0.00913300
-0.01609327
-0.01765925
-0.00181754
-0.01443111
-0.03619219
-0.00180733
-0.00927889
-0.07061579
-0.02901879
0.02123025
-0.00885226
-0.03380146
0.01298278
0.00899281
0.00497910
-0.01952824
-0.03984851
0.00925968
-0.02455930
-0.00566849
-0.01878054
0.01589617
-0.05336875
-0.09911320
0.01896461
-0.01729215
-0.01353239
0.01477556
0.01805601
-0.01085380
-0.06713401
0.02812475
0.01584082
-0.01442447
0.01571413
0.01527652
-0.02019905
-0.06133340
-0.00427561
0.02519066
0.01621552
-0.00786949
-0.00429861
-0.00690162
0.00141021
-0.02069209
-0.02698836
0.00776166
0.02045927
-0.00366186
0.01046840
-0.00852417
0.05003996
-0.01408304
-0.01079455
-0.06786762
-0.01631563
0.00151379
0.02075528
-0.00797526
0.00898180
-0.03064632
-0.01670801
0.11678256
0.00178961
0.05392604
-0.00124195
-0.02043251
0.01396231
0.03636856
0.02245514
-0.02651361
0.00787435
0.00195779
-0.01864403
-0.00891990
-0.02859158
-0.04170154
-0.01296702
0.16123864
0.01420993
-0.02728157
0.02183996
-0.05509569
-0.22078452
0.00303758
-0.00636827
-0.01869484
-0.00518764
-0.04044230
0.02376891
-0.02715187
0.00330610
-0.00569238
0.03855961
-0.04125785
0.00336990
0.03963627
0.06956726
-0.00226898
0.15591422
-0.05629374
0.02652992
-0.03063419
-0.07403120
-0.01768939
0.01336838
-0.00213428
-0.02159709
-0.01112446
0.00380342
-0.01632231
-0.01923710
0.00913663
-0.01101243
0.02890173
0.03499082
-0.02674770
0.01410930
0.01758054
0.01022032
-0.01477484
0.01814631
-0.00244693
-0.10860966
-0.06790557
0.01375196
0.03735916
0.04591063
-0.04709626
0.02667048
-0.01508862
-0.00089661
0.00729036
-0.03935127
0.06402870
-0.01290728
-0.01198440
-0.01823181
0.00150636
0.00420977
-0.12502199
0.01109247
-0.05329559
0.02131686
-0.01724226
-0.01846484
0.02589764
0.04878164
0.03997586
0.02697202
0.00145298
-0.00183629
0.00239455
0.03459177
-0.01780229
0.01472811
0.01124138
0.02025411
0.00215864
-0.66085225
-0.01114374
0.00686751
-0.03551225
-0.04317696
-0.02654915
-0.00569436
-0.00698343
-0.00088931
-0.01090464
-0.01605563
0.05772731
-0.00241824
0.01261442
0.00564730
0.03651420
0.00046732
-0.00768212
0.00132904
-0.00593680
0.00785577
0.17095672
-0.01944173
-0.00953206
0.00756812
0.01620972
-0.01794270
-0.01069808
-0.00372677
-0.01097018
0.00735960
0.02031370
0.00152639
-0.01535446
-0.01609778
0.10446224
-0.00907723
-0.12125775
0.08195122
-0.01924567
0.00100745
-0.01727288
-0.03154069
-0.01037087
-0.01666016
0.07727104
0.16988514
0.00924068
-0.01926105
-0.02266899
-0.01396089
-0.03301381
0.00349672
-0.02963792
0.00807344
0.01159079
0.01361118
-0.08011859
0.12790103
0.05546349
0.02586645
-0.06181838
-0.11493820
-0.05114281
-0.03572455
0.15936090
0.01015065
-0.02983862
-0.07054927
-0.01480619
-0.00992876
0.07145824
0.08790752
-0.09669523
0.00619269
-0.02460508
0.13879938
0.00897036
-0.08185201
-0.03553685
-0.01100684
0.84704900
-0.16101517
0.05981147
-0.04718353
0.01611170
0.00883389
0.04199842
0.07501207
0.00991853
-0.15584981
-0.03754365
-0.02635424
-0.03335886
0.00088449
-0.05591298
-0.05589946
0.01298110
0.08252552
-0.02415549
-0.00664401
-0.02191658
0.00317459
0.03261911
-0.04345576
-0.05874514
-0.02578722
0.04648975
0.00303446
-0.03323724
-0.03835457
0.04009227
0.08746526
0.01705448
0.01963924
-0.00146295
-0.03427187
0.07763131
0.04740457
0.08409689
-0.01875963
0.12182657
0.02831623
-0.09102584
-0.10111282
0.02914615
-0.00658859
0.04860301
0.01477058
-0.01914067
0.01483485
-0.04031785
-0.01181093
-0.03760558
0.00944289
-0.00051616
0.04718263
0.04191528
-0.02298062
-0.03549611
0.01817353
0.02606244
0.01642606
0.03465736
0.00839278
-0.07961275
-0.01063881
-0.00393660
-0.01341995
0.06854693
0.01398855
-0.01657937
0.03968805
-0.04436935
-0.06400268
-0.05540092
0.00141930
0.00735852
0.01405140
-0.02119750
-0.07351561
-0.00844113
0.01677948
0.00675377
0.01090522
0.00376690
0.02772011
0.03076742
0.00031316
-0.03353296
-0.04845880
-0.01517121
-0.03438758
-0.01996301
-0.08714003
0.08471483
0.01031114
-0.06084880
-0.04200291
-0.00500394
0.00429556
0.05122323
-0.02169619
0.08252999
-0.01020474
-0.00605628
0.05236584
0.04332826
0.01561475
-0.10903787
0.01416434
-0.00668883
-0.02070111
-0.00231587
0.00164265
0.00165490
-0.04836179
-0.10836103
-0.02759019
-0.00959841
-0.00183254
0.02579209
0.00937781
0.01278624
-0.00626077
-0.03424453
-0.06407917
-0.09724308
0.09431071
0.01260182
-0.07158040
0.02719080
-0.01651462
-0.01673370
-0.00273626
-0.03083877
0.06450435
0.00954607
-0.03103830
-0.00082806
-0.05226394
0.05947971
-0.00571857
-0.05351391
0.03806950
0.02434615
0.01604226
-0.02995978
0.04530678
0.02626874
-0.01506277
0.01702391
0.01808522
0.03779981
0.02464309
0.10053310
0.00096119
0.08382459
-0.07567856
0.01925878
-0.04033675
-0.03331793
-0.01076052
0.04641035
0.03429759
0.10116502
-0.03675304
-0.04561379
-0.05547627
0.06470205
0.07345676
-0.01884991
-0.00507147
0.00053990
0.02507003
0.05228082
-0.03207152
0.09264624
0.08147870
-0.00871244
0.06285088
-0.00514320
-0.03648552
-0.04051324
-0.01141152
-0.00054650
0.05053683
-0.05333183
0.03433244
0.01225595
-0.04835144
0.04435316
0.07534260
-0.03631510
-0.00693308
-0.00740587
0.03987205
0.07442582
-0.01448257
0.06181323
0.02134271
-0.01929365
-0.00132358
-0.03812832
-0.00738900
0.02689566
-0.09676100
-0.04882710
-0.02912552
0.02764773
0.00056514
-0.01344647
-0.04474547
-0.00753850
0.00649256
-0.05101979
0.01810391
0.07261335
0.01662607
-0.02241592
-0.01860918
0.08582681
-0.08341050
-0.01801325
0.06171593
-0.01904884
0.05025396
-0.05753739
-0.01355938
-0.07246144
-0.03447346
-0.03751291
0.01036621
-0.00327717
0.09001043
-0.06578123
0.00294778
-0.00701084
0.04579742
-0.01176785
-0.01783821
-0.04033846
0.00297706
-0.05707115
0.00706076
0.07269090
0.01378904
-0.00895311
0.01492759
-0.00323154
0.03087466
-0.00442942
0.04100728
0.07166835
0.00135413
0.01178137
-0.00611480
-0.00295965
-0.00796776
-0.02814978
0.03965719
-0.03865610
0.03162935
-0.02398141
-0.08944281
0.03665032
0.03126531
-0.01478952
-0.05062377
-0.05680364
0.06417739
-0.02523851
-0.00223156
-0.03337756
-0.05949287
-0.01732312
0.03717070
-0.02735022
-0.01513366
0.01203252
-0.01815390
-0.01127403
0.03251421
0.02419893
0.07943083
0.04400543
0.06282004
0.02779669
-0.01786885
-0.00133644
-0.01215927
0.02523116
0.07224994
0.04566715
-0.00098943
0.02957198
-0.02103734
-0.04307745
-0.03423873
-0.03060514
0.03902937
-0.05060301
0.03392603
-0.02634579
0.03886329
0.02922833
0.06791122
0.07627476
0.00383499
-0.04092619
-0.02517367
0.06690518
-0.01858046
0.08682775
-0.03695726
0.00817174
0.02415184
0.03076446
0.02539266
-0.02931507
0.01061903
-0.00093484
0.08077586
0.07884046
-0.02684421
0.05431057
0.01397179
-0.08019391
0.03639308
0.07248555
-0.09619308
0.05029450
0.03309276
0.01547658
-0.01341776
-0.07146619
0.01573042
0.02467129
-0.03749530
-0.08111972
0.03082390
0.01488168
0.02645949
0.02600260
0.01116979
-0.00603533
0.01947925
-0.04583086
-0.01897055
-0.00019855
0.05748837
0.01151701
-0.05697855
-0.02316720
0.00345266
-0.02115747
-0.03090483
0.03902516
-0.02255144
-0.03746611
0.01358793
-0.04634748
-0.00052581
-0.02710375
-0.06093765
0.01780640
0.01406974
-0.07020126
0.02058585
0.02840056
-0.06121896
0.04993947
-0.00283355
-0.09289481
0.00988835
-0.00707128
0.03019170
0.02503361
0.03203814
-0.07422480
0.03501509
0.01743572
0.10880348
0.07294177
-0.04689117
-0.00361856
-0.07523032
0.02539640
0.01981214
-0.00859831
-0.05687742
-0.06969867
-0.00515179
0.00548706
-0.00577514
0.00780357
-0.00837996
-0.03148621
-0.03969920
-0.06116588
-0.04723901
0.04442342
-0.02872878
-0.05970296
0.02995872
-0.00427330
0.07392631
-0.02788005
0.00646132
-0.02997262
0.02933251
-0.04864509
0.00776645
-0.02036411
0.03162162
-0.02227284
-0.16033380
-0.05696549
-0.01696770
0.04857746
-0.10797240
-0.03469435
0.04549513
-0.05337458
-0.05610153
0.03547522
-0.06273750
0.02636123
0.03097016
0.02745708
-0.02918516
-0.07659131
-0.01736603
-0.02590174
0.06424548
-0.01806157
-0.08599826
-0.11960282
-0.09595320
-0.04453916
0.01654544
0.01314210
-0.04130212
-0.01301041
0.04991604
-0.01445938
0.02720073
-0.07105672
0.04235104
-0.03856235
-0.08128413
0.00630213
-0.04173911
0.03362421
-0.02933442
0.03381902
-0.03462760
-0.01928832
-0.02036585
-0.03380050
0.08540266
0.02472690
0.02092276
0.04013335
0.00427668
-0.01737544
-0.01375482
-0.06949757
-0.05532059
-0.00905855
-0.00110676
0.03405705
-0.00847137
0.02678518
0.04351400
0.02301600
0.00912506
-0.02100297
-0.01678084
-0.00548440
0.06828110
0.07463232
0.00252974
0.06188971
-0.00513433
0.00482462
0.04441770
-0.00981821
0.07318175
-0.06085627
-0.00861812
-0.02168440
-0.04754540
0.03913131
-0.00554982
0.01112810
-0.00854971
-0.05007557
0.09988971
0.03849754
-0.15332152
0.00177566
-0.06938832
0.00833735
0.01323906
0.05878421
0.02118723
-0.07609390
0.05063761
-0.01838413
0.06580444
-0.00032182
0.01754319
0.00538750
0.03228451
0.01481713
0.01799444
-0.00342090
0.01901088
-0.02159236
-0.04554220
0.09253087
0.02139121
0.04649647
0.00180160
-0.04681751
0.02678061
-0.01046975
-0.03512973
-0.00657140
-0.07897342
