0.03806642
-0.00806519
0.03371732
-0.04923166
0.05037103
-0.01595084
0.00505931
0.00908112
-0.05809786
-0.00036812
-0.01705584
0.05224013
-0.02601494
-0.00032955
-0.03495050
-0.03113453
-0.01555312
-0.01952479
-0.24336281
0.01669978
0.02777399
0.03074596
0.00549777
-0.00082625
0.01039535
-0.01393658
0.05622363
0.00880639
-0.07542121
0.04340260
-0.14376158
-0.03674215
-0.01698984
0.00156194
-0.02149749
-0.01975862
-0.00015982
-0.01239252
-0.01451776
0.02230301
-0.00973820
-0.00582920
0.05162119
-0.00428327
-0.02846400
-0.04981101
0.04223799
0.00156893
0.00956374
0.00643738
0.01042867
0.01015608
-0.08173231
-0.01912015
-0.00406331
-0.03289271
0.00654458
-0.01842562
0.36269042
-0.12954603
-0.00470246
-0.01926639
-0.00856644
-0.02129152
-0.02047145
-0.02387118
-0.00797276
-0.01986509
-0.07878389
-0.01306539
0.01717337
-0.01680379
-0.02911102
0.00833934
0.01810323
0.00813167
-0.02838865
-0.03685871
0.01229971
-0.01336230
-0.01122203
-0.02429841
0.01567527
-0.05174763
-0.08816060
0.01709198
-0.00859781
-0.01217856
0.02321507
0.02642586
-0.01574490
-0.04859392
0.01125492
0.02479890
-0.01569018
0.01868826
0.00979263
-0.01711030
-0.07729917
-0.00978284
0.02475031
0.01629544
-0.00119994
-0.00203166
-0.00373830
0.00901468
-0.03199530
-0.02875837
0.00470624
0.02394813
0.00059015
0.01596400
-0.00808005
0.05235943
-0.01055583
-0.01704658
-0.08327575
-0.02444538
0.01193099
0.02363182
-0.01515943
0.00521268
-0.03187636
-0.02166645
0.13469651
0.00142102
0.04610033
-0.00446648
-0.01023110
0.03789551
0.04702436
0.03239446
-0.03066716
0.00214500
0.01506222
-0.01059232
-0.01373083
-0.01542880
-0.04742808
-0.00774713
0.15647550
0.00374386
-0.02952974
0.02966796
-0.06415679
-0.22480635
0.00552009
-0.00089941
-0.01900509
-0.00503692
-0.05207900
0.03382441
-0.04329712
0.00131289
-0.00098933
0.03685002
-0.03264635
0.00540270
0.03913892
0.08585899
-0.00441070
0.14231132
-0.06690440
0.04365773
-0.02689562
-0.06247424
-0.03214811
0.01885545
0.00582779
-0.00551552
-0.00360403
0.01136177
-0.02111907
-0.02499248
0.02152515
-0.01288444
0.03331281
0.02411372
-0.04770911
0.00438566
0.00456573
0.00172150
-0.02242233
0.01910036
-0.01270903
-0.11549428
-0.09349331
0.00360235
0.04238892
0.05374863
-0.02408999
0.02639632
-0.02052338
-0.00161959
0.00186166
-0.03559074
0.09455992
-0.00232253
-0.01487361
-0.02004417
-0.00570491
0.01189583
-0.12700638
0.01601514
-0.05470861
0.01949197
-0.02253949
-0.01842703
0.02941329
0.02941256
0.03620586
0.02963175
-0.00306351
-0.00113577
0.00675168
0.04777399
-0.02599584
0.02892558
0.00604824
0.01799471
0.01272842
-0.61586142
-0.00858732
0.01177844
-0.03386577
-0.04710843
-0.02456764
-0.01920134
0.00309391
-0.00766515
-0.00142384
-0.04177810
0.06891254
0.00034697
0.02560587
-0.01316602
0.04006832
0.00625147
0.00187338
0.00235530
-0.01565288
0.01196627
0.18830544
-0.00830807
-0.00489655
0.01400487
0.01068251
-0.01402000
-0.01907792
-0.02628276
-0.00771595
0.00725498
0.01567181
-0.00222459
-0.01932759
-0.02111893
0.18778193
-0.03009443
-0.14348625
0.06050746
-0.00756267
-0.09087937
-0.05027707
-0.08198790
-0.07313735
-0.11908010
0.15045711
0.10185000
0.03852118
-0.12166441
-0.04263952
-0.07673910
-0.00552312
-0.01635900
0.00435721
0.06411222
0.05129972
0.02555601
-0.10664364
0.01203390
0.04324091
-0.10191517
-0.03823498
-0.11203513
-0.08487290
-0.13505806
0.16556051
-0.02847200
-0.03879377
0.03138309
-0.05138871
0.10302813
0.04363078
0.11674295
-0.13761091
-0.07440657
-0.02616579
0.10946634
-0.02036708
-0.01916242
-0.02890032
-0.00520210
0.78830004
-0.12201466
0.04613487
-0.03129435
0.02050475
0.06088568
0.07861947
-0.00837864
-0.02116282
-0.03613034
-0.00818627
-0.03468311
-0.03748273
-0.03755768
-0.05215620
-0.05756181
-0.08927326
0.08137868
0.02572530
0.00502679
-0.02960924
-0.05330684
0.02874145
-0.05697510
-0.04182653
-0.05434416
0.09053031
0.02464057
-0.04931306
0.01361880
0.05410470
0.05334289
0.02733499
0.02025155
-0.01007168
-0.01774296
0.07721820
0.05445145
0.09569257
0.01402403
0.09907180
0.01175390
-0.06738305
-0.07002208
0.03994830
0.03317340
0.03672478
0.00928255
0.00285082
-0.00882749
-0.05404419
-0.05300637
0.03963240
-0.05237511
0.01011105
-0.02908921
0.06925182
-0.01386378
-0.02953517
0.07166712
0.01930352
0.01328393
0.02871540
0.00616533
-0.08641603
-0.06057569
0.02525184
-0.01795707
0.09223629
0.00846031
-0.03495008
0.06274188
-0.02284355
-0.00854023
0.00677121
0.01191398
0.01099416
0.00797502
0.00577777
-0.05557906
-0.00878792
0.02424201
-0.01478739
0.02790147
0.03915037
0.01606160
-0.01044978
0.01213614
-0.06782661
-0.04243909
-0.01448770
-0.02904889
-0.01785835
-0.07041277
0.05862514
0.03502840
-0.08428819
-0.03604499
-0.00961011
0.02006307
-0.00231964
0.00614535
0.04373721
-0.03801380
-0.01316860
0.07123283
-0.02754876
-0.00685779
-0.07697386
0.03855748
-0.01699389
-0.02305540
0.01690655
-0.00538958
-0.00161332
-0.03821832
-0.11899411
0.01192075
0.02357341
0.00921188
0.02337056
-0.00882721
0.01627109
0.00712455
-0.03975674
-0.08532831
-0.06698268
0.03983270
0.06844464
-0.11962546
0.00011522
-0.03082183
-0.01802568
-0.02448947
-0.02066624
0.06085317
-0.02407438
-0.03902287
0.02251206
-0.06696402
0.04701958
0.03726648
0.00315920
0.02071322
0.05168315
-0.06242549
-0.05749233
0.04393237
0.00580790
-0.04319264
0.01872911
0.02279234
-0.01737756
0.00604790
0.03584406
-0.01812568
0.08472248
-0.03385297
0.09537761
-0.09659521
0.01142658
-0.01529934
0.03594067
-0.00008272
0.10233353
-0.03355239
-0.03474816
-0.03890269
0.04910195
0.06321267
-0.01308298
-0.00693182
0.00737603
0.02593059
0.01446958
-0.03844306
0.04188360
0.09063694
0.02093814
0.07430460
0.02292003
-0.00519794
-0.04119994
-0.01676277
0.01672862
0.06814535
-0.07529481
0.02391769
0.00572140
-0.05322468
0.05593316
0.07544231
-0.00731880
0.00044466
-0.05482538
0.02628297
0.06382978
-0.04094751
0.06155794
0.02472299
-0.00544604
-0.01066504
-0.01281947
0.00250480
-0.04147861
-0.04204061
-0.03996269
0.02438807
0.02035729
0.03337381
0.01130780
0.00318461
-0.00494135
-0.04865927
-0.03279836
-0.02606923
0.09227598
-0.03501331
-0.08466027
-0.03677832
0.08101493
-0.12559940
-0.00706836
-0.01417938
0.02624193
0.03499527
-0.00029630
-0.00248485
-0.05247931
-0.04904903
-0.07370200
-0.04486290
-0.00299853
0.08275222
-0.04546711
0.00788902
-0.01508624
0.04618257
0.00803931
0.00814253
-0.06338204
0.04302663
-0.05249993
-0.00235901
0.01468868
0.01106344
-0.02238519
0.00247239
-0.00721489
0.06098364
-0.02244799
0.07084842
0.05299230
0.04704771
0.02270044
0.01649599
0.00716714
-0.03634404
-0.08110414
0.03400609
-0.00174544
0.00971291
0.01421388
-0.09853848
0.00145359
0.04771750
-0.00174213
-0.04834304
-0.07049617
0.03886334
0.03827696
0.01373642
-0.05675923
-0.01129243
-0.02265935
0.02320396
-0.02412607
-0.04932632
-0.03424870
0.01839778
0.00587662
0.04854802
0.03921283
0.05632687
0.02727869
0.05706366
0.02381672
-0.00252813
0.00605952
-0.01526663
0.04144375
0.05655522
0.01131311
-0.00970867
0.03358532
-0.02544335
-0.02357241
-0.00740542
-0.05937638
0.04219581
-0.06756162
0.06215857
-0.01607129
0.06082259
-0.03075879
0.03269571
0.04932867
0.03277154
-0.01769851
-0.01332746
0.02522877
0.02267649
-0.11067280
-0.03607678
0.03383256
0.03613096
0.03432205
0.01641218
-0.03311938
0.03893498
-0.04103002
0.09150924
0.09047799
-0.00362691
0.05291298
0.04098025
-0.01354049
0.04548875
0.06855062
-0.11791256
0.06718098
0.00617460
-0.01739988
-0.00131010
0.01542969
-0.01630297
0.01834529
-0.04743260
-0.07567411
0.01745717
0.02792477
-0.02201985
0.00685648
0.00991282
0.00894859
0.00590783
0.02993242
-0.01846539
-0.03438276
0.05239199
0.05375251
-0.02062642
-0.03049809
0.04594165
-0.03408149
-0.02476995
-0.01146876
-0.00406859
0.00876944
0.01247858
0.00162518
-0.03923086
-0.05585145
-0.06020397
0.01727265
0.02740271
-0.06121416
0.00938776
0.02590258
-0.03380517
0.02729156
-0.00354857
-0.07119212
-0.00627600
-0.02617607
0.05893636
0.02469816
0.00514722
-0.05029102
0.02738854
0.02550987
0.07778168
0.05722952
-0.03987409
0.00665786
-0.04798809
0.04543752
0.00850527
0.00633756
-0.06462359
-0.06725030
0.01071671
0.03400014
-0.00528608
-0.00305213
0.03723528
-0.08795527
-0.00883729
-0.06990375
-0.06769966
0.05288481
-0.01709029
-0.01776487
0.00094681
0.01005278
-0.04969620
-0.04239078
0.04182674
-0.09871519
-0.00220486
0.00849994
-0.00256075
-0.04472212
0.02047744
-0.05732934
-0.13422062
0.07536848
-0.02024793
0.04971822
-0.07587762
-0.01200096
0.01503227
-0.06506898
0.00083930
0.03403099
-0.07920780
-0.00854886
0.00690230
-0.00808278
-0.05529478
-0.08647244
-0.03943376
-0.01321810
0.09157400
-0.03119933
-0.06694256
-0.01541524
-0.06017534
-0.03877218
0.00297764
0.05351080
-0.03106166
0.02402401
0.07321554
0.00223517
-0.02223098
-0.10273342
0.04005993
-0.04659319
-0.07952986
0.01792931
-0.00941396
0.03522555
0.05417437
0.01948788
-0.03088336
-0.01773011
-0.01660001
-0.02327211
0.01994177
0.00620350
0.03990137
0.03187598
-0.01733976
-0.01239023
0.00379252
-0.02879775
-0.01317125
-0.02215953
-0.01698568
0.05844239
-0.00201238
0.04879456
0.02063498
0.05357049
0.01563590
-0.05401932
-0.03075387
-0.02015166
0.08754713
0.00155322
0.02641489
-0.01089167
-0.02233407
0.02143872
0.03255660
0.01660119
0.05315989
-0.04362613
-0.00440749
-0.01598238
-0.01551531
0.04410233
0.00917104
0.00423496
-0.04014533
-0.08908433
0.07753384
-0.00178476
-0.18239115
0.00591072
-0.07897353
-0.00351647
-0.00622338
0.03402874
0.04621866
-0.01059731
0.05606226
-0.02353044
0.04199538
-0.01796633
-0.03304903
0.02995006
0.06681444
0.05107209
0.05278012
0.02499648
-0.00937287
0.02226062
-0.03512403
0.09589747
0.06857745
0.07017643
0.04425614
-0.03450730
0.01497656
-0.02053001
-0.02715123
0.00190903
-0.00181308
