5.246891453862190247e-02
1.036404632031917572e-02
1.965269073843955994e-02
8.195526897907257080e-03
2.794138528406620026e-02
-1.775711402297019958e-02
1.557105500251054764e-02
1.679927110671997070e-02
-4.867783933877944946e-02
1.037391461431980133e-02
-4.145250841975212097e-02
3.284619376063346863e-02
-1.080350112169981003e-02
-8.373844320885837078e-04
-3.538206964731216431e-02
5.423605398391373456e-05
-3.263229504227638245e-02
-1.175586599856615067e-02
-1.582159250974655151e-01
2.143255993723869324e-02
2.591991238296031952e-02
-3.774836426600813866e-03
3.861545398831367493e-02
3.179991245269775391e-02
7.501048035919666290e-03
-4.612872004508972168e-02
3.722406923770904541e-02
-1.277627144008874893e-02
-6.208113208413124084e-02
5.616153031587600708e-02
-8.393388241529464722e-02
-1.086020655930042267e-02
-8.293423801660537720e-03
2.764743566513061523e-02
-8.878877386450767517e-03
-3.745134174823760986e-02
1.182638388127088547e-02
1.512540690600872040e-02
-1.096043828874826431e-02
4.992141574621200562e-02
-3.344173729419708252e-02
6.298501510173082352e-03
5.810156464576721191e-02
2.473407797515392303e-02
-1.347692217677831650e-02
-4.234655201435089111e-02
4.873549193143844604e-02
1.442854013293981552e-02
3.453630581498146057e-02
-1.100932899862527847e-02
3.656349331140518188e-02
1.956670917570590973e-02
-3.691080212593078613e-02
-3.058705851435661316e-02
2.433885820209980011e-02
-1.718129217624664307e-02
-8.966191671788692474e-03
-2.239454537630081177e-02
4.163685441017150879e-01
-7.980977743864059448e-02
2.250219881534576416e-02
-5.691765248775482178e-02
-1.346072647720575333e-02
-1.134909503161907196e-02
-1.855214312672615051e-02
3.374291583895683289e-03
-2.447252720594406128e-02
-2.936850674450397491e-02
-8.912529051303863525e-02
-2.632734365761280060e-02
5.032135918736457825e-02
-1.969706453382968903e-02
-3.208430111408233643e-02
-1.482424791902303696e-03
-2.900473214685916901e-02
2.234710566699504852e-02
1.677412167191505432e-02
-4.180118441581726074e-02
-1.028791069984436035e-03
-4.904156923294067383e-02
-1.985326409339904785e-02
-4.844871873501688242e-04
8.625598624348640442e-03
-4.734507575631141663e-02
-5.385408923029899597e-02
3.045650199055671692e-02
9.668120183050632477e-03
-1.625308394432067871e-02
1.685257814824581146e-02
-5.108007695525884628e-03
-5.783266387879848480e-03
-4.199025034904479980e-02
8.392467163503170013e-03
1.535216229967772961e-03
-2.916655875742435455e-02
1.233616564422845840e-02
-1.730138622224330902e-02
1.808730699121952057e-02
-4.334424436092376709e-02
-1.821903511881828308e-02
2.353842742741107941e-02
3.618165478110313416e-02
-2.550658583641052246e-02
-7.232125848531723022e-03
5.137926898896694183e-03
1.803681254386901855e-02
2.582171699032187462e-03
-3.540193662047386169e-02
-2.773634530603885651e-02
4.012579843401908875e-02
-6.301115266978740692e-03
2.533445507287979126e-02
1.780053600668907166e-02
2.794647216796875000e-02
3.124261507764458656e-03
1.424774806946516037e-02
-7.154531776905059814e-02
-1.647488400340080261e-02
-3.188667073845863342e-02
2.069355174899101257e-02
-3.307560086250305176e-02
-5.785438697785139084e-03
-2.012453041970729828e-02
-6.573475431650876999e-03
7.799117267131805420e-02
-1.619041711091995239e-02
1.068402733653783798e-02
-2.791978232562541962e-02
2.078738249838352203e-02
2.090526372194290161e-02
3.552413359284400940e-02
3.720859810709953308e-02
-2.597760595381259918e-02
-1.097954902797937393e-02
8.326373063027858734e-03
-3.425478469580411911e-03
1.820615306496620178e-02
-5.142999812960624695e-02
-3.861285373568534851e-02
1.952290622284635901e-04
1.089966371655464172e-01
1.668765023350715637e-02
3.978580061811953783e-04
-3.284412994980812073e-02
-1.875507459044456482e-02
-1.715121865272521973e-01
3.830849006772041321e-02
-1.550369337201118469e-02
1.565135316923260689e-03
-6.968204397708177567e-04
-5.224849283695220947e-02
6.621754262596368790e-03
-1.239093672484159470e-02
1.874584890902042389e-02
3.103595227003097534e-02
2.835706435143947601e-02
-7.972045242786407471e-02
9.028061293065547943e-03
3.642367571592330933e-02
5.494658276438713074e-02
-3.797601908445358276e-02
1.440870016813278198e-01
-6.982028484344482422e-02
8.203899487853050232e-03
-1.830345392227172852e-02
-5.913074314594268799e-02
-1.836696825921535492e-02
-4.357694648206233978e-03
5.040060495957732201e-04
-2.285966277122497559e-02
-3.283304348587989807e-02
2.847132086753845215e-02
-3.267415612936019897e-02
6.502989213913679123e-03
4.065727069973945618e-02
6.725411396473646164e-03
3.233126923441886902e-02
4.137042909860610962e-02
-4.602988064289093018e-02
-1.024854835122823715e-02
2.706351689994335175e-02
4.114673356525599957e-04
-2.246872335672378540e-02
7.577857002615928650e-03
-8.178015239536762238e-03
-1.067556440830230713e-01
2.335378434509038925e-03
1.992980018258094788e-02
3.461863845586776733e-02
2.215385437011718750e-02
-7.275708019733428955e-02
1.062911190092563629e-02
-6.022524088621139526e-03
2.869018353521823883e-02
2.485532779246568680e-03
-2.852033451199531555e-02
6.710493564605712891e-02
-3.214840218424797058e-02
-9.289967827498912811e-03
-2.090332657098770142e-02
-1.648379303514957428e-02
-1.845460198819637299e-02
-5.320863425731658936e-02
2.732765115797519684e-02
-5.537584424018859863e-02
2.111442573368549347e-02
-1.280032377690076828e-02
7.369808736257255077e-04
-1.391445659101009369e-02
6.631099432706832886e-02
3.833761811256408691e-02
1.001281011849641800e-02
-9.372713044285774231e-03
-5.664516240358352661e-03
-1.065156701952219009e-02
1.792932301759719849e-02
-4.077202454209327698e-02
5.239192023873329163e-02
4.854726791381835938e-02
1.131601538509130478e-02
2.898922422900795937e-03
-6.938469409942626953e-01
-1.300515700131654739e-02
3.902080655097961426e-02
-1.470331102609634399e-02
-4.300791397690773010e-02
-1.595488376915454865e-02
2.641273895278573036e-03
-1.314697437919676304e-03
-1.465689949691295624e-02
-9.601491503417491913e-03
-2.025598427280783653e-03
6.461112946271896362e-02
-1.707666367292404175e-02
1.212578825652599335e-02
-6.189804989844560623e-03
5.308553576469421387e-02
-2.007678616791963577e-03
-4.443414974957704544e-03
-2.290708757936954498e-02
2.855767495930194855e-02
-8.443130180239677429e-03
1.409606337547302246e-01
-1.977857761085033417e-02
-2.492513135075569153e-02
-7.613025140017271042e-03
-1.419883128255605698e-02
-2.965312637388706207e-02
-6.134575698524713516e-03
3.967981319874525070e-03
-6.960241124033927917e-03
3.831908339634537697e-03
1.114822737872600555e-02
-9.007643529912456870e-05
1.522644609212875366e-02
-1.339504960924386978e-02
1.282210052013397217e-01
-6.120526418089866638e-02
-1.058291271328926086e-01
6.607702374458312988e-02
2.257019281387329102e-02
8.657947927713394165e-02
-1.656510494649410248e-02
-9.381526708602905273e-02
-2.348919026553630829e-02
-6.320387870073318481e-02
1.349735558032989502e-01
1.652076095342636108e-01
1.027713045477867126e-01
-1.177371740341186523e-01
6.393562257289886475e-02
-5.418583005666732788e-02
4.875467717647552490e-02
-2.495759911835193634e-02
-4.157815501093864441e-02
-9.826228953897953033e-03
1.624121330678462982e-02
5.344203487038612366e-02
-4.855442047119140625e-02
5.786683782935142517e-02
6.192531436681747437e-03
-3.736522793769836426e-02
-4.500559065490961075e-03
-6.060600653290748596e-02
-5.856636539101600647e-02
-2.046827226877212524e-02
1.027005687355995178e-01
-6.758124381303787231e-02
-1.200824789702892303e-02
-3.421797603368759155e-02
4.592914506793022156e-02
-3.985442221164703369e-02
-4.155328962951898575e-03
1.902449131011962891e-01
-1.215859577059745789e-01
-5.922394245862960815e-02
-1.290259808301925659e-01
9.956194460391998291e-02
-1.120779439806938171e-01
5.247621610760688782e-02
-2.735871449112892151e-02
-8.302138745784759521e-02
7.969490289688110352e-01
-1.078668907284736633e-01
-1.842012256383895874e-02
-1.463524550199508667e-01
7.974773645401000977e-02
1.156643778085708618e-01
1.320136040449142456e-01
-1.475230511277914047e-02
2.419373020529747009e-02
-1.861656829714775085e-02
2.534631453454494476e-02
3.618577867746353149e-02
-9.556805714964866638e-03
-1.680241897702217102e-02
1.129935216158628464e-02
-5.962507799267768860e-02
-6.601413339376449585e-02
4.104484990239143372e-02
5.690000951290130615e-02
2.042075060307979584e-02
-4.923848062753677368e-02
6.967293471097946167e-02
3.629059344530105591e-02
-5.159078165888786316e-02
7.100553717464208603e-03
-4.117549583315849304e-02
-8.038301020860671997e-03
-2.921935869380831718e-03
2.679409645497798920e-02
-4.082843661308288574e-02
-2.695052698254585266e-02
-7.946080295369029045e-04
6.597751635126769543e-04
-2.546864561736583710e-02
-7.021614874247461557e-05
-4.398604854941368103e-02
-7.273759110830724239e-04
3.520578518509864807e-02
6.006906926631927490e-02
-5.431127175688743591e-02
8.898843824863433838e-02
8.766391873359680176e-02
-5.396939069032669067e-02
-1.030678674578666687e-01
1.100035849958658218e-03
5.449951160699129105e-03
-3.018154948949813843e-02
1.258308626711368561e-02
-3.300900105386972427e-03
-3.598959743976593018e-02
-6.781859695911407471e-02
-4.783381149172782898e-02
-4.339344426989555359e-02
-1.692987792193889618e-02
1.738405413925647736e-02
2.985897660255432129e-02
-5.417175218462944031e-02
-2.751104906201362610e-02
-1.630798913538455963e-02
2.582516055554151535e-03
6.272934842854738235e-03
-2.445954270660877228e-02
2.354574389755725861e-02
2.283243089914321899e-02
-4.565105214715003967e-02
-3.413743153214454651e-02
5.671790242195129395e-02
5.392687767744064331e-02
3.120210021734237671e-02
1.201734617352485657e-01
-2.805290929973125458e-02
4.754199087619781494e-02
-5.558307096362113953e-02
-1.972874999046325684e-02
-9.881346672773361206e-02
1.050834264606237411e-02
-7.442428171634674072e-02
1.343770418316125870e-02
4.061256069689989090e-03
-7.845096290111541748e-02
-1.280540414154529572e-02
1.743739238008856773e-03
-4.143340885639190674e-02
5.075169354677200317e-02
4.359958320856094360e-02
1.206401083618402481e-02
2.852732688188552856e-02
1.931112818419933319e-02
1.855890825390815735e-02
-2.355846203863620758e-02
-8.875977993011474609e-02
-4.975404962897300720e-02
-3.329985588788986206e-02
-5.348589736968278885e-03
3.745118901133537292e-02
6.090411543846130371e-02
-6.237352639436721802e-02
-4.675198718905448914e-02
-4.455694183707237244e-02
7.776567712426185608e-03
-7.667950354516506195e-03
-2.072250097990036011e-02
1.109387725591659546e-01
5.545384250581264496e-03
6.879100576043128967e-03
3.609625622630119324e-02
-2.161043882369995117e-02
-2.272211574018001556e-02
-9.182776510715484619e-02
3.758411481976509094e-02
-3.742408240213990211e-03
-8.295070379972457886e-03
5.247543379664421082e-02
3.018487617373466492e-02
2.986061759293079376e-02
-1.407006848603487015e-02
-1.050584316253662109e-01
4.167877603322267532e-03
8.314555883407592773e-02
2.600819431245326996e-02
1.216008421033620834e-02
-1.477065123617649078e-02
1.200918015092611313e-02
-3.757927101105451584e-03
1.059598289430141449e-02
-6.923529505729675293e-02
4.379924386739730835e-03
7.713010907173156738e-02
-3.846755996346473694e-02
-2.140606753528118134e-02
2.791640721261501312e-02
4.365824535489082336e-02
5.146016337675973773e-05
-1.878515072166919708e-02
1.766124553978443146e-02
1.301048696041107178e-02
1.305695506744086742e-03
-5.692053958773612976e-02
-3.706184029579162598e-02
4.645859880838543177e-04
-2.226681821048259735e-02
5.517353489995002747e-02
7.581961341202259064e-03
5.569642409682273865e-02
2.680001780390739441e-02
-7.768417894840240479e-02
-6.101293023675680161e-03
2.726075984537601471e-02
4.151201248168945312e-02
-1.991393603384494781e-02
-2.967427298426628113e-02
3.348063305020332336e-02
-1.475293375551700592e-02
-3.096260316669940948e-02
6.800936907529830933e-02
-4.077956080436706543e-02
7.744837552309036255e-02
-7.224634289741516113e-02
1.399836875498294830e-02
-7.933236658573150635e-02
5.711772292852401733e-02
-1.297001354396343231e-02
-2.787886187434196472e-02
5.766913294792175293e-03
5.671333521604537964e-02
-1.848250068724155426e-02
-1.597502641379833221e-02
-3.717885166406631470e-02
6.788078695535659790e-02
3.825315833091735840e-02
7.088088430464267731e-03
-1.955179683864116669e-02
6.977223604917526245e-02
-8.130681701004505157e-03
2.959090098738670349e-02
-4.920905455946922302e-02
1.109916716814041138e-01
5.424976721405982971e-02
-2.570415381342172623e-03
9.949410706758499146e-02
-6.596550811082124710e-04
-2.541946060955524445e-02
4.380740225315093994e-02
2.315595932304859161e-02
3.024476580321788788e-02
7.336255162954330444e-02
-1.210224721580743790e-02
2.479280345141887665e-02
-3.967857360839843750e-02
2.630999684333801270e-02
7.939080148935317993e-02
7.834615185856819153e-03
1.046181190758943558e-02
5.870657041668891907e-02
6.200814992189407349e-02
-3.215061500668525696e-03
-9.217889048159122467e-03
-2.042301930487155914e-02
1.247852966189384460e-01
-1.004606019705533981e-02
-7.353988289833068848e-02
3.650782629847526550e-02
-6.488602142781019211e-03
-6.729977671056985855e-03
-7.372481748461723328e-03
-5.846394225955009460e-02
-1.321856956928968430e-02
-2.381921978667378426e-03
-2.988404594361782074e-02
-1.953409519046545029e-03
5.789707228541374207e-02
-6.047610938549041748e-02
-1.225802116096019745e-02
1.187848951667547226e-02
-7.454002648591995239e-02
-1.768901199102401733e-02
1.073899939656257629e-01
2.547847852110862732e-02
-3.578466176986694336e-02
-8.394902572035789490e-03
-6.456430535763502121e-03
-6.228708475828170776e-02
-1.544624008238315582e-02
8.352343738079071045e-02
4.382752999663352966e-02
-7.266924716532230377e-03
-2.543652430176734924e-02
-3.612676635384559631e-02
-5.797846242785453796e-02
-1.739807240664958954e-02
-2.891421690583229065e-02
6.110186129808425903e-02
-9.453437477350234985e-02
8.462088555097579956e-02
1.298361364752054214e-02
5.021727830171585083e-02
5.456253886222839355e-02
2.272769249975681305e-02
-2.625953964889049530e-02
-1.028629392385482788e-02
3.058548830449581146e-02
-2.771350927650928497e-02
7.638031151145696640e-03
-4.078039899468421936e-03
6.864279042929410934e-03
2.154764346778392792e-02
-4.077712818980216980e-02
2.081149630248546600e-02
-1.242738962173461914e-02
1.137046795338392258e-02
-2.122520282864570618e-02
4.629540443420410156e-02
-5.551949888467788696e-02
-3.363662865012884140e-03
-1.129996404051780701e-02
9.748941287398338318e-03
3.235808759927749634e-02
-1.465780101716518402e-02
-2.090829610824584961e-02
7.719811797142028809e-02
-3.002493642270565033e-02
1.192590128630399704e-02
4.809663165360689163e-03
-9.254149347543716431e-02
-1.374928466975688934e-02
-8.236185461282730103e-02
4.486405476927757263e-02
3.371449885889887810e-03
2.147895982488989830e-03
-1.475370768457651138e-02
-8.121125400066375732e-02
3.259031102061271667e-02
-2.448488585650920868e-02
-3.359896317124366760e-02
-2.849622070789337158e-02
3.467855229973793030e-02
-1.272291131317615509e-02
-6.179857999086380005e-02
2.347808703780174255e-02
-2.171651460230350494e-02
4.439689964056015015e-02
5.468849092721939087e-02
3.063641302287578583e-02
3.609490767121315002e-02
-1.302382349967956543e-02
4.502659291028976440e-02
2.902246266603469849e-02
-9.315701201558113098e-03
2.494834363460540771e-02
-5.029272660613059998e-02
-9.308395907282829285e-03
-2.771990373730659485e-02
6.616639904677867889e-03
1.006944221444427967e-03
-4.187596030533313751e-03
-3.024796023964881897e-02
-4.049382358789443970e-02
-1.758681423962116241e-02
-3.903006017208099365e-02
8.437430113554000854e-02
-4.132650420069694519e-02
7.621202617883682251e-02
8.341294713318347931e-03
-1.385948969982564449e-03
2.394150756299495697e-02
-3.397083282470703125e-02
7.919512689113616943e-02
-2.271294407546520233e-02
-2.074922248721122742e-02
-1.294572092592716217e-02
-2.788471756502985954e-04
-8.461229503154754639e-02
-5.278912186622619629e-02
1.987756229937076569e-02
-1.918808184564113617e-02
-1.199359539896249771e-02
1.682360097765922546e-02
5.133075639605522156e-03
4.470643121749162674e-03
6.607567518949508667e-02
-1.371473353356122971e-02
9.436802007257938385e-03
9.661705046892166138e-02
7.632837444543838501e-02
3.132767230272293091e-02
-8.875986561179161072e-03
-5.249910801649093628e-02
5.726708564907312393e-03
7.911121100187301636e-02
-1.302762329578399658e-01
6.114866957068443298e-02
2.714226394891738892e-02
3.265089169144630432e-02
-2.081529237329959869e-02
-3.529806807637214661e-02
-8.553524501621723175e-03
1.051599532365798950e-01
-4.119484499096870422e-02
-2.898119017481803894e-02
1.844700798392295837e-02
-1.816370710730552673e-02
2.414445206522941589e-02
2.188407629728317261e-02
3.953609615564346313e-02
-1.021127123385667801e-02
-1.327474165009334683e-04
-9.141547232866287231e-02
-5.920178443193435669e-02
2.155970036983489990e-02
7.028836011886596680e-02
-2.433753013610839844e-02
-5.486138537526130676e-02
-4.231101367622613907e-03
1.706428639590740204e-02
-7.197090983390808105e-02
2.182488888502120972e-02
7.530743628740310669e-02
-3.211107477545738220e-02
-7.922960072755813599e-02
9.783380664885044098e-04
-4.499597847461700439e-02
7.940595969557762146e-03
8.864507824182510376e-02
-7.434708625078201294e-02
-2.399275638163089752e-02
1.662565022706985474e-02
-4.708461835980415344e-02
4.244654625654220581e-02
2.562536858022212982e-02
5.522173829376697540e-03
9.278254210948944092e-02
6.735658273100852966e-03
-4.451116546988487244e-02
1.860781922005116940e-03
3.369763866066932678e-02
2.017479948699474335e-02
5.826772749423980713e-02
-5.487316753715276718e-03
-4.556835815310478210e-02
-2.571416832506656647e-02
-4.477214068174362183e-03
8.769674599170684814e-02
-7.778875064104795456e-03
-6.159887835383415222e-02
3.844346478581428528e-02
-7.501226663589477539e-02
6.879571592435240746e-04
2.168540656566619873e-02
-7.222941145300865173e-03
-7.194205373525619507e-02
-1.106907352805137634e-01
-3.494586423039436340e-02
-2.941400278359651566e-03
-8.477132767438888550e-03
1.046033576130867004e-02
3.265941515564918518e-02
-8.995942771434783936e-02
-1.826006360352039337e-02
-2.586860582232475281e-02
-3.802574425935745239e-02
4.251038283109664917e-02
-2.480682171881198883e-02
-7.630375027656555176e-02
-1.076652389019727707e-02
1.625967770814895630e-02
6.004508957266807556e-02
-1.985336281359195709e-02
5.144126340746879578e-02
4.575229808688163757e-02
6.490670889616012573e-02
-1.799132488667964935e-02
2.863223478198051453e-02
-2.842242829501628876e-02
3.100614296272397041e-03
2.781721204519271851e-02
-4.767277464270591736e-02
-3.487902507185935974e-02
-3.265354782342910767e-02
7.758020609617233276e-02
4.352575540542602539e-02
-3.313507651910185814e-03
3.596739098429679871e-02
2.174211293458938599e-02
1.779008284211158752e-02
7.098274305462837219e-03
4.264454171061515808e-02
5.266244988888502121e-03
5.327025800943374634e-02
-8.289508521556854248e-03
-4.101264849305152893e-02
-1.782607100903987885e-02
2.504580840468406677e-02
-4.156149551272392273e-02
1.289310753345489502e-01
4.717596620321273804e-02
-9.056837856769561768e-02
-6.057016924023628235e-02
1.240591239184141159e-02
-5.782305821776390076e-02
2.478081919252872467e-02
3.587738424539566040e-02
-2.100405469536781311e-02
-8.326054667122662067e-04
-2.053871378302574158e-02
2.325664833188056946e-02
7.808978110551834106e-02
-2.354034036397933960e-02
5.525638908147811890e-02
-5.017746239900588989e-02
-4.723118618130683899e-02
-2.986215113196521997e-04
-5.114968866109848022e-02
-2.005399391055107117e-02
-5.935774743556976318e-02
3.094117855653166771e-03
-1.822851411998271942e-02
1.994891464710235596e-02
-3.891139104962348938e-02
3.406879305839538574e-02
4.717499949038028717e-03
1.404537726193666458e-02
3.784149885177612305e-02
7.216537743806838989e-02
-7.288339547812938690e-03
-1.387331355363130569e-02
-2.303901873528957367e-02
-5.764951929450035095e-02
-6.477617472410202026e-02
3.871554508805274963e-03
-3.241186216473579407e-02
-2.855018340051174164e-02
-3.561632707715034485e-02
-7.571037113666534424e-02
3.666285052895545959e-02
-6.423071771860122681e-02
1.489972975105047226e-02
-2.960981428623199463e-02
-2.880500070750713348e-02
-7.783791422843933105e-02
-5.901633203029632568e-02
3.572886064648628235e-02
-3.007059171795845032e-02
5.868798121809959412e-02
1.580877043306827545e-02
-4.718686267733573914e-02
6.164799444377422333e-03
-6.099450588226318359e-02
4.374590143561363220e-02
-7.459089392796158791e-04
-1.476826053112745285e-02
5.192755535244941711e-02
-1.372358016669750214e-02
1.077166665345430374e-02
1.584105379879474640e-02
-6.258563697338104248e-02
-7.243597880005836487e-03
-4.533678293228149414e-02
1.311733294278383255e-02
2.327918261289596558e-02
-6.547420471906661987e-02
-5.386746954172849655e-03
4.603878781199455261e-02
5.767299607396125793e-02
-5.902503151446580887e-03
2.453958429396152496e-02
3.808561712503433228e-02
-7.226146757602691650e-02
3.469831869006156921e-02
1.665535010397434235e-02
5.121672526001930237e-03
-4.986523836851119995e-02
-1.182579062879085541e-02
5.535629764199256897e-02
4.721071943640708923e-02
7.591119501739740372e-03
2.096775453537702560e-03
-1.217208337038755417e-02
-1.646487414836883545e-02
4.957415163516998291e-02
1.931525417603552341e-03
9.178432822227478027e-02
8.412345498800277710e-02
8.620420121587812901e-04
6.176066398620605469e-02
-8.132438361644744873e-02
-1.154621690511703491e-02
-7.150641828775405884e-02
-4.466141760349273682e-02
-8.415776304900646210e-03
-3.686699643731117249e-02
