0.01744029
0.00073063
-0.00882084
0.02912987
0.01324898
0.02694317
0.02070069
0.00868231
-0.01229123
0.03093591
-0.04506950
0.03328693
-0.00417397
0.03071023
-0.03643366
-0.00645272
-0.03804366
0.02141554
-0.12022175
0.01182642
0.00686432
-0.03428928
0.09227518
0.01780671
0.00312667
-0.04156147
-0.01156335
-0.01838705
-0.05117021
0.03613535
-0.05146827
-0.02260588
-0.00228486
0.00176780
-0.00246909
-0.03532642
0.01317298
0.01729757
-0.00571373
0.05142663
-0.03120547
0.00631927
0.05539225
0.00509586
-0.00995055
-0.05705177
0.03455197
-0.02006108
0.03419327
-0.01515478
0.04263892
0.08578895
-0.04238374
-0.02113923
0.00415900
-0.01394335
-0.00056151
-0.01095496
0.40276057
-0.01237838
0.01559329
-0.04434593
-0.03633715
0.01556368
0.00791502
-0.02022812
0.00240271
-0.03396263
-0.07198256
-0.05113375
0.04696097
-0.01534569
-0.03531665
-0.00831131
-0.03655136
0.02818296
0.03421347
-0.05333463
0.00399421
-0.10728391
-0.01616809
-0.00484040
-0.00348969
-0.05390214
-0.07628173
0.02775888
-0.00758485
-0.00314979
0.01937827
-0.01106451
-0.01357659
-0.08023273
0.06637795
-0.00181739
-0.03254877
0.01440305
0.00470783
-0.00004688
-0.02443485
-0.00525268
-0.00502193
0.03674647
-0.02912143
-0.01399723
-0.01377249
0.00252287
-0.00223917
-0.02537086
-0.00070468
0.03036558
-0.02393133
0.01548001
0.01367099
0.01868359
0.00459435
0.00053160
-0.01745209
-0.02370944
-0.05418338
-0.00534964
-0.02524472
-0.01226682
-0.01992055
0.00665855
0.03606661
0.00441890
0.01008329
-0.00252377
0.02253612
-0.00475096
0.00339060
0.01686926
-0.02254927
0.00305546
-0.01497613
-0.01064043
0.01299952
-0.07642393
-0.03710607
0.00279404
0.11528827
0.02315718
-0.00774020
-0.02650419
-0.01146388
-0.18252373
0.04122726
-0.02619033
-0.02022188
-0.00989578
-0.00840716
-0.00019439
0.01819766
0.01059100
0.02488621
0.02891543
-0.07268166
-0.00197873
0.05155760
0.04062664
-0.02636745
0.17401226
-0.05301061
0.00846258
-0.01451177
-0.07314540
0.03829151
-0.02289220
0.00657937
-0.03021478
-0.00921190
-0.01505244
-0.02688277
0.01924821
0.02998319
0.01100835
0.01986879
0.04361934
0.00876097
-0.00564897
0.05790845
-0.00550871
-0.02461973
0.01316966
0.02061280
-0.14119208
0.09550390
0.03178814
0.03321439
0.00354299
-0.09281468
0.02032758
0.00068156
0.01756042
-0.01548596
-0.04539078
0.01081677
-0.01008325
0.00157946
0.00109822
-0.00823833
-0.01285090
-0.03348991
0.01888982
-0.04416139
0.00618012
-0.00394692
0.00542145
-0.00138385
0.10485213
0.02605929
0.00156836
-0.00242055
0.00616241
-0.01113868
-0.02369744
-0.02011885
0.03905585
0.02774999
0.00241223
0.00396167
-0.69354314
-0.02900147
0.02433714
0.00100093
-0.02389110
-0.02619653
0.01705062
0.00748339
0.00148365
-0.00824302
0.05113474
0.05145284
-0.01039383
-0.03513651
-0.00174303
0.03472681
0.01221300
0.00192689
0.00875250
0.02195858
-0.01416277
0.10086334
-0.04583901
-0.03242033
0.00182646
-0.00977471
-0.03763711
0.02998747
0.02479115
-0.00467071
0.01937357
0.02710527
0.01909757
-0.00186087
0.00365334
0.02938041
0.04556340
-0.05406558
0.08348354
-0.08659678
-0.14118268
0.00119137
0.04128561
0.07946122
-0.03753702
0.03996604
0.06035492
0.04019868
0.13395520
-0.10110484
-0.02247029
-0.12011585
0.05419032
-0.08935435
-0.05571459
-0.00638140
0.11246003
-0.19691181
-0.05452964
0.08366966
-0.06734809
-0.09674278
-0.05949777
-0.06485778
-0.01694684
0.03366954
0.03160238
0.00787718
0.12441436
0.00658389
0.19336475
-0.02433206
0.00369156
-0.01939415
-0.02962603
-0.01392605
0.03553336
-0.00168573
-0.02683391
0.02274067
0.10300443
0.79799873
-0.05854834
0.08045799
0.11414157
0.05966303
0.05068877
0.02151968
0.01902596
-0.07289044
-0.10982917
-0.01912154
0.10182511
0.04666429
0.05932535
-0.10114808
0.13567956
-0.03379384
0.04915212
0.05946900
0.02163325
-0.03820566
0.01290501
0.04251898
-0.05173961
-0.01525211
-0.05587057
0.04262136
0.02355777
-0.00985969
-0.00043023
-0.01387015
0.02168639
0.00606597
-0.05052060
0.01783365
-0.00509835
0.04972683
0.05727105
0.07139821
-0.00568257
0.10428310
0.04587426
-0.10592528
-0.12064222
0.01173245
-0.00554632
-0.02884311
0.04887296
0.03749581
0.01806957
-0.01485685
-0.02026166
-0.00585821
-0.03495737
0.05318074
-0.02716560
0.02877126
-0.05908246
0.00340172
0.02783429
-0.00311402
0.03371694
0.01817184
0.03544553
-0.06927543
-0.04181999
0.02768657
0.04041208
0.04300472
0.05577447
-0.03614263
0.14030978
-0.05818095
-0.01684038
0.00285611
0.02552252
-0.07227129
0.04148920
-0.00180472
-0.05770575
0.00395132
0.03562880
-0.00886827
0.05985553
0.00790772
0.03575348
-0.01718095
0.06042761
-0.04379587
0.00408902
-0.01749270
-0.00010312
0.00935423
-0.06243547
0.05256140
0.03269593
-0.05870582
-0.00949925
-0.04361321
-0.01484973
0.00478105
0.00072435
0.12854958
0.02346718
-0.01982810
0.07255096
-0.02228080
0.00683480
-0.09766754
0.06023686
-0.03007260
-0.01733457
0.06836208
-0.01753467
-0.00566637
-0.02173710
-0.09513289
0.02588476
0.02198729
0.03913649
0.04302907
0.00059782
0.02510054
-0.00116079
-0.00770386
-0.09541357
-0.07382073
0.08546889
-0.00165478
-0.07728388
0.02494281
-0.00623972
-0.00098805
-0.05683737
0.00614531
0.04342825
-0.00907700
-0.04370836
-0.02220880
-0.02578761
-0.00007540
0.00213684
0.01353596
0.01606628
0.02774927
-0.01563961
-0.01478832
0.04739720
-0.00726552
-0.03075550
-0.06465214
0.02282869
-0.04620575
0.02985480
0.02842821
-0.02846681
0.07331459
-0.08322024
0.05778457
-0.10027872
0.05153240
-0.00199510
-0.00481403
0.00895885
0.05187069
0.02856199
-0.06067606
-0.07105722
0.03637775
0.06508023
0.01033711
-0.00043329
-0.00462543
-0.01264640
-0.02927071
-0.01205799
0.04701624
0.11910425
-0.00938143
0.07026821
0.00411909
-0.00683940
-0.01013874
0.03362105
0.07147412
0.06573126
-0.00726646
0.04763296
-0.01819415
0.00377687
0.05290416
0.05702971
-0.03548669
0.01927746
-0.01162222
0.02361797
0.00310035
0.00712484
0.06709476
0.02716109
-0.02306151
-0.02860885
0.03020743
0.02447911
-0.04095928
-0.04884651
-0.00341962
-0.00085947
-0.05258691
-0.02273655
0.00759434
0.03563731
-0.00040701
-0.04204890
-0.06164773
0.00684750
0.09957536
-0.02635101
-0.06193892
-0.04324550
0.06015840
-0.07842477
-0.02639737
0.03981610
0.04331955
0.02672281
-0.08766612
-0.05178894
-0.05807428
-0.05925792
-0.06376988
0.03146120
-0.04798428
0.13173310
-0.02554224
-0.00451361
0.03861140
0.02467785
0.00019802
0.03749434
-0.00869057
-0.01235716
-0.03411393
-0.05531941
0.04393654
-0.01791846
-0.03077152
-0.02726050
-0.03831079
0.04287177
-0.01657756
0.07317863
0.03158912
0.02484597
0.06749553
0.00061711
0.04953621
-0.00540367
-0.00253100
0.07112873
-0.03452066
0.01647220
0.01608795
-0.07230488
-0.03890572
-0.01543531
0.00600982
-0.01372796
-0.03700176
0.02820917
-0.02475151
0.06685050
-0.05170060
-0.02423319
-0.06361022
0.01862816
-0.02754159
-0.05000697
-0.02295682
0.00406545
0.04825369
0.05962130
0.04380779
0.06689446
0.02501533
0.08317919
-0.00416238
-0.02154173
-0.01136211
-0.02925873
0.05042625
-0.03033982
-0.05770965
0.03110939
0.00968666
-0.05828089
-0.03430207
0.01517002
-0.03169581
0.05858137
0.00716323
0.03711190
-0.00733576
0.00605030
-0.02211589
0.03454332
0.05573766
0.00006280
-0.01033223
0.01437991
0.00782150
0.01748260
0.00259691
0.02111039
0.02306196
0.03164766
0.02960658
0.02288276
-0.02718173
0.04142248
-0.03679132
0.06323649
0.08625017
0.03271363
0.01490984
0.03863076
-0.06653344
0.00653224
0.07009059
-0.09702506
0.05364927
0.07377011
-0.03067446
0.00910529
-0.02690469
-0.00570867
0.04544199
-0.04095944
-0.07243732
0.02390340
0.02595587
0.02640352
0.01309974
0.02398657
-0.01487611
-0.05385584
-0.02703255
-0.05157561
-0.00913033
0.08407348
-0.00927004
-0.01278207
-0.02710654
0.06794500
-0.09374862
0.00941670
0.02496525
-0.02068764
-0.05662815
-0.01590814
-0.03467814
-0.00313592
0.02735955
-0.11408338
0.02423034
0.04241939
-0.08030708
0.04474843
0.03256968
-0.01581648
0.07325328
0.02460762
-0.06373041
0.01778485
-0.04416882
0.03768298
0.05315168
-0.00195610
-0.03873941
0.02082896
0.03075390
0.15815295
0.02847366
-0.03263421
0.04410448
-0.12767248
0.01209886
-0.00821987
0.01152836
-0.03450839
-0.06469529
0.01982018
-0.02695774
-0.05073780
0.02973353
0.05355733
-0.08283480
-0.06077468
-0.02618892
-0.10766471
0.00217850
-0.03134520
-0.04570354
-0.05003514
0.01659095
0.05833770
-0.02059865
0.02564088
-0.01245210
0.06851229
-0.03236980
-0.00187155
0.00113400
-0.01770875
0.00595792
-0.09713416
0.04421913
-0.03327679
0.09530989
-0.06089656
-0.02797544
0.04225015
-0.01690237
-0.02149943
0.01927169
-0.01177238
0.01409836
-0.01378343
-0.01598335
-0.06703776
-0.01414946
-0.00002877
-0.00711275
0.05422750
0.04129789
-0.13913251
-0.04043900
-0.02843818
-0.04046622
0.05768459
0.01223131
-0.03028741
-0.02104056
0.01010578
0.01854274
0.04475255
-0.02737354
0.05401240
-0.06136882
-0.12955926
-0.00862918
-0.03941472
0.02667390
0.01202532
-0.01368435
-0.00092139
0.00753306
-0.03683088
-0.01087188
0.05498585
0.03293256
0.04672274
-0.02409286
0.00596873
-0.05340596
-0.00472090
-0.03059642
-0.04448577
-0.00990926
0.01098623
0.00546481
-0.01908825
-0.00062248
0.05315607
-0.02719993
0.00415029
-0.07727347
0.01403964
-0.00684677
0.00849312
0.01230103
-0.02880428
0.04445187
0.00937302
-0.04659199
0.01419578
-0.00199246
0.03361227
-0.03211261
-0.03025857
-0.01888954
0.00306481
0.03492305
-0.03847604
-0.02991837
-0.02483695
-0.04667288
0.05010501
0.00165173
-0.08209600
-0.03486576
-0.00268737
0.03305135
0.00967055
0.06432612
0.04269165
-0.00224022
0.04725334
-0.04221217
0.02459208
-0.03662882
0.04259384
0.07201836
0.04953497
0.00406304
0.03324733
0.00153227
0.02328666
-0.01026640
0.01063933
0.12247142
0.00560934
0.02288727
0.03341397
-0.05204328
-0.00989124
-0.03323552
-0.04266190
0.00294747
-0.03321167
