0.01966795
-0.00287428
0.00360653
0.01982547
0.01851619
0.01683797
0.01808285
0.01711448
-0.01595302
0.02281377
-0.04544587
0.02997633
0.00100317
0.02092920
-0.03024544
-0.01002456
-0.03240264
0.01260293
-0.14982474
0.01315731
0.00715831
-0.01634549
0.06898880
0.00624664
0.00069206
-0.02741501
0.01038688
-0.02010304
-0.04759530
0.03932590
-0.09976120
-0.02326625
-0.00529943
0.00567138
-0.00287780
-0.02549147
0.01541339
0.01452929
-0.01365111
0.02512893
-0.03310611
0.00281650
0.06325839
0.00947054
-0.00701827
-0.05007359
0.04350876
-0.01098490
0.03379115
-0.01151258
0.04466407
0.06968179
-0.06294635
-0.02864837
0.00731142
-0.01877994
0.00051235
-0.01741088
0.40316027
-0.03991076
0.02325832
-0.04811417
-0.02830018
-0.00052100
0.00407748
-0.01284295
-0.00866204
-0.03045294
-0.07353928
-0.04058852
0.04339682
-0.01694347
-0.03951816
-0.00761523
-0.02630363
0.01954911
0.02521721
-0.03721287
0.00848839
-0.09696057
-0.01938247
-0.00578860
0.00034250
-0.06315614
-0.06533222
0.02375204
-0.00623950
-0.00599557
0.01700737
-0.01118623
-0.01371986
-0.07256830
0.05640538
0.00524926
-0.03221280
0.01489152
-0.00607221
0.00585025
-0.04132471
-0.00783479
-0.00050977
0.04029638
-0.03135799
-0.01069430
-0.01168586
0.00475097
-0.01454553
-0.02382556
-0.00869321
0.03322077
-0.02010793
0.01306686
0.00744806
0.01425285
0.00985635
-0.00159289
-0.03040386
-0.02424351
-0.05477743
0.00710599
-0.02347997
-0.01422479
-0.02224745
0.00610427
0.04709436
0.00351118
0.01053714
-0.00754452
0.02963604
0.02262541
0.00334941
0.02202085
-0.02032553
0.00236320
0.00751187
-0.01280441
-0.00853892
-0.06501257
-0.05021011
0.00201097
0.10436949
0.02034937
-0.00512195
-0.02881653
-0.01469302
-0.19976315
0.03789460
-0.02233683
-0.01767626
-0.00542661
-0.02115405
0.00093292
0.00678021
-0.00295296
0.02666418
0.03144690
-0.07035928
0.00390879
0.04988880
0.04920739
-0.03138760
0.16419785
-0.04890057
0.00925804
-0.01331256
-0.07119840
0.03196744
-0.01329186
0.01647031
-0.01392394
-0.01232853
-0.00749204
-0.03023318
0.01417784
0.03205340
0.00808880
0.01836085
0.04303909
-0.01082615
-0.00701332
0.04848196
-0.00729761
-0.01961081
0.01538413
0.01317883
-0.15639967
0.05451995
0.02697267
0.03420635
0.02185437
-0.06273164
0.01422928
-0.00258215
0.01810396
-0.00636267
-0.04605360
0.02366251
-0.01277060
-0.02815301
-0.00722886
0.00492995
-0.02216543
-0.02738264
0.01556555
-0.04485175
0.00032148
-0.01408806
0.00463869
0.00122451
0.09723342
0.02055160
0.00096475
0.00315516
0.00488025
-0.01332656
-0.00233435
-0.02383428
0.04785100
0.02928767
0.00650732
0.00190532
-0.69813353
-0.02223128
0.02923576
-0.00023278
-0.02552472
-0.03584470
0.00743336
0.01312268
-0.00143675
-0.01036954
0.03099221
0.05924858
-0.00862215
-0.02176466
-0.01522477
0.02884003
0.01460186
0.00828116
0.00865178
0.02219275
-0.00125644
0.11790191
-0.04886587
-0.02890798
0.00011664
-0.01088606
-0.02577813
0.02852150
0.00704245
-0.00497480
0.01905927
0.02427200
0.01959426
-0.00038581
0.00284431
0.01088263
0.03472722
-0.05796460
0.07383946
-0.04548585
-0.16277154
0.03517166
0.04702865
0.06486791
-0.05758084
0.05547705
0.03899731
0.02714269
0.08565578
-0.12727544
-0.03625126
-0.09681722
0.04790023
-0.02910550
-0.04875891
0.02461189
0.07412468
-0.21614288
-0.03687789
0.08613642
-0.05244680
-0.04961540
-0.08652359
-0.04394433
-0.03515429
0.09869614
0.02152079
0.04016921
0.12089427
-0.00568941
0.18274315
-0.00802105
-0.02885302
-0.01380516
-0.01713990
-0.00251039
-0.00001594
-0.02210369
-0.05005145
0.04414785
0.06270555
0.81775087
-0.05655454
0.10225544
0.07170734
0.05761861
0.05247990
0.03674332
0.03256222
-0.08024001
-0.06641194
0.06603688
0.03064886
0.00582672
0.02092708
-0.12966412
0.15684861
-0.05771402
0.01732978
0.05661697
0.03548076
-0.03756782
0.01579397
0.01840951
-0.05074768
-0.00980204
-0.04933337
0.00810507
-0.01057208
0.02011281
-0.01845861
-0.03911847
0.00245645
0.00485413
-0.03999282
0.03304854
0.00088380
0.02695028
0.05729751
0.10708214
-0.01443458
0.10244465
0.02601561
-0.08530287
-0.14288343
-0.01727390
0.03385862
-0.04661073
0.03855973
0.06461129
-0.01785176
-0.05656657
-0.03621850
0.00109368
-0.11869949
0.02226521
-0.02449933
0.00838623
-0.03129788
0.00970032
0.03489317
-0.02511517
-0.00063177
-0.00113602
0.01408372
-0.05657405
-0.04551367
0.03788073
0.09367096
0.01903516
0.07112221
0.03318390
0.09968979
-0.07262007
0.02355179
0.04185582
-0.01319817
-0.03314817
0.03028072
0.02219070
-0.03038640
0.01724689
0.00397174
-0.07219898
0.07006545
0.00987990
0.04480390
-0.05489131
0.03384368
-0.06702209
0.00188040
-0.06393836
0.01451174
-0.00253157
-0.00513376
0.03052776
0.06580378
-0.06048886
-0.00994613
-0.02485456
0.02056797
0.03015217
0.02006694
0.10952069
-0.00449014
0.01754996
0.09154970
-0.04686895
0.01160088
-0.08214459
0.05944851
-0.02460910
0.01131542
0.04209204
-0.01247610
0.02148281
-0.02687421
-0.07685228
0.04059955
0.05150713
0.05158812
0.05224122
-0.00206895
-0.01577242
-0.00688289
0.02820352
-0.08556611
-0.06636024
0.05656857
-0.03756312
-0.05177617
0.02211023
0.03261888
-0.01169006
-0.03806795
0.01865651
0.02855211
-0.01966622
-0.04720459
-0.03553355
-0.01494253
-0.00665436
0.02083674
0.01922931
0.03420010
0.04435562
-0.03510166
0.02411143
0.03404563
0.00150816
-0.05269312
-0.09705663
0.05085250
-0.06197087
0.00050828
0.03035438
-0.00916274
0.07502451
-0.07330821
0.03264345
-0.14072537
0.10013080
-0.00087626
-0.03739742
-0.01014852
0.05579524
0.00201233
-0.01743750
-0.04914293
0.04785323
0.04293527
0.01033073
-0.01835462
0.00744024
-0.00180429
0.01645774
0.00335078
0.04676696
0.07813169
-0.00142749
0.05632556
0.00221186
-0.02585143
0.03717898
0.01257222
0.03791628
0.04674316
-0.00477487
0.05973646
-0.05665323
0.00056815
0.06366760
0.03244604
0.00355829
0.06704301
0.01770988
0.02154443
0.03093968
-0.00058102
0.06551313
-0.01571602
-0.03180935
-0.00153654
0.01600281
0.02678647
-0.02383352
0.01470676
-0.00004388
-0.03911931
-0.04335007
0.01010775
0.04892823
0.02490278
0.02336095
0.00376743
-0.07952160
-0.00988209
0.08901273
-0.04172871
-0.05315540
-0.08306515
-0.01111736
-0.11530526
-0.02414458
0.03489798
0.10275034
-0.04330983
-0.06575935
-0.06389391
-0.05349669
-0.07349825
-0.04633652
0.03178555
0.00643900
0.09834448
-0.01794268
0.01692486
0.05291175
0.01986337
0.05159200
0.04791844
0.01910437
-0.01227071
-0.01645791
-0.08402144
-0.00146555
0.01138196
-0.04539413
-0.03292514
-0.03513787
0.04610953
-0.03887120
0.06761353
-0.00411511
0.06060769
0.03859828
-0.00992581
0.04379278
0.01207961
-0.02154396
0.08616310
-0.03602535
0.01986577
0.00872360
-0.06305367
-0.04483767
-0.04234543
0.00572579
-0.01999780
-0.02145560
0.00326035
-0.00759438
0.05159803
-0.03203263
0.01523818
-0.04056956
-0.01897477
-0.01188944
-0.04525122
-0.01537298
-0.00616335
0.04113046
0.06448939
0.02525284
0.04075743
-0.00808355
0.06414342
-0.01867375
0.00757507
0.01198356
-0.05464286
0.02298141
-0.05073086
-0.03574272
0.01080804
0.00756558
-0.05939006
-0.02645806
0.00516300
-0.01599079
0.11046971
-0.03653473
0.03817856
-0.01683036
0.02000219
-0.05592228
0.00619072
0.07478450
0.02304664
-0.00455885
0.05045409
-0.00239225
0.02146228
-0.04952653
0.00487257
0.00408639
0.04334188
0.00618161
0.01956367
0.00965130
0.09789610
-0.05447666
0.03498053
0.08962663
0.09387029
0.01779058
0.01825044
-0.02383192
-0.02059412
0.05858371
-0.10568525
0.04467745
0.04722051
-0.00723738
-0.01689640
0.00751533
-0.01717298
-0.00927543
-0.03796454
-0.03173891
0.00674787
0.01072380
0.03273393
0.04115217
0.02019279
0.00325658
-0.04113229
0.02069375
-0.01427535
0.01815018
0.08795656
-0.03044462
0.02102218
-0.02428061
0.04715786
-0.01108004
0.01195419
0.01896619
-0.01294303
-0.02381643
-0.00937425
-0.00974361
0.06017217
0.01337527
-0.08814992
-0.05213328
0.01084517
-0.08260203
0.05063353
0.07303677
-0.02121265
-0.00799821
0.01657820
-0.06127895
-0.04585369
-0.03691434
0.07433283
0.04559484
0.00345780
-0.00130810
0.02803477
-0.00808956
0.15593232
0.00875663
-0.02809095
0.04917901
-0.12944348
0.00022304
-0.00147129
0.02195818
-0.04461733
-0.09911405
0.00013954
-0.04195837
-0.06820042
0.03057102
0.04763619
-0.09297075
-0.05395129
0.03674880
-0.10012280
-0.01337017
-0.03711620
0.00472056
-0.05236872
0.03137326
-0.01002778
-0.00712825
0.06513364
0.01664699
0.04546516
-0.04394577
-0.02312892
-0.00626968
-0.04291166
0.02400401
-0.06442130
0.09853845
-0.06292703
0.03037374
0.04376107
-0.03814806
0.00900299
0.01995043
0.00354090
0.02907210
-0.01462973
0.00192697
0.02002821
0.01144460
-0.07812539
0.03177321
0.01224703
-0.00706971
0.07482683
0.04803898
-0.08676824
-0.03124944
0.00626767
-0.01832449
0.01920840
0.02362824
-0.03781815
-0.01322125
0.01567938
0.01546067
0.02908892
-0.02041720
0.03059266
-0.06451403
-0.08968282
-0.02489644
-0.01678350
0.01240054
0.01160032
0.00932279
-0.02096611
0.01442522
-0.04155335
-0.02410089
0.03440988
0.03323713
0.03697888
0.01550166
0.03751301
-0.04085873
-0.05449850
-0.03778814
-0.01975748
0.00674195
-0.00221032
-0.00354833
-0.01461800
0.00914821
0.03297428
-0.04917727
0.02672053
-0.04501101
-0.00886551
-0.07058614
-0.07480031
0.01368934
-0.02402586
0.01654889
0.02786442
-0.02027081
-0.00804721
-0.03398857
0.05180870
-0.03360368
-0.02963878
0.01926134
-0.02086002
-0.00320484
-0.02505706
-0.03284099
0.00989147
-0.02466776
0.01650638
0.00045790
-0.04668337
-0.01509144
0.03788814
0.02989415
-0.00547527
0.09953479
0.03514382
0.01127736
0.04980584
0.00534103
0.01224758
-0.08015161
0.02182534
0.09473174
0.06786640
0.00428233
-0.00257794
-0.01711364
0.01952290
0.02757091
0.00301965
0.06428632
0.00401207
-0.02382597
0.10750357
-0.05004204
-0.02287878
-0.01493368
-0.02253602
-0.02413279
-0.05132333
