0.02155477
-0.00844444
-0.00669340
0.04570416
0.00868201
0.02075103
0.01763682
0.01569515
0.01611392
0.03076221
-0.04227041
0.02989008
0.00171897
0.02527938
-0.03542593
0.00396113
-0.03587235
0.01925631
-0.11631645
0.01535748
0.00182041
-0.02880913
0.09009960
0.02847550
-0.00041325
-0.05041092
-0.01590793
-0.02994928
-0.05061079
0.04262068
-0.06331316
-0.02335259
0.00012605
0.00738403
0.00263189
-0.02486362
0.01383440
0.01632646
-0.00379478
0.03234472
-0.02211463
0.01787705
0.06881852
0.00835017
-0.00834513
-0.05600676
0.03371299
-0.02243373
0.04105631
-0.00693967
0.04828876
0.09521352
-0.04699261
-0.02577508
0.00913969
-0.00419846
-0.00620902
-0.01178982
0.38299039
-0.00799391
0.02300006
-0.03903622
-0.04851325
0.01233606
0.00818530
-0.02038833
0.01146589
-0.03688782
-0.06051829
-0.05759380
0.05922524
-0.01492579
-0.04732699
-0.01575265
-0.02880384
0.03422386
0.04258820
-0.04373309
0.00551023
-0.10720839
-0.02250506
-0.00004434
-0.01019914
-0.06428865
-0.06647104
0.02796652
0.00192529
0.00256774
0.01625966
-0.01655800
-0.00692624
-0.08439172
0.05575563
0.00472137
-0.02744929
0.01377919
-0.00806377
0.00972673
-0.02570173
0.00482867
-0.00714998
0.04064255
-0.03724938
-0.01231054
-0.01419898
0.01665313
-0.00073315
-0.02817352
-0.00580777
0.03915828
-0.01465010
0.02832649
0.00695051
0.01694953
0.00125813
0.01053775
-0.01404841
-0.01111439
-0.05249492
0.00534031
-0.02064785
-0.01301291
-0.02072050
0.00777012
0.02745218
0.00249633
0.00651406
-0.00562669
0.02535770
0.00423756
-0.01180088
0.02064607
-0.02954949
-0.00147789
-0.00478040
-0.01328041
0.00462368
-0.08349518
-0.03176342
-0.00553992
0.08684029
0.01805084
-0.00481788
-0.03749761
-0.00804358
-0.18548834
0.04770608
-0.02029250
-0.00870549
-0.00484536
-0.00895623
-0.01760960
0.01335025
0.01254331
0.01525368
0.04190203
-0.09284385
-0.00084428
0.05148864
0.04199106
-0.03378870
0.16582437
-0.04449304
-0.00020646
-0.01455069
-0.06690449
0.05159857
-0.03331313
0.01471154
-0.03776309
-0.01041132
-0.01643142
-0.02111382
0.02548069
0.03624547
0.01343196
0.01319441
0.04946438
0.01625687
-0.00225831
0.06466372
-0.00727760
-0.02389831
0.02222056
0.02469362
-0.12900533
0.06477384
0.02628239
0.02717283
0.00166169
-0.07725046
0.01336460
0.00661941
0.02528153
-0.01674956
-0.05264371
-0.00118767
-0.00928988
-0.02724613
-0.00061397
-0.00138997
-0.02550540
-0.02583552
0.01863783
-0.04244264
0.00014078
-0.01163562
0.00193474
-0.01292484
0.10959518
0.01566705
-0.00460402
-0.00358708
0.00754414
-0.00726876
-0.01983804
-0.01510507
0.04136182
0.03859469
0.01788723
-0.00046065
-0.70269513
-0.01850971
0.02537055
0.00237406
-0.01699909
-0.03202321
0.02770213
0.01860288
-0.00325228
-0.01357355
0.05602105
0.06380119
-0.02127467
-0.02577730
-0.01377243
0.04066763
0.00788618
0.01146751
-0.00242015
0.03431095
-0.01660903
0.09626341
-0.05601727
-0.03416083
-0.01167634
-0.01074019
-0.02450841
0.02766410
0.01266119
-0.00743694
0.01506853
0.02942205
0.02297951
-0.01112422
-0.00683413
0.00958429
-0.02656031
-0.07467972
0.07796262
-0.02326191
-0.16343275
0.04967548
0.00508985
0.06162101
-0.05823152
0.11946926
-0.00365842
0.04011338
0.04988644
-0.15314086
-0.02245048
-0.05719121
0.08768936
-0.03004296
0.00879134
0.01996279
0.01574868
-0.20243216
0.05442898
0.09121779
-0.07962956
-0.03020937
-0.06468736
-0.09588113
-0.08241125
0.17741109
0.02833949
-0.03764754
0.11791263
0.04011902
0.17847693
0.01642182
-0.01751182
-0.01981455
-0.01047938
-0.01897458
0.00760990
-0.00590567
-0.09104812
0.12174268
0.09574543
0.77035743
-0.06189301
0.12360887
0.01726910
0.07446261
0.04443909
0.02881664
0.07906084
-0.06993364
-0.08083716
0.15069668
0.00547786
-0.00912523
-0.00380907
-0.15362364
0.11935360
-0.03952897
0.00106888
0.02624254
0.04275213
-0.02669849
-0.03353415
0.00457364
-0.05767495
-0.02391538
-0.07636876
0.02055905
0.00423175
0.03636903
0.03141589
-0.00042075
0.01123777
0.02921606
-0.03276541
0.05486481
0.00439143
0.06835374
0.02125727
0.06679656
0.01800553
0.07882012
-0.03524224
-0.06226471
-0.15128537
0.02564606
0.03034800
0.00004514
0.07930104
0.12562472
-0.02738199
-0.03345778
-0.02199579
0.02849695
-0.08629770
0.04948480
-0.03043122
0.05896618
-0.07537708
0.05388656
0.04500911
0.00055192
0.01241244
0.01261848
-0.00431590
-0.03882148
-0.04334260
-0.01295763
0.06229869
0.04209633
0.04349022
0.02873234
0.10734310
-0.06116795
0.02275204
0.04819204
-0.03255853
-0.00961301
0.06826898
0.03476403
0.01257778
0.01521983
0.02389249
-0.00834396
0.07498743
0.02332546
0.04227558
-0.05369741
0.03925643
-0.07515179
0.00789103
-0.02084655
0.00867741
0.02696381
-0.03998308
0.06740239
0.02190312
-0.05993553
0.02520261
-0.02276517
0.00680739
0.05943788
-0.00755462
0.05971497
0.00666744
0.02137155
0.10728294
-0.05154574
0.06186178
-0.09226409
0.04791274
-0.02948362
-0.03262782
0.00212530
-0.04022911
-0.02773315
-0.03981107
-0.02689900
0.03635473
0.01426426
0.06336706
0.04458726
0.01346978
-0.02320216
-0.01534669
0.00472011
-0.07232307
-0.09179817
0.04527206
-0.01177393
-0.06193519
0.03980106
-0.00652706
-0.00179600
-0.05983213
-0.00793684
0.03305605
-0.02727049
-0.03191541
-0.05471771
-0.02083116
-0.01325300
0.01132656
0.00360116
0.00182783
0.04016175
0.00087766
0.02307775
0.03120408
-0.02258106
0.00091073
-0.05772118
0.04584171
-0.05016108
-0.01259966
0.03760147
0.03689636
0.05711933
-0.07846227
0.05513158
-0.12903398
0.07496585
0.01997499
-0.03507912
-0.01838188
0.05471900
0.01964276
-0.01917992
-0.05536660
0.04309713
0.03658422
0.01424301
-0.00564281
-0.06778342
0.03065196
-0.00043354
-0.00120830
0.01329695
0.11073315
-0.01834206
-0.00816949
0.00388153
-0.00591317
0.01735990
-0.00480745
0.04020225
0.07839347
-0.05012206
0.02653211
-0.01857062
-0.02837657
0.02847383
0.02669692
-0.01508251
0.01649550
-0.03665711
-0.00800534
0.05154612
-0.00547592
-0.00589805
0.01892012
-0.01023134
-0.00484833
0.00322313
0.03830918
-0.01758592
-0.02502095
-0.03822086
-0.03047252
-0.03813983
0.00746107
0.02039877
0.06610335
0.03962010
-0.02211699
-0.06090402
-0.00367438
0.05057769
-0.05799129
-0.05909271
-0.08952373
-0.00244051
-0.11009040
-0.01852705
-0.00253805
0.10493423
-0.01372026
-0.13331036
-0.05291265
-0.01453853
-0.09170583
-0.02457745
0.00313405
0.05994998
0.08222030
-0.03693049
-0.03964663
0.01607552
0.00925725
0.02820793
0.03144069
-0.00165782
-0.01611564
-0.02242100
-0.09067748
-0.00353562
-0.04055434
-0.03009027
-0.09944462
-0.02833365
0.04033259
-0.02019450
0.07401073
0.06582537
0.02532776
0.04382176
-0.00783643
-0.00176099
0.02362972
-0.03487441
0.06888752
-0.01806630
0.05079100
0.05683656
-0.01859830
-0.03308938
0.01384653
-0.00061330
-0.03395382
-0.03264179
0.02758770
0.01936356
0.06736612
-0.03512843
-0.00334352
-0.02710489
-0.04136904
-0.03102893
-0.04553491
-0.04532078
-0.00140024
0.02276163
0.06670917
0.00333065
0.06951842
0.01238893
0.05332743
-0.03623296
-0.00464587
-0.02060154
-0.01629229
0.06329542
-0.02017511
-0.03379100
0.00191499
0.01922099
-0.08797553
-0.01709484
0.02483513
0.00247005
0.09838165
-0.05502057
0.00852344
-0.01658884
0.01723864
-0.07639913
-0.01255794
-0.00171876
0.00938873
0.02050000
0.06686019
-0.00392431
0.10947438
0.00199833
0.00594156
0.04211427
0.02960427
0.04677953
0.00976859
0.00039333
0.03654226
-0.05771033
0.05900796
0.01678799
0.08461674
0.04634998
0.00203389
-0.05377203
-0.00779267
0.05045949
-0.09618861
0.00811407
0.06194364
-0.05117336
0.00953046
-0.02100414
-0.03022636
-0.03858456
-0.03290161
-0.07305259
0.00283217
0.07863841
0.02524865
0.04902602
-0.02182703
0.00304352
-0.08845553
0.04531951
0.01957744
0.01605207
0.04428409
-0.01542556
-0.00373151
-0.01253408
0.03332056
-0.02208487
-0.01392922
0.02204483
-0.04054285
0.00071867
-0.06302636
-0.01604663
0.03189924
-0.00387575
-0.08290394
-0.00520082
-0.00968608
-0.09935486
0.03523090
0.04974408
-0.01539157
-0.01865884
0.00981820
-0.06724628
-0.04206714
-0.06573246
0.06773645
0.01204127
0.02906320
0.03084762
0.02932862
0.00098472
0.15672638
-0.00527497
0.01571074
0.03696764
-0.12768616
0.01660452
-0.02476491
0.01197117
-0.01863975
-0.06661493
0.03365100
-0.04758470
-0.03525713
0.01109074
0.06510891
-0.08870992
-0.04143541
0.06604221
-0.07800435
-0.04443687
-0.03362181
-0.00015119
-0.03409786
0.05148322
0.03672620
0.00273634
0.04271220
-0.02204346
0.00875502
-0.05750296
-0.03850271
-0.00992952
-0.01999073
0.01763053
-0.10751549
0.09291136
-0.05320868
0.01743610
-0.00767271
-0.01450526
0.03638903
-0.03696725
-0.01459954
0.03554264
-0.04275270
0.02400464
0.01066579
0.01225994
-0.06344388
0.01085776
-0.01488228
0.04849315
0.03421718
0.01297010
-0.09241693
-0.03399320
-0.02228751
-0.01323385
0.00481386
0.02009006
-0.06898547
-0.02843249
0.01493167
0.04562294
-0.00631552
-0.03651999
0.01532925
-0.06837514
-0.10351714
0.00583600
-0.02328407
0.02700981
0.01174593
0.01215395
-0.01729599
-0.00474356
-0.04451027
-0.02647116
0.06233383
0.03904373
0.02372717
-0.03137832
-0.01715310
-0.02918668
-0.03439688
-0.01515264
-0.02008331
-0.00952865
0.01100106
0.02839677
-0.00489251
0.04530376
0.01686209
0.00180463
-0.00879608
-0.05974266
-0.00486720
-0.01238042
-0.04695262
-0.01368895
0.01673572
0.01355068
0.01461833
0.00075759
0.01536542
0.05110393
0.03700835
-0.03001010
-0.00463027
-0.05254751
-0.01346789
0.01545401
-0.02152747
0.00232360
-0.02528672
-0.00254207
0.02261269
0.02517588
-0.07609689
-0.01993436
0.02443552
-0.02250485
0.01394074
0.09066989
0.01443057
0.04402846
0.05419559
-0.04707237
0.06661950
-0.09178566
0.00607024
0.06928272
0.05835204
0.01500110
-0.00909934
-0.05637267
0.04925710
0.03028062
0.02342949
0.07415970
-0.05504867
0.01247303
0.05329369
-0.02840073
-0.00824591
0.03908372
0.00161675
-0.00236563
-0.03643834
