0.01436104
-0.01125612
-0.01368333
0.03912560
0.00102982
0.02968912
0.01132799
0.00224050
-0.00443307
0.02048095
-0.02518414
0.02481843
-0.00371519
0.02649223
-0.03079263
0.00379746
-0.03192656
0.02650734
-0.09605125
0.00595607
0.00780951
-0.03137023
0.09300583
0.01756090
-0.00671625
-0.03966857
-0.02340772
-0.03418164
-0.02917177
0.02168282
-0.05315721
-0.01348936
0.00300372
0.00059707
0.00623874
-0.02282014
0.03122683
0.01364885
0.00177337
0.04237422
-0.02545683
0.00287375
0.05957601
0.01647508
0.00012786
-0.04331373
0.02605428
-0.01464032
0.03313910
-0.00634431
0.03469731
0.10093732
-0.03272716
-0.03082236
0.01210741
-0.01353408
-0.00204748
-0.01071081
0.41942441
0.01321052
0.01854123
-0.02660013
-0.02315680
0.00902600
0.00040624
-0.00949767
-0.00217683
-0.02285212
-0.06879249
-0.04105156
0.03817039
-0.01866751
-0.04498811
-0.01104616
-0.03122444
0.03546273
0.03140619
-0.04479149
0.00117454
-0.14813142
-0.01419691
0.00365518
-0.01308645
-0.05187440
-0.06319802
0.02862470
-0.00698463
-0.00939853
0.00886821
-0.02285792
-0.00150140
-0.06954197
0.07469337
0.00415655
-0.03145177
0.00849965
-0.00213593
0.01021635
-0.01101945
0.00224485
-0.00690289
0.04255540
-0.04150447
-0.00347175
-0.01145488
0.00687125
0.00506086
-0.02879545
-0.00033712
0.03280164
-0.00729072
0.00756217
0.00770628
0.00091028
0.00398209
-0.00001846
-0.00311324
-0.01165087
-0.04796302
-0.00956486
-0.00964050
-0.00668482
-0.00057151
0.00786855
0.01675825
0.00619717
-0.00625296
0.00072051
0.01674895
0.00310970
-0.00657183
0.01130539
-0.01735206
0.01302006
-0.01033175
-0.00709024
0.00994379
-0.06639366
-0.03958825
-0.00907024
0.09774524
0.03753907
-0.01139279
-0.02868670
-0.00216672
-0.18848759
0.03946160
-0.02525563
-0.01407966
-0.00834893
0.01346028
-0.01652225
0.01983407
0.01458178
0.02172114
0.02622019
-0.05858999
-0.00405932
0.05908125
0.03150498
-0.03347418
0.17338869
-0.05065665
0.00150927
-0.00466061
-0.05476339
0.04940053
-0.04171211
0.01277884
-0.02559812
-0.00815586
-0.02843549
-0.01592057
0.01573126
0.02187332
0.01307626
0.00757521
0.04547516
0.00925375
0.00857650
0.05507557
-0.00331527
-0.00633379
0.00916228
0.03401964
-0.17602552
0.15070467
0.02334093
0.01718849
0.00099548
-0.08411867
0.00748245
-0.00253429
0.02370118
-0.02710343
-0.03280055
0.00634338
-0.00669691
-0.00136487
0.00968683
-0.01034787
-0.01825468
0.01662309
0.01829673
-0.03170239
-0.00442040
-0.00019374
0.00681147
-0.00286097
0.11973207
0.01756611
-0.00951005
-0.00921268
0.01002221
-0.00733207
-0.02928303
-0.01519382
0.03076876
0.01874700
-0.00254346
0.00570977
-0.68138546
-0.01927230
0.02597891
0.01543518
-0.01243823
-0.01752514
0.01895223
0.02003794
0.00878375
-0.01282278
0.05305482
0.05319038
-0.01252713
-0.04750311
-0.00617433
0.02814480
-0.00181126
0.00569511
0.00676078
0.03064691
-0.01264776
0.08719229
-0.03989456
-0.03709465
-0.00288363
-0.00884077
-0.03894741
0.03037073
0.02068158
-0.00667254
0.01392805
0.03080209
0.02076920
-0.00531401
0.01130905
-0.07065840
0.09841096
-0.11956972
0.13580199
-0.03016257
0.10255856
-0.13255230
0.02871527
-0.00272019
0.05399487
-0.09191386
0.16730708
0.07471623
0.00213134
0.07370055
0.03443901
-0.05272772
-0.03286765
-0.07846480
-0.02560608
0.05849554
0.13675492
-0.04284833
-0.09751671
0.02846654
0.07018157
-0.07981542
-0.10311825
-0.05796341
0.07896906
-0.07799746
-0.00440224
0.11891298
-0.08013523
0.03278921
-0.07651853
-0.06158521
0.04646432
-0.09309091
0.06784997
0.01297668
0.22843637
0.00034249
-0.03534944
-0.14260212
-0.09776507
0.76952595
-0.07949157
0.01213340
-0.06261935
-0.01577709
0.08688077
-0.01681698
0.03616140
0.00460277
-0.13318579
-0.05186197
0.05299600
-0.01093173
0.09831825
0.01257929
-0.06332996
-0.07925343
0.05445947
0.02089563
0.02666459
-0.05320944
0.07269633
0.03235306
-0.08900143
-0.00604448
-0.04326345
0.01790101
0.00938403
-0.00566417
-0.02632893
-0.03601526
0.01583743
-0.01059186
-0.02921463
0.02782839
-0.03685860
0.02687073
0.05773776
0.08493356
-0.02060793
0.10016903
0.01585370
-0.07780873
-0.11928355
0.02257085
0.01929537
-0.01328428
0.04515366
0.07944243
-0.03647220
-0.00410247
-0.01490930
-0.00982002
-0.05338189
0.04499402
0.00538783
-0.05172290
-0.07352210
0.00702816
0.04679468
-0.00237339
-0.00382997
0.04568727
0.01981398
-0.05483653
0.00747612
0.05761964
0.06117539
0.04383244
0.06728598
-0.00731753
0.08278467
-0.06205721
0.03174667
-0.05549755
0.01942003
-0.06634001
0.08802342
-0.01359714
-0.05471404
0.01029485
0.04825588
-0.06129626
0.06475107
0.01030668
0.05603724
0.02496346
0.03367040
-0.05856335
0.00835109
-0.08021805
-0.00300616
0.00785382
-0.01008963
0.06257743
0.07553283
-0.02044071
-0.02445192
-0.02270155
-0.01989958
-0.02007878
-0.01590014
0.09659088
0.01828832
0.01248567
0.03580279
-0.03729003
0.04373490
-0.07383447
0.03643408
-0.02883635
0.02645332
0.04349193
-0.00199472
-0.02660705
-0.05412652
-0.03119476
0.00497778
0.04888308
-0.00643227
0.05740609
0.01854802
0.01012706
-0.02522377
0.04101729
-0.08279335
-0.07181142
0.07893278
-0.02407608
-0.04012967
0.06520295
0.02641694
-0.00745156
-0.02615967
0.02021987
-0.02532301
-0.00704722
-0.05020940
-0.01492487
0.00022477
0.01352110
-0.01828576
-0.03293017
0.01295791
0.02123233
-0.01810701
0.00552064
0.03854106
-0.00268098
-0.01676203
-0.07634719
0.06743670
-0.00510485
-0.02909601
0.06460994
-0.01849892
0.05748110
-0.08160002
0.01427244
-0.08503002
0.06783073
-0.01397744
-0.01881893
0.00967759
0.04083327
-0.00287534
0.00003101
-0.04304696
0.05282073
0.05402734
0.01373959
0.00444431
0.00710282
-0.00610405
0.00756112
-0.03125709
0.08350159
0.07317866
0.00737906
0.09051640
0.01470462
-0.02514257
0.01317709
-0.00356748
0.06004893
0.08668469
-0.03380669
0.06355822
-0.04367317
0.02684050
0.05868313
-0.01635661
-0.01315451
0.04094658
0.05042377
0.02349482
0.04949586
0.02878080
0.06338990
-0.03990900
-0.01871467
0.01336375
0.00775288
-0.01591798
0.01185855
0.01173837
0.01857290
-0.00222990
-0.04079065
-0.03055733
0.07136127
-0.02004626
0.01100682
0.01483315
-0.09120756
-0.00930286
0.09026530
-0.01977016
-0.04906897
-0.06515815
-0.00202356
-0.06534608
-0.01488470
0.08855131
0.01814582
0.03614705
-0.04298742
-0.06314997
-0.06447493
-0.02415316
-0.02867338
0.06471596
-0.04577366
0.11958744
-0.03365634
-0.01436915
0.08343431
0.03826098
-0.02172099
0.04351792
0.01683009
-0.01173029
-0.01378909
-0.05737374
-0.00144831
0.00792351
-0.06749497
-0.03845352
-0.03551470
0.04649828
-0.05471570
0.05584667
0.01307620
-0.00214387
-0.02787882
0.02913858
0.00767585
-0.02442521
0.01162308
0.10580217
-0.03129433
0.03185794
0.01825063
-0.05518487
-0.01311137
-0.07499927
-0.00034009
-0.01762483
0.00423803
0.01498892
-0.03424142
0.05407582
-0.03901123
-0.01302120
-0.00810382
-0.01338323
-0.04218458
-0.04097040
0.01861970
-0.04123747
0.01523845
0.04826020
0.05630999
0.08308575
0.00828832
0.05519705
-0.01399936
-0.02677304
0.00803817
-0.03272431
0.01909839
-0.00867987
-0.05144463
0.01757751
-0.00925784
-0.04181456
-0.05816903
0.03064499
-0.04432429
0.15041004
-0.00871550
0.01605597
0.00619820
-0.00221140
0.02129062
0.02937267
0.07023270
-0.00932003
-0.01530449
0.02596102
0.01461503
0.01342179
-0.04085189
-0.00038662
-0.01295488
0.02626424
0.04223473
0.01962588
0.00405235
0.06502838
-0.01016323
0.05782221
0.08371629
0.06505994
0.04472244
-0.00513935
-0.07106000
-0.01309798
0.08862355
-0.18062095
0.04532657
0.04639836
-0.00422244
-0.04292680
-0.05210649
0.00585372
0.04007189
-0.05120815
-0.00819009
0.01911086
0.03739361
0.06228388
0.08953985
0.01412503
-0.01985365
-0.05363805
-0.05064993
-0.03410169
0.02894334
0.04316213
-0.06341180
-0.03019687
-0.00389351
0.00494957
-0.04555706
0.01187398
0.04369177
-0.04183953
-0.03333183
-0.01297672
-0.05090555
0.03522084
0.04346699
-0.08580054
-0.02503811
0.01737983
-0.11474199
0.06411304
0.05453664
-0.02891252
0.06216400
0.01435650
-0.08102790
-0.00472182
-0.02600195
0.06293517
0.02604578
0.01105352
-0.02187867
0.00894239
-0.01671201
0.13973410
-0.00551301
-0.02763364
0.03671373
-0.11428837
-0.01082603
0.00284184
0.03240446
-0.03041758
-0.11766288
0.02208382
-0.00362726
-0.02713378
0.02426612
0.04243220
-0.06835980
-0.07207513
0.00302102
-0.06803905
0.00673517
-0.02050773
-0.04731924
-0.03466075
0.04345378
-0.01445143
-0.00744492
0.03906320
-0.02449750
0.06356186
-0.03887721
-0.00313248
-0.00921941
0.00570925
0.02562398
-0.02254726
0.02554786
-0.03247860
0.04561507
0.01719443
0.02521304
0.03691617
0.00623775
0.00148253
0.02991751
0.01236256
0.02238554
0.02902763
0.00304778
-0.01952472
-0.01911535
-0.03970365
0.04309197
0.08337416
0.03368776
-0.10284961
-0.06354885
-0.04161402
-0.03191895
0.05160502
0.02224943
-0.02255573
-0.01834919
0.00283195
0.00546862
0.08144441
0.01966186
0.04009727
-0.04798478
-0.08576403
0.00595168
-0.06206843
0.02701595
-0.02173567
-0.00504549
0.00587681
0.00710454
-0.05764387
-0.00152772
0.03402693
0.02947323
0.03974731
0.03403843
0.02634908
-0.01535867
-0.04127959
-0.06082707
-0.00123375
-0.02053984
-0.02306027
0.00961331
-0.03665312
-0.04123608
0.02361331
-0.03947379
0.00251172
-0.02065030
-0.02289042
-0.01727859
-0.05308903
0.02776471
-0.02971812
0.01061523
0.02556809
-0.04249649
0.04045732
-0.02886398
0.04682432
-0.03674659
-0.01984322
0.02770301
-0.03196331
-0.00859681
-0.02210695
-0.00795233
-0.01806344
-0.01430717
0.04344086
0.04403979
-0.05923918
-0.04391670
0.01618584
0.04412095
-0.00030224
0.09959249
0.02680739
-0.01085774
0.01581400
-0.00014348
0.01930710
-0.04194135
0.05408784
0.07723868
0.07076964
-0.03688445
-0.03643838
-0.02482120
0.04533314
0.03077732
0.03609414
0.07614073
0.00071832
-0.01991746
0.08021130
-0.07282370
-0.01221212
-0.02190213
0.01229939
0.00835506
-0.07786352
