5.370989069342613220e-02
1.501040533185005188e-02
2.750639431178569794e-02
-3.866257844492793083e-03
2.591701969504356384e-02
-3.999525681138038635e-02
1.397959981113672256e-02
1.253164652734994888e-02
-6.467594206333160400e-02
1.553647033870220184e-02
-4.042081162333488464e-02
2.395851351320743561e-02
-1.159219630062580109e-02
-1.258231885731220245e-02
-3.590129315853118896e-02
-1.817992306314408779e-03
-3.041051514446735382e-02
-1.641836762428283691e-02
-1.512264758348464966e-01
1.778455823659896851e-02
2.746719866991043091e-02
5.862383171916007996e-03
2.829720824956893921e-02
3.037405759096145630e-02
-6.439402932301163673e-04
-3.806789219379425049e-02
5.276920646429061890e-02
-1.570339372847229242e-04
-6.246246397495269775e-02
4.301236197352409363e-02
-7.608162611722946167e-02
-4.337112419307231903e-03
-4.473503213375806808e-03
2.442276105284690857e-02
-1.731456816196441650e-02
-3.252436593174934387e-02
1.515324786305427551e-02
2.330310456454753876e-02
-1.434538047760725021e-02
4.713502526283264160e-02
-3.829992562532424927e-02
4.942516796290874481e-03
5.910345911979675293e-02
3.029397875070571899e-02
-9.723208844661712646e-03
-3.996852785348892212e-02
4.034037888050079346e-02
2.297767437994480133e-02
3.551026061177253723e-02
-8.756714873015880585e-03
3.420351073145866394e-02
1.745214685797691345e-02
-2.364710718393325806e-02
-1.758845895528793335e-02
2.810322307050228119e-02
-2.148127555847167969e-02
-1.770037598907947540e-02
-1.620451360940933228e-02
4.070657491683959961e-01
-9.964388608932495117e-02
2.620365284383296967e-02
-6.837487220764160156e-02
5.595433758571743965e-04
-2.191942557692527771e-02
-2.732494100928306580e-02
5.700553767383098602e-03
-2.931433543562889099e-02
-2.753385156393051147e-02
-8.759121596813201904e-02
-8.992776274681091309e-03
4.435406997799873352e-02
-3.017818741500377655e-02
-1.084342505782842636e-02
-2.274154685437679291e-03
-2.254847250878810883e-02
1.974969916045665741e-02
9.395625442266464233e-03
-3.346518054604530334e-02
-3.873921232298016548e-03
-3.217399865388870239e-02
-2.046696096658706665e-02
-5.418234970420598984e-03
5.807696375995874405e-03
-4.470513015985488892e-02
-4.875030741095542908e-02
3.150476887822151184e-02
9.803233668208122253e-03
-1.147962734103202820e-02
1.694161258637905121e-02
-5.812093615531921387e-03
6.679451325908303261e-04
-2.755759097635746002e-02
-3.019694006070494652e-03
4.626217763870954514e-03
-3.081845119595527649e-02
-1.294123241677880287e-03
-1.284143514931201935e-02
1.996854692697525024e-02
-3.641052916646003723e-02
-2.332917228341102600e-02
1.979999989271163940e-02
2.980446070432662964e-02
-2.643714845180511475e-02
-6.427573505789041519e-03
1.404643640853464603e-03
2.024045959115028381e-02
4.677125718444585800e-03
-3.492632135748863220e-02
-3.307070955634117126e-02
3.637475520372390747e-02
-1.595108769834041595e-02
2.141415514051914215e-02
1.270818710327148438e-02
1.378535013645887375e-02
4.665201995521783829e-03
8.595341816544532776e-03
-7.983927428722381592e-02
-2.093652263283729553e-02
-3.096267953515052795e-02
1.842245459556579590e-02
-3.143235296010971069e-02
-6.849604193121194839e-03
-1.073867827653884888e-02
-9.131695143878459930e-03
9.240236133337020874e-02
-1.334945671260356903e-02
4.409262444823980331e-03
-3.156209737062454224e-02
1.784556359052658081e-02
1.472419779747724533e-02
4.312484711408615112e-02
3.881634771823883057e-02
-2.083903364837169647e-02
-5.694738123565912247e-03
1.149667240679264069e-02
1.247710734605789185e-02
1.823568344116210938e-02
-4.490328207612037659e-02
-2.026206441223621368e-02
1.447154674679040909e-03
9.697643667459487915e-02
1.750149205327033997e-02
4.372466821223497391e-03
-3.468581289052963257e-02
-1.839247532188892365e-02
-1.590210795402526855e-01
3.996012359857559204e-02
-2.327146008610725403e-02
-1.298369374126195908e-03
5.296403542160987854e-03
-5.570957809686660767e-02
1.404768880456686020e-02
-1.650389842689037323e-02
2.523259632289409637e-02
3.303509578108787537e-02
3.050603158771991730e-02
-7.989970594644546509e-02
6.097636185586452484e-03
3.190431743860244751e-02
4.382489994168281555e-02
-4.485205560922622681e-02
1.219047233462333679e-01
-6.503185629844665527e-02
7.673269603401422501e-03
-1.894846372306346893e-02
-4.352924600243568420e-02
-2.278954163193702698e-02
-8.629704825580120087e-03
2.082694554701447487e-03
-9.559741243720054626e-03
-3.428302705287933350e-02
3.842275217175483704e-02
-3.017253801226615906e-02
5.502026993781328201e-03
3.842113912105560303e-02
-6.496872520074248314e-04
2.734445035457611084e-02
3.916417434811592102e-02
-4.083254560828208923e-02
-1.136627607047557831e-02
1.451706327497959137e-02
5.009579937905073166e-03
-1.451828796416521072e-02
-4.640774859581142664e-04
-2.147624082863330841e-02
-7.723810523748397827e-02
-3.326544538140296936e-02
1.982816308736801147e-02
2.950973063707351685e-02
1.972754299640655518e-02
-6.636086851358413696e-02
8.855325169861316681e-03
-8.989961817860603333e-03
3.392107039690017700e-02
-3.328910097479820251e-03
-2.151652425527572632e-02
7.486083358526229858e-02
-3.277957439422607422e-02
-4.170342348515987396e-03
-2.326408214867115021e-02
-1.924777589738368988e-02
-1.505204383283853531e-02
-8.027653396129608154e-02
2.305792458355426788e-02
-5.585522577166557312e-02
2.135473676025867462e-02
-1.159462798386812210e-02
2.407096093520522118e-03
-2.008314430713653564e-02
5.346462875604629517e-02
3.157866373658180237e-02
8.702519349753856659e-03
-1.301069743931293488e-02
-7.476806174963712692e-03
-1.353246439248323441e-02
1.942848600447177887e-02
-3.951070085167884827e-02
4.876650124788284302e-02
4.536322131752967834e-02
1.258972194045782089e-02
-5.279429024085402489e-04
-7.173076868057250977e-01
-1.419379934668540955e-02
3.999652341008186340e-02
-1.010671071708202362e-02
-4.192242398858070374e-02
-8.835980668663978577e-03
-1.564692705869674683e-02
1.735956029733642936e-04
-1.542325504124164581e-02
-1.539655122905969620e-02
-1.098926365375518799e-02
5.891044065356254578e-02
-1.488700043410062790e-02
3.382164612412452698e-02
-5.075554829090833664e-03
4.808610305190086365e-02
4.018063482362776995e-04
-7.080418057739734650e-03
-2.248839847743511200e-02
3.114724531769752502e-02
-1.380339264869689941e-03
1.261092275381088257e-01
-1.179667096585035324e-02
-2.142069861292839050e-02
-3.507797140628099442e-03
-2.063531056046485901e-02
-2.949686162173748016e-02
-1.386986114084720612e-02
-6.304609123617410660e-03
-1.322655938565731049e-02
7.452340796589851379e-03
-1.271405606530606747e-03
1.963444286957383156e-03
2.606764808297157288e-02
-9.894014336168766022e-03
1.375697106122970581e-01
-8.633708208799362183e-02
-6.791890412569046021e-02
3.930475190281867981e-02
5.208732932806015015e-02
6.532578170299530029e-02
3.342105448246002197e-02
-1.113363727927207947e-01
5.013654008507728577e-03
-4.866446927189826965e-02
1.803260147571563721e-01
1.176735386252403259e-01
6.335384398698806763e-02
-9.276560693979263306e-02
2.831802144646644592e-02
-1.136204600334167480e-02
6.794809550046920776e-02
4.290921986103057861e-02
-3.017905913293361664e-02
-1.451214193366467953e-03
-4.697408061474561691e-03
-5.512877367436885834e-03
-4.088133573532104492e-02
1.131806820631027222e-01
9.743615984916687012e-03
-2.236760221421718597e-02
3.451118990778923035e-02
-5.502645298838615417e-02
-8.344587683677673340e-02
-3.633025800809264183e-03
1.790784895420074463e-01
-1.778258383274078369e-02
-4.451228305697441101e-02
-4.825371131300926208e-02
1.061824560165405273e-01
-6.982529908418655396e-02
1.990271918475627899e-02
1.609266102313995361e-01
-6.333420425653457642e-02
-3.727084770798683167e-02
-1.705901622772216797e-01
4.880009219050407410e-02
-6.747110188007354736e-02
-2.796274144202470779e-03
6.798944622278213501e-02
-3.345033153891563416e-02
7.881644368171691895e-01
-8.805515617132186890e-02
-1.110969204455614090e-02
-1.663791239261627197e-01
8.761804550886154175e-02
1.362395584583282471e-01
1.324606984853744507e-01
5.453361198306083679e-02
-8.970008231699466705e-03
-3.564012423157691956e-02
1.052152514457702637e-01
2.252181619405746460e-02
-1.794594526290893555e-02
-4.527241736650466919e-02
-3.149835020303726196e-02
-6.783629208803176880e-02
-1.205440144985914230e-02
9.138010442256927490e-03
4.998404905200004578e-02
2.828714251518249512e-02
-4.816116020083427429e-02
5.736218392848968506e-02
4.109797254204750061e-02
-4.398884624242782593e-02
8.165385224856436253e-05
-2.217703126370906830e-02
1.197922276332974434e-03
5.982802249491214752e-04
1.091509498655796051e-02
-5.207735672593116760e-02
-2.581120841205120087e-02
-1.470445841550827026e-02
-1.577292010188102722e-02
5.908869206905364990e-03
6.551370490342378616e-03
-9.570969268679618835e-03
1.673519611358642578e-02
2.794582024216651917e-02
5.350600928068161011e-02
-5.091733857989311218e-02
6.896784901618957520e-02
1.118961274623870850e-01
-5.839867517352104187e-02
-9.457269310951232910e-02
2.624901011586189270e-02
3.253836557269096375e-02
-5.741305649280548096e-02
1.952302642166614532e-02
-1.634975080378353596e-03
-6.869132071733474731e-02
-4.277248680591583252e-02
-3.996043652296066284e-02
-4.114028438925743103e-02
-1.161993015557527542e-02
1.789011619985103607e-02
1.872781850397586823e-02
-4.668056592345237732e-02
-3.335762768983840942e-02
-4.862171132117509842e-03
3.716419450938701630e-03
9.020779281854629517e-03
-5.435120547190308571e-04
1.934077963232994080e-02
1.770837977528572083e-02
-3.911321610212326050e-02
-2.684686519205570221e-02
7.530713826417922974e-02
2.610205672681331635e-02
1.764359511435031891e-02
1.124550625681877136e-01
-2.530232071876525879e-02
5.198689177632331848e-02
-3.265796601772308350e-02
5.096073728054761887e-03
-1.436471492052078247e-01
3.530656220391392708e-03
-5.304396525025367737e-02
6.990432739257812500e-03
-9.154858067631721497e-03
-8.100707828998565674e-02
-1.444850582629442215e-02
6.676158402115106583e-03
-3.678667545318603516e-02
3.283139318227767944e-02
2.279785461723804474e-02
2.764479443430900574e-02
6.371113657951354980e-02
3.685780568048357964e-03
1.152854412794113159e-02
-2.811492979526519775e-02
-6.771916151046752930e-02
-5.851224809885025024e-02
-5.654575675725936890e-02
-1.448931521736085415e-03
2.500189095735549927e-02
9.434033185243606567e-02
-4.824705794453620911e-02
-4.115208238363265991e-02
-4.658542200922966003e-02
2.551650255918502808e-02
-4.455624520778656006e-02
-1.632888428866863251e-02
9.092254936695098877e-02
-6.175215356051921844e-03
-2.482628449797630310e-02
1.028026174753904343e-02
-3.016953170299530029e-02
-3.936617448925971985e-02
-6.422276049852371216e-02
5.457770824432373047e-02
-2.335646748542785645e-02
6.908981595188379288e-04
2.643240615725517273e-02
6.038473546504974365e-02
5.208673886954784393e-03
-2.191005647182464600e-02
-7.686131447553634644e-02
-2.180516719818115234e-02
7.424322515726089478e-02
-2.108773030340671539e-02
2.545404713600873947e-04
-1.578861661255359650e-02
3.524892032146453857e-02
-1.204062160104513168e-02
2.080092439427971840e-03
-8.031584322452545166e-02
2.001743949949741364e-02
6.793247163295745850e-02
1.817686483263969421e-03
-5.958545207977294922e-02
5.769985914230346680e-02
4.267801716923713684e-02
1.326904445886611938e-02
2.346618799492716789e-03
4.369938746094703674e-02
3.640947118401527405e-02
2.441507019102573395e-02
-8.321025222539901733e-02
-1.730180345475673676e-02
-5.250178743153810501e-03
-9.690053993836045265e-04
6.595851480960845947e-02
3.105028346180915833e-02
5.532739311456680298e-02
6.099309306591749191e-03
-1.094020232558250427e-01
-4.119143635034561157e-02
4.630399867892265320e-02
3.385704010725021362e-02
-3.362397477030754089e-02
-3.817557543516159058e-02
3.718785569071769714e-02
1.398979779332876205e-02
-5.293833091855049133e-02
8.342923223972320557e-02
-4.910403490066528320e-02
5.169245973229408264e-02
-8.088482171297073364e-02
5.595642328262329102e-02
-5.362064391374588013e-02
2.832404524087905884e-02
-1.927474047988653183e-03
-2.169250883162021637e-02
1.286134868860244751e-02
1.334191299974918365e-02
-1.927513442933559418e-02
9.437764063477516174e-03
-4.737735539674758911e-02
6.380255520343780518e-02
6.005458906292915344e-02
-1.405204995535314083e-03
-2.461105352267622948e-03
1.600238867104053497e-02
-7.948430255055427551e-03
7.383392192423343658e-03
-4.997089132666587830e-02
9.995937347412109375e-02
3.332582488656044006e-02
-2.346225827932357788e-02
1.045110076665878296e-01
2.462324686348438263e-02
-1.677244156599044800e-02
2.940337359905242920e-02
1.446309499442577362e-02
-9.075601701624691486e-04
8.311267197132110596e-02
-3.395345807075500488e-02
2.703252993524074554e-02
-4.955726116895675659e-02
4.684862866997718811e-02
7.695250213146209717e-02
-1.405301969498395920e-02
-1.769969053566455841e-02
4.223169013857841492e-02
3.461907058954238892e-02
4.645801149308681488e-03
-1.464940328150987625e-02
-1.864668168127536774e-02
1.156396195292472839e-01
-4.306681454181671143e-02
-4.993126168847084045e-02
4.226375371217727661e-02
1.429317705333232880e-02
-3.106412664055824280e-02
-2.549512498080730438e-02
-6.591944396495819092e-02
-8.930461481213569641e-03
2.166760899126529694e-02
-7.724110968410968781e-03
-2.551289042457938194e-03
5.981941521167755127e-02
-7.352933287620544434e-02
-2.401316352188587189e-02
-1.226986787514761090e-04
-5.826519802212715149e-02
-3.369506075978279114e-02
1.157720163464546204e-01
2.601377107203006744e-02
-2.671033702790737152e-02
-1.322814729064702988e-02
2.119855768978595734e-02
-2.454674988985061646e-02
-1.799609325826168060e-02
6.472551822662353516e-02
1.601594872772693634e-02
9.944485500454902649e-03
-3.936725854873657227e-02
-3.887223079800605774e-02
-7.442321628332138062e-02
-1.014229469001293182e-02
-1.522414665669202805e-02
4.896747320890426636e-02
-9.397635608911514282e-02
9.560353308916091919e-02
-2.615576982498168945e-02
4.581457749009132385e-02
6.324178725481033325e-02
3.074570931494235992e-02
-4.463592544198036194e-02
7.908153347671031952e-03
2.102832868695259094e-02
-2.461203560233116150e-02
4.320376086980104446e-03
-2.603651210665702820e-02
1.011369004845619202e-02
-1.061108615249395370e-02
-2.919947914779186249e-02
3.073559515178203583e-02
-1.935357041656970978e-02
4.130107536911964417e-02
-3.871142491698265076e-02
5.743186920881271362e-03
-2.085154689848423004e-02
-1.243432238698005676e-02
-1.760460808873176575e-02
2.320263721048831940e-02
3.049069084227085114e-02
-5.064520239830017090e-02
-2.465537190437316895e-02
6.471122801303863525e-02
-4.615709930658340454e-02
1.761822961270809174e-02
-1.293006353080272675e-02
-8.965816348791122437e-02
-4.073546081781387329e-02
-6.735269725322723389e-02
5.140889808535575867e-02
2.195505658164620399e-03
-5.788091104477643967e-03
-1.027090940624475479e-02
-4.680310934782028198e-02
9.985859505832195282e-03
-5.125477910041809082e-02
-6.594121456146240234e-02
-3.422252088785171509e-02
2.004459314048290253e-02
-3.231148421764373779e-02
-4.103634133934974670e-02
5.684605799615383148e-03
1.558140106499195099e-02
2.153120562434196472e-02
5.181186646223068237e-02
4.187411814928054810e-02
5.917478352785110474e-02
-2.245023287832736969e-02
5.766561627388000488e-02
4.468829929828643799e-02
-1.959300413727760315e-02
1.927853561937808990e-02
-4.881577566266059875e-02
-3.671473264694213867e-02
-1.606737263500690460e-02
7.330040447413921356e-03
3.424926474690437317e-02
1.155313104391098022e-02
-3.539980575442314148e-02
-4.217480123043060303e-02
-2.654008008539676666e-02
-7.663524895906448364e-02
8.336912840604782104e-02
-2.803723327815532684e-02
6.352245062589645386e-02
1.851094700396060944e-02
-7.341981865465641022e-03
1.328578218817710876e-02
-3.591911122202873230e-02
6.987836956977844238e-02
-1.954562962055206299e-02
-5.357517302036285400e-02
-1.858719042502343655e-03
-6.373580079525709152e-03
-7.998934388160705566e-02
-8.360856771469116211e-02
1.891496963798999786e-02
-3.481715917587280273e-02
-2.779053151607513428e-02
4.370294511318206787e-02
4.382643848657608032e-02
3.420463204383850098e-02
3.774827346205711365e-02
-1.008328050374984741e-02
3.486500680446624756e-02
1.132629141211509705e-01
9.265592694282531738e-02
3.475615382194519043e-02
-9.553672745823860168e-03
-6.254515796899795532e-02
1.843302138149738312e-02
5.716295540332794189e-02
-1.368653327226638794e-01
6.710957735776901245e-02
-1.325162942521274090e-03
3.998427838087081909e-02
-2.864484675228595734e-02
-2.746649272739887238e-02
-2.045694366097450256e-02
7.989574223756790161e-02
-3.489017114043235779e-02
-3.019604645669460297e-02
-1.738440478220582008e-03
-1.896559074521064758e-02
1.577231846749782562e-02
6.393725052475929260e-04
4.544104263186454773e-02
-2.553728595376014709e-02
3.537489799782633781e-03
-8.739016205072402954e-02
-4.755339398980140686e-02
-3.273503622040152550e-03
2.217395603656768799e-02
-1.466075703501701355e-02
-4.996128752827644348e-02
-8.399363607168197632e-03
3.358434885740280151e-02
-8.114149421453475952e-02
2.554577589035034180e-02
5.046336352825164795e-02
-3.283478319644927979e-02
-4.606962203979492188e-02
-4.494070541113615036e-03
-6.495670974254608154e-02
-1.434178370982408524e-02
5.578150972723960876e-02
-9.416107088327407837e-02
8.929607458412647247e-03
-5.253203213214874268e-03
-5.385329201817512512e-02
5.384808033704757690e-02
2.306221053004264832e-02
7.685180287808179855e-03
1.046952754259109497e-01
1.747511886060237885e-02
-1.342864334583282471e-02
8.631331846117973328e-03
1.739628054201602936e-02
3.638362511992454529e-02
3.408682718873023987e-02
-9.088760241866111755e-03
-2.742474898695945740e-02
-1.040698867291212082e-02
2.115346305072307587e-02
6.323867291212081909e-02
-9.076444432139396667e-03
-6.130868196487426758e-02
2.812155708670616150e-02
-5.078732967376708984e-02
9.617813862860202789e-03
3.154621273279190063e-02
4.589417949318885803e-04
-6.177423521876335144e-02
-1.214550733566284180e-01
-1.142842508852481842e-02
1.905272528529167175e-02
-1.030093524605035782e-02
5.003361031413078308e-02
3.152811527252197266e-02
-8.034970611333847046e-02
9.711395017802715302e-03
-7.456104457378387451e-02
-6.165342777967453003e-02
4.836638644337654114e-02
-1.316243037581443787e-02
-8.124709874391555786e-02
-1.403361558914184570e-02
4.863539338111877441e-02
3.469009324908256531e-02
-4.787817597389221191e-03
3.693526983261108398e-02
1.631429791450500488e-02
4.877960309386253357e-02
-2.515390329062938690e-02
3.168672323226928711e-02
1.439311727881431580e-02
8.040607906877994537e-03
3.949170559644699097e-02
-1.555705629289150238e-02
-8.589438349008560181e-02
-2.906969748437404633e-02
8.751036971807479858e-02
4.748392850160598755e-02
1.592425070703029633e-02
3.656542673707008362e-02
2.480814419686794281e-02
4.985580593347549438e-02
7.184974383562803268e-03
2.308515086770057678e-02
3.143642842769622803e-02
6.328159570693969727e-02
-6.066542118787765503e-03
-4.757559671998023987e-02
-4.221914708614349365e-02
-9.298907592892646790e-03
-1.842140220105648041e-02
1.269245594739913940e-01
4.592068120837211609e-02
-8.471529185771942139e-02
-3.704755753278732300e-02
2.159267477691173553e-02
-4.622193425893783569e-02
4.676457867026329041e-02
4.361573606729507446e-02
-2.775352261960506439e-02
-1.620757393538951874e-02
1.497132005169987679e-03
2.290935255587100983e-02
5.289242789149284363e-02
-3.087859600782394409e-02
1.885682344436645508e-02
-4.776499047875404358e-02
-5.137116089463233948e-02
2.118609659373760223e-02
-5.735727027058601379e-02
-9.660001844167709351e-03
-6.020336598157882690e-02
6.384391803294420242e-03
-2.397716231644153595e-02
1.461196970194578171e-02
-3.093849867582321167e-02
3.759282082319259644e-02
-1.944691874086856842e-02
1.413973327726125717e-02
4.079313203692436218e-02
7.567451149225234985e-02
-1.752960844896733761e-03
-1.660115271806716919e-02
-2.484531886875629425e-02
-3.782759234309196472e-02
-3.861816227436065674e-02
-1.797788217663764954e-02
-4.680304974317550659e-02
-3.897176682949066162e-02
-3.244638815522193909e-02
-9.628288447856903076e-02
2.103029377758502960e-02
-2.959943935275077820e-02
-1.083134207874536514e-02
-5.889047682285308838e-02
-5.579006299376487732e-02
-4.902791976928710938e-02
-1.230003684759140015e-02
1.791564864106476307e-03
-1.819011941552162170e-02
3.478105645626783371e-03
-4.802630748599767685e-03
-5.013832449913024902e-02
2.330782264471054077e-02
-4.480414092540740967e-02
2.671089954674243927e-03
-8.401782251894474030e-03
-6.487556267529726028e-03
4.112451151013374329e-02
1.018184889107942581e-02
2.805877290666103363e-02
1.335398107767105103e-02
-5.250932276248931885e-02
-3.037977777421474457e-02
-4.228142276406288147e-02
3.409041464328765869e-02
1.815826445817947388e-02
-5.761690810322761536e-02
-4.582898691296577454e-02
4.346506670117378235e-02
5.835884064435958862e-02
-1.957001723349094391e-02
1.143102254718542099e-02
2.764207683503627777e-02
-6.276581436395645142e-02
2.722920477390289307e-02
6.937270518392324448e-04
1.374865788966417313e-02
-2.231446281075477600e-02
-3.782563656568527222e-02
3.909815475344657898e-02
2.853272296488285065e-02
-1.356339082121849060e-02
1.734914816915988922e-02
-6.343105342239141464e-03
-7.147683762013912201e-03
3.432680293917655945e-02
-1.560255512595176697e-02
1.215576604008674622e-01
1.130099818110466003e-01
1.005876157432794571e-02
4.712746944278478622e-03
-8.670963346958160400e-02
-4.948811605572700500e-02
-8.073578029870986938e-02
-2.929867804050445557e-02
-2.343327272683382034e-03
-4.634560644626617432e-02
