3.882283717393875122e-02
-5.031321197748184204e-03
-1.595343276858329773e-02
2.833539620041847229e-02
-1.110517769120633602e-03
3.416344150900840759e-02
2.748211845755577087e-02
2.820072695612907410e-02
1.154702994972467422e-02
1.917402818799018860e-02
-5.102236941456794739e-02
7.371748797595500946e-03
2.978185191750526428e-03
1.873343251645565033e-02
-3.777183964848518372e-02
-2.164078410714864731e-03
-3.643066063523292542e-02
1.565239578485488892e-02
-1.704930514097213745e-01
1.741858012974262238e-02
1.089454721659421921e-02
-1.407081168144941330e-02
5.632290989160537720e-02
1.523293554782867432e-03
2.375542419031262398e-03
-2.704681642353534698e-02
5.518272519111633301e-03
-3.778249397873878479e-02
-5.368382111191749573e-02
3.661579638719558716e-02
-1.320406496524810791e-01
-2.148528397083282471e-02
1.063976995646953583e-02
1.137447729706764221e-02
4.863176960498094559e-03
-1.495356322266161442e-03
2.451189327985048294e-03
1.826760917901992798e-02
-2.665066532790660858e-02
1.288836821913719177e-03
-4.164287075400352478e-02
7.456596475094556808e-03
5.066896229982376099e-02
-1.378998346626758575e-02
-1.546800509095191956e-02
-4.643938317894935608e-02
4.791547358036041260e-02
-2.117438241839408875e-02
3.767609968781471252e-02
-3.659244161099195480e-03
4.337666183710098267e-02
6.418821960687637329e-02
-9.069447964429855347e-02
-1.862637884914875031e-02
2.192985080182552338e-02
-2.134337276220321655e-02
-1.553235482424497604e-02
-1.917935721576213837e-02
3.783502280712127686e-01
-2.566813677549362183e-02
2.794781140983104706e-02
-4.762945324182510376e-02
-4.112319648265838623e-02
1.579646766185760498e-02
1.312133669853210449e-02
-3.035498596727848053e-02
-4.049613140523433685e-03
-1.719010993838310242e-02
-5.299342423677444458e-02
-6.045942753553390503e-02
4.812852293252944946e-02
-6.664360407739877701e-03
-5.610551312565803528e-02
3.191157884430140257e-04
-2.383710257709026337e-02
9.387129917740821838e-03
2.582317031919956207e-02
-1.528048235923051834e-02
-1.231298199854791164e-03
-9.135618060827255249e-02
-2.400399558246135712e-02
-2.623026957735419273e-03
7.696231827139854431e-03
-7.561684399843215942e-02
-6.134349852800369263e-02
2.380914054811000824e-02
-3.938965965062379837e-03
-8.335830643773078918e-03
2.292828820645809174e-02
-2.900722250342369080e-02
-1.052253693342208862e-02
-9.356176108121871948e-02
5.934407562017440796e-02
-1.872583990916609764e-03
-3.952325880527496338e-02
6.229762453585863113e-03
-1.490136422216892242e-02
2.306957542896270752e-02
-4.617242887616157532e-02
-5.874072667211294174e-03
1.941648870706558228e-02
4.298878088593482971e-02
-4.650433361530303955e-02
-1.823621685616672039e-03
-6.472346372902393341e-03
-1.178826577961444855e-02
-2.661390230059623718e-02
-1.885861530900001526e-02
2.104599494487047195e-03
1.930276677012443542e-02
-2.301200106739997864e-02
2.007748372852802277e-02
-5.711711943149566650e-03
6.310445722192525864e-03
1.332718040794134140e-02
6.609458010643720627e-03
-1.958433352410793304e-02
-1.413626782596111298e-02
-4.934349283576011658e-02
1.170009002089500427e-02
-1.311346143484115601e-02
-8.875089697539806366e-03
-2.214368432760238647e-02
-1.536866067908704281e-03
3.513509035110473633e-02
6.391780450940132141e-03
2.542070485651493073e-02
-1.274800021201372147e-02
3.212730586528778076e-02
3.013559430837631226e-02
-1.481277775019407272e-02
2.274884469807147980e-02
-2.000334672629833221e-02
6.540297530591487885e-03
2.250583469867706299e-02
-3.088211268186569214e-02
-4.164722561836242676e-02
-6.884725391864776611e-02
-6.705815345048904419e-02
4.942528437823057175e-03
9.106188267469406128e-02
2.846740558743476868e-02
-7.107776589691638947e-03
-4.416714236140251160e-02
-5.069034639745950699e-03
-2.057776302099227905e-01
2.878461591899394989e-02
-2.564334310591220856e-02
7.383020711131393909e-04
-1.066060550510883331e-02
-2.147663384675979614e-02
-5.687035154551267624e-03
-1.141114626079797745e-03
-1.764224469661712646e-02
1.998658291995525360e-02
3.089230507612228394e-02
-8.864503353834152222e-02
5.964504554867744446e-03
3.176814690232276917e-02
3.838071599602699280e-02
-2.432043850421905518e-02
1.573106646537780762e-01
-2.627101726830005646e-02
8.688334492035210133e-04
-1.843416132032871246e-02
-8.217789977788925171e-02
4.271315783262252808e-02
-3.022184781730175018e-02
3.088694764301180840e-03
-2.340034581720829010e-02
-2.039571478962898254e-02
-1.360623072832822800e-02
-1.279553212225437164e-02
1.961736753582954407e-02
4.277179390192031860e-02
2.068090252578258514e-02
2.266803942620754242e-02
3.338196128606796265e-02
-7.406193297356367111e-03
-6.868854165077209473e-03
4.300798475742340088e-02
-1.650063088163733482e-03
-1.597513444721698761e-02
1.769987866282463074e-02
1.061096321791410446e-02
-1.633742898702621460e-01
2.095270901918411255e-02
2.077261731028556824e-02
1.274486817419528961e-02
3.591423109173774719e-02
-4.078702256083488464e-02
2.138227969408035278e-02
-9.641638956964015961e-03
1.541032269597053528e-02
8.369954302906990051e-03
-5.265437439084053040e-02
-5.765035748481750488e-03
-1.220574509352445602e-02
-7.910755276679992676e-02
-1.920135878026485443e-02
3.683140128850936890e-02
-2.454410307109355927e-02
-2.474432252347469330e-02
-1.672029867768287659e-02
-5.311571434140205383e-02
-1.678868662565946579e-03
-7.771243806928396225e-03
9.427522309124469757e-03
1.215903670527040958e-03
9.892837703227996826e-02
3.919102717190980911e-03
-5.776988342404365540e-03
2.057716809213161469e-02
3.890689695253968239e-03
-1.284589059650897980e-02
1.041461247950792313e-02
-2.171674743294715881e-02
6.839238107204437256e-02
2.184785343706607819e-02
1.917546615004539490e-02
-2.466955222189426422e-02
-6.805891990661621094e-01
-3.740575397387146950e-03
2.503213100135326385e-02
-1.027926802635192871e-02
-2.834611944854259491e-02
-5.885122343897819519e-02
1.341724116355180740e-02
9.459656663239002228e-03
-1.903913071146234870e-04
-2.497160248458385468e-02
3.510686382651329041e-02
4.489611834287643433e-02
-7.404084317386150360e-03
-2.351701445877552032e-02
-5.943166557699441910e-03
1.343683525919914246e-02
1.535921730101108551e-02
-5.295538576319813728e-04
3.054768894799053669e-04
3.031941130757331848e-02
2.487749326974153519e-03
1.181189417839050293e-01
-7.534132897853851318e-02
-2.930495887994766235e-02
-2.344989683479070663e-03
4.283834714442491531e-04
2.578912768512964249e-03
2.357964217662811279e-02
4.939292557537555695e-03
-5.425686482340097427e-03
2.082709409296512604e-02
2.225187420845031738e-02
1.780942268669605255e-02
3.507144981995224953e-03
-1.235363422892987728e-03
2.780111879110336304e-02
-1.307180523872375488e-01
-3.429020568728446960e-02
-1.060426887124776840e-02
9.091361612081527710e-02
3.813435137271881104e-02
-2.722247131168842316e-02
-9.789778292179107666e-02
5.712532624602317810e-02
-1.026503741741180420e-02
6.541328877210617065e-02
-6.611441075801849365e-02
3.668731823563575745e-02
-9.497398138046264648e-02
-1.355295069515705109e-02
-2.892805822193622589e-02
1.181985288858413696e-01
1.026919409632682800e-01
-1.595582463778555393e-03
5.028579756617546082e-02
4.109777510166168213e-03
-9.746263921260833740e-02
2.347176149487495422e-02
1.578008988872170448e-03
-4.998563230037689209e-02
1.158618647605180740e-02
5.330969765782356262e-02
3.942593932151794434e-02
-6.232897937297821045e-02
-5.717002600431442261e-02
1.163559183478355408e-01
-1.756974682211875916e-02
-1.034780591726303101e-01
7.767629623413085938e-02
1.760029494762420654e-01
-1.137189194560050964e-02
1.051148958504199982e-02
5.209212750196456909e-02
8.092083036899566650e-03
-1.327180713415145874e-01
-1.370336413383483887e-01
-8.478555828332901001e-02
-3.029777668416500092e-02
6.831670552492141724e-02
1.435653865337371826e-01
1.288745645433664322e-02
8.074900507926940918e-01
3.667925670742988586e-02
-1.211106218397617340e-02
-2.661070413887500763e-02
2.924396470189094543e-02
1.415198594331741333e-01
6.751140952110290527e-02
-1.402960345149040222e-02
3.240045160055160522e-02
7.746801525354385376e-02
2.201632410287857056e-01
7.013401389122009277e-02
7.032729685306549072e-02
-1.765507459640502930e-02
7.072260230779647827e-02
4.524297080934047699e-03
-1.834877021610736847e-02
-2.526923455297946930e-02
6.254553049802780151e-02
2.731471322476863861e-02
1.364365592598915100e-02
7.233262993395328522e-03
5.957550182938575745e-02
-6.458139978349208832e-03
-1.702034100890159607e-02
-6.558942794799804688e-02
3.954678401350975037e-02
1.938924193382263184e-02
-4.920234531164169312e-02
5.554853007197380066e-03
2.294202521443367004e-02
3.301196172833442688e-02
1.078872196376323700e-02
-1.534263603389263153e-02
-2.032169327139854431e-02
-2.963967807590961456e-02
2.443993836641311646e-02
2.769238129258155823e-02
5.607118830084800720e-03
-9.307144209742546082e-03
6.831861566752195358e-03
5.270479619503021240e-02
-1.545481849461793900e-02
-9.659297764301300049e-03
4.951370507478713989e-02
-2.286308631300926208e-02
-3.504682332277297974e-02
1.088981330394744873e-02
-1.128234714269638062e-02
-2.852983400225639343e-02
-9.332190454006195068e-02
-1.602471061050891876e-02
9.584356099367141724e-03
-7.377340923994779587e-03
4.819696024060249329e-02
-7.656552363187074661e-03
-2.918397821485996246e-02
-6.439138948917388916e-02
-1.164665725082159042e-02
3.034073486924171448e-02
2.013929188251495361e-02
-1.658100448548793793e-02
4.547485336661338806e-02
-2.743065124377608299e-03
-3.285309299826622009e-02
-3.023896552622318268e-02
3.082656115293502808e-02
1.064762379974126816e-02
4.048864170908927917e-02
6.298754364252090454e-02
-5.083542689681053162e-02
6.527022272348403931e-02
2.819525543600320816e-03
-5.891711451113224030e-03
-7.513707131147384644e-02
2.285224944353103638e-02
-7.696630060672760010e-02
3.249739855527877808e-02
3.439782187342643738e-02
-4.152571409940719604e-02
-4.075120389461517334e-02
6.445425096899271011e-03
-1.330660004168748856e-02
7.231818139553070068e-02
2.802402526140213013e-02
-5.855497904121875763e-03
1.660969574004411697e-03
1.964975707232952118e-02
3.109404444694519043e-02
-3.588986024260520935e-02
-3.475892916321754456e-02
-5.598946288228034973e-02
-3.243583813309669495e-02
-2.034581452608108521e-02
8.679875731468200684e-02
7.219332456588745117e-02
-1.032684817910194397e-01
-1.255796402692794800e-01
-2.927296794950962067e-02
1.120968069881200790e-02
-1.615185663104057312e-02
-7.785057649016380310e-03
8.537714928388595581e-02
3.689434379339218140e-02
8.535579778254032135e-03
4.599852487444877625e-02
-4.762277379631996155e-02
-1.818869635462760925e-02
-6.965422630310058594e-02
3.833098337054252625e-02
2.796731889247894287e-02
-1.956826075911521912e-02
7.527339458465576172e-02
3.102657571434974670e-02
5.324302986264228821e-02
-3.640100592747330666e-03
-1.501396745443344116e-01
-7.070582825690507889e-03
6.234024092555046082e-02
5.759332701563835144e-02
-1.454081572592258453e-02
-8.496822789311408997e-03
-3.597158938646316528e-03
-2.688602544367313385e-02
-1.843140274286270142e-02
-5.143557861447334290e-02
-2.850515581667423248e-02
6.061187759041786194e-02
6.944260094314813614e-04
-4.561250656843185425e-02
1.749076507985591888e-02
3.950795531272888184e-02
-1.147394627332687378e-02
-6.083367019891738892e-02
9.909236803650856018e-03
7.824535481631755829e-03
-8.792010135948657990e-03
-6.057195737957954407e-02
-2.716697379946708679e-02
-2.198603563010692596e-02
-9.237389080226421356e-03
2.901677601039409637e-02
2.563100866973400116e-02
3.635811805725097656e-02
4.997439682483673096e-02
-9.978239983320236206e-02
-3.973200172185897827e-02
5.022340640425682068e-02
4.641975834965705872e-02
-8.518991060554981232e-03
-1.860651187598705292e-02
2.209169790148735046e-02
-1.957903616130352020e-02
-4.087217152118682861e-02
4.251914098858833313e-02
-3.402305394411087036e-02
8.222627639770507812e-02
-9.716399945318698883e-03
1.570449322462081909e-01
-7.318662106990814209e-02
6.110863387584686279e-02
2.656983211636543274e-02
-2.357954345643520355e-02
-2.912104828283190727e-03
3.194513171911239624e-02
1.582776196300983429e-02
8.071689866483211517e-03
-5.629039555788040161e-02
1.763548888266086578e-02
2.543760836124420166e-02
2.054444514214992523e-02
-1.625135168433189392e-02
2.442272566258907318e-02
-7.860490120947360992e-03
-1.144050154834985733e-02
-8.253599703311920166e-02
4.096754640340805054e-02
6.277754157781600952e-02
6.673299241811037064e-03
9.475128352642059326e-02
4.055222868919372559e-02
4.314660653471946716e-02
-7.315647788345813751e-03
4.439866170287132263e-02
4.307474941015243530e-02
1.441780328750610352e-01
-6.444926559925079346e-02
-2.806446887552738190e-02
-2.110621426254510880e-03
-3.617968037724494934e-02
5.090569704771041870e-02
6.620562076568603516e-02
1.280369423329830170e-02
2.398293092846870422e-02
-5.064791068434715271e-02
-1.721926033496856689e-02
-5.974007770419120789e-02
-5.515516549348831177e-02
1.263675987720489502e-01
1.794839277863502502e-03
-7.665919512510299683e-02
1.500413939356803894e-02
1.038195472210645676e-02
-1.096171699464321136e-02
-4.784725606441497803e-02
-4.864001274108886719e-02
-3.525543212890625000e-02
6.034530699253082275e-02
-1.720959879457950592e-02
3.599566966295242310e-02
1.403853017836809158e-02
-1.825361698865890503e-02
-1.580541394650936127e-02
-6.309249252080917358e-02
-2.525329776108264923e-02
-3.231628611683845520e-02
7.910074293613433838e-02
-7.618286646902561188e-03
-8.168435841798782349e-02
-2.135875076055526733e-02
5.302426218986511230e-02
-8.393545448780059814e-02
-2.298089116811752319e-02
3.152539581060409546e-02
2.055330434814095497e-03
5.891586840152740479e-02
-8.342616260051727295e-02
3.572852350771427155e-03
-5.179663375020027161e-02
-4.715090990066528320e-02
-6.118801981210708618e-02
2.467638440430164337e-02
-1.500945985317230225e-01
6.618825346231460571e-02
3.289917483925819397e-02
2.300251461565494537e-02
-1.152283884584903717e-02
-1.688871718943119049e-02
-2.244197390973567963e-02
3.805267158895730972e-03
-3.258082643151283264e-02
1.227452326565980911e-02
4.853620659559965134e-03
-8.232342079281806946e-03
-4.451426118612289429e-02
-5.504542216658592224e-02
2.985456585884094238e-02
2.242957614362239838e-02
-5.989001132547855377e-03
1.472287066280841827e-02
-3.332972526550292969e-02
4.217701777815818787e-02
-1.211492810398340225e-02
-6.994172465056180954e-03
1.184021495282649994e-02
-5.695752333849668503e-03
1.109585817903280258e-02
6.824927870184183121e-03
-5.650367960333824158e-02
4.134584963321685791e-02
-2.019544318318367004e-02
5.397864803671836853e-02
3.321494907140731812e-02
-1.374247521162033081e-01
-2.175229974091053009e-02
-4.097473248839378357e-02
1.268835086375474930e-02
-8.295689709484577179e-03
-6.429889053106307983e-02
1.337303500622510910e-02
-3.074579127132892609e-02
4.300999641418457031e-02
-4.649177938699722290e-02
-3.021520189940929413e-02
-5.658837780356407166e-02
2.666936628520488739e-02
-1.809519901871681213e-02
-3.581335395574569702e-02
-2.419495023787021637e-03
3.951895982027053833e-02
2.498745545744895935e-02
2.079425193369388580e-02
-1.333687454462051392e-02
-2.114568836987018585e-02
1.720097847282886505e-02
4.155163839459419250e-02
4.450345411896705627e-02
5.832875147461891174e-03
5.753085948526859283e-03
-1.965968497097492218e-02
3.202171297743916512e-03
-4.849310498684644699e-03
1.786026731133460999e-02
-3.784141445066779852e-04
1.775888726115226746e-02
4.364900290966033936e-03
-2.021864242851734161e-02
4.343286529183387756e-02
-8.331494033336639404e-02
4.254446551203727722e-02
-5.722551420331001282e-02
5.482360720634460449e-02
-3.590150922536849976e-02
-1.193546876311302185e-02
1.134181674569845200e-02
-1.416385732591152191e-02
3.672851994633674622e-02
-9.419095586054027081e-04
4.328039358370006084e-04
1.472649280913174152e-03
-1.320893876254558563e-02
-4.083344340324401855e-02
-9.279254078865051270e-02
4.079504683613777161e-02
-1.406330149620771408e-02
-5.875395238399505615e-02
-1.422229129821062088e-02
2.409467287361621857e-02
-1.990009285509586334e-02
2.479214221239089966e-02
-4.916165769100189209e-02
6.375166773796081543e-02
1.001725494861602783e-01
6.020043790340423584e-02
4.950516298413276672e-02
4.813093692064285278e-03
-5.564600974321365356e-02
5.024084821343421936e-02
2.246402017772197723e-02
-1.229191198945045471e-01
6.167925149202346802e-02
2.297459729015827179e-02
4.711358994245529175e-02
-4.666164983063936234e-03
-9.113078936934471130e-03
7.301913108676671982e-03
9.444406628608703613e-02
-6.677306722849607468e-03
-7.909759134054183960e-02
8.601059205830097198e-03
3.243505582213401794e-02
-1.690657436847686768e-02
-2.669349685311317444e-02
1.027089171111583710e-02
-1.850415393710136414e-02
-5.455661099404096603e-03
-8.493544161319732666e-02
-4.272289946675300598e-02
4.225490149110555649e-03
-2.290458045899868011e-02
-9.022338315844535828e-03
-6.713970750570297241e-02
-2.476234920322895050e-02
2.693680673837661743e-02
-1.346764117479324341e-01
-1.814764924347400665e-03
-4.816447850316762924e-03
-1.081462949514389038e-03
-5.423415452241897583e-03
3.676827764138579369e-03
-3.641593828797340393e-02
-2.001285180449485779e-02
3.195711970329284668e-02
-1.289128214120864868e-01
5.079087987542152405e-02
1.318111550062894821e-02
-2.820505760610103607e-02
-3.683750284835696220e-03
2.572951465845108032e-02
3.075562231242656708e-02
1.170596033334732056e-01
3.700573369860649109e-02
1.794896833598613739e-02
4.426849260926246643e-02
-3.140719234943389893e-02
1.141479704529047012e-02
5.010965093970298767e-02
-6.572256982326507568e-02
1.551726739853620529e-02
-1.841033995151519775e-02
1.295575965195894241e-02
3.822198882699012756e-02
4.000115767121315002e-02
-4.616899043321609497e-02
3.458755090832710266e-02
-7.593941688537597656e-02
-1.967412978410720825e-02
-1.871202327311038971e-02
1.697870902717113495e-02
-4.286987334489822388e-02
-8.368606865406036377e-02
-3.292323648929595947e-02
-5.821996368467807770e-03
-5.773175507783889771e-03
2.353631518781185150e-02
7.273188978433609009e-02
-6.228736042976379395e-02
2.944636344909667969e-02
-4.911651462316513062e-02
-2.165514044463634491e-02
-1.478626974858343601e-03
-5.528142675757408142e-02
-7.105219364166259766e-02
1.814418286085128784e-02
1.208106428384780884e-02
4.638793319463729858e-02
5.946150515228509903e-03
1.351028680801391602e-02
-9.756164997816085815e-02
2.579217776656150818e-02
4.271879047155380249e-02
1.747939363121986389e-02
-5.313688889145851135e-02
4.771444946527481079e-03
-1.856387779116630554e-02
-1.025904044508934021e-01
-2.507534623146057129e-02
-6.884444504976272583e-03
8.777544647455215454e-02
-4.401632770895957947e-02
-4.712269082665443420e-02
4.532467573881149292e-02
-2.181705646216869354e-02
4.585191980004310608e-02
-1.046722289174795151e-03
1.972228847444057465e-02
3.582463040947914124e-02
1.010326854884624481e-02
-3.001769632101058960e-02
-4.731480777263641357e-02
-7.359750568866729736e-02
1.217860914766788483e-02
-1.130284368991851807e-02
8.992098271846771240e-02
-1.102813053876161575e-02
-6.750278174877166748e-02
-3.775177523493766785e-02
1.294911839067935944e-02
4.388174042105674744e-03
1.281089894473552704e-02
3.689271956682205200e-02
-3.328477218747138977e-02
6.198810879141092300e-03
-4.435004200786352158e-03
-5.726641509681940079e-03
-1.215746812522411346e-02
-8.977181464433670044e-02
4.459354281425476074e-02
-5.170926824212074280e-02
-6.463705003261566162e-02
4.529310017824172974e-02
3.590807691216468811e-02
4.330445826053619385e-02
2.206992171704769135e-02
-1.125699188560247421e-02
-1.004796326160430908e-01
2.374363876879215240e-02
-1.329707074910402298e-02
2.990844845771789551e-02
3.431923687458038330e-02
-3.160868957638740540e-02
2.454961277544498444e-02
5.178082361817359924e-02
-7.485347986221313477e-02
-4.963590204715728760e-02
1.005974877625703812e-02
-1.980053633451461792e-02
-7.481097429990768433e-02
-6.226021330803632736e-03
-3.728914260864257812e-02
-1.354266051203012466e-02
-3.341721743345260620e-02
-1.501376368105411530e-02
3.635567426681518555e-02
-1.606957800686359406e-02
-7.195477839559316635e-03
-5.933875218033790588e-02
-3.458424285054206848e-02
-6.534018367528915405e-02
3.586726635694503784e-02
2.296509593725204468e-02
2.460562437772750854e-02
-5.742218811064958572e-03
-6.047921255230903625e-03
-4.684555809944868088e-03
-7.522238884121179581e-03
-9.005069732666015625e-03
2.268209867179393768e-02
1.305888406932353973e-03
8.784288540482521057e-03
-1.632503699511289597e-05
4.300431907176971436e-02
3.307585790753364563e-02
2.121311053633689880e-02
-4.339766874909400940e-02
-2.394956164062023163e-02
-5.142753943800926208e-02
2.659036405384540558e-02
-1.814578659832477570e-02
-1.154602542519569397e-01
2.818374149501323700e-02
1.356776524335145950e-02
2.521254867315292358e-02
-2.200993150472640991e-02
-3.302872553467750549e-02
5.304839089512825012e-02
-4.017503187060356140e-02
3.627975285053253174e-02
-1.234838832169771194e-02
-5.173416575416922569e-04
-7.959051057696342468e-03
-5.368423461914062500e-02
2.067924477159976959e-02
3.390342742204666138e-02
2.027381956577301025e-02
4.504942521452903748e-02
-3.387926146388053894e-02
-2.220044285058975220e-02
4.469260573387145996e-02
3.838403383269906044e-03
7.049620151519775391e-02
9.950984269380569458e-02
3.702102228999137878e-02
2.853649854660034180e-02
-2.954301238059997559e-02
-1.829475164413452148e-02
-8.646346628665924072e-02
6.938041187822818756e-03
-6.706553976982831955e-03
3.152345493435859680e-02
