0.03785405
0.00370873
-0.01746292
0.01342393
0.00994894
0.00589941
0.01005404
-0.00578929
-0.03951604
0.01431799
0.00597227
-0.00172418
0.01655244
-0.01658801
-0.03603080
0.01366768
-0.01201020
0.02345661
0.15372540
0.02779167
-0.00623910
-0.01205686
0.01299555
0.06518240
0.00357518
-0.05507617
-0.02437630
-0.01562933
-0.03528579
0.01645598
0.16542698
0.01814548
0.00374781
-0.00003452
-0.01248839
-0.04157956
-0.00384044
0.02974640
0.03048094
0.08844407
-0.01328142
0.01722707
-0.04359058
0.00929794
-0.02336820
0.00591007
-0.01219106
0.00814146
0.02186733
-0.01935299
0.01713303
-0.07926596
0.11666452
0.03870467
-0.01064072
0.01430128
-0.02836184
0.02084518
0.42731139
0.06693693
-0.01678170
0.02031212
0.00045810
0.00945780
-0.00141820
0.04637362
-0.00391975
-0.02826559
-0.03236427
-0.00273569
0.03700173
-0.00337168
-0.00433997
0.00237949
-0.05574847
0.04702472
0.01516765
-0.04645994
-0.01099127
0.07070971
-0.02055813
0.02120152
0.00690726
0.05989014
0.05041938
0.01682080
0.01099259
-0.00178702
0.03155040
-0.02222825
0.02697964
0.03100984
-0.06191338
-0.02456207
0.00162687
-0.01015932
0.02468973
-0.01689416
0.05218725
-0.01679500
-0.00177547
0.02640496
0.00534046
0.01334512
0.02464372
0.02911714
0.07731603
-0.02534254
0.01039700
0.00685080
-0.01022854
0.03941515
0.04124447
0.00226087
-0.01337597
0.01693504
0.00773701
-0.02228431
0.01870620
-0.01384143
-0.00803323
-0.00895111
0.00365934
-0.00427358
-0.01505926
0.01895244
-0.02762453
0.00528090
-0.00316168
-0.02441422
0.03371557
0.00604146
-0.03038386
0.00681872
-0.05259454
0.00476241
0.08884455
-0.01433227
-0.00863921
0.01335869
-0.03188956
-0.00528773
0.01264988
-0.00946119
0.01202635
0.16122694
0.01347323
-0.00329016
-0.01138513
-0.02423199
0.01555068
0.02664042
0.01285125
0.07293981
0.00482582
-0.01495518
-0.01803353
0.00271303
-0.03502278
-0.01734416
-0.01605267
-0.02757792
-0.04271695
-0.00186069
-0.01096647
0.04335197
-0.04904268
-0.02254614
-0.01367221
-0.04955620
0.00942364
-0.00036459
0.01417458
0.02441140
0.04781208
0.00764751
0.03228340
-0.00620446
-0.03919924
-0.01099392
-0.00192714
-0.02938390
-0.01975472
-0.00391931
0.02025923
0.12955263
0.02691184
-0.00190185
0.00899435
-0.02320029
-0.08540867
0.01342943
0.00467450
0.00287221
-0.01509623
0.03026793
0.04838053
-0.00399543
0.09984686
-0.01240643
-0.07338764
0.02301857
0.03362183
0.01553263
-0.01082400
0.05697009
0.01058129
0.01901790
-0.00026755
-0.05713366
0.02318902
0.01018186
-0.03525465
-0.00473517
0.01430215
-0.04340345
0.01722270
0.02919377
0.02453947
0.02762114
-0.00413469
-0.71128947
0.00246191
0.00443278
-0.00821056
-0.00247446
0.04368597
0.02190748
-0.01184433
0.00650631
0.00426185
-0.00107375
0.01061248
0.00149286
-0.01028017
0.04126652
0.04023741
-0.01329335
-0.01298850
-0.02668078
0.02455373
-0.04492572
-0.03033200
0.04100522
-0.02883223
-0.00438406
-0.00810099
-0.02677484
-0.00778307
0.04318152
-0.00971559
0.00006183
0.00512660
-0.00769195
-0.00075852
-0.01629367
0.11184286
-0.06973029
-0.11399202
0.06441998
-0.01077261
-0.08446870
-0.01098869
-0.07372125
-0.04010671
-0.09826231
0.21463616
0.06473372
0.03315502
-0.09094535
-0.03672418
-0.00532250
0.01110275
0.06387983
-0.03873845
0.09396707
0.01837336
-0.03251783
-0.10537884
0.07500070
0.04706702
-0.11094126
-0.03402784
-0.06868502
-0.10539286
-0.11720314
0.20452653
-0.00435525
-0.08151329
0.03763701
0.04151133
0.11645778
0.04646535
0.10180043
-0.09683793
-0.04718142
-0.06114240
0.10381788
0.01843763
-0.05261591
0.06905912
0.06021685
0.79161799
-0.11254837
0.05945175
-0.06222835
0.05787513
0.05522972
0.02667802
0.04349310
-0.03195074
-0.08635729
0.07823733
-0.04239507
-0.03472111
-0.03285704
-0.07180373
-0.05764389
-0.03970402
0.05186028
-0.00523524
0.00523398
-0.02695031
0.01563339
-0.01197672
-0.03201942
-0.01534816
-0.01417760
0.00840059
-0.01129277
-0.01464863
0.01301474
0.02116337
0.02043193
-0.02580168
-0.01531673
-0.08272944
-0.03427365
0.03745094
-0.02104551
-0.13284841
-0.02700773
-0.05691507
-0.04409356
0.01987395
0.12329763
-0.00811862
-0.06563341
-0.01401515
-0.03879728
-0.02024397
0.00186396
0.00831115
0.08887883
-0.05246350
0.06768699
-0.02658490
-0.04597523
-0.01978627
0.01577117
-0.04679866
0.01461344
-0.01121342
-0.01550552
0.03016300
-0.05712021
-0.02532062
0.06844647
-0.05148268
0.01495911
-0.02133292
0.02428802
0.00572041
-0.05898464
0.03642607
-0.02728614
-0.00320663
-0.02557097
-0.05715783
0.00530952
0.05145996
0.01315294
-0.11126902
0.00424136
0.07000101
-0.02331141
0.01300036
0.01155504
-0.00604878
0.00573358
0.01601620
-0.04017160
0.00649626
-0.06178160
0.00680984
-0.01712171
0.07609922
0.03743563
0.01994648
-0.05103309
0.02570147
-0.01477241
0.09874304
-0.07465152
-0.05595309
0.06560811
0.00561830
-0.03748741
0.03034900
0.00584503
-0.09894675
-0.03157543
-0.00500844
-0.02670453
0.02195869
-0.03432789
0.01293756
-0.01131034
-0.07101082
-0.01568408
0.00496251
-0.01969273
-0.13405088
0.03141920
-0.04742450
-0.09630249
-0.02862337
-0.04477714
-0.01104490
-0.00274370
0.04485610
-0.01528179
-0.06119880
-0.04316264
-0.01460340
0.03378255
-0.02866355
-0.09126542
-0.02568674
0.01653489
-0.04832268
0.00747298
0.06782319
0.00873853
-0.00824251
0.05336572
0.02979942
-0.13719814
-0.01829283
0.02929176
0.03449523
0.00665744
0.06767718
-0.03046242
0.03570019
-0.00830569
0.04305733
0.01564334
0.00011746
0.03613342
0.03579934
-0.01558026
-0.00792503
0.04208295
0.03287049
-0.04351882
0.01079124
0.06320632
-0.01831320
0.07379008
0.00043609
-0.07753847
0.04669701
-0.05384711
0.13232578
-0.02834411
0.00467881
-0.05685627
-0.00491861
-0.05839934
-0.02669061
-0.01284640
-0.06189677
-0.02220691
0.01029227
0.07006475
0.00045248
-0.03295453
0.01490012
-0.02550842
0.01677332
-0.00737754
-0.04243962
0.04386893
0.05615201
-0.06537506
0.02120367
-0.00676131
-0.04419917
-0.00237047
0.00121640
0.01367232
0.01265191
-0.02082224
-0.06692162
-0.04777218
0.01988225
-0.00827067
-0.02623794
0.04309612
-0.00533935
0.03027454
-0.00127372
-0.00180374
-0.01536274
-0.02477827
0.00616046
0.07459912
-0.05449900
-0.00279904
0.05581566
0.07005648
-0.07481562
-0.03194676
0.08428254
-0.03789140
0.03824517
0.01161973
-0.01309850
0.02292791
-0.04337447
-0.01272473
-0.06605879
0.08137421
-0.01873329
-0.02890535
0.00088191
0.05756602
-0.01652219
0.02995162
-0.00207489
-0.01921242
0.02147203
-0.05630780
-0.02434393
0.01218374
-0.00156900
-0.05999694
0.06223729
0.04031539
0.00775679
0.02631226
-0.01871724
0.02119830
-0.02130046
-0.03738943
-0.01219806
0.01480556
-0.01229485
0.00629678
-0.06142445
-0.01519027
0.04375101
-0.02365763
-0.00251715
-0.03102325
0.00836048
0.01051146
-0.02349262
-0.00538484
0.00663461
0.04341520
0.03084177
0.01246667
0.00114495
0.03620371
0.00290321
0.04325795
-0.01257705
-0.02749271
0.10662902
0.00285630
0.01483796
-0.03534685
0.01813915
-0.05451415
0.02478996
-0.00579874
-0.00399111
-0.01384185
0.02292215
-0.02244923
-0.07152651
0.04005104
0.04951449
-0.07323005
0.05206828
0.06052227
0.01829670
-0.02178153
-0.00996129
0.04956710
0.00504205
0.01716906
-0.01743641
-0.03044363
0.07686214
-0.00268959
0.01491500
-0.01812740
0.02344706
-0.05644995
0.06175927
-0.02431875
-0.08127149
0.01258158
-0.01589502
-0.05064330
-0.03640462
-0.05381325
0.00260355
-0.00919796
0.00712220
0.04809829
-0.03039751
0.04348837
-0.01649308
-0.01801674
-0.04087552
-0.06451291
-0.03219000
0.00955540
0.02238312
-0.01679241
0.07811640
-0.02380368
-0.06696500
-0.02270197
0.05992073
-0.01119065
-0.07109821
-0.02312264
-0.00146064
0.01600403
-0.04671828
-0.00348824
0.01190451
0.03381041
-0.07277112
-0.00714281
0.06031485
-0.05770118
0.01763339
-0.08647535
0.01656237
-0.05239674
-0.03699827
-0.01754673
0.00512573
0.00925426
-0.01063632
0.02586097
0.05652867
0.01032251
0.00161803
-0.00642233
0.07765181
-0.04838712
0.02427443
-0.05207354
-0.00024999
-0.01485950
0.00183937
-0.00206526
0.04526028
-0.02273860
-0.01140128
-0.01362107
-0.08240233
-0.13243812
0.01063044
0.02815706
0.02863740
-0.10800888
0.00629029
-0.00574319
0.04167615
0.01948513
-0.07983225
0.02170328
0.02050916
-0.01258097
0.05074193
0.00340818
0.03283143
0.06019127
-0.02052704
-0.02370272
0.04533539
0.04536001
-0.00135799
0.07466803
-0.02444076
-0.06419574
-0.01166300
-0.00355671
0.01222368
0.00983529
0.06201606
0.02017433
0.00686059
-0.03695191
0.01651534
0.01616577
-0.06728325
0.01907841
0.03290619
-0.09980934
-0.00906477
0.00802044
0.00947746
-0.00642553
-0.01814849
-0.02261984
-0.02775371
0.02028767
-0.07582743
0.04798943
0.00162886
0.00029432
0.07121013
0.00369918
-0.03022677
-0.00924007
-0.02447070
-0.06941333
-0.06010740
0.03984745
-0.12499657
-0.00689487
-0.01400906
0.00687187
-0.01021056
0.03039861
0.02303189
-0.07708473
-0.05037802
-0.02338715
-0.03405320
-0.01474946
-0.04111329
0.01874432
0.00383588
0.14671110
0.04261830
0.05141497
0.02307048
-0.11732656
-0.05146174
0.07542557
-0.03462915
0.06881566
-0.06447054
-0.00312700
-0.04310438
-0.14803715
-0.07593291
-0.05266100
0.01193022
-0.18067221
-0.03712299
-0.00530902
-0.02813107
-0.00718446
0.02463993
0.00875194
-0.05309624
0.02933266
0.04364415
-0.02605125
-0.03443732
-0.06642344
0.06852452
0.05279012
0.03188305
-0.04916894
0.07044779
0.04062727
-0.06812785
-0.00953692
-0.03481209
0.03864195
0.03940231
0.03717262
0.02289358
0.01744688
-0.01690698
-0.00985637
-0.01124751
-0.03206908
0.03281499
-0.04827490
0.04369462
0.07602834
-0.05158432
0.00368552
-0.03527626
-0.03095271
-0.04503931
0.01367402
0.08903904
-0.03962531
-0.01742292
-0.01352297
-0.01289903
0.02548353
0.04740392
-0.01548918
-0.02110602
-0.00103168
-0.09418768
-0.03300041
-0.02310038
0.10828272
0.02260400
0.04141696
0.03778816
-0.02888206
-0.08782815
0.01446076
0.03132625
-0.01833377
