0.02726630
-0.01275949
-0.02434173
0.00732116
0.00251101
0.02098895
0.01615770
-0.02069374
-0.03655554
0.03291828
-0.02349183
0.00699368
0.01276448
0.00078478
-0.03749831
0.00316356
-0.03877121
0.03817742
0.15543064
0.01094859
-0.01629530
-0.01781841
0.02504820
0.05632129
-0.00787290
-0.03876815
-0.04413815
-0.01480199
-0.03164079
0.00861637
0.16991663
0.01655876
-0.00155831
-0.01021093
-0.00311017
-0.03085561
0.00203768
0.04107212
0.03276652
0.07070095
-0.04762233
0.00175610
-0.05138768
0.00348748
-0.01058002
-0.01418385
-0.01952743
-0.00995427
0.04238329
-0.02829582
0.00812770
-0.05284854
0.11015069
0.02340200
-0.00997316
0.00765647
-0.03940579
0.01250181
0.43036792
0.07285895
-0.00707000
-0.00279964
0.01314163
0.00737667
0.00413177
0.04631683
0.00008311
-0.02313505
-0.03092527
0.00046293
0.03506172
-0.02682186
-0.00523592
-0.01135549
-0.05813790
0.04461377
0.01241480
-0.05277261
-0.00347367
0.05605257
-0.00851424
0.03142336
0.00135261
0.05088725
0.04175411
0.01857454
0.00130357
-0.00197444
0.02348005
-0.01390953
0.03484810
0.02655490
-0.03701865
-0.02791145
-0.01545995
-0.02368307
0.04522284
0.00802961
0.06110146
-0.00943276
-0.01662034
0.03059189
-0.01862692
0.01852940
0.02264799
0.00273097
0.07537172
-0.02469272
0.01284259
-0.01012285
-0.02923011
0.01393882
0.01907445
-0.03058445
-0.00073679
-0.00506454
0.01388423
-0.02637286
-0.00929862
-0.01287979
-0.00633520
-0.00817454
0.00761174
0.01114364
-0.02914679
0.01363036
-0.01897038
0.00611723
0.00542511
-0.03193776
-0.00002033
-0.00015155
-0.03144320
0.01890458
-0.05371716
0.00830693
0.05813618
-0.02231993
-0.00522721
0.02457913
-0.03326231
0.01722082
0.00429281
0.00372887
0.01631888
0.14711918
0.02855472
-0.02808679
0.00145289
-0.02880602
0.02740930
0.03501222
0.02491398
0.07069071
0.01350018
-0.01000869
-0.03668356
-0.00890613
-0.02253300
-0.03074146
-0.01326500
-0.01608480
-0.03921933
0.01067257
-0.00082824
0.03575854
-0.02075985
-0.02196370
-0.01535685
-0.04776420
0.00744480
-0.01182102
-0.00260477
0.04525850
0.03199069
0.00076583
0.02649272
0.00692101
-0.03158747
-0.01705784
-0.00351041
-0.01071122
-0.01209725
-0.00072004
0.02971144
0.11324814
0.05169571
0.00358388
0.00419913
-0.03205108
-0.08602732
0.02506467
-0.00303559
0.00525980
-0.01860897
0.01857629
0.01856476
0.00475332
0.09798814
-0.00873500
-0.05621977
0.01187815
0.04300354
0.00895454
-0.02747182
0.04890560
0.01673376
0.02229601
-0.00124924
-0.02918777
0.00981879
-0.00567107
-0.03600811
0.00581005
-0.02259975
-0.06549968
0.01406435
0.03347603
0.02630113
-0.00008792
0.00118800
-0.72444206
-0.02819853
0.00100894
-0.00267161
-0.00382360
0.03177795
0.01561680
-0.00826447
-0.00244363
0.00289140
0.01819451
0.00368838
0.01230592
-0.02130594
0.04000162
0.01153700
0.00275104
-0.00177319
-0.01788392
0.04784897
-0.01890966
-0.04876581
0.02752765
-0.02617809
0.01985201
-0.00724771
-0.03241597
0.00067330
0.03357678
-0.01938653
0.01172852
0.00761025
0.00214330
0.00075583
0.00933216
0.17151533
-0.00871458
-0.10087195
0.06766932
0.01525908
-0.01593024
0.02331738
-0.07818488
0.01004532
-0.07361555
0.07530893
0.18415847
0.01921138
-0.05304077
-0.05987008
-0.11367593
0.00451274
-0.03457978
0.05680929
-0.03319323
0.10375421
0.03852364
-0.09939194
0.17966668
0.06623711
-0.05447314
-0.02317866
-0.07719647
-0.05244219
-0.06992422
0.12135646
-0.05475671
-0.04342975
-0.01220405
-0.07811686
-0.01744773
0.11040369
0.09085755
-0.14192215
-0.06157809
-0.06060765
0.08670373
-0.03273358
-0.01466273
-0.09309425
-0.01199345
0.80739087
-0.09827136
0.05814471
-0.04799822
0.01947738
0.05503226
0.14794394
0.00089133
0.00105400
-0.09510190
-0.02013202
-0.03942664
-0.01273633
0.02527862
-0.03958660
-0.02314591
-0.03930444
0.05064650
0.01872733
0.02090849
-0.04274503
0.01710648
0.02244522
-0.05084406
-0.02066444
-0.00319661
-0.00167894
-0.02269423
-0.01578828
0.00017684
0.01143410
0.02383951
-0.01226238
-0.03259496
-0.11431869
-0.00823944
0.07645877
0.00532206
-0.11462737
-0.04687384
-0.01115014
-0.02494385
-0.04436087
0.08190229
-0.02237806
-0.08922806
-0.05670067
-0.03598655
-0.00825813
0.02472530
0.03101897
0.09507753
-0.05468312
0.08554284
-0.01073150
-0.05901724
0.00482853
0.03758188
-0.06624842
0.01068404
-0.05962699
0.01048824
0.02951251
-0.03592851
-0.05741187
0.05476186
-0.00876199
-0.00856501
-0.02371147
0.01526711
0.01859977
-0.02730420
0.00561083
-0.04338551
0.01859749
-0.00249447
-0.07567842
-0.03118323
0.06971581
0.01182332
-0.09390099
0.00464481
0.07834861
-0.01647229
0.02872817
0.01748734
-0.00122094
0.00967303
-0.00612037
-0.02290483
0.06374567
-0.05773525
0.01388379
-0.04616734
0.03393934
0.04343454
-0.00465550
0.02733003
0.00965480
-0.01111583
0.09679535
-0.04990301
-0.00970143
0.05607662
-0.01641514
-0.01239540
0.04303049
-0.01647193
-0.11032338
0.00648366
-0.03399799
-0.03020805
-0.00429848
0.00087030
-0.00044923
-0.00510258
-0.04657955
0.01394656
-0.01801634
-0.01351545
-0.12147386
0.01753989
-0.00254225
-0.08602063
-0.02733965
-0.02610427
-0.03695296
0.00802401
0.07195418
-0.04299282
-0.03778063
-0.07800773
0.01524068
0.04670817
-0.02838726
-0.03906215
-0.00871484
-0.02145247
-0.03458815
0.00276091
0.06761992
0.02233136
0.00279513
0.01956625
0.03736405
-0.13915370
-0.04976026
0.05273055
0.04235757
0.01223498
0.03482449
-0.03279033
0.01440544
0.01727425
0.02737703
-0.00533851
-0.02398098
0.02694225
0.06051461
-0.02613404
-0.01659152
0.04514803
0.04340347
-0.03399744
0.00031662
0.07208138
-0.04048177
0.05782250
-0.00226047
-0.05588252
0.06888217
-0.04722267
0.09180888
-0.01982930
-0.00688874
-0.02412527
-0.01548581
-0.02077837
-0.02705943
0.01961391
-0.07368574
-0.04113358
0.02823556
0.07657484
0.01200513
-0.05940398
0.00010254
-0.01899765
0.01911232
0.01694866
-0.04004882
0.05167313
0.00355799
-0.06100424
0.01873032
0.00629026
0.00505658
-0.00414932
-0.00280236
0.03377023
0.02990619
-0.03835668
-0.03945768
-0.06125329
-0.01442780
-0.04655268
-0.02863182
0.01192246
-0.00856077
0.01188007
-0.03055259
0.03138740
-0.02827511
-0.04331252
0.01118828
0.05703368
-0.01916753
0.00542498
0.06909399
0.05370472
-0.05875260
-0.00141516
0.04992943
-0.04750067
0.03014969
0.04309988
-0.02280791
0.00771642
-0.05125070
-0.03100844
-0.06287427
0.08361474
0.01517468
0.00479130
0.00117559
0.06455552
0.01276555
0.04115480
-0.00685170
0.02884026
0.00606722
-0.08965931
-0.03316777
-0.03496542
0.05359284
-0.07837992
0.05458193
0.04443465
-0.00817527
0.03429415
-0.02893555
0.00533496
-0.02657854
-0.01142334
0.05353601
0.02937251
0.01496603
-0.02863489
-0.02695761
-0.02713745
0.05586455
-0.06403564
-0.02385652
-0.00703724
0.02055279
0.03694622
-0.03771558
-0.00393550
-0.00495505
0.05832294
0.05087711
0.00844293
-0.02529556
-0.01740925
-0.04222007
0.07478181
-0.03311250
-0.04220092
0.07821300
0.01355269
0.04091422
-0.01428162
0.04066619
-0.01276251
0.05272443
0.00663992
-0.03448117
-0.02397621
0.01703139
-0.03789187
-0.10434757
0.00082105
-0.02025730
-0.03532019
0.06754997
0.05318137
0.01938337
-0.04061321
-0.02031515
0.07217579
0.00188509
0.03144980
0.02148329
-0.04961793
0.07588504
-0.01563094
0.03043323
0.00115950
0.03060446
-0.02376045
0.04597564
0.01011498
-0.05462359
0.01557792
-0.01335551
0.00477982
-0.02261150
-0.02359963
0.00123358
-0.01984428
0.04592904
0.08823574
-0.01213685
0.01454798
-0.01693345
-0.01866405
-0.07500127
-0.05670010
0.00193233
-0.02058084
0.04377430
-0.04348982
0.05408319
-0.01064205
-0.08898590
-0.03665783
0.01294685
-0.03288342
-0.06116114
-0.00960654
0.00313769
0.02085065
-0.03964058
0.03811749
0.00310531
0.00328060
-0.04154057
-0.04878239
0.02647922
0.00101993
0.01736462
-0.03064282
0.01680370
-0.01963491
-0.01534430
-0.02257645
-0.02678249
-0.00280654
-0.01681798
-0.00289234
0.02103600
0.01554673
0.01200185
-0.03585473
0.08521800
-0.06361316
0.01361472
0.00351263
0.01911117
0.00080878
-0.00239558
0.00840037
0.06427838
-0.05570590
-0.00922971
-0.01449183
-0.05756876
-0.15292557
-0.01868900
0.04533910
0.05663380
-0.04548266
0.00300623
-0.02516183
0.00302016
0.01916848
-0.06955274
0.03762324
0.01800110
-0.03998276
0.02983757
0.04524731
0.00258991
0.03395026
-0.02056875
-0.00803101
0.04101003
0.04185102
-0.03828313
0.03052782
-0.03555544
-0.08774509
-0.04887312
-0.01860462
0.02034346
-0.00511396
0.05455408
-0.02103814
0.02372605
-0.00204781
-0.02064661
0.04164867
-0.02869984
-0.02083159
0.04651169
-0.08519071
-0.01456622
0.02206811
0.04055954
0.00697974
-0.01117545
0.02410341
-0.01930208
0.00642685
-0.08409678
0.05109739
0.03409173
-0.00776629
0.09004495
-0.01772553
-0.05928666
-0.03086894
-0.00736981
-0.07983645
-0.03464946
0.01461847
-0.13893330
-0.02104891
-0.04952839
0.06222324
0.02829283
0.02609662
0.01041639
-0.03874268
-0.05887834
-0.03578567
-0.04465078
-0.01634829
-0.05752373
-0.02320441
-0.01046418
0.12502666
0.04447270
0.07318778
-0.00886244
-0.09375732
-0.07101659
0.09970606
-0.04998314
0.06154234
-0.05425769
0.00469878
-0.07317023
-0.11098671
-0.13051674
-0.07060542
0.00097132
-0.14730701
-0.04469514
-0.02387108
-0.03013902
0.00628317
0.01024385
0.00695544
-0.05093373
0.00054696
0.00577547
-0.03769193
0.00109106
-0.06729344
0.07849205
0.02823983
0.02611218
-0.04401653
0.03871433
0.03807109
-0.04731793
-0.02495942
-0.03574599
0.03073300
0.03812262
0.02483526
0.04528414
0.02240091
-0.00635797
-0.04095388
-0.01633881
-0.03712277
0.02694557
-0.02918991
-0.02071687
0.08067749
0.00034136
0.03674031
0.01452220
-0.03629530
-0.03131918
0.04105153
0.05344402
-0.05654697
-0.00969770
0.01893045
0.00857275
0.01719893
0.04734346
-0.01326109
0.00955014
0.00823408
-0.11629206
-0.04973019
0.01814035
0.12885498
0.03669173
-0.00679272
0.04436623
-0.06324663
-0.11963265
0.00653968
0.05998864
0.00257472
