0.03476631
-0.01696954
-0.02903600
0.00348915
0.00500721
0.02863179
0.01046829
-0.01239823
-0.04208101
0.02510576
-0.00918843
0.00481498
0.02280289
-0.01509797
-0.03676010
0.00543852
-0.01566167
0.03228851
0.16241790
0.02399697
-0.00891396
-0.00687108
0.00614766
0.05235954
-0.00852010
-0.03691453
-0.03536936
-0.01264275
-0.03541010
0.01308984
0.15140224
0.01661061
0.00049462
-0.01419013
-0.00908374
-0.02196599
-0.00284206
0.03977389
0.03390820
0.06111358
-0.03638563
0.00449514
-0.05987193
-0.00711986
-0.01947846
-0.00078706
-0.02950658
-0.00251672
0.02981917
-0.01894511
0.01526134
-0.07500360
0.09975005
0.02486119
-0.01934007
0.00405730
-0.02972184
0.00896724
0.44130099
0.08476392
-0.01865748
0.01520797
0.01167844
0.00921299
0.00251892
0.05308903
0.00489782
-0.02532854
-0.02748670
0.00669483
0.03913051
-0.01083257
-0.01396589
-0.00361192
-0.05938129
0.04362128
0.00406214
-0.05091580
-0.00618281
0.04877994
-0.01615655
0.02219541
0.00108714
0.06361783
0.06118335
0.01471573
0.00634378
-0.00678984
0.03485665
-0.01540670
0.03138643
0.02708076
-0.04175480
-0.02491491
-0.01096331
-0.01416360
0.03134922
-0.00866089
0.05603148
-0.01589046
-0.01021053
0.02166590
-0.00838051
0.02364685
0.03049707
0.00911590
0.07031435
-0.02100334
0.01441500
-0.01227103
-0.01490544
0.03086421
0.03306138
-0.01116067
-0.00476967
0.00041455
0.02888420
-0.02587997
0.01122344
-0.00772512
-0.00220416
-0.00606226
0.00901367
0.00373801
-0.02605626
0.01954732
-0.02185409
0.00333633
0.00444818
-0.01041549
0.02141635
-0.00110616
-0.03313345
0.01090164
-0.05453844
0.00557004
0.06125345
-0.00345696
-0.03000333
0.02418016
-0.03411920
-0.00075157
0.00418827
-0.00269807
0.00716338
0.16412459
0.00372861
-0.01072049
-0.00184138
-0.03191325
0.03144382
0.03536066
0.01616104
0.06981043
0.00898692
-0.02496535
-0.01098276
-0.00097589
-0.03827696
-0.02084337
-0.00192734
-0.02720838
-0.04154808
0.01166314
-0.00457396
0.04503734
-0.03252457
-0.01850611
-0.01944967
-0.03990074
0.01722891
-0.00896292
0.01377094
0.03486820
0.04983274
0.00576533
0.03953518
-0.00851752
-0.04439380
-0.01660791
-0.01243952
-0.02854474
-0.01890873
0.00241788
0.03478888
0.08890159
0.07007409
-0.00710747
0.00692987
-0.01181821
-0.06815764
0.02830755
-0.00476191
-0.00216822
-0.01828337
0.02647348
0.03605797
0.01075753
0.09105349
-0.02232108
-0.05412943
0.01768175
0.07593153
0.00418848
-0.00802539
0.04202263
0.00559471
0.03029049
0.00307472
-0.05671573
0.00863486
0.00942212
-0.03136633
0.00266563
-0.00435923
-0.05918860
0.01232051
0.04801656
0.01394059
0.01713976
-0.00549493
-0.71734518
-0.00356629
-0.00963029
-0.01383679
-0.00835048
0.04316028
0.01185051
-0.00209703
0.00706539
0.00444472
-0.00259332
0.00160196
0.01624109
-0.03052277
0.03969968
0.02114282
0.00015291
-0.00341977
-0.02132289
0.03264379
-0.02381237
-0.03811238
0.02670646
-0.02715329
0.00956361
0.00712875
-0.01823597
-0.00516875
0.04163456
-0.01505836
0.00418728
0.00795682
-0.00152006
-0.00352886
-0.00582377
0.11712850
-0.06779524
-0.06767210
0.00464148
-0.03491550
-0.13105018
-0.00772468
-0.11254626
-0.04558634
-0.10182954
0.14053357
0.03183219
0.00979287
-0.09027339
-0.04114542
-0.07461965
-0.00871511
0.00114625
0.03850455
0.07118581
0.05233369
-0.04914447
-0.08597469
0.06372537
0.07070955
-0.13402048
-0.03502599
-0.07883104
-0.06651329
-0.15893105
0.16483241
-0.00085969
-0.09328913
0.06052539
-0.00325059
0.11908235
0.10998271
0.06252611
-0.08012158
-0.10071818
-0.03625865
0.04132292
0.03146776
-0.01697907
0.06021533
0.05876867
0.81847465
-0.09781717
0.07175770
-0.01367649
0.02327142
0.06595644
0.05875533
0.02194182
-0.00438161
-0.05131579
0.02903044
-0.07864396
0.03792621
-0.00077820
-0.03791941
-0.04614837
0.00078384
0.08906544
-0.01189575
0.02184917
-0.02863229
0.03993047
0.00739029
-0.03994407
-0.02095711
-0.00848428
-0.00445451
-0.00776574
-0.02752651
-0.00649480
0.00959947
0.00655755
-0.03039089
-0.03095865
-0.10113228
-0.02758092
0.04917566
-0.01424057
-0.12862918
-0.04980534
-0.03412893
-0.03267715
0.00054184
0.09277890
-0.00354969
-0.07925338
-0.05335592
-0.03663453
-0.02395709
0.01154652
0.02745627
0.11715110
-0.07356520
0.09167351
-0.01696793
-0.03767064
-0.01503637
0.01727240
-0.04093654
0.01157928
-0.03443082
0.00547643
0.03448113
-0.03938053
-0.04732664
0.06902927
-0.01420054
0.00254294
-0.02777893
0.02202828
0.02229560
-0.05576982
0.03028379
-0.02806431
-0.02710253
-0.02277608
-0.06687564
-0.00352502
0.06217853
0.00241932
-0.10091189
-0.00625114
0.08389836
-0.03473995
0.00378404
0.01288664
0.01154557
0.02444200
0.01954905
-0.01081063
0.05211706
-0.06048077
0.00070408
-0.00310832
0.06261641
0.05930848
0.00379017
-0.00990402
0.02678503
-0.03130743
0.06221036
-0.06649253
-0.02570058
0.07315254
-0.01753074
-0.04304383
0.05620416
0.00745448
-0.08824962
-0.00345780
-0.00978657
-0.00920866
0.01332161
-0.00781200
0.00770366
-0.01584523
-0.05645276
-0.00837175
-0.00221328
-0.01374652
-0.10852905
0.03164759
-0.03763245
-0.08328999
-0.01408677
-0.04603874
-0.01001571
0.01041180
0.06129607
-0.01832394
-0.03888401
-0.05862925
0.00229716
0.03900108
-0.01826636
-0.07084384
-0.00030630
-0.00935716
-0.04944608
0.03472034
0.08178560
-0.00446013
0.00243974
0.05194947
0.03050399
-0.14602822
-0.03092786
0.04623822
0.04223780
0.00410191
0.05642982
-0.03424627
0.04680625
-0.00225602
0.05004045
0.00611026
-0.01147403
0.02804104
0.05228534
-0.01274715
-0.02687940
0.04709787
0.03984802
-0.03436789
0.00073226
0.06155734
-0.02143300
0.06924457
-0.00145997
-0.05606700
0.07093549
-0.04429922
0.11463032
-0.02915297
0.00041254
-0.02885709
0.00588577
-0.05479088
-0.03746119
0.02495810
-0.07683495
-0.01982190
0.01671212
0.07019197
0.00925602
-0.05017185
0.01896123
-0.02545948
0.01248741
0.01088787
-0.02845100
0.04132380
0.01928372
-0.07496260
0.01472778
0.01550769
-0.03567412
0.00546748
0.01342744
0.00040855
0.01710400
-0.02301179
-0.06176191
-0.07760160
0.02312057
-0.02979627
-0.02002686
0.03310002
-0.01728804
0.02916048
-0.00967772
-0.00614959
-0.03837656
-0.02741420
-0.01510016
0.06801049
-0.02405662
0.00379323
0.05410815
0.04289340
-0.06998879
0.01663060
0.04565303
-0.03161405
0.01426036
0.02103624
-0.04167029
0.00694575
-0.06479914
-0.01931058
-0.06125735
0.10796085
-0.02256671
0.00488609
-0.00103006
0.06691692
0.01203683
0.02052570
-0.02329015
0.00973192
0.01391975
-0.05867686
-0.02925089
-0.02017332
0.04427256
-0.08268418
0.05639860
0.05682365
0.00245017
0.03708351
-0.02986880
0.00349035
-0.01092067
-0.03117694
0.00998094
0.02548093
-0.00713621
-0.00652489
-0.02205858
-0.01436773
0.04651782
-0.02743309
-0.01399332
-0.02956940
0.01288795
0.01228126
-0.04522224
-0.00329780
-0.00791628
0.03106744
0.02689640
0.00872230
-0.01274664
0.00180570
-0.03323510
0.06860385
-0.03284669
-0.01812132
0.11043061
-0.00243285
0.01400294
-0.02753417
0.02764159
-0.04393711
0.03220008
0.00760940
-0.01505443
-0.02534338
-0.00011890
-0.02495052
-0.10459061
0.02034533
0.00653247
-0.04178122
0.05640960
0.06303339
0.01056260
-0.03304429
-0.03044087
0.06515791
0.00597236
0.01360216
-0.00412697
-0.05214074
0.10114928
0.00681950
0.02959440
-0.02684830
0.02772920
-0.02062915
0.03957425
-0.01422450
-0.06177653
0.03390257
-0.01496311
-0.02341577
-0.03818197
-0.03318591
0.02340027
-0.02519633
0.03105544
0.06261189
0.00457630
0.04418242
-0.02109402
-0.03480882
-0.05225037
-0.06427477
-0.00672424
-0.01922568
0.03122759
-0.04514437
0.08135826
-0.03364480
-0.05969439
-0.01459649
0.04108228
-0.00957617
-0.04002532
-0.02442432
-0.00133049
0.02310972
-0.03842003
0.01085239
-0.00200116
0.02573957
-0.07621825
-0.02756699
0.05219666
-0.04156633
0.00132417
-0.05861211
0.01241422
-0.04824125
-0.02959220
0.00029259
-0.01369442
0.00290569
-0.00561493
0.01624163
0.02036386
0.03137417
0.00178180
-0.04139868
0.09867290
-0.06278179
0.01573205
-0.00933931
0.02192651
0.01488591
0.01603236
0.00892411
0.06172550
-0.03249947
-0.01211746
-0.02330902
-0.07032126
-0.14487457
0.01634866
0.04705355
0.04888547
-0.06966103
-0.00110908
-0.02286297
0.02480643
0.01911526
-0.07644968
0.04285315
0.00391762
-0.02997277
0.05469225
0.02496236
0.01291738
0.04720090
-0.00163018
-0.01678673
0.05407230
0.02789711
-0.02409415
0.06213701
-0.03539613
-0.09261672
-0.05088503
-0.01273393
0.03028578
0.01178361
0.05321585
-0.00646138
0.01500984
-0.01655304
-0.01193277
0.03729789
-0.04495325
0.00363125
0.02848523
-0.05155469
-0.04683317
0.01302168
0.02484538
0.01842403
-0.01001629
0.00595892
-0.00816539
0.02493607
-0.08291673
0.06978110
0.03672148
0.00181261
0.08575930
-0.00937078
-0.04005212
-0.01919516
-0.02016267
-0.08554743
-0.04433334
0.03069387
-0.11544126
-0.01005758
-0.02920331
0.04653687
0.01424064
0.04096673
0.01721073
-0.06265838
-0.06590759
-0.02484523
-0.01624296
-0.02244597
-0.06141634
-0.00226996
-0.00128510
0.13319393
0.06044402
0.05485608
0.00710580
-0.09705652
-0.05466322
0.07581342
-0.03294876
0.03768293
-0.06023176
-0.00454837
-0.04858606
-0.11258610
-0.10535444
-0.07795977
-0.01577932
-0.16181043
-0.03187154
-0.02889818
-0.05657187
-0.01634011
-0.02199438
-0.00559403
-0.05925510
0.02584295
0.01812098
-0.05967950
-0.02305346
-0.05233411
0.06190892
0.04965321
-0.00546822
-0.04682681
0.05130056
0.04198699
-0.07626361
-0.00900356
-0.03636344
0.04429812
0.04289133
0.01735035
0.02552604
0.03792409
-0.01078045
-0.02481902
0.00494876
-0.02237597
0.03081476
-0.00690818
0.00338662
0.08514426
-0.02145980
0.00394272
-0.01366993
-0.05043007
-0.05642908
0.02780302
0.06580010
-0.05041085
-0.00160076
0.03030588
-0.01050276
0.01171815
0.02191230
-0.02282553
-0.01832801
0.00520792
-0.12748644
-0.04472748
-0.00778284
0.12986301
0.02247413
0.00283280
0.04369809
-0.06009615
-0.12421575
0.02553326
0.04924505
-0.01990318
