0.03317900
-0.00530455
-0.03045905
0.01076936
0.00184808
0.03143651
0.01179644
-0.00944119
-0.03050760
0.02168421
-0.01058029
0.00070705
0.02194908
-0.00754176
-0.02847357
0.00885547
-0.01541282
0.03448689
0.16411185
0.02754282
-0.01278457
-0.01320369
0.00787369
0.04877643
-0.00179044
-0.03627814
-0.03754666
-0.01968109
-0.02647087
0.01729127
0.15018091
0.01424250
0.00360572
-0.01082998
-0.00572840
-0.02882198
-0.00750316
0.03539706
0.03010403
0.06246458
-0.02627786
0.01110407
-0.06627807
-0.00786154
-0.01890890
0.00292993
-0.02145536
-0.00813407
0.02499614
-0.01861961
0.01938656
-0.07670670
0.09558604
0.03050890
-0.01703805
0.01135494
-0.02627527
0.01526013
0.43878230
0.08596955
-0.02042581
0.01910587
0.00034241
0.01153232
0.01154765
0.04729010
0.00208179
-0.02616411
-0.01822926
-0.00429650
0.03489081
0.00009619
-0.01372325
0.00191858
-0.05730002
0.03912440
0.01332438
-0.04446197
-0.01088790
0.07343687
-0.01716472
0.02317048
0.00606272
0.06383476
0.05465028
0.00954117
0.00845730
-0.00729165
0.03460421
-0.01583880
0.02764085
0.02217745
-0.03851142
-0.03047006
-0.00221586
-0.01575052
0.02642902
-0.00781595
0.05377143
-0.01298144
-0.00955319
0.02161022
0.00315142
0.01964007
0.02807243
0.00876149
0.06771833
-0.01695620
0.01738028
-0.00960476
-0.01932525
0.03280913
0.03736223
-0.00571342
-0.01224785
0.00865623
0.02619588
-0.01914882
0.01157300
-0.01114265
-0.00101473
-0.00318356
0.00123078
0.00549683
-0.03415216
0.01177165
-0.02262672
0.00713830
0.01314751
-0.01434924
0.01449545
-0.00139810
-0.02690011
0.00579049
-0.05086809
-0.00659257
0.06610122
-0.00891635
-0.03414116
0.02377579
-0.03636983
-0.00222203
0.00997861
-0.00835394
0.01185937
0.17911564
0.00509486
-0.00210674
-0.00386904
-0.02633560
0.03091965
0.02305532
0.01953929
0.06041275
0.00029408
-0.02883665
-0.01093842
-0.00168198
-0.04206357
-0.01918493
-0.00447014
-0.03409970
-0.02796536
0.00461409
-0.00714615
0.03907018
-0.03465678
-0.01444405
-0.02191468
-0.04317933
0.01109220
-0.00887612
0.01405345
0.03629880
0.04902707
0.01003997
0.03500447
-0.00869972
-0.03851586
-0.01935593
-0.00286209
-0.03096264
-0.01598742
0.00149354
0.03299833
0.10850566
0.04074424
-0.00251386
0.00182416
-0.01385471
-0.06222890
0.02223657
0.00458642
-0.00751609
-0.00596997
0.02193255
0.02358262
0.00623127
0.08716086
-0.01275580
-0.04697261
0.01761846
0.06175265
0.00559686
-0.00765915
0.03928535
0.01112083
0.02731588
0.00635054
-0.06146768
0.01005434
0.01101701
-0.02245170
-0.00088944
0.00174341
-0.04718343
0.01040226
0.03639684
0.01676788
0.01626142
-0.00440844
-0.72497916
-0.00253637
-0.00413498
-0.00998634
-0.00264646
0.03558745
0.02267403
-0.00606804
0.00362347
0.01070238
-0.00063332
-0.00010767
0.01077161
-0.03086161
0.03710112
0.02090853
0.00101844
-0.00837897
-0.02281377
0.02881257
-0.02973676
-0.04849571
0.02403872
-0.02481215
0.00816144
0.00565303
-0.01941923
-0.00279938
0.04503286
-0.00793127
0.00114465
0.01440523
-0.00532501
-0.00204085
-0.00918568
0.12303639
-0.05408801
-0.10088352
0.05981650
-0.01008367
-0.08690526
-0.00250638
-0.06233916
-0.03608488
-0.10972679
0.16750601
0.06838660
0.01058268
-0.07259846
-0.02357670
-0.04214244
0.00684108
0.02256048
-0.02486462
0.05575573
0.04290283
0.00194311
-0.10557120
0.05977700
0.03632332
-0.12728234
-0.05630133
-0.09742291
-0.06024016
-0.09867807
0.16341780
-0.01144428
-0.03770386
0.02878718
0.00956379
0.10368463
0.06131638
0.10316851
-0.10637818
-0.05370622
-0.06093504
0.07001986
0.01335958
-0.03013059
0.01896970
0.05022295
0.83360976
-0.12292504
0.06449670
-0.04648377
0.05878062
0.06629992
0.05861269
0.00552780
-0.02444676
-0.07623918
0.05783374
-0.04716917
-0.02004761
-0.01251201
-0.08446422
-0.04734985
-0.04176257
0.07759498
-0.01497247
0.02758473
-0.03026879
0.04178125
-0.01941433
-0.05149655
-0.03124849
-0.01855687
0.00494980
-0.00785437
-0.02270132
-0.01646653
0.02096547
-0.00676896
-0.05963957
-0.01771317
-0.08441968
-0.03613213
0.02819616
-0.01194052
-0.13743131
-0.04803398
-0.02986694
-0.03340319
0.00766726
0.09478422
0.01422441
-0.07406713
-0.05243071
-0.04820427
-0.00996844
0.00877352
0.01441219
0.12178954
-0.08402166
0.07977753
-0.00014615
-0.05211980
-0.01759112
0.00431490
-0.01064328
0.00797055
-0.01632065
0.01716296
0.02009491
-0.03340580
-0.04638542
0.07177434
-0.01373582
0.02960362
-0.02208979
0.01648749
0.03085665
-0.05118735
0.02460142
-0.02709370
-0.03019453
-0.01694626
-0.06720628
-0.00497393
0.06824043
-0.00063960
-0.06583264
-0.00262172
0.08670078
-0.04041436
0.00121110
0.00274700
0.01599904
0.01428736
0.03329087
0.00258436
0.05444809
-0.08276324
-0.00082968
0.00087866
0.05432401
0.06767254
-0.01187992
0.00568441
0.02526812
-0.00347514
0.04597521
-0.07167699
-0.02572755
0.07252406
-0.02116700
-0.03229124
0.05776197
-0.00577112
-0.10394172
0.01885238
-0.01048017
-0.02592366
0.00214723
-0.02388284
0.03306068
-0.01185479
-0.04524872
-0.00145026
-0.01083053
-0.01415405
-0.08585471
0.01909815
-0.05312406
-0.07076804
-0.03230072
-0.05265919
0.00330970
0.01138421
0.06215211
-0.02781394
-0.04069133
-0.06061937
0.00566259
0.04252308
-0.02002110
-0.03444071
0.00738385
0.00333727
-0.05597336
0.05352984
0.07133816
0.00541667
0.01209348
0.04140690
0.01346273
-0.15677965
-0.05636686
0.07064849
0.04903370
0.01192062
0.04075177
-0.02283300
0.04309428
0.00417884
0.06266376
0.00527993
-0.01904221
0.03468566
0.06317333
-0.00548160
-0.02257545
0.06384444
0.04605774
-0.05304192
0.00985412
0.05939806
-0.02548316
0.06865788
0.01947487
-0.04831651
0.07053241
-0.04328059
0.10212860
-0.01955299
-0.00919481
-0.00502337
-0.01419349
-0.01854932
-0.04251444
0.02404105
-0.06269352
-0.00889596
0.02041562
0.07308153
-0.00182958
-0.03571034
0.01328579
-0.05067031
0.01249153
0.00433718
-0.03445252
0.05450353
0.03752690
-0.07861937
0.00969318
-0.00395051
-0.02529939
0.00378029
0.01376706
0.00909094
0.02660704
-0.02552486
-0.06828437
-0.07516020
0.01843464
-0.01007648
-0.03211381
0.00770806
-0.01098382
0.02325008
0.00260095
0.00263379
-0.03273804
-0.03229087
-0.01178677
0.07171404
-0.02328535
0.00169977
0.01741210
0.03752431
-0.04190911
0.00746455
0.04712728
-0.03447878
0.01265439
0.01339504
-0.03118235
0.01759915
-0.05090798
-0.02371272
-0.02884563
0.08562570
-0.01024101
-0.00618024
0.00051879
0.07239690
0.00684406
0.01692561
-0.03455483
0.00719748
0.02504471
-0.05403250
-0.00216013
-0.02635671
0.02627770
-0.09466715
0.05281498
0.03190847
0.00515732
0.03819455
-0.00728537
0.01813789
-0.00315413
-0.04913865
0.00673792
0.02757335
0.00425553
0.00238213
-0.04242372
-0.01349842
0.05497186
-0.02945704
0.00674903
-0.02369634
0.02758075
0.03345462
-0.06738797
-0.01378824
0.00287433
0.01939499
0.03236935
0.00988830
-0.00224859
-0.00028282
-0.01544157
0.07476457
-0.03368755
-0.02829946
0.12431277
-0.01667546
0.01861898
-0.00993708
0.01126023
-0.04163691
0.02417578
0.00535993
-0.00492949
-0.00893993
-0.02346144
-0.02582931
-0.08600270
0.02793287
0.02129003
-0.05342418
0.04219295
0.07645667
-0.00179650
-0.04095017
-0.03884079
0.04726649
-0.00638332
0.00910578
-0.00015017
-0.07605840
0.07768925
-0.00762049
0.00602726
-0.03273699
0.04812447
-0.00447243
0.02891903
-0.00885056
-0.10760701
0.03562814
-0.04544373
-0.03757513
-0.04062889
-0.02954401
0.01994761
-0.02925388
0.02103458
0.05311990
-0.00553079
0.03068717
-0.01898080
-0.02775108
-0.03125996
-0.07657375
0.00726354
-0.02006193
0.04225029
-0.05703169
0.09791270
-0.04384637
-0.05184412
-0.01009925
0.01818000
-0.01980652
-0.05215450
-0.02171130
0.01167594
0.02337401
-0.03518617
0.00773515
0.00860997
0.00772321
-0.06856537
-0.01410586
0.05582886
-0.04334496
0.00438390
-0.06979889
-0.00296102
-0.03901090
-0.01026418
0.01069750
-0.01878790
0.01068195
0.02083284
0.00360385
0.02610561
0.04237562
0.00112431
-0.03380091
0.07412647
-0.07100075
0.01254838
0.00694774
0.00672675
0.03516724
0.01900207
0.01428009
0.06431781
-0.05186214
-0.01784059
-0.01790353
-0.05479919
-0.14321250
0.00522603
0.05075300
0.02944618
-0.08599976
-0.01091086
-0.01343361
0.02200724
0.01482499
-0.06302411
0.03074910
-0.01520237
-0.02235673
0.06808720
0.02488883
-0.00270853
0.02845334
0.00893743
-0.02049563
0.03993056
0.05752662
-0.04792353
0.06317384
-0.03421680
-0.08023775
-0.05210467
-0.01826444
0.02648067
-0.04184200
0.06360695
-0.02271813
0.00024282
-0.01880989
-0.01801506
0.03486373
-0.05367339
0.02015758
0.01014301
-0.02234785
-0.05107847
0.00987538
0.01952237
0.02823995
-0.02202543
0.00367879
-0.01657876
0.02545917
-0.09847939
0.05045060
0.04769359
0.00195178
0.08069858
-0.00762523
-0.02042140
-0.01651046
-0.01099332
-0.08876319
-0.05526467
0.00804329
-0.08555184
-0.00713995
-0.03133966
0.03637555
0.00729814
0.04368000
0.02495630
-0.08185867
-0.06864230
-0.03770227
-0.01038965
-0.02120854
-0.07809364
0.00317320
0.02966938
0.12972650
0.06489373
0.04778262
0.00493593
-0.10386818
-0.06570614
0.06315406
-0.02986884
0.02165613
-0.07243367
-0.01788789
-0.03776113
-0.10747318
-0.10999750
-0.07433962
-0.00350164
-0.10056280
-0.04020036
-0.02486045
-0.06059401
-0.00727264
-0.01478396
0.00077742
-0.05445209
0.02955608
0.02569980
-0.07140718
-0.03817637
-0.02931305
0.03947236
0.05253503
-0.03428305
-0.05114349
0.05493318
0.04785245
-0.05681387
-0.00311471
-0.03672381
0.05133536
0.03702845
-0.00083859
0.02420034
0.06780413
-0.01678554
-0.04625642
0.00512116
-0.01869121
0.02122550
-0.00423451
0.01068387
0.07979879
-0.03487927
-0.01349430
-0.02721940
-0.04369965
-0.06458264
0.02889279
0.07069936
-0.03794967
0.01373747
0.01418557
-0.00755287
-0.00374008
0.03915755
-0.00800252
-0.04559579
-0.00043554
-0.13622987
-0.05363863
0.00418114
0.15683742
0.03338804
0.01192760
0.06053566
-0.07282437
-0.12189612
0.03132432
0.03032892
-0.00513475
