0.02488836
-0.00523147
-0.03164178
-0.00009484
0.00775296
0.03034230
0.01760487
-0.01520304
-0.02440958
0.02919650
-0.02322046
0.00420849
0.01491696
-0.00462419
-0.03854702
0.00264623
-0.03356532
0.03843629
0.15554178
0.01405893
-0.01328205
-0.02564439
0.02472498
0.06058182
-0.00277386
-0.04120556
-0.04474405
-0.01066039
-0.03258758
0.01604420
0.16777469
0.01072236
-0.00286064
-0.01174698
-0.00815683
-0.03044610
-0.00714686
0.03852918
0.03220287
0.07090140
-0.03960965
0.00953805
-0.05817451
-0.00295268
-0.01560990
-0.00721264
-0.02017125
-0.01200531
0.03828079
-0.02720098
0.01351097
-0.05871549
0.10138485
0.03247865
-0.00952104
0.01177735
-0.03598100
0.01328870
0.42713642
0.08340688
-0.01026277
0.00713279
-0.00222764
0.01971425
0.00989269
0.03377128
0.00829274
-0.02478904
-0.02254777
-0.00783837
0.03513857
-0.01861532
-0.01164300
-0.00657970
-0.06274851
0.04112172
0.00982397
-0.05334309
-0.00943781
0.05976730
-0.01129427
0.02828378
0.00665211
0.05018831
0.04134545
0.01268512
0.00491171
-0.00218908
0.03074304
-0.01341915
0.03441022
0.01348161
-0.03913383
-0.03467074
-0.01144727
-0.01800631
0.03954742
0.00176253
0.05974427
-0.01162920
-0.01078628
0.02393837
-0.00748218
0.01652820
0.02444844
0.01153474
0.07516524
-0.02015294
0.01396158
-0.00667361
-0.02717146
0.02129068
0.02457772
-0.01837769
-0.00602198
-0.00016459
0.02305175
-0.02303205
-0.00004456
-0.01166271
-0.00648235
-0.00626143
0.00392709
0.00742115
-0.03252402
0.01226454
-0.01453978
0.00800895
0.00774580
-0.03674208
0.00506249
0.00495492
-0.02941769
0.01556194
-0.05528011
0.00065787
0.05949411
-0.02142109
-0.01239593
0.02731541
-0.02861382
0.00983245
0.00842938
0.00914593
0.01833328
0.15781808
0.02364444
-0.01806827
-0.00177154
-0.02576675
0.02446005
0.03984510
0.02078841
0.06899568
0.01025610
-0.00998259
-0.03019383
-0.00933210
-0.03095346
-0.02113083
-0.00816980
-0.01472392
-0.03422609
0.01066587
-0.00909620
0.02800695
-0.02339108
-0.01890769
-0.02030488
-0.05480173
0.00525157
-0.00607944
0.00010605
0.04199165
0.04123673
-0.00013106
0.03423365
-0.00218909
-0.02411376
-0.02199911
-0.00789044
-0.01426197
-0.01721536
0.00022023
0.03322385
0.11877416
0.04918437
0.00266096
0.00920254
-0.02779975
-0.08762518
0.02620890
0.00008203
0.00310520
-0.01578242
0.01162841
0.00793265
0.00299330
0.08710171
-0.01030754
-0.05000112
0.01723437
0.04486496
0.01170910
-0.02583704
0.04975049
0.01563964
0.02072013
0.00359724
-0.03260954
0.00784797
0.00604103
-0.03448769
0.00193986
-0.01286932
-0.06190781
0.01383032
0.03378036
0.02717148
0.01198358
-0.00508323
-0.72782302
-0.01860191
-0.00299096
-0.01046662
-0.00321174
0.03059097
0.01923430
-0.01284518
-0.00410450
0.00312858
0.01795266
-0.00157105
0.01017320
-0.02162623
0.04494496
0.01732702
0.00384032
-0.00765863
-0.02245116
0.04030208
-0.02354683
-0.04473899
0.02091630
-0.02140035
0.01552011
-0.00054939
-0.03199162
-0.00078804
0.04552728
-0.01601320
0.01283006
0.00704309
-0.00189696
0.00008391
0.00307332
0.15050226
-0.02903698
-0.07954682
0.03513408
-0.01703598
-0.05814673
-0.00266593
-0.06430272
-0.00752326
-0.11259833
0.15249690
0.13346505
0.02931840
-0.08109064
-0.07020814
-0.07711958
0.00319441
-0.01031114
0.06574491
0.01441472
0.06160517
-0.00241175
-0.10757188
0.12008408
0.07227109
-0.08111384
-0.01544776
-0.10123865
-0.09072223
-0.09946261
0.17639752
-0.01029809
-0.06261557
0.02607955
-0.02754976
0.03269746
0.11089445
0.08195724
-0.10227750
-0.05379395
-0.00835213
0.07965664
-0.00185659
-0.03593265
-0.01513868
0.02563650
0.82880974
-0.09467493
0.07401241
-0.01914904
0.02423890
0.06792707
0.08116559
0.02365736
-0.02338381
-0.07933427
0.02800892
-0.05297698
-0.04426977
-0.03779635
-0.05461431
-0.03348567
-0.01335350
0.05797360
0.01144085
0.02470185
-0.03903107
0.02538488
0.02208390
-0.05022154
-0.00908851
-0.00035031
-0.02021037
-0.01617281
-0.00078659
-0.00278486
0.01723529
0.01559791
-0.01503169
-0.04298170
-0.09904697
-0.02954831
0.05791980
0.00829213
-0.12693766
-0.05350060
-0.02067265
-0.03038794
-0.02213494
0.08917873
-0.02057244
-0.08317442
-0.06185270
-0.04510244
-0.01071409
-0.00290759
0.02722856
0.09762178
-0.05797477
0.08610570
-0.01089851
-0.03880200
-0.00748494
0.04200155
-0.05291966
-0.00343387
-0.05723669
0.01002692
0.02487750
-0.03172497
-0.04929037
0.05749484
0.01010574
-0.00472838
-0.02692559
0.02914598
0.01065502
-0.05183064
0.02025325
-0.04223215
0.00352430
-0.01514035
-0.06942520
-0.03761247
0.05732763
0.00652403
-0.09214947
0.01057760
0.06735994
-0.00894046
0.01739844
0.02053963
-0.00575094
0.01367016
0.01133970
-0.02143091
0.05381339
-0.05954247
0.00712864
-0.01919406
0.04921439
0.05899725
0.01021159
0.01772593
0.01107034
-0.01116693
0.07223833
-0.03754541
-0.00295185
0.04661466
-0.03296662
-0.02372176
0.04575982
-0.02646491
-0.08588015
0.00136616
-0.02540312
-0.01479550
-0.00331209
-0.00422580
0.01971163
0.00153405
-0.04582316
0.00281573
-0.01234306
-0.00217392
-0.14061077
0.01826783
-0.00688789
-0.08182269
-0.02433926
-0.03127027
-0.02534428
0.02366893
0.06465164
-0.02387019
-0.04127173
-0.07131966
0.00881566
0.03044089
-0.02607437
-0.04179803
-0.00388211
-0.00708016
-0.03234227
0.02211069
0.07018267
0.02903997
-0.00671281
0.02407922
0.02771327
-0.18461064
-0.03063741
0.04876162
0.05763420
0.00346007
0.03983893
-0.04009622
0.01368975
0.02089319
0.03185318
-0.00300614
-0.03077059
0.02444560
0.06719477
-0.01522971
-0.02376330
0.03434749
0.04218465
-0.03492396
0.00057220
0.06677826
-0.03762675
0.05890092
0.01758894
-0.04442367
0.04449155
-0.05127788
0.10944545
-0.03267720
-0.00309902
-0.02110764
-0.01259729
-0.01026300
-0.03140166
0.03371284
-0.07097910
-0.04655614
0.04171364
0.07554077
0.01586291
-0.07281874
0.00165034
-0.00736770
0.01302724
0.02312387
-0.02574515
0.04347815
0.01122763
-0.05657036
0.03630399
0.01570796
0.00580954
0.00783422
0.00269342
0.01003823
0.03942674
-0.03656345
-0.04559264
-0.08051269
0.00969333
-0.04221746
-0.03195201
0.01636002
-0.00323085
0.01181998
-0.03234703
0.01558209
-0.03298160
-0.02896784
0.01329688
0.04093851
-0.02484375
0.00754271
0.07645551
0.06321494
-0.07190596
0.01354424
0.03727214
-0.05896412
0.01303058
0.04452843
-0.03024011
-0.00408515
-0.05954091
-0.01473947
-0.07324799
0.08732753
0.01705274
-0.00017183
0.00612845
0.07565278
0.00481458
0.02317412
-0.02330572
0.01777548
0.02699768
-0.07689940
-0.03277371
-0.01850134
0.04789033
-0.07922533
0.05115248
0.04707909
-0.01135466
0.04081380
-0.02559039
-0.01187117
-0.02180441
-0.00893608
0.05436966
0.02319411
0.01410725
-0.01045532
-0.02990098
-0.02794893
0.05169848
-0.07039296
-0.02459834
-0.00823006
0.02928392
0.01879002
-0.03473588
0.02219900
0.01255142
0.05206252
0.03707067
0.00670612
-0.02098109
-0.01374851
-0.03609784
0.06592721
-0.03204755
-0.03253766
0.09349944
0.00982479
0.04722495
-0.01055993
0.02135231
-0.02084325
0.03859626
0.00783592
-0.02770621
-0.01809435
0.00677336
-0.03436278
-0.12230629
0.01038722
-0.00837576
-0.04938924
0.05979200
0.05336863
-0.00087332
-0.04175701
-0.01603518
0.07960764
-0.00033618
0.02317196
0.00580822
-0.05592110
0.08249634
-0.01230966
0.03802531
-0.01047217
0.02319906
-0.02366313
0.03657700
-0.00101238
-0.10622184
0.01722028
-0.03596681
-0.02069398
-0.04084328
-0.04932065
0.02328900
-0.01113804
0.03821785
0.07673496
-0.01884983
0.04590907
-0.02694810
-0.02679131
-0.07385344
-0.05744300
-0.00436324
-0.02969167
0.02524177
-0.05889887
0.05438913
-0.01040049
-0.07782263
-0.03736218
0.01812261
-0.01536535
-0.04283842
-0.01768220
0.00107994
0.01763344
-0.04429703
0.03158723
0.00053042
0.01172226
-0.04298476
-0.04324622
0.03956657
-0.00852938
0.01405538
-0.02559388
0.01273474
-0.02575719
-0.02690501
-0.01111498
-0.02098893
0.00972374
-0.00721163
-0.00205027
0.02194618
0.02651208
0.01483860
-0.02336842
0.08413421
-0.04991379
0.02035402
-0.01007083
0.01044900
0.00496037
0.00392609
0.01690873
0.07794517
-0.05486257
-0.01868290
-0.01364185
-0.04199607
-0.14805020
-0.00338215
0.04262964
0.06002619
-0.06742396
0.00472898
-0.02197338
0.01886513
0.00877034
-0.07672068
0.03873370
-0.00857284
-0.05047230
0.01662153
0.03151463
0.01095578
0.02569543
-0.02868191
-0.00115500
0.03963860
0.03870892
-0.02353215
0.04824424
-0.03278194
-0.08508923
-0.06300653
-0.02577119
0.02572808
-0.03187254
0.06594640
-0.02182738
0.02032750
0.00329394
-0.01387767
0.04809012
-0.03578326
-0.02552847
0.06004563
-0.04922209
-0.04142801
0.01176633
0.03502925
0.03293363
-0.02064856
0.02418363
-0.00562473
-0.00698712
-0.06787021
0.04703969
0.03698641
0.01314411
0.08312818
-0.01296724
-0.05396052
-0.01581183
-0.00827965
-0.07652012
-0.01513531
0.00856082
-0.12315203
-0.00655965
-0.03922610
0.05657457
0.02890779
0.02543338
0.01782497
-0.05257697
-0.06245113
-0.03318932
-0.02917450
-0.02607944
-0.04040772
-0.00918462
-0.00519173
0.12420028
0.04973446
0.08069078
-0.01206876
-0.09940328
-0.05034926
0.10896768
-0.02762806
0.05221974
-0.05105747
0.01550916
-0.06533095
-0.10170048
-0.11760039
-0.08254778
0.00331529
-0.14161931
-0.01959876
-0.03945205
-0.03838729
0.00798976
-0.00747675
-0.00311347
-0.05823286
0.03311171
-0.00633432
-0.05163254
-0.01219467
-0.07996721
0.06694171
0.02262315
0.00051570
-0.04777818
0.03231564
0.02332425
-0.05582745
-0.02218278
-0.05095767
0.03964936
0.04796160
0.00913638
0.02651073
0.03120148
-0.02052262
-0.01909006
-0.01357603
-0.03380475
0.02204028
-0.01073619
-0.00275775
0.09417382
-0.00578263
0.02364516
0.00727977
-0.03220411
-0.05216805
0.03719971
0.05655506
-0.04649974
-0.01040507
0.01796028
0.00996625
0.01922258
0.03657121
-0.02271721
-0.00319869
-0.00241005
-0.10031097
-0.03669307
0.01698714
0.16052291
0.01895732
-0.00243335
0.03781319
-0.05274595
-0.12648356
0.02581081
0.04592081
-0.01995154
