-1.144598610699176788e-02
1.251911185681819916e-02
-1.184761244803667068e-02
-2.383043244481086731e-02
2.019185386598110199e-02
-8.039568550884723663e-03
-1.063311472535133362e-02
-2.045048028230667114e-02
-1.345012895762920380e-02
1.321962475776672363e-02
7.110522594302892685e-03
1.220415066927671432e-02
-6.532208994030952454e-03
-3.818497061729431152e-02
-5.856605991721153259e-02
-2.836603904142975807e-03
-3.822596371173858643e-02
1.662988215684890747e-02
1.234223023056983948e-01
1.437415950931608677e-03
-2.388839423656463623e-02
-1.777455396950244904e-02
5.856306478381156921e-02
8.784049749374389648e-02
5.883376114070415497e-03
-6.811434030532836914e-02
-2.951802313327789307e-02
1.052473089657723904e-03
-2.745708450675010681e-02
1.325746532529592514e-02
1.429176926612854004e-01
2.329778624698519707e-03
-4.471493884921073914e-04
-1.824537664651870728e-02
-1.420764159411191940e-02
-3.206643834710121155e-02
3.158142045140266418e-02
2.978436462581157684e-02
3.634820878505706787e-02
9.420366585254669189e-02
3.494042321108281612e-04
1.613899134099483490e-02
1.777164638042449951e-02
3.015690855681896210e-02
6.250374019145965576e-03
1.284283306449651718e-02
-2.708513662219047546e-02
-1.863750629127025604e-02
4.899097979068756104e-02
-5.817031022161245346e-03
2.243123389780521393e-02
-6.366161629557609558e-03
1.187103241682052612e-01
4.067310690879821777e-02
1.843914948403835297e-02
4.328431189060211182e-02
-1.252329908311367035e-02
2.831521071493625641e-02
4.423189759254455566e-01
6.780552864074707031e-02
3.824258223176002502e-03
1.753647066652774811e-02
-5.356678273528814316e-03
-1.046107150614261627e-03
-3.059791633859276772e-03
2.910991944372653961e-02
6.727611646056175232e-03
-1.956422999501228333e-02
-4.095526412129402161e-02
1.631644554436206818e-02
2.056917734444141388e-02
-4.779976233839988708e-02
-2.435815706849098206e-02
-7.587435189634561539e-03
-5.890549346804618835e-02
3.033304028213024139e-02
2.223160350695252419e-03
-7.731570303440093994e-02
1.989668980240821838e-02
-4.084526747465133667e-02
-1.366998255252838135e-02
2.897012978792190552e-02
1.687923818826675415e-02
3.369200229644775391e-02
1.288362685590982437e-02
1.947811432182788849e-02
-1.202768646180629730e-02
1.126677636057138443e-02
2.832943201065063477e-02
-1.062478870153427124e-02
4.015665501356124878e-02
2.446181885898113251e-02
-4.003174975514411926e-02
-1.525647286325693130e-02
5.046347621828317642e-03
-8.768300525844097137e-03
3.239759430289268494e-02
-9.498259052634239197e-03
7.433527708053588867e-02
2.419033087790012360e-02
-1.816521398723125458e-02
3.004128346219658852e-03
-2.715975791215896606e-02
9.585671359673142433e-04
4.422768950462341309e-03
5.948487296700477600e-02
8.908770233392715454e-02
3.917967900633811951e-03
-8.775246329605579376e-03
1.172248553484678268e-02
-4.288924857974052429e-03
2.402524836361408234e-02
2.435119450092315674e-02
-3.571642190217971802e-02
-3.669014200568199158e-03
9.322491474449634552e-03
2.129647880792617798e-02
-1.399376336485147476e-02
5.346944555640220642e-03
-3.770057344809174538e-03
6.386976689100265503e-03
-1.020363159477710724e-02
2.931321039795875549e-02
-3.809006419032812119e-03
-7.227825932204723358e-03
1.130802091211080551e-02
-2.588729374110698700e-02
1.180259138345718384e-02
-4.939401987940073013e-04
-3.165585175156593323e-02
2.150541543960571289e-02
1.379487290978431702e-02
-3.537781769409775734e-03
2.495581656694412231e-02
-5.068165063858032227e-02
1.300041750073432922e-02
8.807889372110366821e-02
-2.449131570756435394e-02
7.122813258320093155e-04
1.474694628268480301e-02
-1.869862899184226990e-02
2.025874331593513489e-02
-2.609024057164788246e-03
3.170180693268775940e-02
2.217422984540462494e-02
6.705794483423233032e-02
5.032332241535186768e-02
-5.804255604743957520e-03
-1.274221017956733704e-02
-1.303410623222589493e-02
4.860076680779457092e-02
2.798789553344249725e-02
7.673382759094238281e-03
7.440461218357086182e-02
1.422799285501241684e-02
2.936252765357494354e-02
-4.963896423578262329e-02
-1.603112369775772095e-02
1.913610845804214478e-02
7.245368324220180511e-03
-4.270651936531066895e-02
2.701593097299337387e-03
-5.169267952442169189e-02
-1.390516757965087891e-03
-1.148748118430376053e-02
6.108185276389122009e-02
5.323888733983039856e-03
-3.274617716670036316e-02
2.614032849669456482e-02
-4.510478302836418152e-02
-8.223176002502441406e-03
-4.691453184932470322e-03
-9.850116446614265442e-03
2.724033221602439880e-02
3.209876269102096558e-02
-5.877100862562656403e-03
1.620057597756385803e-02
1.282119657844305038e-02
-1.316756103187799454e-02
-3.786819521337747574e-03
-2.570939622819423676e-02
3.306337865069508553e-03
-1.507971249520778656e-02
-5.177367012947797775e-03
5.883417278528213501e-02
3.392232954502105713e-02
1.474237889051437378e-01
2.689696662127971649e-02
3.876645816490054131e-03
-4.062975943088531494e-02
-1.284641325473785400e-01
-1.003221329301595688e-02
-1.115256571210920811e-03
4.462409391999244690e-02
-6.572642177343368530e-02
1.098051480948925018e-02
5.279468744993209839e-02
1.273791305720806122e-02
9.520524740219116211e-02
1.867673359811306000e-02
-6.407716125249862671e-02
2.374453470110893250e-03
9.089300781488418579e-02
5.815852060914039612e-02
-3.221512585878372192e-02
2.564919367432594299e-02
6.370114162564277649e-03
-1.760188490152359009e-02
-2.850894257426261902e-02
2.397943660616874695e-02
2.793710445985198021e-03
-1.068408694118261337e-02
-5.509580299258232117e-02
2.024766430258750916e-02
3.375451778993010521e-03
-6.249804794788360596e-02
1.699935831129550934e-02
1.944637671113014221e-02
4.466575011610984802e-02
4.098953679203987122e-02
3.045393340289592743e-02
-6.862401962280273438e-01
-1.001255307346582413e-02
1.898119039833545685e-02
1.812320016324520111e-02
1.066359877586364746e-02
6.912427395582199097e-02
5.126083735376596451e-03
2.137301675975322723e-02
-8.930739015340805054e-03
-7.411990314722061157e-03
5.058140307664871216e-02
3.831845894455909729e-02
-1.752678863704204559e-02
-1.842831447720527649e-02
1.378813106566667557e-02
4.795584827661514282e-02
-4.997388459742069244e-03
9.975560940802097321e-03
-2.525336667895317078e-02
3.901821374893188477e-02
-4.457731544971466064e-02
-2.471709856763482094e-03
1.553023792803287506e-02
-1.240870542824268341e-02
-1.823410205543041229e-02
-7.918542250990867615e-03
-6.345409154891967773e-02
1.434717886149883270e-02
3.295078128576278687e-02
-2.189974859356880188e-02
2.803795784711837769e-02
2.351908758282661438e-02
1.913096755743026733e-02
4.235547967255115509e-03
6.049058865755796432e-03
9.807591140270233154e-02
-8.589969575405120850e-02
1.349369343370199203e-02
-2.524616196751594543e-03
8.878070116043090820e-02
7.474328577518463135e-02
7.127269357442855835e-02
-9.292530268430709839e-02
4.328323900699615479e-02
-4.993923474103212357e-03
1.368768215179443359e-01
-3.430342674255371094e-02
-3.208237513899803162e-02
-7.788743823766708374e-02
2.665430679917335510e-02
2.273146621882915497e-02
1.331466585397720337e-01
7.084833085536956787e-02
6.108498666435480118e-03
-2.292972430586814880e-02
-7.736746687442064285e-03
-4.542682319879531860e-02
5.095725506544113159e-02
8.534716069698333740e-02
-5.528604984283447266e-02
-3.350858343765139580e-03
9.795146435499191284e-02
7.585749030113220215e-03
3.040635026991367340e-03
7.382813841104507446e-02
1.090947240591049194e-01
6.599239539355039597e-03
5.241898819804191589e-03
-6.570846587419509888e-02
1.653192639350891113e-01
-1.060047894716262817e-01
1.711943559348583221e-02
8.790504932403564453e-02
2.609816379845142365e-02
-5.386900529265403748e-02
-2.159582823514938354e-01
-1.090306118130683899e-01
-1.770503260195255280e-02
3.859645500779151917e-02
1.177951171994209290e-01
-3.602247161325067282e-04
7.910818457603454590e-01
4.747834056615829468e-03
-5.623012781143188477e-02
-1.320188790559768677e-01
8.312794566154479980e-02
1.498516947031021118e-01
6.823755800724029541e-02
1.613578014075756073e-02
2.903890237212181091e-02
3.221260383725166321e-02
2.025202363729476929e-01
1.647309586405754089e-02
1.672360487282276154e-02
-2.908049523830413818e-02
-2.446701051667332649e-03
-6.486906856298446655e-02
1.716536283493041992e-02
-4.277500882744789124e-02
1.370700914412736893e-02
-2.299456158652901649e-03
-6.103773415088653564e-02
-3.948369994759559631e-02
2.535228617489337921e-02
-8.129762858152389526e-02
1.005963794887065887e-02
1.083116605877876282e-02
1.790621667169034481e-03
-2.450245665386319160e-03
3.636319190263748169e-02
3.930572420358657837e-02
1.424375176429748535e-02
2.434956468641757965e-02
1.293705310672521591e-02
-8.045984804630279541e-02
-8.809538185596466064e-02
-3.274114057421684265e-02
6.825874745845794678e-02
3.151665627956390381e-02
-3.572327271103858948e-02
-7.404654286801815033e-03
8.997578173875808716e-02
-3.789453580975532532e-02
-3.724434599280357361e-02
1.990410685539245605e-02
-3.606954962015151978e-02
-3.593447431921958923e-02
-1.304281502962112427e-02
-6.680493801832199097e-02
-1.746367849409580231e-02
5.355122033506631851e-03
3.247230499982833862e-02
4.659325629472732544e-02
8.613655343651771545e-03
5.763291567564010620e-02
4.102926701307296753e-02
-6.107495352625846863e-02
5.456731095910072327e-02
7.276105135679244995e-02
-7.594390213489532471e-02
2.363030053675174713e-02
-3.528585657477378845e-02
1.972232945263385773e-02
-7.197466678917407990e-03
8.845958858728408813e-03
-6.612984836101531982e-02
-1.014102809131145477e-02
4.488538578152656555e-02
-2.188517153263092041e-02
5.651707947254180908e-02
-1.853577559813857079e-04
-4.028641805052757263e-02
-6.996609270572662354e-03
4.086614772677421570e-02
-7.364675402641296387e-02
3.031711839139461517e-02
-9.120831266045570374e-03
-8.168403804302215576e-02
-7.168808579444885254e-02
1.916421577334403992e-02
-1.336439140141010284e-02
-7.786060124635696411e-02
-8.628828451037406921e-03
7.296292483806610107e-02
2.580248564481735229e-02
7.924738526344299316e-02
7.216472178697586060e-03
-3.112173639237880707e-02
4.113590717315673828e-02
-3.381296619772911072e-02
-3.323214873671531677e-02
3.498302772641181946e-03
-8.229536004364490509e-03
2.997937798500061035e-02
4.193997941911220551e-03
2.040094882249832153e-02
1.748234778642654419e-02
2.792526967823505402e-03
4.153572395443916321e-02
4.014742444269359112e-04
-3.711057081818580627e-02
6.248586252331733704e-02
-2.405869588255882263e-02
1.293365843594074249e-02
3.646172955632209778e-02
-6.736163049936294556e-02
-1.598420739173889160e-02
1.672254875302314758e-02
-4.529072344303131104e-02
-7.163919508457183838e-02
4.653243720531463623e-02
-2.275677025318145752e-02
-3.470613854005932808e-03
2.559154108166694641e-02
-3.336669877171516418e-02
1.588006503880023956e-02
8.810556493699550629e-03
-4.710953682661056519e-02
4.116055369377136230e-02
-2.100040949881076813e-02
2.614874392747879028e-02
-1.542447060346603394e-01
-1.972285564988851547e-03
-1.796493120491504669e-02
-8.106559514999389648e-03
-4.412517696619033813e-02
-5.163585022091865540e-02
-3.997347503900527954e-02
4.075065627694129944e-02
9.196669608354568481e-02
-3.658928722143173218e-02
-4.773700609803199768e-02
-1.006237491965293884e-01
-1.783647574484348297e-02
-7.179219741374254227e-03
-1.332791056483983994e-02
-1.524082198739051819e-02
-5.137520655989646912e-02
-7.893507368862628937e-03
1.205418910831212997e-02
2.113979496061801910e-02
5.999329965561628342e-03
4.324372485280036926e-02
-3.335043787956237793e-02
5.251103639602661133e-02
2.164767868816852570e-02
-1.502660810947418213e-01
1.428272016346454620e-02
1.537689240649342537e-03
5.296357721090316772e-02
2.573099918663501740e-03
9.448976814746856689e-02
-5.881917849183082581e-02
-5.446338281035423279e-02
6.158317252993583679e-02
-9.859015233814716339e-03
-1.616388000547885895e-02
-2.099512144923210144e-02
-4.808355495333671570e-02
-3.647400811314582825e-02
-6.588143855333328247e-02
-1.622545532882213593e-02
-3.698427975177764893e-02
3.123948164284229279e-02
4.070847760885953903e-03
1.609384268522262573e-02
2.486895211040973663e-02
-6.188599020242691040e-02
6.819714605808258057e-02
7.750488072633743286e-02
-3.523431345820426941e-02
3.936995565891265869e-02
-7.228515297174453735e-02
9.459102153778076172e-02
1.285647135227918625e-02
-2.345925942063331604e-02
1.957800704985857010e-03
-2.388760447502136230e-02
7.103686779737472534e-02
7.261501159518957138e-03
5.179757624864578247e-02
-3.625847399234771729e-02
-5.684042721986770630e-02
3.711344674229621887e-02
2.384801581501960754e-02
2.012846991419792175e-02
-8.676213026046752930e-02
3.313668770715594292e-03
-1.589129795320332050e-03
-3.831175388768315315e-03
5.149808526039123535e-02
3.243115544319152832e-02
9.201986715197563171e-03
-3.585958108305931091e-02
-4.086855798959732056e-02
6.896444410085678101e-02
7.973411120474338531e-03
3.612228855490684509e-02
-3.948642115574330091e-04
1.305928826332092285e-02
6.710933055728673935e-03
3.170528635382652283e-02
-4.863664135336875916e-02
-1.409391593188047409e-02
-6.154381856322288513e-02
-4.518043249845504761e-03
-1.040562763810157776e-01
-4.205165058374404907e-02
3.754585236310958862e-02
-9.196292608976364136e-03
1.134380698204040527e-02
-5.739060789346694946e-02
2.275047637522220612e-02
-8.517631888389587402e-02
-6.415490061044692993e-02
-1.601441577076911926e-02
-1.429639942944049835e-02
-4.278307314962148666e-03
3.213644400238990784e-02
8.705960959196090698e-02
4.595346003770828247e-02
-7.497041672468185425e-02
4.709505941718816757e-03
1.243577897548675537e-02
-6.117893755435943604e-02
1.157571282237768173e-02
1.432068087160587311e-02
3.446542099118232727e-02
-6.299309432506561279e-02
-3.708926588296890259e-02
-5.360822752118110657e-02
-1.259332746267318726e-01
3.703548759222030640e-02
9.271591901779174805e-02
3.738548234105110168e-02
4.639811068773269653e-02
5.260792374610900879e-02
-1.949782669544219971e-02
7.320000790059566498e-03
-5.824074149131774902e-02
-1.871797814965248108e-02
2.653437666594982147e-02
-6.997980922460556030e-02
-5.624756962060928345e-02
2.880350127816200256e-02
6.063184514641761780e-02
-3.822681680321693420e-02
-2.558099478483200073e-02
4.330270364880561829e-02
-1.837299205362796783e-02
4.986187815666198730e-02
-3.612176701426506042e-02
2.152988500893115997e-02
-2.213111147284507751e-02
2.106758020818233490e-02
1.067224517464637756e-01
2.466956712305545807e-02
2.853689342737197876e-02
1.380009489366784692e-04
2.070237882435321808e-02
-2.039116621017456055e-02
1.044327765703201294e-01
-6.930039077997207642e-02
-9.149614721536636353e-03
-4.363454878330230713e-03
-9.518906474113464355e-03
1.407072972506284714e-02
-4.244709014892578125e-02
5.779853090643882751e-02
2.346799522638320923e-02
1.861425302922725677e-02
1.572506874799728394e-02
1.988881081342697144e-02
-6.127312406897544861e-02
-4.441998898983001709e-03
-3.354080021381378174e-02
3.866055980324745178e-02
-4.691948369145393372e-02
-4.493635147809982300e-02
2.811275795102119446e-02
2.560325199738144875e-03
6.618710607290267944e-02
1.628261990845203400e-02
-1.937936060130596161e-02
2.594012953341007233e-02
7.918166927993297577e-03
2.436239644885063171e-02
-7.487252354621887207e-02
2.020893245935440063e-02
-4.301315546035766602e-02
-2.774976193904876709e-02
-8.885589987039566040e-02
-2.858392708003520966e-02
1.060927752405405045e-02
-5.043087154626846313e-02
4.901103675365447998e-02
-4.106267541646957397e-02
-4.434951767325401306e-02
-5.112191662192344666e-02
1.125620678067207336e-02
6.493847072124481201e-02
-8.767382241785526276e-03
1.488362322561442852e-04
-1.556756091304123402e-03
5.264515639282763004e-04
6.578886508941650391e-02
6.097478326410055161e-03
1.505337096750736237e-02
-3.050123527646064758e-02
6.275225430727005005e-02
-2.841315045952796936e-02
-1.469422224909067154e-02
5.109606776386499405e-03
-5.829412117600440979e-02
4.655151441693305969e-02
-1.790537685155868530e-02
-5.621724296361207962e-03
-3.577072918415069580e-02
-7.038501650094985962e-02
-1.028893422335386276e-02
1.799104176461696625e-02
9.549997746944427490e-03
6.582111120223999023e-02
-4.759028088301420212e-03
6.894703023135662079e-03
-7.108984887599945068e-02
1.646353863179683685e-02
-7.548990100622177124e-02
-3.388858214020729065e-02
4.201192408800125122e-02
-1.546483021229505539e-02
-3.647872805595397949e-02
-2.110144495964050293e-02
-5.930302664637565613e-02
2.109638601541519165e-02
-5.974827334284782410e-02
-4.700570926070213318e-02
2.861610241234302521e-02
-3.802778571844100952e-02
-2.570743486285209656e-02
-4.215785488486289978e-02
3.930502012372016907e-02
4.870544187724590302e-03
-3.648474067449569702e-02
-2.446015551686286926e-02
3.439919557422399521e-03
2.554512023925781250e-02
-1.423645950853824615e-02
-4.670402407646179199e-02
6.908908020704984665e-03
8.096818625926971436e-02
7.730348408222198486e-02
-1.323976181447505951e-02
4.310932010412216187e-02
2.381178364157676697e-02
-2.141391299664974213e-02
-4.167634993791580200e-03
6.731219589710235596e-02
-2.907478716224431992e-03
-6.871261447668075562e-02
1.306571881286799908e-03
4.089234769344329834e-02
-2.939806506037712097e-02
1.667428761720657349e-02
-5.458979867398738861e-03
9.334952384233474731e-02
2.435407601296901703e-02
3.637583926320075989e-02
-1.910942234098911285e-02
1.297694537788629532e-02
2.798489481210708618e-02
9.440870024263858795e-03
-2.002744376659393311e-02
6.142062135040760040e-03
-4.250026121735572815e-02
1.593270897865295410e-02
-9.313791058957576752e-03
-2.891847863793373108e-02
-8.577666431665420532e-02
-3.106693923473358154e-02
4.320692643523216248e-02
9.310504049062728882e-02
-1.018622331321239471e-02
2.746339701116085052e-02
-1.386677287518978119e-02
4.758227989077568054e-02
1.630066893994808197e-02
-3.574246540665626526e-02
9.765336662530899048e-02
-3.506605327129364014e-02
-8.014900237321853638e-02
-7.618312520207837224e-05
4.495286568999290466e-02
5.604390427470207214e-02
4.448024183511734009e-02
-5.124792084097862244e-02
1.583238877356052399e-02
-7.333025336265563965e-02
-2.873189188539981842e-02
3.125680610537528992e-02
1.424406468868255615e-02
2.178307157009840012e-03
-3.516353294253349304e-02
-7.375417649745941162e-02
-3.965688869357109070e-02
2.026273310184478760e-02
-3.975267056375741959e-03
3.223510831594467163e-02
1.855862885713577271e-02
9.720224887132644653e-02
5.225096270442008972e-02
1.973022893071174622e-02
3.588501363992691040e-02
-4.803019762039184570e-02
-3.399628028273582458e-02
5.803174898028373718e-02
-6.344254314899444580e-02
-4.536202549934387207e-02
1.842574961483478546e-02
5.190025269985198975e-02
4.680667072534561157e-03
2.450306341052055359e-02
7.691413164138793945e-03
-8.043720386922359467e-03
-1.840835623443126678e-02
1.053564529865980148e-02
3.041389770805835724e-02
-1.222094893455505371e-02
1.920138369314372540e-03
3.157111629843711853e-02
-2.236296422779560089e-02
-4.245199263095855713e-02
-2.884372510015964508e-02
-2.219094894826412201e-02
-3.913059458136558533e-02
3.595948964357376099e-02
-1.180054433643817902e-02
-1.169210225343704224e-01
2.724980749189853668e-02
-2.712232060730457306e-02
7.684069126844406128e-02
6.296461820602416992e-02
-1.680659689009189606e-02
2.645218186080455780e-02
-2.257178165018558502e-02
-4.516919609159231186e-03
-1.957008428871631622e-02
3.949718084186315536e-04
9.111106395721435547e-03
-1.331689767539501190e-02
-5.890730023384094238e-02
-6.076266057789325714e-03
2.533989772200584412e-02
4.332239925861358643e-02
4.706758633255958557e-02
2.894454228226095438e-04
-9.578542783856391907e-03
-1.053272373974323273e-02
8.316583931446075439e-02
1.616694778203964233e-02
3.053088672459125519e-02
-3.431127220392227173e-02
2.956243045628070831e-02
-7.778204232454299927e-02
-1.026148125529289246e-01
-6.944775581359863281e-02
-5.324975401163101196e-02
-2.798358723521232605e-02
-1.424985677003860474e-01
-7.870168425142765045e-03
-2.911243773996829987e-02
1.135835889726877213e-03
1.985562592744827271e-02
-1.796223036944866180e-02
3.452086821198463440e-02
-2.749540656805038452e-02
8.804088085889816284e-02
-1.056602001190185547e-01
-1.699423417448997498e-02
-2.181150019168853760e-02
-1.102272346615791321e-01
4.112563654780387878e-02
5.109273362904787064e-03
6.878348439931869507e-02
-3.137473762035369873e-02
-2.178279869258403778e-02
1.911572739481925964e-02
-1.934182271361351013e-02
3.354772692546248436e-03
-6.339450925588607788e-02
2.451725490391254425e-02
1.270028203725814819e-02
-1.598292589187622070e-02
1.031818613409996033e-02
9.144539013504981995e-03
-4.356247931718826294e-02
-1.796241267584264278e-03
-2.283223345875740051e-02
-4.955566488206386566e-03
1.830389606766402721e-03
-6.601641885936260223e-03
1.226361002773046494e-02
3.297555446624755859e-02
-4.854245856404304504e-02
1.524544041603803635e-02
5.879467725753784180e-02
-1.072734314948320389e-02
-1.665317639708518982e-02
5.416460707783699036e-02
-4.811578430235385895e-03
-6.948217749595642090e-03
-9.834238141775131226e-02
2.357395552098751068e-02
6.172329187393188477e-02
7.529538869857788086e-02
3.080043941736221313e-02
-1.469531003385782242e-02
3.459536284208297729e-02
-1.504352595657110214e-02
-2.932593785226345062e-02
-1.239679940044879913e-02
6.132064014673233032e-02
1.096848547458648682e-01
2.799959480762481689e-02
-1.148525811731815338e-02
-5.725901108235120773e-03
-4.984607920050621033e-03
-9.283416718244552612e-02
-2.574668452143669128e-02
5.330588296055793762e-02
-1.483858935534954071e-02
