-0.00750085
-0.00632468
-0.00853793
0.01098057
-0.00198050
0.00470285
0.00389879
-0.01624304
-0.02279572
0.02201025
0.00072449
0.00527113
0.01913012
-0.02260746
-0.04781459
0.01459770
-0.03581937
0.03442849
0.07580668
-0.01665883
-0.00577518
-0.01438133
0.06435949
0.07449389
-0.00108530
-0.06944620
-0.02858104
-0.00891969
-0.02570057
-0.01005990
0.09060337
0.00971363
0.00963175
-0.03150274
-0.01372778
-0.02406766
0.03264810
0.03366748
0.03611830
0.07634185
-0.02038718
0.00953261
0.05400607
0.02762675
0.01883023
-0.01069584
-0.03166789
-0.02044648
0.01841134
0.00413243
0.01271941
0.01302079
0.10160009
0.03174328
0.02345635
0.02685891
-0.01326520
0.02893293
0.46691903
0.05414771
0.00261165
0.00211696
0.00705809
-0.01104718
-0.01747240
0.04982448
0.00214592
-0.01799554
-0.07852046
0.00348417
0.00973800
-0.04698819
-0.02316634
-0.01774289
-0.06135414
0.03597364
0.02100790
-0.05899474
0.00574313
-0.12227782
-0.00649899
0.01848228
0.00696647
0.00774382
0.02721078
0.02097199
-0.02632765
-0.00255969
0.02560552
-0.03481268
0.00432872
0.01995063
-0.02545525
-0.01843846
0.00076763
-0.00689007
0.03590445
-0.01444230
0.05481053
0.02772063
-0.01673725
0.02070362
-0.03439462
0.00140772
0.00190786
0.04423046
0.06789073
-0.01108168
-0.00625422
0.01087106
-0.02695205
0.00825656
0.03158621
-0.04274970
0.01697824
0.00364583
0.03684745
-0.02105615
-0.01248853
-0.00087111
0.01541814
-0.01029163
0.02218911
0.00408656
-0.00612465
0.00192367
-0.04323334
0.00538209
-0.00483954
0.00042153
0.03916197
0.01303383
-0.00056226
0.01999433
-0.03865022
0.01554449
0.08216512
-0.04927937
-0.00984545
0.01578042
-0.00729866
0.00948744
0.00153910
0.01560691
0.01928319
-0.01235743
0.04573729
-0.01246022
-0.00182879
-0.00819677
0.04940508
0.01500996
0.01891316
0.06881974
0.01722772
0.00933277
-0.03983772
-0.03024058
0.04045555
0.00648754
-0.04220472
0.03894927
-0.07575187
0.00044132
-0.00358794
0.05080552
0.00520735
-0.04715849
0.01574723
-0.02105887
0.00858305
-0.01118435
0.00012985
0.03469665
0.02875512
0.00388298
0.00425351
0.00862654
-0.02949900
-0.00727184
0.00301093
0.00364020
-0.00729597
-0.01295876
0.04920264
-0.07372422
0.22077873
0.02882359
-0.00062915
-0.03269157
-0.11325308
-0.02033924
-0.01220152
0.04478449
-0.06854166
-0.00276968
0.07072620
0.01485782
0.08311335
0.01437907
-0.08366370
-0.00810192
0.12582280
0.02763336
-0.02993647
0.02163047
0.01817038
0.01114006
-0.02235651
0.04647632
-0.00368887
-0.02813789
-0.04977286
0.01605746
-0.02577268
-0.06862674
0.01680653
0.02809195
0.02273091
0.03468312
0.02646179
-0.66281515
0.00125988
0.03310540
0.02049670
0.00399318
0.06954104
-0.00137805
0.02236961
0.00888678
-0.00482102
0.04568281
0.03368780
-0.00167353
-0.03702005
0.00434710
0.04270561
-0.00669579
0.01218706
-0.02077962
0.02213206
-0.04672613
0.03354201
0.02086727
-0.02175407
-0.01623411
-0.01546218
-0.06228133
0.00610807
0.02919619
-0.01700622
0.03467777
0.00749445
0.02358791
0.01447997
0.01222178
0.09557131
0.07440233
-0.02316476
0.07045062
-0.06969992
-0.17881162
0.02568455
0.01850946
0.04221392
-0.04208867
0.02280244
0.09566057
-0.01232181
0.10039024
-0.08580045
-0.01018987
-0.06237433
0.02341789
-0.00735419
-0.06351793
0.04463809
0.13244741
-0.18732558
-0.08348507
0.10296578
-0.07236567
-0.03927812
-0.08921145
-0.01047225
-0.02827123
0.00290470
0.03110980
0.05923712
0.08631226
-0.04197583
0.11947831
0.02426083
-0.02533942
-0.02167027
-0.01719954
-0.02341906
0.02735208
-0.01029309
-0.02697115
-0.02625688
0.04705587
0.84454721
-0.05943966
0.06742734
0.07708097
0.02821196
0.10275330
0.02853143
0.00168091
-0.09190072
-0.06920532
-0.02222382
0.02928085
0.03725320
0.06643393
-0.08177034
0.09730942
-0.05133653
0.03274116
0.00771663
-0.00192435
-0.04468457
-0.01401081
0.02273262
-0.04359785
-0.00239894
0.00524907
0.00125314
-0.02403537
0.01098542
0.04351090
0.01510202
0.01586625
-0.00341840
-0.05500665
-0.10611980
-0.00131049
0.06903882
0.01740766
-0.07671627
-0.03341220
0.02675500
-0.04197898
-0.02823028
0.07541824
-0.02549987
-0.06210143
-0.04707224
-0.06955811
-0.00631818
0.02365836
0.02899088
0.08411279
0.00595922
0.05541549
0.03008318
-0.08191203
0.01359747
0.03020922
-0.09140026
0.03300263
-0.03063290
0.00651466
0.00476641
-0.00825767
-0.04957113
0.02792841
0.05149840
0.00317403
-0.00149816
0.00562323
-0.01557704
-0.01355623
0.02890863
-0.03971908
0.05346170
0.00570680
-0.08541245
-0.03597086
0.05726596
0.01253698
-0.10726201
-0.01049658
0.06409059
0.02886702
0.04202773
0.01676301
-0.04508069
0.01701293
-0.02963240
-0.04097244
0.01007197
-0.02736214
0.05194760
0.00912142
-0.00236168
0.05512034
-0.00438069
0.05977908
-0.01046045
-0.01278300
0.08271271
-0.04942894
-0.00011490
0.04629090
-0.01871368
0.00628189
0.00358769
-0.04277885
-0.10345171
0.01510311
-0.00716210
-0.01357409
0.01206130
0.01550029
0.02488479
-0.00188594
-0.02548732
0.03324659
-0.03279888
-0.00623934
-0.16054049
0.01522521
-0.00352045
-0.05345379
-0.02681024
0.01986180
-0.01986939
0.02611285
0.06329903
-0.01630874
-0.05007345
-0.08095815
-0.00712008
0.03324360
0.00714716
-0.04668564
-0.04728242
-0.04423540
-0.00146443
0.03350496
0.02795361
0.02746884
-0.02719426
0.01355134
0.03600036
-0.17151996
-0.02325193
0.04546278
0.05309451
0.02781336
0.04627202
-0.05238370
-0.03507939
0.05198517
-0.01560084
-0.01591587
-0.05362544
-0.00866712
0.01574660
-0.03619900
0.00519601
0.01648284
0.03488581
-0.03395373
-0.01905254
0.05173997
-0.04059360
0.06288083
0.01818076
-0.07448925
0.03703678
-0.06294295
0.07439131
0.00245185
-0.02569841
-0.01014651
-0.05385084
0.04034320
-0.01092358
0.06343824
-0.01426619
-0.04691518
0.03482764
0.07188151
0.01479151
-0.05507031
0.00776875
-0.01389604
0.00347507
0.06256621
-0.00305408
0.01823031
0.00129550
-0.04428978
0.06800750
-0.00704376
0.01897881
-0.01009093
-0.01728546
0.01337171
0.01769238
-0.06537483
-0.01232344
-0.06872179
-0.00738141
-0.04524945
-0.02467082
0.02483367
-0.01185700
-0.01252559
-0.04353390
0.05125026
-0.07180152
-0.04897892
-0.00829332
0.02514414
-0.02810036
0.02003044
0.08108528
0.05198282
-0.09319665
-0.00211436
0.06305758
-0.06658575
0.01684337
0.02767922
0.05122313
-0.02764617
-0.05639641
-0.04978924
-0.07830263
0.06269317
0.05153519
0.02463572
0.03782656
0.06653780
-0.00447703
0.03739850
-0.02867126
0.03753616
0.02782909
-0.10092522
-0.02981133
-0.00804136
0.00833610
-0.08212201
0.01671037
0.05886593
-0.00911141
0.01583433
-0.03647977
0.00485086
-0.03058704
0.01665064
0.10375764
0.02579512
0.02365121
-0.03862244
-0.00126076
-0.02031054
0.08785783
-0.06481930
0.00921581
0.01941890
0.01515413
0.01223728
-0.03499978
0.02491594
0.00964103
0.01435269
0.03898086
0.03581224
-0.04868672
0.02082968
-0.02459536
0.04542910
-0.01993202
-0.05517929
0.04346853
0.01503402
0.06070068
-0.02952674
0.01378429
-0.00684183
0.03343126
0.00383208
-0.05673105
0.01120305
-0.00404896
-0.04338725
-0.10254585
-0.02706320
-0.00453855
-0.05161753
0.07912693
-0.00335255
-0.02294097
-0.02725595
-0.01797683
0.09868558
-0.00980434
-0.00441501
0.03331226
-0.04389124
0.07445942
-0.01678299
0.04489185
0.00189470
0.04156490
-0.02415242
0.02526004
0.02206532
-0.09985117
0.02697942
-0.03088219
-0.01089982
-0.06781799
-0.03740404
-0.02634434
-0.00002794
0.04478681
0.06284989
-0.01046843
0.00623014
-0.06668891
0.01027784
-0.07503837
-0.06022690
0.01093649
-0.01040917
-0.00657533
-0.02199589
-0.00443735
0.00334052
-0.07102014
-0.04727324
0.03644563
-0.02665581
-0.04793274
-0.01791202
0.03383688
0.01660128
-0.05084972
-0.00411864
0.00561203
0.02518044
-0.02172982
-0.07176805
0.01409454
0.03150621
0.04148654
-0.00576314
0.04022876
-0.00315424
-0.01034885
-0.00623609
0.03226936
0.01564157
-0.08553186
-0.00081461
0.04603836
-0.01656874
0.00262777
-0.01078621
0.06659304
-0.03884475
0.03039997
-0.00897330
0.02073667
0.03186327
-0.00588626
-0.00546727
0.04930587
-0.05729420
0.00066532
-0.00102068
-0.05579027
-0.14054281
-0.01551632
0.05689095
0.05884531
-0.02817092
0.00559033
-0.01955074
0.01701739
0.01945117
-0.06287915
0.07037441
0.00660056
-0.07486094
0.01659872
0.05115869
0.01203378
0.02958192
-0.02999453
0.02215177
-0.02431830
-0.00245050
0.00825371
0.03284018
-0.02496187
-0.07018370
-0.04999605
-0.04598068
0.02356131
-0.03439170
0.06043547
0.00354347
0.08416420
0.01056388
0.00545264
0.03481942
-0.04825005
-0.01992928
0.05458884
-0.05236983
-0.02471495
0.04125823
0.04108150
0.03090072
0.00242368
0.01595315
-0.00079104
0.00800776
-0.03559383
0.05271476
0.00996477
-0.03146385
0.04938571
-0.01678592
-0.04682468
-0.02905151
-0.00170360
-0.07448702
0.00991150
0.01833084
-0.11914680
0.01122910
-0.03267481
0.07616250
0.04696637
0.00909753
0.01586722
-0.05390078
-0.01206563
-0.03331501
-0.01585934
0.01234623
-0.02370142
-0.02421412
0.00201090
0.09939384
0.02171108
0.05960738
-0.00591842
-0.07066555
-0.05203683
0.08603392
-0.02866763
0.03475378
-0.04189350
0.01441401
-0.08516355
-0.14922161
-0.11899970
-0.05424795
0.00451733
-0.14414528
-0.02943893
-0.04951271
-0.02288534
-0.01528607
0.00950374
0.04443822
-0.02503983
0.06311144
-0.03862412
-0.02180415
-0.00128949
-0.12384228
0.03826134
0.00935924
0.07549597
-0.03536816
0.00331098
0.03800142
-0.00194945
-0.02747108
-0.02543822
0.02844451
0.04087468
0.00588066
0.03775917
0.01608326
-0.00601473
-0.03327265
-0.00848105
-0.04496775
0.02226783
0.00939118
-0.03494985
0.06359224
-0.02681814
0.01150732
0.00929488
-0.03727571
0.00208147
0.06134114
0.04380044
-0.05752850
-0.07645510
0.00845263
0.05033613
0.05706963
0.04527462
-0.02063419
0.03083693
0.00009608
-0.06550325
-0.03204346
0.03161104
0.12504816
-0.00051961
-0.01712458
0.02907178
-0.05922787
-0.09157463
-0.00903908
0.07117976
-0.01017967
