0.00788297
-0.00980185
-0.00745312
0.00148787
-0.00463877
0.01312455
0.00498589
-0.00629541
-0.05143454
0.01759727
-0.00585127
0.00324728
0.01322999
-0.01544203
-0.03332593
0.00863764
-0.02212346
0.03766513
0.07387715
-0.01584053
-0.00629910
-0.01216852
0.02936298
0.05707408
-0.01037351
-0.04248406
-0.02372261
-0.00401369
-0.02322992
0.00007982
0.09559744
0.02611409
-0.00159777
-0.02568989
-0.01096941
-0.03081780
0.01941947
0.03413117
0.04121016
0.06825782
-0.03491364
0.00036081
0.01655133
0.02221536
0.01070042
-0.00549142
-0.02134549
-0.01447607
0.01603996
-0.01086472
0.00370583
-0.02316320
0.09706007
0.02321125
0.00805051
0.00946457
-0.02387970
0.01693450
0.48512283
0.03662379
-0.00387236
-0.00800529
0.02664228
-0.01008746
-0.01564339
0.06291793
-0.01441446
-0.01200299
-0.07740708
0.01623381
0.01452556
-0.03006643
0.00184988
-0.01158700
-0.07125827
0.03589393
0.01951208
-0.04646380
-0.00846819
-0.06462783
-0.00055000
0.01865857
-0.00285395
0.02977502
0.03914507
0.01545027
-0.00973102
-0.01601041
0.00964214
-0.02026930
0.01481897
0.04365730
-0.03458390
-0.02911810
-0.00753209
-0.01207788
0.03560595
-0.00118589
0.04258069
-0.00004722
-0.01038188
0.01939783
-0.01874251
0.00897519
0.01016075
0.01951780
0.06074230
-0.01184941
-0.01293833
-0.00293012
-0.02421732
0.01171208
0.03745762
-0.02914739
0.00715129
-0.00123792
0.02501014
-0.01969122
-0.00984742
-0.00604916
0.00560109
-0.00990671
0.01663890
0.01387367
-0.00496597
0.00363269
-0.04099799
0.01157714
0.00000408
-0.00380145
0.04640142
0.01031399
-0.01240825
0.02005368
-0.03649550
0.00285225
0.07534350
-0.02079496
0.00723733
0.02538356
0.00533533
-0.00053648
0.01536541
0.01299235
0.02129039
0.03840270
0.02728583
-0.01274982
-0.00066713
-0.01673935
0.03004789
0.02034169
0.02468201
0.06603193
0.01125327
-0.02197141
-0.02031872
-0.01587840
0.01888425
-0.01005120
-0.02423880
0.01400155
-0.07496709
0.00338931
0.00434349
0.03649475
-0.03027040
-0.02552923
-0.00756751
-0.01455266
0.00685570
-0.00445982
0.00117854
0.04075476
0.01769442
-0.00630210
0.01315783
0.00174745
-0.03585632
-0.01213194
-0.00769348
-0.00737616
0.00017694
-0.01316338
0.03407153
-0.02264372
0.14763740
0.00759720
0.00477883
-0.01975929
-0.09333484
-0.00639122
-0.00849217
0.02321221
-0.03812082
0.01527358
0.06944852
0.01102532
0.09021117
-0.00237225
-0.08450756
-0.00135153
0.08460084
0.02449440
-0.02084444
0.03456859
0.01453836
0.02860826
-0.01103613
0.00967716
0.00455603
-0.01161062
-0.03942263
0.00830634
-0.03120258
-0.05439236
0.01472648
0.01809129
0.01483933
0.01059906
0.02024089
-0.73060101
-0.00345380
0.02671311
0.00378724
0.00322438
0.06108030
-0.00030685
0.00929627
0.01382796
0.00996599
0.00948665
0.00681400
0.01010567
-0.03273483
0.01888067
0.02929672
0.00183232
0.00901408
-0.01765971
0.02871305
-0.02707761
0.01850006
0.04177471
-0.02660436
-0.00275981
-0.00816336
-0.04572416
-0.00073997
0.04015218
-0.01067506
0.01614461
0.00165072
0.01852482
0.01421848
0.00943248
0.01721926
0.05289251
-0.04602361
0.08385958
-0.09410320
-0.09881862
-0.00612561
0.06126452
0.10603885
-0.03542393
0.03449097
0.02732638
0.03325651
0.13106789
-0.08766132
0.01855603
-0.12581505
0.09398039
-0.10459480
-0.04797363
-0.01880513
0.11795658
-0.15175945
-0.01865343
0.07721288
-0.04573588
-0.07671972
-0.02861102
-0.03587699
0.03653567
-0.01372548
0.04866478
0.02234209
0.09173316
0.02366348
0.15859357
-0.02237244
0.02414220
-0.01521880
-0.01835854
-0.00585569
0.02844465
0.02737415
-0.02680248
0.02734649
0.13566062
0.81515908
-0.00714831
0.08289260
0.12082020
0.08505955
0.06535507
-0.02105496
0.00580648
-0.05380246
-0.15947999
-0.01267623
0.10627944
0.04250249
0.06306134
-0.10050244
0.12879656
-0.02423489
0.02314713
0.01721430
0.02084537
-0.04331912
-0.00803109
0.00605750
-0.04552819
0.02186521
0.00004156
0.00884783
-0.02656334
0.01361153
0.01267631
-0.01316027
0.00168527
0.01323672
-0.03915839
-0.09431263
0.01680874
0.06604952
-0.00263338
-0.09316035
-0.02456980
0.01102226
-0.01942969
-0.05134695
0.05288684
-0.01181217
-0.05464217
-0.03294466
-0.05232956
-0.00779580
-0.01526469
0.04666667
0.06884585
-0.01998567
0.04929087
0.00078423
-0.05145168
-0.00161203
0.03255505
-0.08083381
0.00376604
-0.02940151
0.02619407
0.01513368
-0.02035818
-0.04197415
0.03421021
0.02423688
-0.00848601
-0.01149399
0.02552656
0.01056611
-0.04282252
0.01502091
-0.03596862
0.00394198
0.00257203
-0.05789211
-0.03035065
0.06159265
0.01024554
-0.11237920
-0.02430921
0.09001032
-0.00813430
0.02932612
0.02229369
-0.00167028
-0.02358078
0.00270416
-0.05580067
0.01881342
-0.03899751
0.00317083
-0.03188550
-0.00780695
0.05505392
0.01665194
0.06003918
-0.01859688
0.02174619
0.07608158
-0.02986647
-0.01550679
0.03856033
-0.03774337
0.00688012
-0.01218117
-0.03816699
-0.10280620
0.01165174
-0.02811218
-0.04266660
-0.01695417
0.02465639
-0.00361150
0.00905313
-0.00191321
0.02188687
-0.04415369
-0.00751703
-0.16640471
0.01335206
0.02658024
-0.08985192
-0.03614113
0.02169462
-0.00147521
0.02025914
0.07370846
-0.03167829
-0.02563883
-0.07744719
-0.01521283
0.04988811
-0.01078111
-0.00912704
-0.04285775
-0.02297227
-0.02186182
0.00507760
0.01985068
0.05821162
-0.00285555
-0.00352019
0.03808231
-0.18676381
-0.03284328
0.02625372
0.03603654
0.03367899
0.04972494
-0.05542304
-0.01875659
0.00042465
-0.00590678
0.00288733
-0.07181212
-0.02616909
0.02086147
-0.01382022
-0.03112368
0.03525095
-0.00106276
-0.02777624
-0.01953241
0.04664262
-0.02552658
0.04219872
0.03000404
-0.08513596
0.02098154
-0.05641338
0.04238169
0.02568504
-0.02109817
-0.01569487
-0.05391558
-0.00003830
-0.02213219
0.03923884
-0.03998349
-0.03833625
0.04770390
0.06832147
-0.01052897
-0.05644312
-0.00165003
-0.01418862
0.00507913
0.08587687
-0.01929654
-0.02857057
-0.02576906
-0.05243903
0.06931911
0.02166129
0.00312364
-0.00298915
-0.01040717
0.02084607
0.04027890
-0.03196787
0.00299954
-0.05788378
-0.00798518
-0.07346691
-0.05290306
0.01186226
-0.00526675
0.00233823
-0.03716532
0.02440345
-0.04746525
-0.03601261
0.03217665
0.02545245
-0.01223790
0.02100317
0.09322496
0.06464607
-0.10885358
0.01138191
0.07062331
-0.06617074
0.01817076
0.03613630
0.03276423
-0.03270281
-0.07736746
-0.02529905
-0.02856135
0.05723860
0.03724194
0.01801279
0.01548924
0.06186662
0.01016689
0.03799048
-0.00251226
0.02595397
0.02654403
-0.10447410
-0.03749501
-0.01082539
0.01087494
-0.07181856
0.04510069
0.05478305
-0.02968300
0.01971545
-0.03366178
-0.00735769
-0.02405386
0.00088643
0.06810823
0.02859917
0.02335622
-0.03795188
-0.01140277
-0.01166163
0.06886173
-0.06589718
-0.01706781
0.01933510
0.00638897
0.01050173
-0.02738204
0.03031315
-0.00253297
0.04552362
0.05476617
0.00565742
-0.05738345
-0.01718247
-0.01414763
0.05053329
-0.03483205
-0.03601474
0.05174895
0.02469831
0.06297930
-0.01493159
0.02399867
0.02569942
0.04091373
0.00577909
-0.03770376
-0.00704796
0.01843542
-0.03667651
-0.11561240
-0.03441094
0.00160729
-0.03503790
0.07717627
0.01869995
-0.01354735
-0.04121329
-0.01700263
0.10721003
0.01517701
0.02113822
0.05214835
-0.04414098
0.07397799
-0.04734981
0.03387887
0.01451518
0.03782788
-0.02893034
0.02845174
0.01930962
-0.10232420
0.02633351
-0.03336218
0.00486314
-0.04768134
-0.03564252
-0.00105463
-0.02202942
0.03863051
0.06849787
-0.01896499
0.02192408
-0.04145754
-0.02738707
-0.09994368
-0.04731015
0.01110135
-0.03122278
0.00794300
-0.02544109
0.01426708
-0.00214294
-0.09366175
-0.07424158
0.04488977
-0.03375815
-0.06038231
-0.01521092
0.01997410
0.01342018
-0.06977174
0.01129436
0.01452937
0.01325078
-0.04618040
-0.04112594
0.01874988
-0.00606472
0.03381586
-0.02072665
0.00886632
0.00368681
-0.02265423
-0.02359033
0.01940880
-0.03565107
-0.09173703
-0.00737037
0.02848305
-0.01012323
0.01511677
-0.00996202
0.08410928
-0.07783209
0.02716736
0.00649435
0.02982808
0.01423969
-0.00607043
0.00977185
0.04773487
-0.05804681
-0.00130827
-0.00902187
-0.05021964
-0.09611083
-0.02524050
0.06548811
0.04871039
-0.04951100
-0.00670600
-0.02428942
-0.01331874
0.04932893
-0.03492760
0.06396132
0.00393287
-0.10470614
0.00102187
0.04520091
-0.01293922
0.04944246
-0.00761021
0.00254857
-0.01203462
0.04203071
-0.01112680
0.01383687
-0.02289189
-0.07173797
-0.06915560
-0.02436831
0.04515584
-0.02820713
0.07292934
-0.01258153
0.08244565
0.01812922
-0.02728015
0.04727112
-0.02346911
-0.04725360
0.08655202
-0.06850251
-0.06211114
0.04699677
0.05812109
0.03177241
0.01946000
0.03740561
-0.01820737
0.01071236
-0.03458956
0.04298209
0.02192577
0.00910800
0.06669692
0.00075725
-0.06301275
-0.02546981
0.00560114
-0.04283875
0.03570165
0.00309629
-0.13299289
0.00869786
-0.04177337
0.07177088
0.05259265
-0.01396275
0.00876375
-0.05531915
-0.02050558
-0.03735901
-0.02606608
-0.02147040
-0.00635076
-0.02010270
-0.01386485
0.09243143
-0.00056551
0.01073977
0.00069038
-0.07697054
-0.08678067
0.06986006
-0.03068771
0.03066369
-0.01453745
0.01270805
-0.05198311
-0.14770091
-0.09399416
-0.06189907
0.01944507
-0.15161502
-0.02781441
-0.03870914
-0.02063336
-0.03303669
-0.00691741
0.03226405
-0.02306249
0.00806159
-0.02240039
-0.02516240
0.02995408
-0.11596934
0.04259021
0.01855879
0.07768705
-0.03496049
0.01543046
0.01749772
-0.00555529
-0.02913547
-0.00793994
0.02062117
0.02932187
0.00564118
0.05014274
0.01306580
-0.02520899
-0.02983737
-0.00341874
-0.02612632
0.00836319
-0.01765050
-0.04537624
0.09182190
-0.01750064
0.02468198
0.01587189
-0.02840062
0.00209001
0.06846543
0.02243645
-0.05614453
-0.06108076
-0.01184673
0.01934781
0.00882648
0.03939079
-0.01283605
0.02547283
-0.00527593
-0.05065498
-0.04415627
0.05529397
0.15513594
0.03076888
-0.03618802
0.02277780
-0.08391454
-0.10385896
-0.01956034
0.04836785
-0.00351066
