0.00726970
-0.00143756
0.02125232
0.00573982
0.00951274
-0.01862161
-0.00867310
-0.01046654
-0.05679655
0.00681811
0.02642906
-0.00057542
-0.00082505
-0.01479266
-0.03797368
0.00769428
-0.01357777
0.00921458
0.04332850
0.00366229
-0.00255829
0.02376789
0.03140174
0.05824107
-0.00034994
-0.06084970
0.00512578
-0.01125422
-0.02922884
-0.00658448
0.04922748
0.01950869
0.02112481
-0.01763946
-0.01066973
-0.02332038
0.03794059
0.02218600
0.02204670
0.07247856
-0.00207850
0.01361950
0.06713725
0.03213594
0.01275581
-0.00520075
-0.01931540
0.00112300
0.00886648
0.01301398
0.02013282
-0.00565141
0.09751921
0.01393030
0.01990402
0.01221566
-0.00379573
0.02855655
0.49639830
0.01302286
-0.00612732
0.00670261
0.01619563
-0.03278039
-0.02466258
0.06736137
-0.01504295
-0.00797379
-0.08446900
0.02327597
0.01289930
-0.03460480
-0.02100850
-0.00955252
-0.03230856
0.03830360
0.00783505
-0.05070328
0.01326275
-0.10567125
-0.01646801
0.00471504
-0.00523336
0.01833478
0.02417353
0.01297877
-0.01518244
0.00584665
0.02473949
-0.03772043
0.00070262
0.03798700
-0.03889254
0.00688330
-0.00160987
-0.00074403
0.01635700
-0.02427029
0.03487624
0.01367695
-0.00401777
0.02379886
-0.02625973
-0.00051327
-0.00903050
0.04539914
0.05072436
-0.00691144
-0.00178192
0.01396630
-0.00025387
0.02594957
0.02957047
-0.02003486
0.00294741
0.00903632
-0.00380210
-0.01809162
0.00618575
-0.00077215
0.00561717
-0.00112922
0.03201111
-0.01642542
0.03204501
0.01083191
-0.04721732
-0.00237122
-0.01338851
0.03891660
0.06035749
0.01821027
-0.00165486
0.02036931
-0.02582602
0.01814632
0.08491574
-0.01073668
-0.02092138
0.00589074
-0.00051687
0.01039316
-0.00965362
0.00278114
0.00734663
-0.02998997
0.03174256
-0.01289979
-0.01787967
-0.00887699
0.03615730
0.02024814
-0.00208897
0.06121512
0.01122477
0.01031345
-0.02225015
-0.01058692
0.03739841
0.01614661
-0.04303345
0.02533159
-0.07626757
0.00205521
-0.00312957
0.06748258
-0.01847772
-0.04071197
0.02706042
-0.01027524
0.00165316
-0.00827419
0.00562171
0.00244130
0.02455189
-0.00108952
0.00120759
0.01014324
-0.06262558
0.01081524
-0.00308331
-0.00051462
-0.00502672
-0.01276980
0.03694572
-0.09077223
0.17458677
0.01775404
-0.00039777
-0.00703778
-0.08228941
-0.01729352
-0.00976327
0.04145632
-0.06534656
0.02281751
0.12585375
0.02044184
0.08840377
0.00329185
-0.09484886
0.00092301
0.10698680
0.02997638
-0.01316242
0.01526277
0.00860124
0.00034476
-0.02273925
0.01314646
0.01314148
-0.02495742
-0.03809802
0.01786490
0.01215299
-0.02860161
0.00546488
0.03196160
0.01269679
0.02944708
0.02774229
-0.68339616
0.01799374
0.03456975
0.02336931
0.00824240
0.06984423
-0.00863158
0.03411874
0.02038602
-0.01405024
0.00856440
0.05790531
-0.01370107
-0.02462458
-0.00617332
0.05269211
-0.01876045
0.00689581
-0.01557209
0.01829686
-0.04334323
0.05702485
0.03977331
-0.03079206
-0.02054663
-0.02055793
-0.04892993
0.00134339
0.00113344
-0.01514757
0.01617385
0.01376878
0.02145811
0.01002248
-0.00003683
0.06454831
0.08355436
-0.01900707
0.07200030
-0.07399493
-0.17716026
0.04683525
0.02979191
0.05888843
-0.06752508
0.02424519
0.05481847
-0.02793191
0.09128551
-0.09009221
-0.00701040
-0.11765610
0.04597713
-0.03808739
-0.08513235
0.02475120
0.13573328
-0.18915455
-0.08832487
0.08056648
-0.07467929
-0.03127390
-0.07369344
0.01891361
0.03130838
-0.01115997
0.05241156
0.09788392
0.08186635
-0.03129455
0.15004154
-0.00175299
-0.00628361
-0.01012460
-0.04863399
-0.06241360
-0.01780075
0.01323090
-0.00564569
0.01611293
0.08476041
0.80423826
-0.02708450
0.08515137
0.06542857
0.09649534
0.09932610
0.04593502
-0.00112898
-0.10537905
-0.09730547
-0.00412263
0.03000533
0.03784004
0.06997908
-0.12340911
0.15148692
-0.06209017
-0.01237969
0.03190378
0.01202990
-0.04998590
-0.01092974
0.00637435
-0.05204893
0.00256431
-0.01687346
0.02518270
0.00010225
0.01031203
0.03558254
0.02896294
0.00645047
-0.01152282
-0.03949947
-0.09862866
-0.03444595
0.04974053
0.00414649
-0.12120964
-0.02673486
0.01440860
-0.05070266
-0.04538250
0.05139890
0.01726411
-0.05724419
-0.03442742
-0.04711754
-0.02885702
0.01508256
0.05478501
0.07445855
-0.00949772
0.05593498
0.03200912
-0.08633933
0.03111957
0.03779021
-0.04961900
0.01321506
-0.04434320
0.02238767
0.00659394
-0.01329741
-0.05686270
0.02126016
-0.00417234
-0.01338333
0.01844660
0.03625378
-0.03730684
-0.01314046
0.04777342
-0.06112192
-0.01804240
-0.01928176
-0.08030027
-0.03423995
0.04298365
-0.00493673
-0.09655657
-0.00498222
0.09633678
-0.01009849
0.03091709
0.02008533
-0.01295844
0.04997503
0.00637662
-0.02642486
0.01517333
-0.05762373
0.01488028
-0.02129940
0.01642843
0.02670990
0.02973022
0.04085953
-0.00544955
-0.00922768
0.03449887
-0.05891663
-0.01505047
0.06219929
-0.06162693
-0.02951813
0.00215997
-0.02583513
-0.10316622
0.00829600
-0.05635643
-0.04351525
0.01501694
-0.03863341
0.01762282
0.00162123
-0.03622274
0.01551587
-0.03023026
0.00255213
-0.16487680
0.02157287
-0.00777244
-0.07231499
-0.04309294
-0.07294355
0.02027738
0.04457337
0.09731425
-0.07219333
-0.04389568
-0.10809200
-0.01793006
0.01734905
-0.01831853
-0.03916774
-0.03845697
-0.01798756
-0.02009671
0.03099456
0.04203653
0.03361371
-0.02841912
0.03777881
0.00319227
-0.18589503
-0.03261784
0.02671188
0.04551345
0.01962421
0.08494303
-0.04244752
-0.00887040
0.01919709
0.00900479
-0.00680757
-0.01625129
-0.05124301
-0.01964136
-0.03323631
-0.01692455
0.00873719
0.03723635
-0.04370729
-0.00170381
0.07044664
-0.06154744
0.07044951
0.05582903
-0.05486703
0.04532846
-0.05746491
0.09361949
-0.00221732
-0.05108386
-0.01481936
-0.02739619
0.05052111
-0.03499046
0.01157454
-0.02902691
-0.02464035
0.01546905
0.05510230
0.02455068
-0.07070933
0.02889225
-0.01392819
0.01359484
0.03784683
0.00888032
0.03396677
-0.01240701
-0.08539104
0.03631943
0.00179010
-0.00874103
0.01153389
-0.00273073
0.02774261
0.03982098
-0.04726804
-0.03919482
-0.05596345
-0.01142640
-0.09881797
-0.04594751
0.06036152
-0.00397985
0.00782599
-0.03762427
0.00114637
-0.05803986
-0.06950556
0.00087360
0.03565878
-0.01492238
0.01605530
0.06667582
0.07990470
-0.04825746
0.02337837
0.06439310
-0.09295764
0.03031863
-0.00568398
0.01832475
-0.04892895
-0.05090738
-0.03220746
-0.09022084
0.05722041
0.06235640
0.04116729
0.02323402
0.03786992
-0.00409524
0.01388953
-0.04548321
-0.00958997
0.02297636
-0.05776553
-0.02850967
0.02860126
0.03952102
-0.06930132
0.02545269
0.06303535
-0.02080311
0.06545755
-0.03616259
0.00180729
-0.00633939
-0.00970032
0.08546282
0.02615021
0.02790795
-0.02363758
-0.00425073
-0.02140911
0.06414615
-0.07641327
0.01677879
0.00144105
-0.01442544
0.01140981
-0.03383997
0.02568916
0.00871221
0.02460294
0.03541588
0.01992951
-0.05216091
-0.00258233
-0.03008656
0.04178319
-0.03737226
-0.06037743
0.03744449
0.02479812
0.05245293
-0.00500093
0.01368244
0.01890174
0.02321302
0.02131851
-0.03039952
-0.01759756
-0.00271763
-0.02265412
-0.09132390
-0.00373622
0.04724188
-0.06154048
0.05951755
-0.01712501
-0.01732033
-0.04713953
-0.02687778
0.04499622
-0.00094792
0.00721495
0.01362058
0.00156606
0.06219339
-0.02411215
-0.00027549
-0.00170060
0.04014831
-0.04357488
0.03206460
0.02274338
-0.09553438
0.02588749
-0.01823887
-0.02445837
-0.03319666
-0.05207362
-0.00475983
-0.01274946
0.02434164
0.04147499
-0.00453892
0.01762705
-0.06303044
0.01810773
-0.06328563
-0.06042420
-0.00972557
0.01826445
-0.00302440
-0.02304445
-0.00061301
0.01702420
-0.05278838
-0.06055997
0.02739501
-0.03105892
-0.07956073
-0.02578773
0.03492409
0.00621065
-0.07935931
0.00197199
0.00972225
0.02715207
-0.01313365
-0.04302222
0.00098460
0.01909114
0.07641520
-0.04988280
0.01675370
0.01186755
-0.04184344
0.00861335
0.04291958
-0.02367034
-0.04774966
0.00379360
0.04554234
-0.04763152
0.01702805
-0.02728080
0.11433189
-0.02892371
0.02956198
0.00067293
0.00471460
0.01578521
0.03646747
0.00526150
0.05122103
-0.02000446
0.00132220
-0.02040667
-0.06152765
-0.09975198
-0.00626373
0.04907833
0.07167873
-0.05906606
-0.01315127
-0.02922091
0.04716039
0.04179556
-0.04544283
0.07507980
-0.01197266
-0.05875564
0.06078820
0.03627815
0.05046786
0.03754377
-0.02305871
0.00588209
-0.02922008
0.01362686
-0.02270590
0.02680131
0.02409386
-0.05772861
-0.07097864
-0.03610706
0.03873828
-0.01253077
0.05614028
0.01975277
0.08044824
0.03487693
0.00180590
0.04617029
-0.04097329
-0.00935449
0.03535705
-0.05580015
-0.09479443
0.03238886
0.05921770
0.01485846
0.01945221
0.01340694
-0.04093453
-0.02713820
-0.05873431
0.03480795
-0.00610819
-0.01445696
0.05323851
-0.02001786
-0.04222210
-0.02198984
-0.04623093
-0.05104584
0.01158570
-0.01514938
-0.08679734
0.00354162
-0.04507829
0.07855849
0.02780710
0.00866264
0.02095918
-0.06849541
-0.00731573
-0.02103759
-0.00140302
-0.02110492
-0.04087096
-0.02723934
0.00515705
0.08370233
0.04078025
-0.00140282
0.00259272
-0.04734529
-0.04966805
0.09889613
-0.01129440
0.00350146
-0.03807253
0.02704517
-0.07489859
-0.15622647
-0.08639954
-0.03725576
0.01297122
-0.13749160
-0.04446278
0.00083665
-0.04952360
0.01551927
-0.02397745
0.02282840
-0.02358205
0.05566855
-0.07444166
-0.03068916
-0.01021425
-0.04468727
-0.00579222
0.03799394
0.02799003
-0.04636823
0.02061924
0.03433822
-0.02394495
-0.03569467
-0.04451061
0.04018002
0.01221072
0.03795841
0.04634188
0.01546704
-0.02393680
-0.03438769
-0.02811380
-0.01631903
0.00631908
-0.00545600
-0.02007025
0.06435955
-0.05430971
0.02759445
-0.00549219
-0.01671472
-0.00443256
0.06136702
0.02110145
-0.02280296
-0.05657559
0.00287090
0.04520267
0.04835197
0.04205560
-0.00762406
0.03132626
-0.00572298
-0.07273632
-0.02437348
0.06986124
0.15124485
0.03251405
-0.04708145
0.03090963
-0.04723364
-0.08686227
-0.02894829
0.05878179
-0.00280977
