-0.01329212
-0.00287034
0.00208772
0.01519134
-0.00637213
0.00587450
-0.00006403
-0.01104349
-0.03456337
0.02034822
0.00442184
-0.00234221
0.02538515
-0.01322599
-0.03669183
0.01519496
-0.02496506
0.03542154
0.06371406
-0.01848895
-0.00232014
-0.00594192
0.04726737
0.07014816
-0.00401733
-0.06385606
-0.02086147
-0.00194703
-0.01435143
-0.00269407
0.07676690
0.01895401
0.01431918
-0.03050336
-0.01912859
-0.02555309
0.02838685
0.02998939
0.03748631
0.07011759
-0.01688017
0.01819461
0.06253163
0.02506627
0.02215448
-0.00980421
-0.03293408
-0.01499000
0.00164511
0.00800610
0.01991309
-0.00220982
0.10513979
0.02260821
0.01958871
0.02536258
-0.01058229
0.02962227
0.48249900
0.03868476
-0.00575658
0.00804689
0.00350693
-0.01949331
-0.01338273
0.06615543
0.00151523
-0.01224415
-0.09061693
0.00721893
0.00657791
-0.03279071
-0.01298797
-0.01114574
-0.05672590
0.04059345
0.02055489
-0.04880930
-0.00657505
-0.11944883
-0.00650624
0.00793986
-0.00292613
0.01333883
0.04005449
0.01018191
-0.02190732
-0.00857523
0.02532226
-0.04198884
-0.00347100
0.03115232
-0.04210744
-0.01611638
0.00274608
-0.00261395
0.02892697
-0.01955683
0.04624451
0.02212095
-0.01990171
0.02097292
-0.01828649
0.00263567
-0.00325887
0.04869108
0.06213957
-0.00578172
-0.00384243
0.01558278
-0.02282744
0.01690581
0.04738420
-0.02415629
0.01229985
0.00894888
0.03163078
-0.01824608
-0.00555190
-0.00391894
0.01509899
-0.00348061
0.02036678
0.00928538
0.00550851
0.00169751
-0.05864132
0.00667923
-0.00320387
0.01691938
0.06198990
0.01817144
0.00124736
0.01526988
-0.03651777
0.01608016
0.09734591
-0.03745599
-0.00789052
0.02027977
-0.00529651
0.00034341
0.00805571
0.01534513
0.02072130
-0.01225695
0.03296043
-0.00944978
-0.00208169
-0.00091140
0.04393190
0.01039036
0.01700051
0.07032584
0.01018184
-0.00827566
-0.01417845
-0.03368035
0.03373160
0.01468141
-0.03729018
0.03193451
-0.08583488
-0.00035036
-0.00752417
0.05597905
-0.01822422
-0.03913298
0.01069912
-0.00936295
0.00716441
-0.00715842
0.00550870
0.03066836
0.02777679
0.00263220
0.00811655
0.00000794
-0.04385416
-0.00488599
0.01159059
-0.00509869
-0.00435516
-0.01396417
0.04645094
-0.07741465
0.20036715
0.01987146
-0.00162636
-0.02406376
-0.09317958
-0.02157796
-0.00880519
0.03751852
-0.06265069
0.00463027
0.09443441
0.01564034
0.09184673
0.00994099
-0.10683759
-0.01019679
0.12076481
0.03451237
-0.01047295
0.02404119
0.01670543
0.01510864
-0.01341479
0.02296256
0.00057341
-0.01837832
-0.04248921
0.00973593
-0.01131068
-0.05541178
0.01539962
0.02716829
0.01203853
0.02615101
0.02405104
-0.66597843
0.01240178
0.03059749
0.01783330
0.01111994
0.07814905
-0.00033488
0.02320862
0.01639456
-0.00003819
0.01937774
0.03670852
0.00239965
-0.03249660
0.00632464
0.04628043
-0.01354669
0.01000606
-0.02236236
0.02132189
-0.04901607
0.04753537
0.04186245
-0.02094849
-0.01981940
-0.01243003
-0.05984511
0.01086932
0.02962950
-0.00943321
0.02407201
0.00064892
0.02388205
0.01683922
-0.00000620
0.02725657
0.08764752
-0.00626372
0.11211447
-0.10338467
-0.09586132
0.02288466
0.04271393
0.05061233
-0.05114041
0.03278790
0.10737734
-0.02197413
0.13286801
-0.08762467
0.00319476
-0.09308863
0.03405090
-0.09242478
-0.06701579
0.02308974
0.13914368
-0.19999023
-0.05732541
0.07823357
-0.07726367
-0.08464031
-0.03013027
-0.02018046
0.04148178
-0.09108187
-0.00534567
0.02110606
0.12116755
-0.00583149
0.14822350
0.01227796
0.01199051
-0.04987215
-0.00697444
-0.04198764
0.05711005
0.03423345
-0.01997799
-0.06655889
0.09358630
0.79464740
-0.02854145
0.07531683
0.12782377
0.05110433
0.05345389
0.02597289
-0.03538036
-0.09023851
-0.14838707
-0.06484121
0.07885384
0.03618626
0.10622812
-0.08066936
0.11811543
-0.03591063
0.01122113
0.00818255
-0.00172807
-0.04489984
-0.05166714
0.05190279
-0.02868459
0.00497616
-0.03394370
0.00886457
-0.02476960
-0.02197296
0.03904973
0.01601444
0.03123125
0.01793581
-0.04442623
-0.09646172
-0.01376911
0.07057156
0.00694183
-0.09027890
-0.03974348
-0.00148591
-0.03379305
-0.00225217
0.10509825
-0.00776877
-0.04863067
-0.04751227
-0.07908766
0.01662811
0.02185480
0.02667676
0.09509841
0.01782113
0.07260373
0.02785866
-0.05160208
0.04263264
0.02005847
-0.09340014
0.03909766
-0.02812223
0.00824950
0.02157182
-0.01570758
-0.05324987
-0.00130649
0.01635930
-0.02601491
0.00245474
-0.00779432
-0.02439697
-0.01923543
0.05001767
-0.04231631
0.05485010
-0.01315393
-0.09293310
-0.02623443
0.05773831
0.00606700
-0.13180773
-0.01171585
0.06720798
0.03738455
0.02770574
-0.00262984
-0.05327106
0.01082573
-0.01535674
-0.02790236
0.05333684
-0.03988296
0.00268842
-0.00775891
-0.00468024
0.03147748
0.00213342
0.00919610
0.00255634
-0.03607533
0.07805381
-0.04973678
0.00656802
0.09337166
-0.01153052
0.02514985
0.00105442
-0.02974398
-0.09046043
0.00504505
-0.00775746
-0.01048080
0.00899992
0.01403360
-0.00496353
0.00023139
-0.01272544
-0.00131857
-0.00082105
0.01013471
-0.15776990
0.00425508
-0.02864195
-0.03874226
-0.01986796
-0.00176683
-0.04084936
0.03162510
0.05856540
-0.04144531
-0.04367449
-0.07298705
-0.01539048
0.00479420
-0.00803132
-0.06632476
-0.05343679
-0.04630963
-0.02626021
0.02660510
0.03580085
0.00534888
-0.04419794
0.03865683
0.06070275
-0.15705657
-0.01798041
0.05926219
0.03054901
0.00184494
0.06884682
-0.04094316
-0.01393491
0.04120061
-0.00356468
-0.02803373
-0.06780379
0.01659493
0.06123410
-0.03938295
0.01480541
0.01343925
0.02814873
-0.00837556
0.00074221
0.05567916
-0.02981756
0.04668027
-0.00060574
-0.09102155
0.05441318
-0.07756786
0.05984877
-0.00817414
-0.01647032
-0.05382029
-0.05422662
0.02270611
-0.00901197
0.05505525
-0.03027269
-0.00690237
0.01891120
0.07682448
-0.00825069
-0.04069367
-0.00096998
-0.05763293
0.02181793
0.03342071
-0.02038446
0.03501693
0.01393547
-0.04434548
0.03812618
0.02794789
0.01180291
-0.00389523
-0.00845340
-0.00322683
0.00302761
-0.01758285
-0.01572004
-0.04009541
-0.00753155
-0.06229931
-0.03218042
0.05432698
0.01530857
0.02872393
-0.05601401
0.05067544
-0.07170917
-0.07052109
0.00073346
0.00450250
-0.01319032
0.00202595
0.05953522
0.05321211
-0.08856402
-0.00792469
0.04925071
-0.06434721
0.01603650
0.02951033
0.03956480
-0.01615153
-0.02727542
-0.04282927
-0.11750334
0.06024654
0.03953135
0.00613544
0.02539313
0.02264490
-0.02539137
0.02149114
-0.02071191
0.01450625
0.01261000
-0.07520549
-0.03725102
0.00633356
0.01642917
-0.09560905
0.03536279
0.04578430
-0.00638577
0.05352294
-0.04814491
0.00519455
-0.02896106
0.00198257
0.10615338
0.00908223
0.00137321
-0.03463456
-0.01775077
-0.04101837
0.10586306
-0.01838166
-0.00624501
0.02525377
0.00131744
0.02884270
-0.03844096
0.03250005
-0.01287082
0.02091716
0.02649772
0.04456092
-0.03888835
0.02465740
-0.05601027
0.05849534
-0.01866554
-0.04019826
0.02692159
0.03007494
0.06264260
-0.04066168
0.03085928
-0.04412345
0.03216486
0.00378744
-0.04045583
0.01798057
-0.01232180
-0.03480043
-0.08001089
0.00004207
-0.03420949
-0.04431523
0.09295772
0.01080227
-0.01406688
-0.01755284
0.00986694
0.08973272
-0.01960658
0.02188571
-0.00889722
-0.02828585
0.06568723
-0.00534680
0.02438952
-0.01502213
0.04649623
-0.02570624
-0.00261409
0.00274393
-0.10503356
0.05693094
-0.02134784
-0.00670983
-0.04537030
-0.03908383
-0.01916835
0.00991062
0.01686833
0.07952383
-0.02727521
0.00824794
-0.03828655
-0.00456146
-0.07228793
-0.05036647
-0.00200374
-0.03144365
0.01223927
-0.02531678
-0.00137182
0.00093899
-0.02975160
-0.03042096
0.03582449
-0.00194584
-0.03980780
-0.02503320
0.03566017
0.00241932
-0.04847984
-0.00818288
-0.02915245
0.01354943
-0.01922675
-0.06243352
0.01402217
-0.01503491
0.03989692
-0.00582916
0.02277754
-0.01594250
-0.03118844
-0.00071869
-0.00508672
-0.01212802
-0.06521794
0.00853708
0.03556973
-0.01451147
0.00094086
-0.04163871
0.11639688
-0.02604108
0.01166719
-0.02069214
0.01441184
0.02256242
-0.00283565
0.01501326
0.05159818
-0.05158061
-0.01960823
-0.00653480
-0.04765657
-0.14602087
0.01510638
0.03804005
0.07028125
-0.03912554
0.03184653
-0.05000778
0.02242518
0.01754559
-0.06842571
0.07741226
0.01610096
-0.06161340
0.01320225
0.02316968
0.00798558
0.05024625
-0.03621875
0.03405287
-0.01523605
0.00841766
0.01955155
0.04691146
-0.04237682
-0.09137855
-0.04276254
-0.00085555
0.01782679
-0.03406441
0.06126560
0.00796726
0.02965735
0.00082057
0.03133019
0.05210648
-0.05885040
-0.02877330
0.03416818
-0.08625662
0.00344920
0.04104945
0.02223427
-0.00439890
-0.01459047
0.01056189
-0.00965448
0.01064716
-0.03738367
0.07058680
0.00040057
-0.03527610
0.03320912
-0.02785951
-0.06294902
-0.02127209
0.00806231
-0.07760864
-0.00815399
0.00568617
-0.09676058
0.00619521
-0.00981754
0.08206450
0.06150833
0.00863156
0.03574407
-0.05388376
-0.00606619
-0.06386780
-0.03142015
-0.00313591
-0.04603674
-0.02322917
0.01186213
0.11490341
0.05490005
0.10846933
-0.00833066
-0.08436840
-0.03017979
0.08981470
-0.01833109
0.05905243
-0.05537773
0.02996048
-0.08558172
-0.14243023
-0.11449484
-0.02949561
-0.00336166
-0.14512788
-0.02432003
-0.04608668
-0.00092289
-0.02195150
0.00835216
0.02524223
-0.05250647
0.02899861
-0.06177957
-0.03055279
-0.01714439
-0.10348409
0.02077458
0.04980731
0.05749606
-0.01950550
0.02345049
0.02740236
0.00523757
-0.00924106
-0.01900919
0.03146403
0.02813228
0.03255548
0.04146552
0.03119654
-0.00747739
-0.02166214
-0.00494686
-0.03609800
0.01627086
-0.01683285
0.00134907
0.05190484
-0.01760238
0.01514432
0.01064875
-0.01740352
-0.00458734
0.04913020
0.03836353
-0.07420313
-0.05137688
0.00855269
0.04101723
0.06283282
0.03755606
-0.02295883
0.01754673
-0.01975313
-0.05559091
-0.03876963
0.01089540
0.10793722
0.00238937
-0.02367105
0.01612969
-0.03910307
-0.11124249
0.02138796
0.07554843
-0.00890684
