-0.00857103
-0.02210930
-0.02401028
0.01298850
-0.02102735
0.01134069
0.01193247
-0.03107138
-0.04561892
0.04642855
-0.02862956
0.00755693
0.04144515
-0.01922413
-0.04703222
0.01005722
-0.04799144
0.05294222
0.12850146
-0.02332830
-0.01360706
-0.01295083
0.05228814
0.06551551
-0.01518359
-0.05103071
-0.03887840
-0.00025837
-0.02090875
-0.00674772
0.13196486
0.01544008
-0.00477640
-0.03892550
-0.01440320
-0.01659775
0.03407894
0.04966531
0.04330859
0.06363551
-0.05373596
-0.00420600
0.00716651
0.01914157
0.02241916
-0.02005256
-0.05161961
-0.02099583
0.03279459
-0.00870001
0.00464894
-0.00211848
0.11719707
0.03958822
-0.00483167
0.02111930
-0.03246706
0.01388774
0.43838796
0.06541027
0.00190310
-0.00501319
0.02068349
-0.02133230
-0.01002382
0.06224354
0.00115917
-0.02804798
-0.06492993
0.01734633
0.02008561
-0.05191591
-0.00521132
-0.01655369
-0.06474628
0.04028536
0.00759956
-0.05800423
0.00264007
-0.06529754
0.00143917
0.02810257
-0.00111138
0.03802301
0.04269591
0.03576497
-0.02189787
-0.00854321
0.03063611
-0.02730855
0.02275703
0.02833128
-0.02054865
-0.01959574
-0.01761012
-0.02491631
0.05627237
-0.00147103
0.08182080
0.01760023
-0.04153163
0.02086251
-0.03856587
0.01034332
0.01120820
0.02135235
0.08136646
-0.02111550
-0.00133716
-0.00144109
-0.04859849
-0.00396070
0.03513468
-0.06165485
0.02325848
-0.00812871
0.04273115
-0.02803062
-0.03242002
-0.01498426
0.01665475
-0.02119293
0.02077076
0.03284335
-0.01068298
0.00983998
-0.04564184
0.01583928
0.00234085
-0.00576407
0.02988206
-0.01394558
-0.02459041
0.01427518
-0.04932747
0.02921215
0.07733349
-0.05441909
-0.00858561
0.02893949
-0.02480871
0.00650223
0.00389365
0.00462850
0.01135462
0.05825830
0.03687564
-0.03090330
0.00609133
-0.01417105
0.06409115
0.00893760
0.03296055
0.08138728
0.02348893
-0.01052045
-0.03850226
-0.03083828
0.01899612
-0.01297124
-0.04071784
0.01095423
-0.06585936
0.00073129
-0.00193088
0.06223731
0.00106021
-0.04561353
0.00837032
0.00106687
0.02524663
-0.01822367
-0.00302327
0.05963836
0.03373668
0.01761218
0.01387096
0.00531107
-0.03535102
-0.01937813
0.00733800
-0.00753280
0.00806338
0.00145544
0.05262118
-0.01584287
0.18571863
0.00830147
-0.00458825
-0.02906968
-0.09877456
0.00831772
-0.00464829
0.02205241
-0.05820699
0.00156657
0.05643782
0.01630688
0.10968592
0.01031701
-0.07639139
-0.00444343
0.11154856
0.02246959
-0.03175403
0.02154082
0.02864104
0.02437769
-0.01247377
0.01193441
-0.01221798
-0.02664130
-0.05317307
0.01766154
-0.05589429
-0.08875776
0.02899574
0.03356729
0.01327984
0.01450353
0.02464353
-0.66277355
-0.02930409
0.01058699
0.02128708
0.00254576
0.06626832
-0.00834067
0.02162828
-0.00043140
0.00006085
0.02664209
0.02749352
0.01879711
-0.03654233
0.01741537
0.01472249
0.00308178
0.01365258
-0.01104378
0.03964746
-0.02566634
-0.00729714
0.02650266
-0.02273701
0.00905255
-0.00069875
-0.06217329
0.01711220
0.02637163
-0.01610685
0.03296927
0.00810662
0.03121711
0.00634308
0.01380736
0.03549705
0.14282824
-0.10198157
0.10879537
-0.07490766
-0.10795125
-0.06408513
0.04122021
0.01912139
0.02208866
-0.02449919
0.12455291
0.05627724
0.05303510
-0.08377423
0.00978302
-0.07457214
-0.00064381
-0.04508239
-0.07182216
0.01273359
0.16510555
-0.19614470
-0.21165508
0.01292045
0.00728061
-0.08778632
-0.10087062
-0.06597251
-0.01421663
0.01880323
0.00311739
0.12283901
-0.00173141
-0.03110531
0.09173329
-0.06710427
-0.04189542
-0.04353582
0.03706293
0.03685361
0.11482758
-0.04190290
0.00226023
-0.04935909
-0.04363683
0.80048937
-0.12518974
0.03589547
0.00255029
-0.00090163
0.06137294
-0.03694560
0.07244538
-0.02207628
-0.07686875
0.03156012
0.07760860
-0.03578010
0.05403556
-0.00477173
0.08045735
-0.08148567
0.05456956
0.01436642
-0.00950344
-0.05646506
-0.05205882
0.03812338
-0.02709216
0.01404120
-0.02115637
0.01621926
-0.02271000
-0.00838347
0.03603145
0.02685480
0.04552775
0.00956645
-0.03044944
-0.10837371
0.00581835
0.07833829
0.01152752
-0.06978454
-0.02103443
0.02468711
-0.01142786
-0.02381283
0.08333527
-0.02281905
-0.05622770
-0.04364385
-0.08157904
0.03121225
0.01621381
0.03958864
0.08898102
0.02374370
0.05596753
0.03055336
-0.07157741
0.04273063
0.01839712
-0.08974896
0.05734003
-0.03785193
0.03032548
0.02159383
-0.02455067
-0.04130471
0.01460487
0.03786823
-0.02613856
0.00462669
-0.02058115
-0.02434095
0.00725001
0.05855125
-0.05118833
-0.00304941
0.01049164
-0.09234471
-0.04658038
0.03393305
0.01256455
-0.09728393
0.01789535
0.05939936
0.04519175
0.04161097
0.03547599
-0.00493854
-0.00592273
-0.02494335
-0.04999770
0.04647038
-0.03894833
0.00479337
-0.02716380
-0.05671654
0.01899498
0.02335487
0.05860230
-0.00145695
-0.01724349
0.04657853
-0.04078700
0.01706304
0.07963140
-0.03238697
0.01467471
-0.00426215
-0.06198439
-0.07748443
0.01583325
-0.03235788
-0.00528461
0.01315059
0.01258032
-0.01561156
0.01136320
0.00989951
-0.00058433
-0.01566943
-0.00968508
-0.15679662
-0.02083792
0.01673638
-0.05327916
-0.05449283
-0.00581982
-0.03717938
0.03746116
0.08310546
-0.07032681
-0.04268647
-0.08561345
-0.01197992
0.02679013
-0.01155769
-0.01409984
-0.03736686
-0.05942557
-0.00784261
0.01811464
0.02024797
0.02763988
-0.03562734
0.02146068
0.04722114
-0.11871812
-0.02860143
0.08766998
0.01760178
0.00575085
0.06770966
-0.05835251
-0.03129813
0.03349252
-0.00464676
-0.02977294
-0.09481642
-0.01447960
0.05082360
-0.04095190
0.00533673
-0.00278943
0.03924214
-0.03844079
-0.01301602
0.06579512
-0.04272515
0.03482424
0.01115732
-0.06697869
0.02953338
-0.09520382
0.04292184
0.01249857
-0.03629223
-0.03421681
-0.04070364
0.05404114
-0.00807803
0.06078662
0.00950447
-0.02037113
-0.00573538
0.06468609
-0.00322139
-0.06028339
-0.03192930
-0.02210885
0.01056506
0.05154651
-0.02410038
0.01640860
0.00625172
-0.04070237
0.05906326
0.01544721
0.03201365
0.01436369
-0.02304257
0.00508628
0.02261668
-0.04419826
0.01544949
-0.02465158
-0.03643702
-0.06767833
-0.05495735
0.04552522
0.00442045
-0.01680546
-0.05616149
0.02623440
-0.05694338
-0.06266725
0.01812547
-0.02420585
-0.00502304
0.00276995
0.06453103
0.04504968
-0.06611242
0.01222226
0.03077432
-0.04916250
-0.01676629
0.07622949
0.05217624
-0.01971756
-0.02597465
-0.04252025
-0.09448935
0.05309476
0.05481298
0.01399011
0.00503658
0.02288996
-0.02544117
0.03733456
-0.03768101
0.00773517
0.00656999
-0.09014364
-0.06898078
-0.00680561
0.01784052
-0.08755077
0.03232615
0.02782045
-0.03161669
0.06883540
-0.03279058
0.01354408
-0.02369127
-0.00140027
0.11030520
0.01248863
0.01871740
-0.07755536
-0.00331186
-0.04238471
0.12366989
-0.05594255
-0.00065704
0.05619822
-0.00598124
0.04822890
-0.02186026
0.03247207
0.00691916
0.04588399
0.04731688
0.03317895
-0.06351743
0.00846562
-0.05318113
0.04744811
-0.02729616
-0.04809692
0.03078575
0.03222148
0.07249913
-0.04728536
0.03377047
-0.01180596
0.04470241
-0.01068282
-0.04587028
0.00977803
0.00852031
-0.04206906
-0.08182497
-0.02019603
-0.04718965
-0.03301063
0.07489534
-0.01017367
-0.01507565
-0.02003290
-0.00034464
0.08849107
-0.01786446
0.01382966
0.00183513
-0.05002156
0.05822561
-0.02621126
0.02366774
-0.02348340
0.03018351
0.00410316
0.00642693
-0.00061128
-0.06205191
0.02943842
-0.04170509
-0.01120570
-0.01767624
-0.04434700
-0.04836604
0.01626610
0.01072792
0.08490475
-0.03248745
-0.01869126
-0.05526743
0.01493611
-0.09575567
-0.03062069
0.02020091
-0.04767927
-0.00451934
-0.00041276
-0.01177985
0.01592785
-0.04919727
-0.05053129
0.02036279
-0.01368627
-0.02958341
-0.01206169
0.06301387
0.00715461
-0.04951036
0.00744913
-0.01404637
-0.00497311
-0.02095471
-0.06316791
-0.01559050
0.01453440
0.05670165
-0.01461859
0.00499162
0.02347415
-0.03878945
-0.01593633
-0.00684201
-0.02959790
-0.08968361
-0.03037707
0.03282218
-0.02007164
0.01037087
-0.04013586
0.10299113
-0.00145225
0.02052357
-0.01831468
0.01240707
0.02081347
0.00334974
-0.00272830
0.04845901
-0.05744972
-0.01362351
-0.00159082
-0.04305376
-0.12751436
-0.01592246
0.03297099
0.07732487
-0.04082052
0.04237690
-0.06683179
0.02216149
0.02486758
-0.05560722
0.07398616
-0.00339389
-0.06175230
-0.01140356
0.03217037
0.00756830
0.05398818
-0.02794578
0.04663752
-0.02785463
0.02478344
0.00479805
0.01785397
-0.03959239
-0.06004604
-0.06953024
-0.01270116
0.01569084
-0.05642254
0.07358927
-0.01428539
0.02021635
0.01195096
0.02100009
0.05502070
-0.05590399
-0.02945177
0.04011083
-0.07096328
-0.04570136
0.06326129
0.04730514
-0.03031600
-0.00584319
0.03070921
-0.02360099
0.01325653
-0.01510807
0.05303723
-0.00804424
-0.02146555
0.02724864
-0.01861312
-0.09453411
-0.01533797
0.04097193
-0.06073931
-0.00102649
-0.01343384
-0.10801190
-0.00090708
-0.01757241
0.09411760
0.05189662
-0.00111256
0.03159614
-0.04103873
-0.01282639
-0.06266207
-0.02604176
0.01056559
-0.01564769
-0.07577919
0.00761332
0.07670005
0.02608391
0.09579433
-0.00780857
-0.06081073
-0.05372959
0.09885773
-0.00786838
0.05979556
-0.02306330
0.03539646
-0.06978199
-0.11112556
-0.11379350
-0.01487140
0.00411041
-0.07677319
-0.06622171
-0.04275049
0.03981433
-0.01957072
-0.00852984
0.05420352
-0.03629293
0.03680605
-0.08106803
0.00476088
-0.00511660
-0.09047728
0.01439905
0.03170399
0.07997900
-0.04107178
0.00650277
0.00724088
0.03441932
-0.02915183
-0.01879970
0.03211461
0.01954023
0.01944005
0.02624514
0.01064053
-0.02597478
-0.02023461
0.00065522
-0.01660351
-0.00215282
-0.01936418
-0.01778981
0.02648818
-0.02069684
0.01521834
0.03260240
0.00544982
-0.01743628
0.06360360
0.03847380
-0.07121289
-0.05000106
-0.01185434
0.03638522
0.06908877
0.04977580
0.01657488
0.02002910
-0.03036948
-0.05228071
-0.03824062
0.04806652
0.07893749
0.03643291
-0.04585451
0.00548430
-0.04966339
-0.11733240
0.04048387
0.07721215
-0.00866535
