-0.00420344
0.01400254
0.00564019
0.02771706
-0.00181643
-0.01553383
0.00326640
-0.00285169
-0.03516342
0.02986614
0.00098084
-0.00951078
0.02629325
-0.02241760
-0.03867333
0.02232643
-0.03222618
0.03004948
0.06484666
-0.01626118
-0.00925503
-0.02545219
0.05702498
0.08622836
-0.00552223
-0.07724018
-0.01716366
0.00448223
-0.02032097
0.00707705
0.11064579
0.02440013
0.01317041
-0.01296244
-0.02867769
-0.04339199
0.02760916
0.03679443
0.03081110
0.09834569
-0.02397040
0.02933680
0.06329936
0.03809576
0.01685086
-0.01251450
-0.01516236
-0.00182553
0.01222860
-0.00640181
0.02706373
-0.00751769
0.12238504
0.03084040
0.02626382
0.03174479
-0.03239670
0.03852346
0.45438859
0.02545323
-0.00109711
-0.01435963
-0.00406208
-0.00500137
-0.01344456
0.05856248
-0.00370720
-0.01806712
-0.09632438
-0.00054503
0.02813067
-0.03337243
0.00100968
-0.01045578
-0.06736974
0.05117325
0.03518803
-0.05119258
-0.01373955
-0.08369099
-0.00737183
0.00971724
-0.00496942
0.00849564
0.03090118
0.00826373
-0.01675429
-0.00090986
0.02440933
-0.05025183
0.00965959
0.03079812
-0.06170834
-0.02507779
0.00172733
-0.01001510
0.02826353
-0.01346167
0.05034815
0.00925062
-0.01971532
0.02688955
-0.01622591
0.00288478
-0.00383858
0.05996162
0.07446624
-0.01142210
-0.01429499
0.02754186
-0.02855601
0.02624824
0.05170986
-0.01966248
0.01508155
0.01487206
0.01102674
-0.02545250
-0.00724209
-0.00899320
0.00429358
-0.00691975
0.02171077
0.01411827
0.01047481
0.00685857
-0.05615625
0.00009221
-0.00489903
-0.01621132
0.06577700
0.02928329
-0.00425420
0.01513315
-0.04202196
0.02114921
0.11229065
-0.04945617
0.01939904
0.02176119
-0.00327770
0.00297355
0.02260361
0.00078066
0.03595040
0.00589757
0.04748773
-0.02254951
-0.00854255
0.00298405
0.02138282
0.01681554
0.02563249
0.08262497
0.01553747
0.00052024
-0.04068117
-0.03101929
0.02872183
0.00281641
-0.05426941
0.03488425
-0.08690185
-0.00784936
-0.01582782
0.03936040
-0.02698115
-0.03743239
0.00939665
-0.02893767
-0.00386666
0.00743724
0.00025807
0.03694680
0.03037257
-0.00920184
0.01462847
0.01007779
-0.03263306
-0.00980738
0.01816520
0.00227004
-0.00877382
-0.02178963
0.03193472
-0.00784669
0.15065762
0.02311498
0.00441745
-0.03975416
-0.12710059
-0.02249796
-0.00435074
0.04879156
-0.05787487
0.00570286
0.08348051
-0.00241065
0.09242596
0.00983024
-0.12066913
-0.01059062
0.07444965
0.04225167
-0.01759977
0.05188642
0.01634322
0.01609939
-0.02741113
0.02980812
0.01074195
-0.00887061
-0.04832402
0.00022312
-0.00559438
-0.05373763
0.01578174
0.02595182
0.03490160
0.02743294
0.01166852
-0.66209197
0.00004338
0.03853842
0.01659684
0.01010433
0.07034302
0.00598062
0.00699299
0.01415115
-0.00571988
0.03144065
0.03514777
0.00086894
-0.00677802
0.02351744
0.05903748
-0.01903055
0.00519319
-0.02528693
0.05309939
-0.06045456
0.04046174
0.04597694
-0.02644726
-0.02937205
-0.02813233
-0.06063558
0.01241808
0.04236596
-0.02011418
0.02272218
-0.01046946
0.02236011
0.03216708
-0.00079784
0.04659500
0.12300831
0.01219579
0.10042871
-0.06368677
-0.07579456
-0.00055910
0.03638025
0.08682413
0.03005473
-0.04000169
0.17170167
-0.01567531
0.14529423
-0.08677500
0.04494480
-0.05950333
0.04969313
-0.06642866
-0.04491742
0.06616797
0.16627656
-0.18618177
-0.04806637
0.08520839
-0.03565164
-0.04190364
-0.04041191
0.01688977
0.05519458
-0.09789014
0.02325900
0.07184769
0.03809267
-0.05331248
0.05366691
0.03401973
-0.00446746
-0.02678733
0.01515485
0.00316668
0.06189446
-0.01943899
-0.02388690
-0.09893728
0.04183845
0.81249601
-0.04556974
0.07498176
0.08092049
0.05195855
0.07405468
-0.00877375
-0.02185841
-0.05205067
-0.17288354
-0.06154568
0.08040126
0.02156043
0.12321602
-0.05707734
0.09024381
-0.01635040
-0.00165584
0.01164718
0.00674625
-0.04525701
-0.01092826
0.00567169
-0.05847715
-0.00430559
0.00037526
0.00113745
-0.00591542
0.01696015
0.02938270
0.02068080
0.00338007
-0.01063833
-0.03924347
-0.08419035
-0.01704990
0.04689640
0.00939387
-0.09757072
-0.03068504
0.03878836
-0.03690541
-0.02214913
0.06913445
-0.00534173
-0.05474539
-0.03405517
-0.07876378
-0.03247337
0.00872980
0.03390488
0.08220217
-0.00569734
0.06055751
0.02209439
-0.08012323
0.04115787
0.04219922
-0.06326272
0.01122274
-0.03270075
0.02344657
-0.00732557
-0.00615783
-0.05150700
0.02486024
0.02821822
-0.01413981
0.01793343
0.00660799
-0.04723360
-0.02062396
0.04359397
-0.05971369
0.01643435
-0.01897289
-0.07258777
-0.05224818
0.04456754
-0.00857418
-0.09274711
-0.00275297
0.08963444
-0.00068409
0.03474200
0.02286528
-0.01474912
0.03350778
-0.01348229
-0.02205586
0.01828757
-0.04338916
0.02414317
0.01226341
0.00674652
0.04669241
0.01888849
0.04866894
-0.00720084
-0.00615875
0.05348031
-0.05244973
-0.00627452
0.05110336
-0.06986535
-0.02073674
0.01943158
-0.04498742
-0.08940292
0.01620390
-0.02478916
-0.03040352
0.01097380
-0.01736510
0.02211669
0.00490796
-0.03630641
0.02873268
-0.02855429
0.00229179
-0.16773747
0.02288309
-0.01747014
-0.04130529
-0.04366482
-0.05342468
0.00336579
0.03526856
0.09318350
-0.06371504
-0.04480296
-0.09886426
-0.00924631
0.00461988
-0.01906002
-0.01033196
-0.03240198
-0.02299002
-0.02178392
0.04839585
0.03670309
0.04048865
-0.02857573
0.02732332
0.00985231
-0.20958704
-0.02531360
0.04104010
0.05478435
0.01165355
0.08051348
-0.04684960
-0.01503995
0.05683253
0.01675360
-0.00611212
-0.04145966
-0.04430199
-0.01940046
-0.02458342
-0.02600230
0.00507568
0.04653365
-0.02880460
0.00246636
0.04738209
-0.05713156
0.07146917
0.07229248
-0.04586993
0.03136147
-0.06181290
0.08400530
-0.00020283
-0.03890476
0.00551544
-0.04524012
0.05868604
-0.02062915
0.03578601
-0.01887469
-0.04116195
0.02751382
0.06028973
0.01500137
-0.07086681
0.03179005
-0.02257971
0.01116575
0.06065573
0.01751269
0.01990401
-0.01725477
-0.07507025
0.06318158
0.00524257
-0.00242882
0.02156854
-0.01559071
0.00360277
0.04771393
-0.05296205
-0.03883182
-0.07667273
0.00271328
-0.07965181
-0.04956213
0.04253428
0.00610056
-0.00502009
-0.04886843
0.02074072
-0.05832978
-0.06125488
-0.00047826
0.01831903
-0.01714538
0.01711219
0.07045505
0.07851785
-0.05656680
0.02289715
0.05242701
-0.07966992
0.01152830
-0.00195188
0.05181523
-0.04877872
-0.05678071
-0.04251369
-0.08446241
0.03111963
0.06714337
0.04190199
0.02464064
0.06255590
-0.00395978
0.02014171
-0.04821311
0.00496498
0.04012935
-0.07833517
-0.02551998
0.01881116
0.03978262
-0.07301261
0.01030909
0.05904277
-0.01910025
0.05716168
-0.01782397
0.00305426
-0.00526095
-0.01739231
0.08839595
0.01851941
0.01966121
-0.01437668
0.00822878
-0.01761183
0.08095954
-0.07298443
0.01096657
0.01182560
0.00631489
0.02824161
-0.05708206
0.03508668
0.02608462
0.00629295
0.04013366
0.01984383
-0.04965931
-0.00434566
-0.02555886
0.03147657
-0.03312472
-0.05685687
0.04689558
0.01281141
0.06807480
-0.00205121
-0.00921949
0.01619571
0.01078479
0.02203612
-0.04008181
0.01150436
-0.03307183
-0.02333909
-0.09176755
-0.00796485
0.03642701
-0.05588749
0.06598725
-0.02000553
-0.04074840
-0.04990735
-0.01030788
0.04751014
-0.01786289
-0.02117687
0.02278936
-0.01795618
0.05308349
-0.01072720
0.00692696
-0.01174659
0.03919017
-0.03625626
0.01708754
0.00991803
-0.13438070
0.02354471
-0.03498890
-0.02826630
-0.04779864
-0.04799315
-0.00302727
-0.00442197
0.02853703
0.04592079
-0.00756708
-0.00283782
-0.06453104
0.00902240
-0.07165843
-0.07272806
0.01322987
0.02456525
-0.01803398
-0.02999420
-0.00720353
0.00598102
-0.05349404
-0.04526902
0.02195643
-0.03334497
-0.04732944
-0.03001693
0.04174691
0.02320173
-0.06704533
-0.01158251
0.01669076
0.03264226
-0.02613688
-0.04432357
0.00158320
0.03009513
0.07344008
-0.03966725
0.01742382
0.01403354
-0.02732009
0.01833581
0.05326072
0.00138716
-0.05912670
0.00433800
0.04431257
-0.03721178
0.00066856
-0.00665178
0.09577799
-0.02462678
0.03456924
-0.00611891
0.00149749
0.02101205
0.02762730
-0.00807596
0.03360288
-0.03722826
-0.01929108
-0.01159290
-0.04754125
-0.10218965
-0.02128952
0.05991798
0.08320802
-0.05941436
-0.00028480
-0.01904462
0.03715691
0.03342119
-0.04275037
0.06999155
-0.03065475
-0.07651255
0.04313712
0.03707275
0.04333416
0.02575486
-0.02216227
0.00617734
-0.04092019
0.00736957
-0.01097075
0.01880405
-0.00679904
-0.05863062
-0.06335131
-0.03621833
0.03454403
-0.04411479
0.06684915
0.00007541
0.10917568
0.02172766
0.00254942
0.04323575
-0.05349517
-0.01323103
0.03977989
-0.03586011
-0.08160669
0.03715852
0.04499958
0.03021914
0.00839328
0.01725532
-0.01114102
-0.02612320
-0.03651871
0.01315098
0.00925082
-0.01952191
0.03644839
-0.01407991
-0.03095041
-0.02307250
-0.03300545
-0.07440068
0.01656036
-0.00761130
-0.09471121
0.01041374
-0.02340521
0.06415357
0.03206073
0.00256672
0.02478170
-0.07387652
-0.00486898
-0.03344781
0.02373439
-0.00595958
-0.02463257
-0.03118258
0.02188949
0.07409301
0.04207131
0.02795341
0.00092313
-0.04379503
-0.04180804
0.09483483
0.00242590
0.01577888
-0.03357003
0.03162154
-0.08463661
-0.14038141
-0.08822547
-0.05082541
0.01379346
-0.14656647
-0.02718753
-0.02193118
-0.04578624
0.00415938
-0.00939530
0.02869446
-0.02087934
0.07591631
-0.07747889
-0.03667641
-0.01614862
-0.07491349
0.00859514
0.02510903
0.04438106
-0.03354397
0.00427018
0.04350690
-0.00203927
-0.02920585
-0.05122254
0.04133717
0.02645104
0.00692154
0.04095988
0.01793729
-0.02689781
-0.01866111
-0.01449447
-0.02227017
0.01334189
0.02050894
-0.01887283
0.05103464
-0.06251764
-0.00546680
0.00678538
-0.01975501
-0.02664178
0.06453798
0.02965230
-0.03274446
-0.06695191
0.00534709
0.03519375
0.05962419
0.02910351
0.00521063
0.02112285
-0.00812043
-0.07499170
-0.03118499
0.06657156
0.16812736
0.02882238
-0.04009816
0.02068978
-0.04517654
-0.08507204
-0.02013108
0.05434692
-0.01702887
