-0.03362626
-0.01239416
-0.03951549
0.00867547
-0.00812300
0.01973907
0.00883107
-0.04276062
0.01262725
0.03315922
-0.02742280
0.01599908
0.02293272
-0.02096895
-0.04452056
0.00863122
-0.04770998
0.04007789
0.15629314
-0.01896204
-0.01075908
-0.02122970
0.08441985
0.07129306
-0.00084320
-0.05889308
-0.05964082
-0.01108844
-0.00973480
-0.00830901
0.12976663
-0.01384946
-0.00504524
-0.04279799
0.00440222
-0.00707837
0.03190321
0.03567504
0.04355517
0.05861269
-0.01426745
0.00130214
0.01401542
0.01460261
0.02690757
0.00402998
-0.06243419
-0.03810322
0.03912184
0.00978587
0.00674907
0.04228780
0.09931687
0.04198436
0.00280048
0.03834390
0.00176636
0.00863466
0.40931019
0.11556164
0.00843556
0.01746038
-0.01079322
-0.00672670
0.00577884
0.02612280
0.02639726
-0.03302074
-0.01847444
0.00555092
0.01131462
-0.05313854
-0.03338363
-0.02731963
-0.05341846
0.02348695
0.00599877
-0.07357001
0.02506452
-0.10754979
0.00277752
0.03433639
0.01262693
0.03835457
0.01195465
0.03843821
-0.02483071
0.00818742
0.04064953
-0.01112007
0.01829415
-0.00627630
0.02209292
-0.01063358
-0.00909908
-0.00681129
0.03503566
-0.01064137
0.09843412
0.04549067
-0.03615789
-0.00170593
-0.04463872
-0.00682422
0.00068427
0.03299268
0.08398627
-0.00563352
0.00007582
-0.00306339
-0.02613909
-0.00742672
0.01607192
-0.06904595
0.01310820
-0.00180662
0.06660952
-0.00337408
-0.02714739
-0.00316871
0.02147376
-0.01867974
0.01892020
0.01624924
-0.04346313
-0.00463546
-0.03062576
0.01387149
0.00232882
-0.01908921
-0.00570441
-0.02145398
-0.00575693
0.00573507
-0.05841021
0.02198082
0.07170249
-0.05834462
-0.03153773
0.01827499
-0.03135025
0.00938529
-0.00554129
0.00909830
0.02000916
0.04449367
0.04952936
-0.00633901
0.00608606
-0.01676430
0.08857202
0.00011560
0.01486016
0.06679372
0.02207671
0.01961392
-0.04672860
-0.03244346
0.03106658
-0.00072609
-0.02775045
0.01779906
-0.03704114
-0.00816017
0.00351155
0.07045314
0.05342334
-0.05574034
0.02773539
-0.01515282
0.01794806
-0.02582196
-0.00808730
0.04224606
0.04580909
0.03425962
-0.00728245
0.00416008
0.00267122
-0.01766607
-0.00730708
0.00623683
0.00017723
0.00998388
0.07168952
-0.04775142
0.24908523
0.02816978
-0.00559470
-0.04831064
-0.10474742
-0.00008062
0.00514815
0.02985049
-0.06795948
-0.00719283
0.01354102
0.02876982
0.09860570
0.02934473
-0.03792992
0.00276962
0.13847327
0.03347645
-0.03049168
-0.01705376
0.03376794
-0.00441633
-0.02531451
0.04386962
-0.01686465
-0.04068865
-0.05425263
0.02772230
-0.04779343
-0.09489129
0.02628365
0.02295564
0.02604220
0.03045531
0.04295597
-0.62750113
-0.02176036
0.00138284
0.03122793
0.01510663
0.06584228
0.00764398
0.03061506
-0.01962367
-0.00040584
0.06993312
0.03103786
-0.00970297
-0.05479673
-0.00045387
0.01527098
0.01072019
0.01101251
-0.01353481
0.00876788
-0.02812368
-0.02978676
-0.01345692
-0.01008012
-0.00203145
0.00123689
-0.06809103
0.02341278
0.02150919
-0.01535572
0.04917395
0.03292309
0.02445053
-0.01228891
0.02235191
0.03592855
0.06262314
-0.07571702
0.09957781
-0.02619625
-0.10841885
0.09283939
0.03430482
0.00741735
0.01991967
0.11904233
0.03137489
0.05365555
0.03933393
-0.11568620
0.07952526
-0.00323837
0.04808601
0.04701555
-0.04386973
-0.05932855
0.06459734
-0.11027278
0.07186545
0.09448470
0.01841528
0.06928043
-0.07297955
-0.10285156
-0.00805581
0.18119894
0.03112205
0.04388796
-0.06548426
0.05589364
-0.02286584
-0.04077115
-0.07034573
-0.00050790
0.15255956
-0.02361577
0.10094665
-0.02298192
-0.19256362
0.08844033
-0.03835008
0.75403076
-0.12995246
-0.04038863
-0.12051019
-0.01623811
0.01037357
-0.05588663
0.21016353
-0.05858676
-0.06517667
0.16582605
-0.02834620
-0.12865788
-0.08903164
-0.11272523
-0.01486710
-0.04174015
0.00729769
-0.00219345
-0.02185297
-0.04080976
-0.04250037
0.03547008
-0.01347507
-0.01089231
0.01385039
-0.01180282
-0.01904580
0.02083581
0.00291701
0.03222703
0.06480913
-0.01301381
-0.00502546
-0.09768259
0.01834765
0.05885462
0.02437182
-0.01430981
-0.01479088
0.03663804
0.02291292
-0.01306623
0.08136512
-0.04443186
-0.04110586
-0.03276353
-0.09174471
0.05557458
0.00591229
0.02841748
0.07260840
0.01480675
0.03894709
0.01748421
-0.05428597
0.00781108
0.02493959
-0.08047722
0.07070516
-0.02968503
0.04670133
0.01089248
-0.01006951
-0.04194827
-0.00213978
0.03669640
-0.01692215
0.00370951
-0.04741913
-0.02623054
0.05347743
0.05470769
-0.03146787
-0.03849512
0.04013689
-0.09823233
-0.05258277
-0.01130512
0.00541657
-0.04713647
0.03841274
0.03045427
0.05205006
0.05352220
0.05739461
0.03882905
-0.02318268
-0.03578118
-0.06021106
0.04906419
-0.01365664
0.01542194
-0.02314883
-0.07410861
-0.01458714
0.01203201
0.07152747
0.01057627
0.01042240
0.00992149
-0.01296852
0.02489961
0.05330492
-0.05123502
-0.01569710
0.03532726
-0.05707540
-0.00999729
0.03348882
-0.02936294
0.03193878
0.01591199
0.01519106
-0.04182860
0.03772055
0.02750520
-0.01297206
0.00514981
-0.02205372
-0.11017874
-0.03232691
0.04246901
-0.00927810
-0.06362363
-0.03563010
-0.06190690
0.03852745
0.09591895
-0.07789151
-0.02075036
-0.08220328
-0.01941875
0.02264705
0.00230759
0.01471582
-0.01394685
-0.07201765
-0.00394116
0.03188773
0.02925426
0.04283350
0.01517682
0.02419117
0.00712384
-0.09701528
-0.01697109
0.08582368
0.02140628
-0.01179187
0.04581625
-0.05719924
-0.02704307
0.08059662
0.02667846
-0.06393639
-0.09284385
0.00168819
0.01159174
-0.02847751
-0.00225693
-0.01824965
0.07152820
-0.02408969
0.00587180
0.04076777
-0.04232557
0.03577941
0.01310782
-0.02450700
0.02278948
-0.10827903
0.05159690
0.02005388
-0.02647507
-0.02955140
-0.00443683
0.05754919
-0.00833392
0.04362268
0.02517859
-0.02281813
-0.03757139
0.04168402
-0.02372161
-0.06288204
-0.02868511
-0.00264784
-0.00775484
0.06649524
-0.05727788
-0.00488913
0.03139657
-0.00856623
0.10105557
0.01504658
0.01714387
0.05993676
-0.05987161
-0.01714383
0.04225013
-0.02521772
0.02741658
-0.00084194
-0.03353649
-0.03872422
-0.05748695
0.01470394
0.03061328
-0.07048105
-0.01309403
-0.01507527
-0.03518926
-0.05573574
0.02969199
-0.05967653
-0.01163125
0.00367040
0.06930793
0.06826837
-0.00206445
0.03597511
-0.01473639
-0.04433470
-0.05673993
0.10319846
0.09313420
-0.00077941
-0.00872953
-0.05662941
-0.05627088
0.02594124
0.04902040
0.00112247
-0.03085669
0.03573525
-0.02739769
0.03612658
-0.04271899
0.01571909
0.02561004
-0.08140003
-0.06967727
-0.03964681
0.03515066
-0.02863133
0.00693873
-0.01083176
-0.03589778
0.09148239
-0.00802681
0.01869044
-0.02095947
0.00662204
0.06691541
0.00005890
0.05656137
-0.09195938
0.02915832
-0.05381051
0.14781332
-0.05179054
-0.01871911
0.10787529
-0.01731830
0.07232052
-0.01228411
0.03437327
0.03969638
0.03491682
0.06069957
0.02134192
-0.05105135
0.00232478
-0.04092316
0.02928109
0.00338487
-0.03551483
0.05404352
0.00897066
0.07132606
-0.03981337
0.02643410
-0.02115663
0.00719855
-0.02631159
-0.04547042
0.05101885
-0.01958949
-0.03559891
-0.01517759
-0.02749160
-0.03853021
0.00870155
0.04817764
-0.02027595
-0.03649395
-0.01993090
0.07535309
0.03396726
-0.01992399
-0.01085425
-0.01022383
-0.05117585
0.02757648
-0.00540434
0.02080222
-0.04130402
0.01138945
0.04134564
-0.02579199
-0.01233791
-0.12652165
0.01854845
-0.10337341
-0.00453778
0.02414089
-0.01169260
-0.05444610
0.02982143
-0.00218134
0.07763618
-0.06868755
-0.05075089
-0.02922918
0.02959183
-0.12179057
-0.03427930
0.03569245
-0.02209738
-0.00803722
0.04345226
-0.00246752
-0.00159279
0.00145287
-0.03262476
-0.00220421
0.01077821
0.02896701
0.02615039
0.06337270
0.01884345
0.00089890
0.01448608
-0.01057476
-0.01288686
-0.02342729
-0.04870438
-0.02892840
0.04753425
0.05668674
0.01399671
-0.00766900
0.04270255
-0.02717450
0.00202519
-0.00764370
-0.03879172
-0.09639046
-0.05618358
0.02826040
-0.00041203
0.02011931
0.00510098
0.06643015
0.03320863
0.00800632
-0.01070463
-0.02049651
0.00631362
-0.00150375
-0.00038723
0.02240190
-0.05380373
-0.02439545
0.00551820
-0.03161770
-0.10588054
-0.03731098
0.03931167
0.07764743
-0.04827235
0.06192417
-0.06201853
0.03591463
0.01481589
-0.04097436
0.07651051
-0.02238842
-0.01228337
-0.04818552
0.04150977
0.00126489
0.04735673
-0.01698083
0.02145164
-0.00883463
0.02840702
0.02410359
-0.00501616
-0.08101128
-0.01539587
-0.06025846
-0.01304054
-0.01864364
-0.13863079
0.08573092
-0.04505874
0.02874170
0.01011961
0.01316740
0.09120324
-0.03631854
-0.04150186
0.03339886
0.03607576
-0.07538503
0.05369579
0.04681088
-0.03473224
0.01115526
0.01699683
0.01548765
0.04559559
0.01307474
0.04799011
-0.03041817
-0.03046769
0.01087589
0.01302923
-0.07474285
-0.00138538
0.06808519
-0.06339166
-0.01923384
-0.00924026
-0.02838153
-0.01449781
0.01242357
0.08960892
0.02366812
0.01213528
0.02502022
-0.04979651
-0.01738050
-0.06324897
0.03104965
0.03916634
0.00682583
-0.12113339
0.01440199
0.02716229
0.00485699
0.09160753
-0.03340454
-0.00282031
-0.03725461
0.07250150
-0.00806583
0.07271088
0.00437534
0.02896733
-0.04857631
-0.02040297
-0.07314355
0.02881466
-0.00785220
0.03916168
-0.07243202
-0.02386187
0.07216623
-0.00977586
-0.03620347
0.07909834
-0.04436755
0.04463379
-0.06564458
0.05268798
-0.02254799
-0.08243130
-0.03000852
0.01927273
0.11367457
-0.01179217
-0.02423809
-0.00883987
0.03718964
-0.01295811
-0.00651469
0.02611475
0.01182067
0.01578899
-0.00444731
0.00996737
-0.04502006
0.00581014
0.01636777
-0.00589090
-0.02043472
0.05060809
0.00727254
0.02015941
-0.01576955
-0.01115800
0.06190900
0.03170774
-0.05739628
0.05753556
0.04620456
-0.06060814
0.00032210
-0.00517043
0.00861703
0.08771150
0.03322441
0.04235872
0.01192518
-0.04838251
-0.06228676
-0.03984742
0.06251055
0.05024892
0.04231823
-0.05031430
-0.01562471
-0.05543365
-0.09924774
0.07129445
0.03261285
-0.01897344
