-7.129768375307321548e-03
1.193209365010261536e-02
2.200300432741641998e-02
-1.417966373264789581e-02
1.547631528228521347e-02
-3.199347108602523804e-02
-1.666551339440047741e-03
1.523164683021605015e-03
-4.322865232825279236e-02
1.193786226212978363e-02
-1.293298555538058281e-04
3.204412292689085007e-03
1.069619879126548767e-02
-3.380799293518066406e-02
-4.333771020174026489e-02
-3.532632719725370407e-03
-1.439249701797962189e-02
1.401273347437381744e-02
1.186045855283737183e-01
1.204499322921037674e-02
-1.101471669971942902e-02
1.598527468740940094e-02
2.187448926270008087e-02
8.052611351013183594e-02
-4.349395632743835449e-03
-5.439840629696846008e-02
-7.907458581030368805e-03
2.421574201434850693e-03
-2.587416768074035645e-02
2.498699910938739777e-02
1.240675002336502075e-01
1.880612224340438843e-02
-3.017565468326210976e-03
-1.410486269742250443e-02
-5.768100731074810028e-03
-3.286109492182731628e-02
2.649152278900146484e-02
3.032170794904232025e-02
4.967005550861358643e-02
7.308176159858703613e-02
-1.556470524519681931e-03
1.172575261443853378e-02
1.765993237495422363e-02
4.399222880601882935e-02
8.212574757635593414e-03
2.468153089284896851e-02
-1.378936786204576492e-02
8.471839129924774170e-03
4.496730864048004150e-02
-1.314632222056388855e-02
3.486014530062675476e-02
-4.524060338735580444e-02
1.283421069383621216e-01
3.340507298707962036e-02
-6.241699680685997009e-03
2.147641219198703766e-02
-1.831475086510181427e-02
1.511134207248687744e-02
4.373875856399536133e-01
2.174636721611022949e-02
5.998283624649047852e-03
2.458884380757808685e-02
9.904012084007263184e-03
-3.455114364624023438e-02
-1.025345921516418457e-02
6.243536621332168579e-02
-1.842598244547843933e-02
-3.194309026002883911e-02
-5.204452574253082275e-02
3.706938400864601135e-02
3.283250331878662109e-02
-3.509510308504104614e-02
9.078081697225570679e-03
-4.797965753823518753e-03
-4.956927150487899780e-02
4.930271580815315247e-02
6.360540632158517838e-03
-5.804700404405593872e-02
4.232550505548715591e-03
3.030817024409770966e-03
-2.903461270034313202e-02
2.399971894919872284e-02
9.268943686038255692e-04
5.729051306843757629e-02
3.544002771377563477e-02
2.051555924117565155e-02
1.094657089561223984e-02
8.380019105970859528e-03
3.730356320738792419e-02
-1.276834402233362198e-02
4.243569821119308472e-02
6.476374715566635132e-02
-6.648361682891845703e-02
-4.083747044205665588e-03
-2.319032093510031700e-03
-9.485672228038311005e-03
1.417752541601657867e-02
-1.357274595648050308e-02
5.894955992698669434e-02
-5.267759319394826889e-03
-2.139361388981342316e-02
1.690137386322021484e-02
-7.194050587713718414e-03
-5.682563409209251404e-03
-1.331946463324129581e-03
6.408450752496719360e-02
8.528971672058105469e-02
-1.365938130766153336e-02
-9.628466330468654633e-03
3.052526712417602539e-02
-3.397973254323005676e-03
3.802081197500228882e-02
3.852630034089088440e-02
-2.297327667474746704e-02
-1.313386019319295883e-02
1.283771451562643051e-02
-1.094279251992702484e-02
-1.043392252177000046e-02
5.173886660486459732e-03
-1.669230870902538300e-02
-1.960941590368747711e-03
-1.730324700474739075e-02
1.476818136870861053e-02
1.773720490746200085e-03
1.001053955405950546e-02
2.202813141047954559e-02
-5.325428023934364319e-02
2.614569291472434998e-02
1.326929498463869095e-02
-5.542224273085594177e-03
4.633686691522598267e-02
6.262696813791990280e-03
-2.131828106939792633e-02
1.168981101363897324e-02
-3.216496855020523071e-02
2.062978222966194153e-02
1.014680266380310059e-01
-4.932381678372621536e-03
2.287562377750873566e-02
1.192757487297058105e-02
-2.840656228363513947e-02
-3.932726569473743439e-03
1.435469929128885269e-02
2.951876027509570122e-03
2.104465477168560028e-02
8.851592242717742920e-02
4.307457432150840759e-02
1.802902901545166969e-03
-2.691565454006195068e-02
-2.286159619688987732e-02
2.521790750324726105e-02
1.054252963513135910e-02
-9.608888998627662659e-03
8.021713048219680786e-02
1.822931319475173950e-02
7.202395703643560410e-03
-3.192434087395668030e-02
-1.535356976091861725e-03
-9.851183276623487473e-04
5.507064517587423325e-03
-4.133310168981552124e-02
-3.076021000742912292e-02
-6.166143342852592468e-02
-7.734568323940038681e-03
3.074930573347955942e-04
7.982475310564041138e-02
-3.942693397402763367e-02
-3.473019227385520935e-02
3.153406456112861633e-02
-1.732177287340164185e-02
-9.922395693138241768e-04
-8.520431583747267723e-04
-5.675906315445899963e-03
1.899529248476028442e-02
5.137080326676368713e-02
3.512875409796833992e-03
1.703836768865585327e-02
8.452266454696655273e-03
-3.891675546765327454e-02
-9.273130563087761402e-04
-1.932784728705883026e-02
-2.811839617788791656e-02
-3.976187668740749359e-03
5.211515817791223526e-03
3.140062838792800903e-02
6.587757915258407593e-02
6.055998429656028748e-02
5.556219723075628281e-03
1.454650238156318665e-02
-3.041470609605312347e-02
-8.709318190813064575e-02
-2.551126293838024139e-03
1.682795770466327667e-02
2.352056838572025299e-02
-4.982943832874298096e-02
3.998370468616485596e-02
9.863293915987014771e-02
8.985888212919235229e-03
1.080074235796928406e-01
3.822620783466845751e-04
-9.569478034973144531e-02
9.354723617434501648e-03
4.613219201564788818e-02
6.563569605350494385e-02
-1.368053816258907318e-02
4.003629460930824280e-02
1.767551060765981674e-03
2.053739299299195409e-04
-1.175202894955873489e-02
-2.949233725666999817e-02
7.944176904857158661e-03
-2.483704127371311188e-03
-5.613951012492179871e-02
1.666918210685253143e-02
1.493176445364952087e-02
-3.747384622693061829e-02
2.413939498364925385e-02
2.311347983777523041e-02
3.761717677116394043e-02
3.741912543773651123e-02
3.140200674533843994e-02
-7.058936953544616699e-01
-1.371318066958338022e-04
1.852127909660339355e-02
1.463948562741279602e-02
2.566001564264297485e-02
6.853853911161422729e-02
3.145640250295400620e-03
2.666740678250789642e-02
4.379590507596731186e-03
5.629566498100757599e-03
-8.960021659731864929e-03
4.800171777606010437e-02
-1.800035685300827026e-02
6.025881040841341019e-03
1.223430223762989044e-02
4.664763808250427246e-02
-5.850377958267927170e-03
4.308583680540323257e-03
-2.311269938945770264e-02
3.705841675400733948e-02
-4.093718156218528748e-02
-1.527445507235825062e-03
5.276711657643318176e-02
-2.452332898974418640e-02
-1.082559116184711456e-02
-2.172653749585151672e-02
-4.689304903149604797e-02
1.699765026569366455e-02
1.484888512641191483e-02
-5.591874942183494568e-03
1.173306256532669067e-02
1.523498352617025375e-02
1.632998324930667877e-02
-7.694941945374011993e-03
-1.512776967138051987e-02
1.647437736392021179e-02
-6.859800964593887329e-02
-7.292263209819793701e-02
4.014886543154716492e-02
2.248715236783027649e-02
-3.595602884888648987e-02
3.710574656724929810e-02
-1.026436612010002136e-01
-1.746873371303081512e-02
7.397033274173736572e-02
1.580588966608047485e-01
-1.961415447294712067e-02
4.314413666725158691e-02
-3.399827331304550171e-02
-9.895281866192817688e-03
9.681148827075958252e-02
6.140631064772605896e-02
7.012106478214263916e-02
-4.208418726921081543e-02
3.936220332980155945e-02
-9.248236566781997681e-02
-6.440414488315582275e-02
-2.818639017641544342e-02
9.912065416574478149e-02
3.280607983469963074e-02
-5.309716332703828812e-03
3.986265882849693298e-02
-2.789715491235256195e-02
-1.342604458332061768e-01
-3.235316276550292969e-02
2.248206883668899536e-01
4.402011632919311523e-02
-1.026917472481727600e-01
-6.137385964393615723e-02
1.870500892400741577e-01
-4.992492031306028366e-03
-8.089317008852958679e-03
1.563269458711147308e-02
2.311652898788452148e-02
4.654943197965621948e-02
-1.637510806322097778e-01
7.470910251140594482e-02
7.662696298211812973e-03
-1.117716580629348755e-01
1.845110803842544556e-01
-7.397165056318044662e-03
7.472952604293823242e-01
-1.333338171243667603e-01
-3.806826099753379822e-02
-1.630483567714691162e-01
1.324355322867631912e-02
6.392931193113327026e-02
-5.098646879196166992e-02
1.724078953266143799e-01
2.451950311660766602e-02
-5.294629186391830444e-02
1.770644485950469971e-01
1.461574807763099670e-02
-1.943922415375709534e-02
-4.549640417098999023e-02
-2.593825384974479675e-02
-8.456607908010482788e-02
3.591732308268547058e-02
4.040520638227462769e-02
7.754113059490919113e-03
-2.970945788547396660e-03
-4.125869274139404297e-02
-2.565242908895015717e-02
1.600250788033008575e-02
-7.507855445146560669e-02
-8.488329476676881313e-04
1.276322826743125916e-02
-1.017498224973678589e-02
-9.863673709332942963e-03
3.127331286668777466e-02
2.346705459058284760e-02
1.181301008909940720e-02
4.388229548931121826e-02
-9.879528544843196869e-03
-5.523369088768959045e-02
-1.032787784934043884e-01
-2.385869622230529785e-02
5.844391137361526489e-02
2.708511240780353546e-02
-6.359066814184188843e-02
-7.827032241038978100e-04
5.480274185538291931e-02
-5.608863756060600281e-02
-1.388518139719963074e-02
7.104847580194473267e-02
-3.653338178992271423e-02
-6.141164526343345642e-02
-2.043814212083816528e-02
-6.821812689304351807e-02
-3.519152849912643433e-02
1.252709608525037766e-02
2.752705477178096771e-03
7.261121273040771484e-02
2.883104607462882996e-03
4.708264768123626709e-02
2.262179180979728699e-02
-6.490793079137802124e-02
1.901551522314548492e-02
4.945687949657440186e-02
-8.027634769678115845e-02
2.229162119328975677e-02
-2.464755810797214508e-02
-3.133733989670872688e-04
1.315042935311794281e-02
-2.548353746533393860e-02
-5.890137329697608948e-02
2.422290854156017303e-02
2.315072715282440186e-02
-1.506172772496938705e-02
3.303424268960952759e-02
-3.368601575493812561e-02
-1.990551128983497620e-02
-3.093355521559715271e-02
3.824442997574806213e-02
-4.405658319592475891e-02
1.175625063478946686e-02
9.425880853086709976e-04
-8.951493352651596069e-02
-4.694250226020812988e-02
5.548405647277832031e-02
4.347098059952259064e-03
-1.099764034152030945e-01
8.280722540803253651e-04
6.357633322477340698e-02
2.134013548493385315e-02
7.870700955390930176e-02
2.275711484253406525e-02
-6.075683515518903732e-03
2.353963814675807953e-02
-3.012065589427947998e-02
-5.642393976449966431e-02
2.102375403046607971e-02
-1.726085692644119263e-02
3.427121788263320923e-02
4.229923244565725327e-03
3.734785318374633789e-02
1.397354621440172195e-02
-2.537243708502501249e-04
9.794699959456920624e-03
2.359940484166145325e-02
-2.100123651325702667e-02
1.171084269881248474e-01
-3.442247584462165833e-02
-1.617645286023616791e-02
4.357526823878288269e-02
-2.944594435393810272e-02
-7.048581726849079132e-03
1.540576387196779251e-02
-2.588332444429397583e-02
-5.825164169073104858e-02
2.879930660128593445e-02
-1.066120713949203491e-02
4.247022327035665512e-03
3.121078573167324066e-02
-2.724529616534709930e-02
2.090617083013057709e-02
1.807334460318088531e-02
-6.653078645467758179e-02
3.525097295641899109e-02
1.498538884334266186e-03
1.525979582220315933e-02
-1.575115621089935303e-01
2.832820825278759003e-02
-3.313326090574264526e-02
-4.185473546385765076e-02
-5.133740603923797607e-02
-3.859279677271842957e-02
-6.113005802035331726e-02
2.793302573263645172e-02
9.086282551288604736e-02
-3.600563108921051025e-02
-5.690265446901321411e-02
-8.397679775953292847e-02
-2.486206963658332825e-02
5.179519299417734146e-03
-1.661500334739685059e-02
-3.398918733000755310e-02
-4.351753741502761841e-02
-4.578124789986759424e-04
-2.095990255475044250e-02
2.305849641561508179e-02
2.014704048633575439e-02
3.698713704943656921e-02
2.754807064775377512e-04
4.586276412010192871e-02
3.045978583395481110e-02
-1.280000805854797363e-01
1.064954232424497604e-02
1.600414142012596130e-02
6.696946173906326294e-02
8.342431858181953430e-03
8.065325766801834106e-02
-5.503046140074729919e-02
-3.978922963142395020e-02
4.361355677247047424e-02
1.599242538213729858e-02
1.897440175525844097e-03
-2.212438546121120453e-02
-1.683847978711128235e-02
-2.435420826077461243e-02
-6.596883386373519897e-02
-2.088809944689273834e-02
-4.804570693522691727e-03
3.664215281605720520e-02
-1.273297518491744995e-02
2.202179282903671265e-02
2.903660014271736145e-02
-4.186404123902320862e-02
7.878979295492172241e-02
5.740195140242576599e-02
-5.720029771327972412e-02
5.233344063162803650e-02
-9.046889096498489380e-02
1.146748363971710205e-01
1.686134748160839081e-02
-6.442828103899955750e-03
-1.214525196701288223e-02
-2.581615000963211060e-02
2.622248791158199310e-02
7.498368155211210251e-03
3.390450403094291687e-02
-2.796354703605175018e-02
-5.685735121369361877e-02
2.260366827249526978e-02
5.323560535907745361e-02
1.935601420700550079e-02
-9.040210396051406860e-02
7.685539312660694122e-03
-8.198544383049011230e-03
2.893572906032204628e-03
4.814179614186286926e-02
4.857959225773811340e-03
4.066995345056056976e-03
-2.311254851520061493e-03
-4.768478870391845703e-02
7.971944659948348999e-02
-1.603616517968475819e-03
-1.070623286068439484e-02
9.008989669382572174e-03
6.558085326105356216e-03
1.093722879886627197e-02
3.535829856991767883e-02
-3.399719297885894775e-02
-2.038251794874668121e-02
-4.430121555924415588e-02
7.808657363057136536e-03
-6.263057142496109009e-02
-5.330332368612289429e-02
5.289468541741371155e-02
-1.066491007804870605e-02
1.514180842787027359e-02
-4.416451975703239441e-02
2.882857188524212688e-05
-4.956329986453056335e-02
-5.350045114755630493e-02
5.011585308238863945e-04
-5.990344099700450897e-03
-2.901801839470863342e-02
2.420011349022388458e-02
8.774174749851226807e-02
5.835606902837753296e-02
-7.801858335733413696e-02
1.568714040331542492e-03
2.159782312810420990e-02
-3.371991217136383057e-02
2.932654926553368568e-03
3.583296760916709900e-02
1.470794808119535446e-02
-3.279108926653862000e-02
-5.241961032152175903e-02
-6.305842101573944092e-02
-1.008693650364875793e-01
4.423008486628532410e-02
4.261573404073715210e-02
1.131028309464454651e-02
3.878485038876533508e-02
7.192154973745346069e-02
-2.058329246938228607e-02
1.432556472718715668e-02
-3.520564362406730652e-02
9.117656736634671688e-04
3.397714719176292419e-02
-9.671388566493988037e-02
-6.293708086013793945e-02
-9.239096194505691528e-03
3.049794770777225494e-02
-3.675092384219169617e-02
3.736761631444096565e-03
4.476931318640708923e-02
-1.888274215161800385e-02
4.826315864920616150e-02
-3.492576628923416138e-02
3.312622755765914917e-02
-3.627851232886314392e-02
-6.866579875349998474e-03
6.005839258432388306e-02
1.227880828082561493e-02
9.661583229899406433e-03
-1.943761017173528671e-03
2.165954560041427612e-02
-1.976561546325683594e-02
1.140368878841400146e-01
-5.487788468599319458e-02
8.693713607499375939e-05
-4.584568087011575699e-03
-1.763458945788443089e-03
2.759890817105770111e-02
-5.595002695918083191e-02
3.901329636573791504e-02
2.127203159034252167e-02
3.485924750566482544e-02
3.594936430454254150e-02
1.839728094637393951e-02
-5.517942830920219421e-02
9.707466699182987213e-03
-2.894782833755016327e-02
3.843871876597404480e-02
-3.168619796633720398e-02
-4.044890403747558594e-02
7.695952057838439941e-02
-9.183727204799652100e-03
6.276364624500274658e-02
-4.493654239922761917e-03
-1.696754246950149536e-02
-1.076291501522064209e-02
9.827738627791404724e-03
-4.048568196594715118e-03
-6.555892527103424072e-02
2.588672563433647156e-02
-2.530864812433719635e-02
-2.937527745962142944e-02
-8.034553378820419312e-02
-2.534634992480278015e-02
1.580083556473255157e-02
-5.500837415456771851e-02
5.471843853592872620e-02
-1.132296491414308548e-02
-4.338667169213294983e-02
-3.079579584300518036e-02
3.200500085949897766e-02
5.430869013071060181e-02
-2.603913098573684692e-02
-1.702832616865634918e-02
-2.975812181830406189e-03
-1.588946022093296051e-02
8.227599412202835083e-02
-5.355574656277894974e-03
1.234106719493865967e-02
-3.524496778845787048e-02
6.751555204391479492e-02
-3.705430775880813599e-02
-1.271847751922905445e-03
-3.268008818849921227e-03
-3.129794821143150330e-02
4.043532162904739380e-02
-3.117488697171211243e-02
-1.666002906858921051e-02
-4.647023975849151611e-02
-5.865044146776199341e-02
-2.561849355697631836e-02
1.311184838414192200e-02
-7.144676637835800648e-04
7.467794418334960938e-02
-2.851343527436256409e-02
-3.450648160651326180e-03
-5.380245298147201538e-02
4.719817545264959335e-03
-9.660626947879791260e-02
-5.692841857671737671e-02
3.477780520915985107e-02
4.647029098123311996e-03
-2.340829372406005859e-02
-2.224936150014400482e-03
5.989184719510376453e-04
-1.946262083947658539e-02
-8.175750821828842163e-02
-5.440968647599220276e-02
2.626132778823375702e-02
-3.436587005853652954e-02
-5.533944349735975266e-03
-1.616373658180236816e-02
4.773254320025444031e-02
2.579679898917675018e-02
-1.686496660113334656e-02
-2.661544270813465118e-02
1.693531125783920288e-02
3.768112882971763611e-02
-4.797461256384849548e-02
-2.327783033251762390e-02
3.173803538084030151e-02
2.752116881310939789e-02
6.385777145624160767e-02
-4.527900740504264832e-02
3.511631488800048828e-02
-3.176253288984298706e-03
-3.215729817748069763e-02
-1.527542807161808014e-02
3.812073171138763428e-02
2.304030116647481918e-03
-6.852428615093231201e-02
7.760785985738039017e-03
5.112847313284873962e-02
-9.486484341323375702e-03
1.660893857479095459e-02
7.557242061011493206e-04
8.508562296628952026e-02
-1.331735868006944656e-02
3.056781738996505737e-02
-3.041444346308708191e-02
1.918424852192401886e-02
1.669501699507236481e-02
5.072046071290969849e-03
-1.400797348469495773e-02
2.301346138119697571e-02
-4.053573682904243469e-02
6.095632910728454590e-03
-1.159368734806776047e-02
-3.628338128328323364e-02
-1.129789203405380249e-01
-3.282568231225013733e-02
4.581865295767784119e-02
6.488257646560668945e-02
-5.697374418377876282e-02
2.570226788520812988e-02
-1.459937170147895813e-02
5.068490281701087952e-02
1.469984650611877441e-02
-6.265913695096969604e-02
7.149893045425415039e-02
-1.253973226994276047e-02
-6.472464650869369507e-02
3.521811217069625854e-03
4.100238904356956482e-02
4.664004594087600708e-02
6.924875825643539429e-02
-4.138384014368057251e-02
-5.054797977209091187e-03
-2.906556427478790283e-02
2.343060215935111046e-03
4.098306596279144287e-02
3.796136751770973206e-02
-4.872682318091392517e-02
-6.215763837099075317e-02
-4.867372661828994751e-02
-2.973723597824573517e-02
1.357564516365528107e-02
2.366383187472820282e-02
7.958389818668365479e-02
2.052272902801632881e-03
9.963784366846084595e-02
1.923902146518230438e-02
1.382571738213300705e-02
4.452287778258323669e-02
-7.481794059276580811e-02
-3.294161334633827209e-02
5.200707912445068359e-02
-7.847332209348678589e-02
-5.697319284081459045e-02
2.863541059195995331e-02
4.016271606087684631e-02
-3.333459142595529556e-03
5.544808227568864822e-03
1.754856668412685394e-02
-4.426599480211734772e-03
7.450731936842203140e-03
-8.084014989435672760e-03
3.590591996908187866e-02
-7.164165843278169632e-03
-2.660143654793500900e-03
4.657967761158943176e-02
6.702637620037421584e-05
-4.608782753348350525e-02
-1.390303671360015869e-02
-1.879257033579051495e-03
-7.212124019861221313e-02
2.648246474564075470e-03
1.847163587808609009e-02
-1.694757938385009766e-01
1.288295723497867584e-02
-1.185434404760599136e-02
5.411368981003761292e-02
4.009306803345680237e-02
-7.789813447743654251e-03
2.758534625172615051e-02
-5.195125564932823181e-02
-3.397664800286293030e-02
-4.032554104924201965e-02
1.224256958812475204e-02
5.379627458751201630e-03
-1.921859383583068848e-02
-5.549669638276100159e-02
2.312406431883573532e-03
6.719657033681869507e-02
4.030922055244445801e-02
7.779226452112197876e-02
8.456374518573284149e-03
-5.274562537670135498e-02
-3.698385134339332581e-02
9.519857913255691528e-02
1.037631556391716003e-02
8.622446656227111816e-02
-3.590646386146545410e-02
1.342829689383506775e-02
-7.100867480039596558e-02
-1.010921299457550049e-01
-6.998023390769958496e-02
-4.771596193313598633e-02
-1.676799915730953217e-02
-1.883419156074523926e-01
-2.878400124609470367e-02
-2.424184046685695648e-02
4.708979744464159012e-03
-4.712698515504598618e-03
-7.987189106643199921e-03
4.648031294345855713e-02
-3.908428922295570374e-02
7.204453647136688232e-02
-4.903413355350494385e-02
-1.270923996344208717e-03
-4.266734421253204346e-02
-1.176578477025032043e-01
8.836060017347335815e-02
3.070209175348281860e-02
9.326830506324768066e-02
-2.705150842666625977e-02
1.653805002570152283e-02
1.554586272686719894e-02
-3.306888788938522339e-02
1.676000072620809078e-03
-4.818680882453918457e-02
2.619866654276847839e-02
2.200852520763874054e-02
-2.804425545036792755e-03
3.409673925489187241e-03
1.112382952123880386e-02
-4.479820281267166138e-02
1.541554182767868042e-02
-8.936100639402866364e-03
-2.306404337286949158e-02
9.661229327321052551e-03
5.612220149487257004e-03
2.484054677188396454e-02
5.012965574860572815e-02
-6.091957166790962219e-02
-6.981740705668926239e-03
4.936540499329566956e-02
-1.084711309522390366e-02
-3.417645394802093506e-02
5.475778132677078247e-02
4.297012090682983398e-02
-2.968953549861907959e-02
-8.273092657327651978e-02
3.527387743815779686e-03
2.680844254791736603e-02
8.396250009536743164e-02
4.176554828882217407e-02
-1.568221300840377808e-02
7.627150043845176697e-03
-1.232658163644373417e-03
-5.978464335203170776e-02
-8.685172535479068756e-03
2.885221317410469055e-02
1.011744439601898193e-01
4.398374632000923157e-02
6.496231537312269211e-03
1.595233799889683723e-03
-2.549780718982219696e-02
-1.071539595723152161e-01
-5.635463632643222809e-03
4.853763431310653687e-02
-7.865617051720619202e-03
