1.837830059230327606e-02
2.611724659800529480e-02
1.874112337827682495e-02
1.502770837396383286e-02
1.122840959578752518e-02
-3.446086868643760681e-02
-2.199288923293352127e-03
-1.291627180762588978e-03
-4.118422791361808777e-02
6.707678548991680145e-03
-4.717973526567220688e-03
2.729843137785792351e-03
5.139321088790893555e-03
-1.539198867976665497e-02
-1.293617114424705505e-02
1.199949812144041061e-02
-1.016570441424846649e-02
5.623925942927598953e-03
1.023624688386917114e-01
2.143551968038082123e-02
-1.115945260971784592e-02
5.749861244112253189e-03
2.729284204542636871e-02
7.716706395149230957e-02
1.736193778924643993e-03
-5.731641128659248352e-02
-1.864586956799030304e-03
-1.521181873977184296e-02
-9.967936202883720398e-03
2.632497437298297882e-02
1.118178144097328186e-01
2.339995652437210083e-02
3.418618114665150642e-03
1.397129055112600327e-02
3.401981433853507042e-03
-4.621191322803497314e-02
2.665971405804157257e-02
2.407810091972351074e-02
3.932040184736251831e-02
8.138951659202575684e-02
2.567473347880877554e-05
2.554992400109767914e-02
3.269633650779724121e-02
5.225355923175811768e-02
-1.712605822831392288e-03
1.801074109971523285e-02
-4.034269601106643677e-03
1.622844673693180084e-02
3.013469465076923370e-02
-1.218241360038518906e-02
3.318462520837783813e-02
-4.787127301096916199e-02
1.244792491197586060e-01
9.253797121345996857e-03
1.056692562997341156e-02
2.081505581736564636e-02
-1.382021605968475342e-02
1.193049456924200058e-02
4.528927206993103027e-01
1.518906652927398682e-02
1.397446915507316589e-02
2.947003347799181938e-03
1.048703119158744812e-02
-3.109871223568916321e-02
-1.224755588918924332e-02
7.470110058784484863e-02
-2.091602422297000885e-02
-2.481201291084289551e-02
-6.924945861101150513e-02
2.393329329788684845e-02
3.242579475045204163e-02
-1.262886263430118561e-02
-2.683257451280951500e-03
-4.356785677373409271e-03
-4.755175486207008362e-02
5.013200268149375916e-02
2.609729208052158356e-02
-5.289745703339576721e-02
-5.763693712651729584e-03
-4.932236392050981522e-03
-2.704007551074028015e-02
1.486597023904323578e-02
-3.928639460355043411e-03
3.649954497814178467e-02
4.452008381485939026e-02
1.054822001606225967e-02
2.013749815523624420e-02
-3.945470787584781647e-03
2.061797119677066803e-02
-1.766807399690151215e-02
2.661880291998386383e-02
5.740774050354957581e-02
-6.844815611839294434e-02
-4.308097064495086670e-03
2.272423822432756424e-03
-1.273330952972173691e-02
-1.118881441652774811e-02
9.016654454171657562e-03
4.195281118154525757e-02
-4.852609708905220032e-03
-1.357287634164094925e-02
2.971888892352581024e-02
3.849466156680136919e-04
-1.237849425524473190e-02
-6.305114948190748692e-04
5.149067565798759460e-02
8.579407632350921631e-02
-1.840206049382686615e-02
-1.655760779976844788e-02
3.280109167098999023e-02
-1.889803563244640827e-03
3.312778100371360779e-02
4.116714000701904297e-02
-7.866613566875457764e-03
-1.157952565699815750e-02
2.761114574968814850e-02
-1.962751150131225586e-02
7.771974895149469376e-03
7.412681006826460361e-04
-7.107921876013278961e-03
-8.172500878572463989e-03
-7.303154561668634415e-03
1.362940203398466110e-02
-1.740760169923305511e-03
8.394654840230941772e-03
-5.752979312092065811e-03
-5.869035050272941589e-02
4.439058713614940643e-03
2.401045896112918854e-02
-1.382355258101597428e-04
4.772944748401641846e-02
1.234882976859807968e-02
-1.123672164976596832e-02
-2.220977563410997391e-03
-3.498561680316925049e-02
1.621168106794357300e-02
1.055170223116874695e-01
-7.431167177855968475e-03
1.735175028443336487e-02
4.992162343114614487e-03
-3.321191295981407166e-02
3.381977323442697525e-03
2.161494828760623932e-02
-3.352194651961326599e-02
2.678576670587062836e-02
6.798742711544036865e-02
4.169452190399169922e-02
3.449573414400219917e-03
-1.152904797345399857e-02
-4.118567798286676407e-03
1.293879281729459763e-02
-9.599605575203895569e-03
-8.368068374693393707e-04
8.173682540655136108e-02
8.945932611823081970e-03
6.843044538982212543e-04
-3.168573603034019470e-02
2.279983164044097066e-04
-1.002256525680422783e-03
2.795897307805716991e-04
-4.394366592168807983e-02
-7.955283857882022858e-03
-6.881234049797058105e-02
-1.336638815701007843e-02
4.413113463670015335e-03
6.648296117782592773e-02
-3.925078734755516052e-02
-1.868188381195068359e-02
1.277426443994045258e-02
-3.667129948735237122e-02
-2.248857729136943817e-02
1.282417960464954376e-02
-1.070437300950288773e-02
2.004366554319858551e-02
3.798121213912963867e-02
4.323168657720088959e-03
7.903227582573890686e-03
2.150126360356807709e-02
-5.297056958079338074e-02
3.474159166216850281e-04
-3.973122220486402512e-03
-1.630571112036705017e-02
5.593714886344969273e-04
-8.576267398893833160e-03
2.321632578969001770e-02
6.088935211300849915e-02
5.431002750992774963e-02
1.378269772976636887e-02
5.928082857280969620e-03
-2.995802275836467743e-02
-8.422694355249404907e-02
-1.494401413947343826e-02
2.452523447573184967e-02
2.282425761222839355e-02
-2.399948425590991974e-02
3.630404174327850342e-02
9.167970716953277588e-02
-1.206975802779197693e-02
9.298411756753921509e-02
1.072571799159049988e-02
-1.030246168375015259e-01
-3.794393735006451607e-03
4.559711739420890808e-02
5.805780738592147827e-02
-8.176600560545921326e-03
4.857366159558296204e-02
4.971542861312627792e-03
5.001508630812168121e-03
-2.564484626054763794e-02
-1.600957475602626801e-02
2.305711433291435242e-02
-2.042705891653895378e-03
-4.149447008967399597e-02
3.233028808608651161e-03
1.917091570794582367e-02
-2.886345051229000092e-02
1.635005464777350426e-04
1.443845406174659729e-02
5.088426545262336731e-02
1.843952573835849762e-02
1.890618540346622467e-02
-7.157288193702697754e-01
2.640718361362814903e-03
3.176956623792648315e-02
1.825459115207195282e-02
1.675634272396564484e-02
6.974370032548904419e-02
2.111806906759738922e-02
1.143440417945384979e-02
-2.220966620370745659e-03
4.664204549044370651e-03
-5.534202791750431061e-03
5.099700763821601868e-02
-3.182230889797210693e-02
6.532389670610427856e-03
1.491235662251710892e-02
5.440647155046463013e-02
-9.534321725368499756e-03
-5.145852919667959213e-03
-3.859292343258857727e-02
3.588531538844108582e-02
-4.210188239812850952e-02
3.584868507459759712e-03
5.337446928024291992e-02
-2.895626053214073181e-02
-1.328922901302576065e-02
-2.515256963670253754e-02
-4.262910038232803345e-02
-2.268095966428518295e-03
2.236901596188545227e-02
1.954899053089320660e-04
-8.668444119393825531e-03
8.694866672158241272e-03
4.340122453868389130e-03
7.892803288996219635e-03
-1.775502599775791168e-02
-1.944684772752225399e-03
-5.822048336267471313e-02
-3.190424665808677673e-02
2.174971997737884521e-02
6.161699444055557251e-02
8.930660784244537354e-03
1.047226488590240479e-01
-9.209852665662765503e-02
2.874503098428249359e-02
4.510339349508285522e-02
1.377109885215759277e-01
1.092582941055297852e-02
3.919913992285728455e-02
-3.153363242745399475e-02
-3.230421803891658783e-03
5.585573241114616394e-02
6.372797489166259766e-02
4.701852798461914062e-02
3.044770564883947372e-03
-2.916322462260723114e-02
-4.316693916916847229e-02
-3.145180642604827881e-02
-5.171844363212585449e-02
1.552249491214752197e-01
2.951007150113582611e-02
4.027205333113670349e-02
7.150028645992279053e-02
-5.325168743729591370e-02
-8.392425626516342163e-02
4.326185956597328186e-02
2.335690855979919434e-01
3.281595185399055481e-02
-1.805503852665424347e-02
-1.201572865247726440e-01
1.742258071899414062e-01
-1.073624342679977417e-01
1.072268094867467880e-02
2.626413665711879730e-02
4.619907587766647339e-02
7.922556251287460327e-02
-1.548816263675689697e-01
1.185450330376625061e-02
-3.912118822336196899e-02
-7.928749918937683105e-02
1.548464149236679077e-01
-4.440832510590553284e-02
7.428459525108337402e-01
-1.260105073451995850e-01
-3.552331775426864624e-02
-1.849660277366638184e-01
4.625792801380157471e-02
8.290421217679977417e-02
4.426097497344017029e-02
1.782518625259399414e-01
1.824312726967036724e-03
-2.812855690717697144e-02
2.145810723304748535e-01
-3.810427151620388031e-03
-5.538793653249740601e-02
-5.525627359747886658e-02
-7.333923131227493286e-02
-4.545030742883682251e-02
4.814836010336875916e-02
5.576198920607566833e-03
-6.451659835875034332e-03
4.543041810393333435e-03
-3.168956562876701355e-02
-2.386971935629844666e-02
1.066476106643676758e-02
-6.135722622275352478e-02
5.988209042698144913e-03
6.343182176351547241e-03
-1.716192439198493958e-02
-1.473711989820003510e-02
4.702533036470413208e-02
1.997575350105762482e-02
2.712597488425672054e-04
2.925270050764083862e-02
-1.509157940745353699e-02
-6.874458491802215576e-02
-6.835245341062545776e-02
-9.572524577379226685e-03
4.355089738965034485e-02
2.403217554092407227e-02
-6.337891519069671631e-02
-1.025050412863492966e-02
5.840003862977027893e-02
-4.749417677521705627e-02
-1.694697700440883636e-02
7.741219550371170044e-02
-2.709078975021839142e-02
-5.092930421233177185e-02
-1.351445261389017105e-02
-6.631692498922348022e-02
-2.068738453090190887e-02
2.135950140655040741e-02
1.860368251800537109e-02
9.035240858793258667e-02
-2.623790176585316658e-03
4.698662087321281433e-02
3.352331370115280151e-02
-4.675704613327980042e-02
7.532025221735239029e-03
3.479043766856193542e-02
-8.054897934198379517e-02
-3.720861859619617462e-03
-2.680548932403326035e-03
7.356928195804357529e-03
-2.562000881880521774e-03
-7.485955022275447845e-03
-4.594207927584648132e-02
1.556338835507631302e-02
1.814823225140571594e-02
-9.660014882683753967e-03
2.648948878049850464e-02
-2.793850377202033997e-02
-1.835658214986324310e-02
-3.396827727556228638e-02
1.746617071330547333e-02
-4.338241368532180786e-02
2.323191426694393158e-02
-5.409486126154661179e-03
-9.080483764410018921e-02
-3.747652098536491394e-02
6.045188382267951965e-02
-6.264505907893180847e-03
-1.159375980496406555e-01
-1.795926690101623535e-02
7.221939414739608765e-02
1.570713333785533905e-02
5.695213004946708679e-02
1.877915859222412109e-02
-1.191025879234075546e-02
1.045237015932798386e-02
-2.682249434292316437e-02
-4.883803799748420715e-02
9.817466139793395996e-03
-1.898834668099880219e-02
3.142850100994110107e-02
6.541154813021421432e-03
2.387523278594017029e-02
1.490688789635896683e-02
7.515970617532730103e-03
3.331432491540908813e-02
1.448704674839973450e-02
1.448618131689727306e-03
1.252553910017013550e-01
-3.331581503152847290e-02
-1.218138635158538818e-02
6.380851566791534424e-02
-2.829928323626518250e-02
1.046161539852619171e-02
1.002487633377313614e-02
-2.756480686366558075e-02
-7.011408358812332153e-02
1.558936201035976410e-02
3.570030967239290476e-04
-3.210423747077584267e-03
5.176519043743610382e-03
-1.247362978756427765e-02
8.940445259213447571e-03
1.931475661695003510e-02
-2.771683782339096069e-02
3.235021233558654785e-02
-2.142060175538063049e-02
1.137868128716945648e-02
-1.555601060390472412e-01
3.335104510188102722e-02
-2.835821546614170074e-02
-4.215981066226959229e-02
-4.462993517518043518e-02
4.014514386653900146e-03
-5.447222664952278137e-02
4.347648099064826965e-02
7.548890262842178345e-02
-1.412884611636400223e-02
-5.016574636101722717e-02
-7.771299034357070923e-02
-3.187179565429687500e-02
-4.320518113672733307e-03
-1.199433114379644394e-02
-2.875242941081523895e-02
-5.311280116438865662e-02
4.325902089476585388e-03
-2.538079954683780670e-02
3.277493268251419067e-02
-2.015772275626659393e-03
1.824315637350082397e-02
-1.754038222134113312e-02
2.548980712890625000e-02
1.783099211752414703e-02
-1.537575125694274902e-01
1.801534369587898254e-02
3.377652540802955627e-02
5.756190791726112366e-02
2.538749575614929199e-02
7.849490642547607422e-02
-4.224419593811035156e-02
-3.027435950934886932e-02
5.379418283700942993e-02
1.379883848130702972e-02
1.314408425241708755e-02
-5.686598643660545349e-02
-3.280890733003616333e-02
-5.600323155522346497e-02
-3.719012439250946045e-02
-3.285630792379379272e-02
9.925449267029762268e-04
1.338795199990272522e-02
3.481062361970543861e-03
3.259820863604545593e-03
1.674458198249340057e-02
-3.471745550632476807e-02
6.765634566545486450e-02
5.950974673032760620e-02
-6.570117175579071045e-02
3.626355901360511780e-02
-8.717298507690429688e-02
8.012995123863220215e-02
2.390145882964134216e-02
-7.900802418589591980e-03
7.495630532503128052e-03
-4.790902510285377502e-02
3.633235394954681396e-02
-9.473885409533977509e-03
3.333336859941482544e-02
-2.749075554311275482e-02
-4.118342697620391846e-02
3.940946981310844421e-02
6.259325891733169556e-02
1.486129593104124069e-03
-8.329588174819946289e-02
3.698671609163284302e-02
-2.015351317822933197e-02
6.865133764222264290e-04
7.634052634239196777e-02
-1.548663829453289509e-03
-1.937680877745151520e-02
-2.548699267208576202e-02
-3.533310443162918091e-02
1.063782721757888794e-01
1.141799613833427429e-02
-7.555813528597354889e-03
1.603218354284763336e-02
-7.331704720854759216e-03
2.403622958809137344e-03
2.868640050292015076e-02
-4.033501818776130676e-02
-1.525520253926515579e-02
-4.403312876820564270e-02
2.360249683260917664e-02
-5.992944538593292236e-02
-4.995407164096832275e-02
2.693405561149120331e-02
-4.281597677618265152e-03
-3.217934165149927139e-03
-5.954430624842643738e-02
1.298714708536863327e-02
-5.350505560636520386e-02
-3.657850623130798340e-02
1.023787446320056915e-02
8.960207342170178890e-04
-2.359457872807979584e-02
3.121899999678134918e-02
9.381050616502761841e-02
7.158061116933822632e-02
-9.783181548118591309e-02
9.123568423092365265e-03
4.130233824253082275e-02
-3.482587635517120361e-02
6.144433282315731049e-03
1.922000013291835785e-02
6.139428913593292236e-02
-4.892023280262947083e-02
-5.794481933116912842e-02
-5.525990948081016541e-02
-7.105427980422973633e-02
4.441252350807189941e-02
5.821271613240242004e-02
1.402660273015499115e-02
4.081140086054801941e-02
5.812313407659530640e-02
-1.127429120242595673e-02
2.655255608260631561e-02
-2.518651261925697327e-02
6.246457342058420181e-03
5.750466510653495789e-02
-1.104636117815971375e-01
-4.353395476937294006e-02
-5.625725258141756058e-03
4.176775738596916199e-02
-4.235558956861495972e-02
-1.643676077947020531e-03
3.672508150339126587e-02
-1.866621524095535278e-02
2.103263698518276215e-02
-3.916984423995018005e-02
1.109049282968044281e-02
-2.059172093868255615e-02
7.173558231443166733e-03
7.472661137580871582e-02
1.392223522998392582e-03
6.495305337011814117e-03
1.228477247059345245e-02
2.186740003526210785e-02
-2.098344825208187103e-02
1.011235937476158142e-01
-2.725377306342124939e-02
-2.876807004213333130e-03
3.066671639680862427e-02
-1.117394887842237949e-03
1.429276540875434875e-02
-6.783912330865859985e-02
3.944034501910209656e-02
1.497582439333200455e-02
2.447796612977981567e-02
1.671834103763103485e-02
3.808687254786491394e-02
-5.895142629742622375e-02
1.525518484413623810e-02
-2.139562927186489105e-02
4.180763289332389832e-02
-1.948353275656700134e-02
-2.977211028337478638e-02
7.501335442066192627e-02
-1.758247800171375275e-02
7.413873076438903809e-02
-7.888704538345336914e-03
-2.304992638528347015e-02
9.395300410687923431e-03
9.734150022268295288e-03
5.965352058410644531e-03
-6.339614093303680420e-02
2.591715753078460693e-02
-3.298120573163032532e-02
-2.763011679053306580e-02
-7.847347855567932129e-02
-2.597153559327125549e-02
2.212361246347427368e-02
-4.940763115882873535e-02
6.541829556226730347e-02
-1.314593479037284851e-02
-4.852744191884994507e-02
-4.026339948177337646e-02
5.089563503861427307e-02
7.409143447875976562e-02
-1.326466817408800125e-02
-2.440139837563037872e-02
1.654572971165180206e-02
-3.213690966367721558e-02
8.396825194358825684e-02
-9.835029952228069305e-03
7.511310745030641556e-03
-2.871338091790676117e-02
6.991724669933319092e-02
-4.278159886598587036e-02
7.452143356204032898e-03
2.637374680489301682e-03
-7.590860873460769653e-02
5.536212772130966187e-02
-5.702534317970275879e-02
-6.081700325012207031e-03
-5.517852306365966797e-02
-4.679861292243003845e-02
-1.796736754477024078e-02
-4.432925023138523102e-03
7.098420523107051849e-03
6.101517751812934875e-02
-4.339410364627838135e-02
-8.146813139319419861e-03
-6.227954104542732239e-02
-7.875545881688594818e-03
-9.694944322109222412e-02
-7.706917077302932739e-02
3.666882961988449097e-02
1.971490681171417236e-02
-3.042032383382320404e-02
-7.148600649088621140e-03
4.624278284609317780e-03
-2.190304920077323914e-02
-7.763932645320892334e-02
-5.685933679342269897e-02
2.986610494554042816e-02
-2.901394106447696686e-02
-3.385957097634673119e-03
-1.369219459593296051e-02
4.001396894454956055e-02
3.283935785293579102e-02
-1.933052577078342438e-02
-3.125074505805969238e-02
8.267286233603954315e-03
3.020420484244823456e-02
-4.696729406714439392e-02
-2.139911986887454987e-02
4.218361154198646545e-02
3.027703240513801575e-02
3.685410320758819580e-02
-1.945835165679454803e-02
3.187399730086326599e-02
-1.145878806710243225e-02
-2.088760212063789368e-02
-1.124644838273525238e-02
4.498509690165519714e-02
-1.356790587306022644e-02
-1.004090234637260437e-01
9.025145322084426880e-03
5.279390141367912292e-02
9.554073330946266651e-04
2.224954217672348022e-02
1.482445467263460159e-02
7.623714953660964966e-02
-3.898197412490844727e-02
2.326731011271476746e-02
-1.676943525671958923e-02
8.844017051160335541e-03
1.245977729558944702e-02
2.253800630569458008e-03
-4.744144156575202942e-03
3.848800202831625938e-03
-5.450039729475975037e-02
5.278594791889190674e-03
-3.538550110533833504e-03
-3.142735362052917480e-02
-9.521952271461486816e-02
-3.385538980364799500e-02
5.443421378731727600e-02
4.976650699973106384e-02
-5.642642453312873840e-02
1.241368707269430161e-02
-1.053935009986162186e-02
3.129893168807029724e-02
9.282803162932395935e-03
-5.819945409893989563e-02
7.985110580921173096e-02
-7.937723770737648010e-03
-7.822853326797485352e-02
1.659966446459293365e-02
4.674571380019187927e-02
1.182193402200937271e-02
6.481444835662841797e-02
-2.544129081070423126e-02
-2.478655986487865448e-02
-3.645069152116775513e-02
-1.976392976939678192e-02
4.892033711075782776e-02
3.432802855968475342e-02
-4.283599928021430969e-02
-6.121340394020080566e-02
-4.107794910669326782e-02
-3.738043829798698425e-02
2.032311819493770599e-02
-2.020720764994621277e-02
1.031315550208091736e-01
-1.118974978453479707e-04
1.323210000991821289e-01
1.849654503166675568e-02
-6.060757674276828766e-03
4.013414680957794189e-02
-5.949672684073448181e-02
-4.853978380560874939e-02
6.679417192935943604e-02
-5.586040765047073364e-02
-6.428599357604980469e-02
3.263131529092788696e-02
4.211812466382980347e-02
1.613617129623889923e-02
1.996575389057397842e-03
2.218088321387767792e-02
-1.185165019705891609e-03
-1.351242791861295700e-02
-1.817093789577484131e-02
5.060983076691627502e-02
4.838507622480392456e-03
-7.297756150364875793e-03
4.464012011885643005e-02
-3.741699911188334227e-04
-2.786520309746265411e-02
-1.938290521502494812e-02
-4.215699620544910431e-03
-7.064688205718994141e-02
2.168187685310840607e-02
4.159236792474985123e-03
-1.559145301580429077e-01
1.464933343231678009e-02
-1.585749723017215729e-02
6.725262105464935303e-02
3.662134334444999695e-02
-1.401825807988643646e-02
2.090910822153091431e-02
-7.006550580263137817e-02
-1.833978854119777679e-02
-3.705369308590888977e-02
2.673773840069770813e-02
-5.078796762973070145e-03
-1.953629590570926666e-02
-2.969912253320217133e-02
7.470682263374328613e-03
7.137166708707809448e-02
2.945595420897006989e-02
3.662749379873275757e-02
1.073427964001893997e-02
-5.106991901993751526e-02
-3.699097782373428345e-02
6.633128225803375244e-02
-4.366487264633178711e-03
8.149558305740356445e-02
-2.359545603394508362e-02
7.680279668420553207e-03
-6.915513426065444946e-02
-1.070178970694541931e-01
-6.466294825077056885e-02
-5.671854317188262939e-02
-6.237841676920652390e-03
-1.799314469099044800e-01
-1.155501510947942734e-02
-1.424848102033138275e-02
-7.450378499925136566e-03
-2.422206476330757141e-02
-3.395261475816369057e-03
5.127194151282310486e-02
-4.230300709605216980e-02
6.170998886227607727e-02
-4.603622108697891235e-02
-1.230904832482337952e-02
-1.746276952326297760e-02
-1.433262825012207031e-01
6.587748229503631592e-02
1.602503284811973572e-02
1.180534437298774719e-01
-1.796878129243850708e-02
2.673408715054392815e-03
2.644570171833038330e-02
-1.559728384017944336e-02
4.083581268787384033e-03
-3.647705540060997009e-02
1.351067237555980682e-02
1.861204765737056732e-02
-1.535135973244905472e-02
2.372950501739978790e-02
2.073503844439983368e-02
-3.505552187561988831e-02
1.395536679774522781e-02
5.500802304595708847e-03
-2.323183231055736542e-02
2.356589213013648987e-02
2.826619334518909454e-02
-1.270053558982908726e-03
6.068451330065727234e-02
-5.578939989209175110e-02
-2.679919591173529625e-03
5.165268853306770325e-02
-3.478764742612838745e-02
-2.764577604830265045e-02
6.776315718889236450e-02
2.352368831634521484e-02
-3.021781705319881439e-02
-9.312746673822402954e-02
3.100593760609626770e-02
3.333036974072456360e-02
5.966874584555625916e-02
3.049988299608230591e-02
-2.982251904904842377e-02
6.150146946310997009e-03
2.007801085710525513e-02
-7.121197134256362915e-02
-1.169736310839653015e-02
3.314269706606864929e-02
1.267555803060531616e-01
2.862538956105709076e-02
-1.955767162144184113e-02
-4.735264461487531662e-03
-3.353491425514221191e-02
-8.597666770219802856e-02
-2.223953604698181152e-02
4.715425521135330200e-02
-2.780058979988098145e-02
