-1.321878377348184586e-02
1.881903153844177723e-03
-3.980000503361225128e-03
7.473883219063282013e-03
8.012298494577407837e-03
-4.343668464571237564e-03
-6.445236038416624069e-03
-2.026789449155330658e-02
-2.157632820308208466e-02
1.834056712687015533e-02
4.407912492752075195e-03
1.254543662071228027e-02
8.220024406909942627e-03
-2.243406884372234344e-02
-4.196741431951522827e-02
1.073809247463941574e-02
-3.630761802196502686e-02
3.473771736025810242e-02
1.118949204683303833e-01
-2.857259940356016159e-03
-2.281309291720390320e-02
-1.312919706106185913e-02
7.662811130285263062e-02
9.085138887166976929e-02
4.220555536448955536e-03
-7.790157943964004517e-02
-3.828631341457366943e-02
-9.104644879698753357e-03
-1.966130919754505157e-02
9.468924254179000854e-03
1.322274655103683472e-01
1.057256013154983521e-02
6.011683493852615356e-03
-2.556736953556537628e-02
-7.304963190108537674e-03
-3.902024775743484497e-02
4.455382749438285828e-02
3.079747781157493591e-02
4.910851269960403442e-02
9.475770592689514160e-02
-1.537679811008274555e-03
1.801745593547821045e-02
4.907321184873580933e-02
4.399604350328445435e-02
1.908231899142265320e-02
2.204640768468379974e-04
-3.422510623931884766e-02
-2.423577196896076202e-02
2.980319596827030182e-02
3.972470003645867109e-04
2.706048265099525452e-02
1.463924534618854523e-02
1.286840438842773438e-01
2.448441088199615479e-02
2.006579004228115082e-02
4.090493544936180115e-02
-1.084245368838310242e-02
2.660100720822811127e-02
4.397742748260498047e-01
6.406264007091522217e-02
7.120841182768344879e-03
1.583372987806797028e-02
-1.565873739309608936e-03
-1.718573458492755890e-02
-7.032720837742090225e-03
5.539555102586746216e-02
1.562182675115764141e-03
-2.403121069073677063e-02
-7.168132811784744263e-02
1.235182769596576691e-02
1.770188100636005402e-02
-4.049045965075492859e-02
-2.307792939245700836e-02
-1.464883610606193542e-02
-6.506702303886413574e-02
4.651885479688644409e-02
2.323874458670616150e-02
-8.117128908634185791e-02
1.240334287285804749e-02
-9.468623995780944824e-02
-1.086890604346990585e-02
2.362245880067348480e-02
4.369338043034076691e-03
2.615665830671787262e-02
1.949601620435714722e-02
1.122991554439067841e-02
-1.331396680325269699e-02
-4.381658218335360289e-04
2.744713611900806427e-02
-2.212945744395256042e-02
1.883652806282043457e-02
2.848357148468494415e-02
-3.168355301022529602e-02
-1.170488167554140091e-02
6.139658391475677490e-03
-5.155936349183320999e-03
2.211704105138778687e-02
-1.050503831356763840e-02
7.112077623605728149e-02
3.205515071749687195e-02
-2.737103588879108429e-02
1.363385748118162155e-02
-2.638322114944458008e-02
-3.261460456997156143e-03
3.300519892945885658e-03
6.483746320009231567e-02
9.182048588991165161e-02
-5.109998863190412521e-03
-7.161035668104887009e-03
2.222560718655586243e-02
-9.277151897549629211e-03
2.382658421993255615e-02
4.012026637792587280e-02
-3.255995362997055054e-02
3.108417848125100136e-03
1.324203424155712128e-02
2.951122075319290161e-02
-7.223130203783512115e-03
-2.239241497591137886e-03
-3.289899788796901703e-03
1.390172448009252548e-02
-5.359820555895566940e-03
2.501185424625873566e-02
4.655750002712011337e-03
-7.724587339907884598e-03
2.577335108071565628e-03
-5.376613885164260864e-02
6.316328886896371841e-03
4.606747068464756012e-03
-1.391435228288173676e-02
3.958350419998168945e-02
1.318249572068452835e-02
-2.247979398816823959e-03
1.300174556672573090e-02
-5.361121892929077148e-02
1.551299449056386948e-02
1.119573339819908142e-01
-3.723210096359252930e-02
2.520692069083452225e-03
1.119114831089973450e-02
-9.009147062897682190e-03
1.447135675698518753e-02
4.164193756878376007e-03
1.844524033367633820e-02
2.484850771725177765e-02
2.313200943171977997e-02
5.350185930728912354e-02
-1.664124894887208939e-03
-4.999027587473392487e-03
-5.569021683186292648e-03
6.327775865793228149e-02
1.339868456125259399e-02
1.960859633982181549e-02
8.679078519344329834e-02
9.473217651247978210e-03
1.098092645406723022e-02
-3.808283060789108276e-02
-2.265369705855846405e-02
3.907008841633796692e-02
1.153484266251325607e-02
-4.792644083499908447e-02
2.975780889391899109e-02
-7.614177465438842773e-02
-4.482098389416933060e-03
-1.504390093032270670e-04
6.869134306907653809e-02
6.340397521853446960e-03
-4.296170920133590698e-02
2.873356454074382782e-02
-3.253509104251861572e-02
2.942007035017013550e-03
-1.267264038324356079e-02
-6.391084287315607071e-03
3.922449052333831787e-02
3.863868117332458496e-02
4.460369702428579330e-03
3.948939964175224304e-03
1.462880987673997879e-02
-2.345488965511322021e-02
-4.022364970296621323e-03
2.292238641530275345e-03
1.002560136839747429e-03
-8.262305520474910736e-03
-1.001277379691600800e-02
6.600807607173919678e-02
-2.404270693659782410e-02
2.097588032484054565e-01
2.653019689023494720e-02
-5.104153751744888723e-05
-4.433787614107131958e-02
-1.297061443328857422e-01
-2.537076361477375031e-02
-3.371422644704580307e-03
4.576736688613891602e-02
-7.198697328567504883e-02
6.322832312434911728e-03
7.294549793004989624e-02
1.787841506302356720e-02
1.152291819453239441e-01
2.622782625257968903e-02
-9.999822825193405151e-02
-5.592217668890953064e-03
1.154623553156852722e-01
6.249433010816574097e-02
-2.060766704380512238e-02
2.270920947194099426e-02
1.118598412722349167e-02
-1.877782488008961082e-04
-3.079722076654434204e-02
3.902894631028175354e-02
6.573759950697422028e-03
-1.948762498795986176e-02
-6.010023877024650574e-02
1.726282387971878052e-02
-4.481828771531581879e-03
-6.871344149112701416e-02
1.497192960232496262e-02
2.483583241701126099e-02
3.806836158037185669e-02
3.553647920489311218e-02
3.946962207555770874e-02
-6.205861568450927734e-01
-5.400373600423336029e-03
3.203035145998001099e-02
2.835474349558353424e-02
1.587230153381824493e-02
8.856837451457977295e-02
1.676621846854686737e-02
3.657307475805282593e-02
1.179985352791845798e-03
2.307283226400613785e-03
4.976870492100715637e-02
4.958782717585563660e-02
-1.677342317998409271e-02
-3.617275878787040710e-02
5.567673593759536743e-03
5.912273749709129333e-02
-5.463474430143833160e-03
1.587336510419845581e-02
-2.590361796319484711e-02
3.343908488750457764e-02
-5.716427788138389587e-02
1.392345223575830460e-02
3.115243464708328247e-02
-2.707775495946407318e-02
-2.186578325927257538e-02
-1.203764230012893677e-02
-7.729273289442062378e-02
1.459144242107868195e-02
3.202624991536140442e-02
-1.944368332624435425e-02
2.340621501207351685e-02
2.603055164217948914e-02
2.793244458734989166e-02
-3.537006268743425608e-04
8.345970883965492249e-03
-1.454254146665334702e-03
-8.560442179441452026e-02
-8.969260752201080322e-02
4.022172838449478149e-02
4.545174166560173035e-02
-5.348038300871849060e-02
6.940138339996337891e-02
-1.122528985142707825e-01
-2.111936546862125397e-02
8.036391437053680420e-02
1.725539863109588623e-01
-2.133658155798912048e-02
2.799327857792377472e-02
-2.340845204889774323e-02
-3.698593750596046448e-02
9.108140319585800171e-02
5.155527964234352112e-02
6.232598796486854553e-02
-4.769345372915267944e-02
3.691608831286430359e-02
-9.220639616250991821e-02
-9.317234158515930176e-02
-6.200984492897987366e-02
1.169597133994102478e-01
3.697060793638229370e-02
2.075893059372901917e-02
3.447209298610687256e-02
-5.150793865323066711e-02
-1.389949917793273926e-01
-5.042673274874687195e-02
2.820708155632019043e-01
4.475196823477745056e-02
-1.242192611098289490e-01
-5.119067803025245667e-02
1.988878697156906128e-01
9.099203161895275116e-03
-5.529351765289902687e-04
1.787333190441131592e-02
2.531664073467254639e-02
4.753070324659347534e-02
-1.613525748252868652e-01
6.816557794809341431e-02
-5.201130989007651806e-04
-1.238994151353836060e-01
2.018830925226211548e-01
-6.948496215045452118e-03
6.812588572502136230e-01
-1.573120057582855225e-01
-1.595433987677097321e-02
-1.536471694707870483e-01
-7.918332703411579132e-03
6.453546136617660522e-02
-1.506327744573354721e-02
1.935236155986785889e-01
9.222658351063728333e-03
-4.712112620472908020e-02
2.008959501981735229e-01
1.438775658607482910e-02
-1.373948715627193451e-02
-4.668908938765525818e-02
-4.606147110462188721e-02
-6.815108656883239746e-02
4.243191331624984741e-02
4.893589764833450317e-02
-9.404455195181071758e-04
3.416495164856314659e-03
-4.597432911396026611e-02
-3.578702732920646667e-02
4.232681170105934143e-02
-4.853376001119613647e-02
5.964511074125766754e-03
1.683859154582023621e-02
-3.620806708931922913e-02
-2.423774264752864838e-02
3.040534630417823792e-02
3.346247225999832153e-02
-5.218514706939458847e-03
2.694232948124408722e-02
3.823438892140984535e-03
-7.117736339569091797e-02
-1.001195609569549561e-01
-1.569375582039356232e-02
5.549028515815734863e-02
3.163914754986763000e-02
-4.755786806344985962e-02
-2.164043858647346497e-02
3.783684223890304565e-02
-2.440783008933067322e-02
5.244177766144275665e-03
9.168696403503417969e-02
-4.145211726427078247e-02
-6.375888735055923462e-02
-4.296852648258209229e-02
-8.199273049831390381e-02
-5.190833006054162979e-03
1.634936220943927765e-02
2.658472023904323578e-02
7.862921804189682007e-02
6.263551767915487289e-03
7.242970913648605347e-02
3.654879331588745117e-02
-4.374790191650390625e-02
2.687719278037548065e-02
3.794825822114944458e-02
-7.544968277215957642e-02
1.919553428888320923e-02
-3.542860224843025208e-02
1.512095984071493149e-02
7.654632441699504852e-03
9.228420443832874298e-03
-3.871344402432441711e-02
1.644609495997428894e-02
6.004765257239341736e-02
-3.709128499031066895e-02
1.929833553731441498e-02
-3.052097000181674957e-02
-1.776266656816005707e-02
-4.103605821728706360e-02
3.573676198720932007e-02
-3.974079713225364685e-02
3.916073217988014221e-02
1.020201947540044785e-02
-9.080199152231216431e-02
-4.425861686468124390e-02
5.270477756857872009e-02
-4.566715506371110678e-04
-1.015669181942939758e-01
-8.077789098024368286e-03
5.182496458292007446e-02
2.979841828346252441e-02
5.574215576052665710e-02
1.686355657875537872e-02
-5.332832224667072296e-03
1.460626837797462940e-03
-2.275475673377513885e-02
-3.914259746670722961e-02
5.337030440568923950e-02
4.573125857859849930e-03
3.824145719408988953e-02
1.980507047846913338e-03
4.416040144860744476e-03
1.260815188288688660e-02
1.108255423605442047e-02
3.633271157741546631e-02
1.465998589992523193e-02
-4.262669384479522705e-02
6.801406294107437134e-02
-1.433309260755777359e-02
-2.406620886176824570e-03
3.177630528807640076e-02
-4.922530427575111389e-02
4.582738911267369986e-04
1.768666878342628479e-02
-5.562119185924530029e-02
-3.190281987190246582e-02
1.664302684366703033e-02
1.175021938979625702e-02
2.097541652619838715e-02
1.042332220822572708e-02
8.107473142445087433e-03
1.853933185338973999e-02
2.355506271123886108e-02
-1.101735047996044159e-02
3.418948873877525330e-02
-1.547553855925798416e-02
1.822457462549209595e-02
-1.455717086791992188e-01
1.187378168106079102e-02
-1.102111954241991043e-02
-8.656731806695461273e-03
-4.067878425121307373e-02
2.460736036300659180e-02
-5.776270478963851929e-02
1.568135246634483337e-02
7.988461852073669434e-02
7.863577455282211304e-03
-3.405145183205604553e-02
-8.007533103227615356e-02
-1.631559990346431732e-02
7.191997021436691284e-03
7.648848928511142731e-03
-2.272354997694492340e-02
-3.613140061497688293e-02
-1.366794575005769730e-02
-1.153222192078828812e-02
1.814650744199752808e-02
2.654512040317058563e-02
1.313537545502185822e-02
-1.419561263173818588e-02
1.908706128597259521e-02
4.600124806165695190e-02
-1.594881564378738403e-01
1.368002220988273621e-02
3.825833275914192200e-02
6.006605550646781921e-02
9.691852144896984100e-03
6.119886413216590881e-02
-5.865088477730751038e-02
-3.465663269162178040e-02
6.743796914815902710e-02
-4.359738901257514954e-03
-2.826873213052749634e-02
-6.619735062122344971e-02
8.295099250972270966e-03
2.796181663870811462e-02
-2.963002212345600128e-02
-2.814962901175022125e-02
-1.862010918557643890e-02
3.206926211714744568e-02
2.406632527709007263e-03
-5.872026551514863968e-03
3.055550716817378998e-02
-2.307212539017200470e-02
7.308355718851089478e-02
2.250186726450920105e-02
-4.492804408073425293e-02
3.511155024170875549e-02
-6.922350823879241943e-02
5.916197225451469421e-02
1.187699008733034134e-02
-1.231211703270673752e-02
-2.624091459438204765e-03
-5.334605276584625244e-02
4.442060366272926331e-02
1.440521236509084702e-02
8.437370508909225464e-02
-1.691493764519691467e-02
-5.093394219875335693e-02
4.599927365779876709e-02
5.144841223955154419e-02
1.997443661093711853e-02
-8.111071586608886719e-02
-1.057586539536714554e-02
-9.185018017888069153e-03
1.087576057761907578e-02
5.404949933290481567e-02
1.785880886018276215e-03
-6.202143151313066483e-03
-2.565439604222774506e-02
-3.508871421217918396e-02
8.032311499118804932e-02
1.650066673755645752e-02
3.489777818322181702e-02
1.281037554144859314e-02
-9.877051226794719696e-03
4.251310136169195175e-03
3.649828583002090454e-02
-3.986670449376106262e-02
-1.159634441137313843e-02
-6.572886556386947632e-02
2.188261225819587708e-02
-5.922112241387367249e-02
-4.015743359923362732e-02
2.821224369108676910e-02
1.796762645244598389e-02
3.605738049373030663e-03
-7.087075710296630859e-02
4.999407380819320679e-02
-7.055749744176864624e-02
-3.106479346752166748e-02
1.578150130808353424e-02
-3.469713032245635986e-02
-2.940305881202220917e-02
2.289228141307830811e-02
9.787160158157348633e-02
3.478557989001274109e-02
-1.004391685128211975e-01
2.607279084622859955e-02
-8.003386668860912323e-03
-4.909911751747131348e-02
-1.929282769560813904e-02
6.949452310800552368e-02
4.833244532346725464e-02
-3.238780423998832703e-02
-5.148839205503463745e-02
-4.085174202919006348e-02
-9.015524387359619141e-02
5.267437174916267395e-02
6.082738190889358521e-02
3.565177787095308304e-03
5.131192505359649658e-02
5.932276695966720581e-02
-2.245876193046569824e-02
4.474263172596693039e-03
-5.400423705577850342e-02
1.970010064542293549e-02
1.611519604921340942e-02
-8.170290291309356689e-02
-5.137866362929344177e-02
-1.202100887894630432e-02
3.491244837641716003e-02
-6.034127622842788696e-02
9.466638788580894470e-03
3.724397718906402588e-02
1.244366983883082867e-03
2.562649920582771301e-02
-4.466326907277107239e-02
7.372814230620861053e-03
-3.330247849225997925e-02
-2.588226925581693649e-03
1.025368720293045044e-01
3.858260170090943575e-04
1.672024093568325043e-02
-4.508063662797212601e-03
1.991219818592071533e-02
-4.724283143877983093e-02
1.242377460002899170e-01
-6.735866516828536987e-02
-2.980598714202642441e-03
2.134222164750099182e-02
2.607325278222560883e-02
2.645944803953170776e-02
-4.466745629906654358e-02
7.363280653953552246e-02
2.573367767035961151e-02
3.107329457998275757e-02
1.097476482391357422e-02
2.814220823347568512e-02
-6.314494460821151733e-02
-2.572352532297372818e-03
-4.619873687624931335e-02
4.638881236314773560e-02
-3.371099010109901428e-02
-3.222370147705078125e-02
4.629644751548767090e-02
-2.444024139549583197e-04
7.750442624092102051e-02
-1.657546870410442352e-02
-5.230062641203403473e-03
-5.646961741149425507e-03
1.452263351529836655e-02
2.184059843420982361e-02
-7.407815754413604736e-02
3.196178004145622253e-02
-3.235111013054847717e-02
-2.850403636693954468e-02
-1.018382981419563293e-01
-3.803778439760208130e-02
-7.574082165956497192e-02
-6.282366067171096802e-02
6.885660439729690552e-02
-1.565338345244526863e-03
-3.944945707917213440e-02
-2.699930220842361450e-02
2.624256722629070282e-02
8.971777558326721191e-02
-8.271013386547565460e-03
-8.848395198583602905e-03
8.907157927751541138e-03
-5.757588148117065430e-02
8.477839827537536621e-02
2.566818846389651299e-03
3.429339453577995300e-02
-4.601282253861427307e-02
5.372310057282447815e-02
-8.716636337339878082e-03
-1.798890158534049988e-02
5.892709828913211823e-03
-1.191019415855407715e-01
5.375331267714500427e-02
-3.406488895416259766e-02
-2.182320924475789070e-03
-6.083418056368827820e-02
-6.165622919797897339e-02
-3.730124561116099358e-03
-7.534229196608066559e-03
4.062787070870399475e-02
7.095267623662948608e-02
-4.268642514944076538e-02
-5.997395142912864685e-03
-7.015874236822128296e-02
-1.395431533455848694e-02
-1.027987077832221985e-01
-3.344358503818511963e-02
3.569508343935012817e-02
-4.714749380946159363e-02
-3.850463405251502991e-02
-2.707122638821601868e-02
-3.193785995244979858e-02
-7.972220890223979950e-03
-6.684518605470657349e-02
-6.583283096551895142e-02
3.334560617804527283e-02
3.180824453011155128e-03
2.196977846324443817e-02
-2.753294445574283600e-02
3.750691562891006470e-02
-2.163677243515849113e-03
-1.673301123082637787e-02
-2.443521283566951752e-02
9.775068610906600952e-03
2.366026490926742554e-02
-2.610849775373935699e-02
-5.795148015022277832e-02
1.929363049566745758e-02
2.259628660976886749e-02
2.829865366220474243e-02
1.072504441253840923e-03
4.261400550603866577e-02
-5.279333796352148056e-03
-1.597392931580543518e-02
-2.351381070911884308e-02
1.180080510675907135e-02
1.790514215826988220e-02
-7.729171961545944214e-02
-4.428049083799123764e-03
1.998296193778514862e-02
1.122406590729951859e-02
1.667317410465329885e-04
8.512184722349047661e-04
7.887727767229080200e-02
-4.149782471358776093e-03
1.799695938825607300e-02
-3.954650834202766418e-02
2.206624299287796021e-02
2.048015035688877106e-02
-1.384965237230062485e-02
-4.376727622002363205e-03
4.007870331406593323e-02
-7.159483432769775391e-02
1.332919811829924583e-03
-8.290831930935382843e-03
-2.738499082624912262e-02
-1.216896325349807739e-01
-1.888623833656311035e-02
3.925837576389312744e-02
7.133133709430694580e-02
-3.075188212096691132e-02
2.947257459163665771e-02
-1.056262478232383728e-02
3.846610710024833679e-02
2.327938564121723175e-02
-6.359807401895523071e-02
7.782246917486190796e-02
-9.581067599356174469e-03
-7.299304753541946411e-02
-2.898268960416316986e-02
3.360889852046966553e-02
1.178588252514600754e-02
5.503517016768455505e-02
-3.813053667545318604e-02
2.358441427350044250e-02
-1.085144188255071640e-02
-3.738691797479987144e-03
4.608435556292533875e-02
4.156904667615890503e-02
-5.568175762891769409e-02
-7.101722061634063721e-02
-7.041668891906738281e-02
-4.483340680599212646e-02
1.249481271952390671e-02
-6.330603361129760742e-02
4.806907474994659424e-02
-3.342653438448905945e-02
6.663627177476882935e-02
4.695061594247817993e-02
1.386736799031496048e-02
3.501080349087715149e-02
-5.796848610043525696e-02
-5.214552953839302063e-02
6.391771137714385986e-02
-3.575067594647407532e-02
-1.188660506159067154e-02
3.021287545561790466e-02
2.844594046473503113e-02
5.425660405308008194e-03
-1.565237902104854584e-02
2.269471250474452972e-02
3.093167580664157867e-02
1.004147436469793320e-02
8.409477770328521729e-03
4.038257524371147156e-02
1.738676242530345917e-02
-1.238492596894502640e-02
3.054504841566085815e-02
-2.206495404243469238e-02
-4.866902157664299011e-02
-8.951869793236255646e-03
3.553542867302894592e-02
-7.278128713369369507e-02
2.010932005941867828e-02
1.960091479122638702e-02
-1.300835609436035156e-01
1.942064799368381500e-02
-2.009558677673339844e-02
9.326741099357604980e-02
6.883512437343597412e-02
-8.104294538497924805e-04
3.324269875884056091e-02
-3.532176464796066284e-02
-2.319302409887313843e-02
-6.006565317511558533e-02
4.667175002396106720e-03
1.308983098715543747e-02
-3.890072228386998177e-03
-4.971171543002128601e-02
4.020499531179666519e-03
3.663480281829833984e-02
4.102944582700729370e-02
1.281085908412933350e-01
-1.507036387920379639e-02
-3.329152613878250122e-02
-2.541051805019378662e-02
8.338936418294906616e-02
6.518707610666751862e-03
5.940101668238639832e-02
-3.167818859219551086e-02
1.442689448595046997e-02
-7.894797623157501221e-02
-6.004657968878746033e-02
-8.137295395135879517e-02
-6.275638192892074585e-02
-1.946382783353328705e-02
-1.269278228282928467e-01
7.790303323417901993e-03
-7.143734395503997803e-02
2.318014018237590790e-02
-1.776055991649627686e-02
-1.770262420177459717e-02
3.239245712757110596e-02
-3.471653535962104797e-02
7.032396644353866577e-02
-6.890715658664703369e-02
-5.339044611901044846e-03
8.402643725275993347e-03
-1.287398636341094971e-01
6.542988121509552002e-02
2.367465989664196968e-03
7.740283012390136719e-02
-2.492940053343772888e-02
-1.177166309207677841e-02
1.746975630521774292e-02
1.664845272898674011e-02
-5.195245146751403809e-03
-4.567471891641616821e-02
2.453542500734329224e-02
4.925013333559036255e-02
-2.502703294157981873e-02
6.937060505151748657e-03
1.535020675510168076e-02
-2.337460219860076904e-02
8.516077883541584015e-03
1.311890780925750732e-02
-3.460046648979187012e-02
3.807325847446918488e-03
1.823902316391468048e-02
8.333947509527206421e-03
4.810147359967231750e-02
-4.549441114068031311e-02
-4.141874087508767843e-04
3.227862715721130371e-02
-3.724725544452667236e-02
-2.621122449636459351e-02
5.291575193405151367e-02
2.985029667615890503e-02
-6.045592576265335083e-02
-7.859971374273300171e-02
1.556445658206939697e-02
3.194793686270713806e-02
6.764255464076995850e-02
1.602155901491641998e-02
-1.746935583651065826e-02
1.031523291021585464e-02
-2.129877358675003052e-02
-4.238869249820709229e-02
-2.832962572574615479e-02
1.108310278505086899e-02
1.147134080529212952e-01
2.530826814472675323e-02
-1.372619811445474625e-02
-6.739601027220487595e-03
-3.453008830547332764e-02
-1.100281998515129089e-01
2.627217955887317657e-02
5.497559532523155212e-02
-2.784492634236812592e-02
